"var_main_effect","var_inter_effect","cov_main_inter_effect","var_total_effect","least_square_e","sub_least_square_e","GCTA_main","GCTA_inter","sub_GCTA_main","sub_GCTA_inter","x_dist","structure","p","n","main_fixed_var","main_random_var","inter_fixed_var","inter_random_var","decor","interact","combine","pro","bs","n_sub","rho_e","emp_n","inter_std","i"
10,0,0,0,10.0107045056801,10.2482830939663,9.81959735242006,0,10.1178916611692,0,"chi","I",50,500,0.5,0,0,0,FALSE,0,FALSE,0.5,"leave-d",200,0.5,1e+05,TRUE,448
10,0,0,0,10.0107045056801,9.53341718394809,9.81959735242006,0,11.4825952480464,0,"chi","I",50,500,0.5,0,0,0,FALSE,0,FALSE,0.5,"leave-d",200,0.5,1e+05,TRUE,448
10,0,0,0,10.0107045056801,9.98128317148818,9.81959735242006,0,10.7245582073848,0,"chi","I",50,500,0.5,0,0,0,FALSE,0,FALSE,0.5,"leave-d",200,0.5,1e+05,TRUE,448
10,0,0,0,10.0107045056801,10.0034140087118,9.81959735242006,0,10.253939056142,0,"chi","I",50,500,0.5,0,0,0,FALSE,0,FALSE,0.5,"leave-d",200,0.5,1e+05,TRUE,448
10,0,0,0,10.0107045056801,10.1676124121475,9.81959735242006,0,10.5174265706707,0,"chi","I",50,500,0.5,0,0,0,FALSE,0,FALSE,0.5,"leave-d",200,0.5,1e+05,TRUE,448
10,0,0,0,10.0107045056801,10.1016901886482,9.81959735242006,0,8.89514688168005,0,"chi","I",50,500,0.5,0,0,0,FALSE,0,FALSE,0.5,"leave-d",200,0.5,1e+05,TRUE,448
10,0,0,0,10.0107045056801,10.710552580235,9.81959735242006,0,10.345493413273,0,"chi","I",50,500,0.5,0,0,0,FALSE,0,FALSE,0.5,"leave-d",200,0.5,1e+05,TRUE,448
10,0,0,0,10.0107045056801,9.67289770896956,9.81959735242006,0,8.78881533034047,0,"chi","I",50,500,0.5,0,0,0,FALSE,0,FALSE,0.5,"leave-d",200,0.5,1e+05,TRUE,448
10,0,0,0,10.0107045056801,10.0699082344092,9.81959735242006,0,11.5317371171445,0,"chi","I",50,500,0.5,0,0,0,FALSE,0,FALSE,0.5,"leave-d",200,0.5,1e+05,TRUE,448
10,0,0,0,10.0107045056801,10.2660655767186,9.81959735242006,0,10.635212361482,0,"chi","I",50,500,0.5,0,0,0,FALSE,0,FALSE,0.5,"leave-d",200,0.5,1e+05,TRUE,448
10,0,0,0,10.0107045056801,10.0248682668785,9.81959735242006,0,10.5320914323277,0,"chi","I",50,500,0.5,0,0,0,FALSE,0,FALSE,0.5,"leave-d",200,0.5,1e+05,TRUE,448
10,0,0,0,10.0107045056801,9.92933973900124,9.81959735242006,0,8.55795136778293,0,"chi","I",50,500,0.5,0,0,0,FALSE,0,FALSE,0.5,"leave-d",200,0.5,1e+05,TRUE,448
10,0,0,0,10.0107045056801,9.97819943445846,9.81959735242006,0,9.35009805822877,0,"chi","I",50,500,0.5,0,0,0,FALSE,0,FALSE,0.5,"leave-d",200,0.5,1e+05,TRUE,448
10,0,0,0,10.0107045056801,9.50723405273525,9.81959735242006,0,10.050253088709,0,"chi","I",50,500,0.5,0,0,0,FALSE,0,FALSE,0.5,"leave-d",200,0.5,1e+05,TRUE,448
10,0,0,0,10.0107045056801,10.7272788926657,9.81959735242006,0,10.4942757069272,0,"chi","I",50,500,0.5,0,0,0,FALSE,0,FALSE,0.5,"leave-d",200,0.5,1e+05,TRUE,448
10,0,0,0,10.0107045056801,10.6329724308271,9.81959735242006,0,10.1204190134748,0,"chi","I",50,500,0.5,0,0,0,FALSE,0,FALSE,0.5,"leave-d",200,0.5,1e+05,TRUE,448
10,0,0,0,10.0107045056801,11.0996306301552,9.81959735242006,0,9.07588221481092,0,"chi","I",50,500,0.5,0,0,0,FALSE,0,FALSE,0.5,"leave-d",200,0.5,1e+05,TRUE,448
10,0,0,0,10.0107045056801,10.7503008736257,9.81959735242006,0,10.3531940918901,0,"chi","I",50,500,0.5,0,0,0,FALSE,0,FALSE,0.5,"leave-d",200,0.5,1e+05,TRUE,448
10,0,0,0,10.0107045056801,9.48197871924078,9.81959735242006,0,11.2862622128487,0,"chi","I",50,500,0.5,0,0,0,FALSE,0,FALSE,0.5,"leave-d",200,0.5,1e+05,TRUE,448
10,0,0,0,10.0107045056801,9.95435825756831,9.81959735242006,0,8.92300937501723,0,"chi","I",50,500,0.5,0,0,0,FALSE,0,FALSE,0.5,"leave-d",200,0.5,1e+05,TRUE,448
10,0,0,0,10.0107045056801,9.10387432078836,9.81959735242006,0,8.96692966096369,0,"chi","I",50,500,0.5,0,0,0,FALSE,0,FALSE,0.5,"leave-d",200,0.5,1e+05,TRUE,448
10,0,0,0,10.0107045056801,10.7683904993363,9.81959735242006,0,9.56209701917775,0,"chi","I",50,500,0.5,0,0,0,FALSE,0,FALSE,0.5,"leave-d",200,0.5,1e+05,TRUE,448
10,0,0,0,10.0107045056801,9.58091403562812,9.81959735242006,0,11.6683853521044,0,"chi","I",50,500,0.5,0,0,0,FALSE,0,FALSE,0.5,"leave-d",200,0.5,1e+05,TRUE,448
10,0,0,0,10.0107045056801,11.3803165457989,9.81959735242006,0,9.7845586225032,0,"chi","I",50,500,0.5,0,0,0,FALSE,0,FALSE,0.5,"leave-d",200,0.5,1e+05,TRUE,448
10,0,0,0,10.0107045056801,10.5404281498525,9.81959735242006,0,8.58754178425832,0,"chi","I",50,500,0.5,0,0,0,FALSE,0,FALSE,0.5,"leave-d",200,0.5,1e+05,TRUE,448
10,0,0,0,10.0107045056801,9.60055601690888,9.81959735242006,0,9.4054777275824,0,"chi","I",50,500,0.5,0,0,0,FALSE,0,FALSE,0.5,"leave-d",200,0.5,1e+05,TRUE,448
10,0,0,0,10.0107045056801,10.7539918685078,9.81959735242006,0,9.00050211642649,0,"chi","I",50,500,0.5,0,0,0,FALSE,0,FALSE,0.5,"leave-d",200,0.5,1e+05,TRUE,448
10,0,0,0,10.0107045056801,9.6028051997964,9.81959735242006,0,9.3831273700731,0,"chi","I",50,500,0.5,0,0,0,FALSE,0,FALSE,0.5,"leave-d",200,0.5,1e+05,TRUE,448
10,0,0,0,10.0107045056801,10.5640673334095,9.81959735242006,0,11.8385855370474,0,"chi","I",50,500,0.5,0,0,0,FALSE,0,FALSE,0.5,"leave-d",200,0.5,1e+05,TRUE,448
10,0,0,0,10.0107045056801,10.4817309653189,9.81959735242006,0,9.165230437631,0,"chi","I",50,500,0.5,0,0,0,FALSE,0,FALSE,0.5,"leave-d",200,0.5,1e+05,TRUE,448
10,0,0,0,10.0107045056801,10.362473255504,9.81959735242006,0,8.55530250381477,0,"chi","I",50,500,0.5,0,0,0,FALSE,0,FALSE,0.5,"leave-d",200,0.5,1e+05,TRUE,448
10,0,0,0,10.0107045056801,9.93407363585007,9.81959735242006,0,9.16610238647774,0,"chi","I",50,500,0.5,0,0,0,FALSE,0,FALSE,0.5,"leave-d",200,0.5,1e+05,TRUE,448
10,0,0,0,10.0107045056801,9.58918859584941,9.81959735242006,0,10.0622423107389,0,"chi","I",50,500,0.5,0,0,0,FALSE,0,FALSE,0.5,"leave-d",200,0.5,1e+05,TRUE,448
10,0,0,0,10.0107045056801,9.66381445796338,9.81959735242006,0,10.4234109339748,0,"chi","I",50,500,0.5,0,0,0,FALSE,0,FALSE,0.5,"leave-d",200,0.5,1e+05,TRUE,448
10,0,0,0,10.0107045056801,9.31560358606227,9.81959735242006,0,10.4921501320057,0,"chi","I",50,500,0.5,0,0,0,FALSE,0,FALSE,0.5,"leave-d",200,0.5,1e+05,TRUE,448
10,0,0,0,10.0107045056801,9.5654331575426,9.81959735242006,0,10.2935540424792,0,"chi","I",50,500,0.5,0,0,0,FALSE,0,FALSE,0.5,"leave-d",200,0.5,1e+05,TRUE,448
10,0,0,0,10.0107045056801,9.19407730947364,9.81959735242006,0,9.38001588827169,0,"chi","I",50,500,0.5,0,0,0,FALSE,0,FALSE,0.5,"leave-d",200,0.5,1e+05,TRUE,448
10,0,0,0,10.0107045056801,9.8386397725099,9.81959735242006,0,10.0773178424778,0,"chi","I",50,500,0.5,0,0,0,FALSE,0,FALSE,0.5,"leave-d",200,0.5,1e+05,TRUE,448
10,0,0,0,10.0107045056801,9.80101152240604,9.81959735242006,0,9.273208700155,0,"chi","I",50,500,0.5,0,0,0,FALSE,0,FALSE,0.5,"leave-d",200,0.5,1e+05,TRUE,448
10,0,0,0,10.0107045056801,9.6810153089849,9.81959735242006,0,12.1617050325133,0,"chi","I",50,500,0.5,0,0,0,FALSE,0,FALSE,0.5,"leave-d",200,0.5,1e+05,TRUE,448
10,0,0,0,10.0107045056801,11.1399630989866,9.81959735242006,0,10.7041813017414,0,"chi","I",50,500,0.5,0,0,0,FALSE,0,FALSE,0.5,"leave-d",200,0.5,1e+05,TRUE,448
10,0,0,0,10.0107045056801,10.8284339178388,9.81959735242006,0,9.85703655701482,0,"chi","I",50,500,0.5,0,0,0,FALSE,0,FALSE,0.5,"leave-d",200,0.5,1e+05,TRUE,448
10,0,0,0,10.0107045056801,10.0156898838724,9.81959735242006,0,8.95981229436915,0,"chi","I",50,500,0.5,0,0,0,FALSE,0,FALSE,0.5,"leave-d",200,0.5,1e+05,TRUE,448
10,0,0,0,10.0107045056801,9.47873320703686,9.81959735242006,0,9.7412801301353,0,"chi","I",50,500,0.5,0,0,0,FALSE,0,FALSE,0.5,"leave-d",200,0.5,1e+05,TRUE,448
10,0,0,0,10.0107045056801,9.70664650012114,9.81959735242006,0,11.0621777138342,0,"chi","I",50,500,0.5,0,0,0,FALSE,0,FALSE,0.5,"leave-d",200,0.5,1e+05,TRUE,448
10,0,0,0,10.0107045056801,10.2260271792327,9.81959735242006,0,10.4146334971796,0,"chi","I",50,500,0.5,0,0,0,FALSE,0,FALSE,0.5,"leave-d",200,0.5,1e+05,TRUE,448
10,0,0,0,10.0107045056801,8.84410356933354,9.81959735242006,0,12.7600953551638,0,"chi","I",50,500,0.5,0,0,0,FALSE,0,FALSE,0.5,"leave-d",200,0.5,1e+05,TRUE,448
10,0,0,0,10.0107045056801,9.61144276373377,9.81959735242006,0,8.75318452078097,0,"chi","I",50,500,0.5,0,0,0,FALSE,0,FALSE,0.5,"leave-d",200,0.5,1e+05,TRUE,448
10,0,0,0,10.0107045056801,11.359056419521,9.81959735242006,0,7.89656480068671,0,"chi","I",50,500,0.5,0,0,0,FALSE,0,FALSE,0.5,"leave-d",200,0.5,1e+05,TRUE,448
10,0,0,0,10.0107045056801,9.97210169470529,9.81959735242006,0,10.6556095933173,0,"chi","I",50,500,0.5,0,0,0,FALSE,0,FALSE,0.5,"leave-d",200,0.5,1e+05,TRUE,448
10,0,0,0,10.0107045056801,10.233124673627,9.81959735242006,0,8.26217342401419,0,"chi","I",50,500,0.5,0,0,0,FALSE,0,FALSE,0.5,"leave-d",200,0.5,1e+05,TRUE,448
10,0,0,0,10.0107045056801,9.69740234740293,9.81959735242006,0,12.0144769187552,0,"chi","I",50,500,0.5,0,0,0,FALSE,0,FALSE,0.5,"leave-d",200,0.5,1e+05,TRUE,448
10,0,0,0,10.0107045056801,10.2459460829693,9.81959735242006,0,10.201862557715,0,"chi","I",50,500,0.5,0,0,0,FALSE,0,FALSE,0.5,"leave-d",200,0.5,1e+05,TRUE,448
10,0,0,0,10.0107045056801,10.6752219912002,9.81959735242006,0,8.34622121677285,0,"chi","I",50,500,0.5,0,0,0,FALSE,0,FALSE,0.5,"leave-d",200,0.5,1e+05,TRUE,448
10,0,0,0,10.0107045056801,9.85615734591552,9.81959735242006,0,10.7835933577567,0,"chi","I",50,500,0.5,0,0,0,FALSE,0,FALSE,0.5,"leave-d",200,0.5,1e+05,TRUE,448
10,0,0,0,10.0107045056801,10.1884880246634,9.81959735242006,0,10.4757639489943,0,"chi","I",50,500,0.5,0,0,0,FALSE,0,FALSE,0.5,"leave-d",200,0.5,1e+05,TRUE,448
10,0,0,0,10.0107045056801,10.1851175653934,9.81959735242006,0,8.28946653502439,0,"chi","I",50,500,0.5,0,0,0,FALSE,0,FALSE,0.5,"leave-d",200,0.5,1e+05,TRUE,448
10,0,0,0,10.0107045056801,8.89572367574469,9.81959735242006,0,10.3585670207892,0,"chi","I",50,500,0.5,0,0,0,FALSE,0,FALSE,0.5,"leave-d",200,0.5,1e+05,TRUE,448
10,0,0,0,10.0107045056801,10.4352007939685,9.81959735242006,0,9.57533424330031,0,"chi","I",50,500,0.5,0,0,0,FALSE,0,FALSE,0.5,"leave-d",200,0.5,1e+05,TRUE,448
10,0,0,0,10.0107045056801,10.2780675094489,9.81959735242006,0,9.39883089445951,0,"chi","I",50,500,0.5,0,0,0,FALSE,0,FALSE,0.5,"leave-d",200,0.5,1e+05,TRUE,448
10,0,0,0,10.0107045056801,10.2435394179675,9.81959735242006,0,11.4012015916434,0,"chi","I",50,500,0.5,0,0,0,FALSE,0,FALSE,0.5,"leave-d",200,0.5,1e+05,TRUE,448
10,0,0,0,10.0107045056801,8.50576273764693,9.81959735242006,0,10.6499010828795,0,"chi","I",50,500,0.5,0,0,0,FALSE,0,FALSE,0.5,"leave-d",200,0.5,1e+05,TRUE,448
10,0,0,0,10.0107045056801,10.4029123115992,9.81959735242006,0,9.40084856554939,0,"chi","I",50,500,0.5,0,0,0,FALSE,0,FALSE,0.5,"leave-d",200,0.5,1e+05,TRUE,448
10,0,0,0,10.0107045056801,9.47970361513802,9.81959735242006,0,11.4957425529904,0,"chi","I",50,500,0.5,0,0,0,FALSE,0,FALSE,0.5,"leave-d",200,0.5,1e+05,TRUE,448
10,0,0,0,10.0107045056801,10.2535459621946,9.81959735242006,0,10.676188576612,0,"chi","I",50,500,0.5,0,0,0,FALSE,0,FALSE,0.5,"leave-d",200,0.5,1e+05,TRUE,448
10,0,0,0,10.0107045056801,10.3597607063578,9.81959735242006,0,8.48273315206218,0,"chi","I",50,500,0.5,0,0,0,FALSE,0,FALSE,0.5,"leave-d",200,0.5,1e+05,TRUE,448
10,0,0,0,10.0107045056801,9.64843143486357,9.81959735242006,0,10.6550525487296,0,"chi","I",50,500,0.5,0,0,0,FALSE,0,FALSE,0.5,"leave-d",200,0.5,1e+05,TRUE,448
10,0,0,0,10.0107045056801,8.92474827809538,9.81959735242006,0,9.72188345080126,0,"chi","I",50,500,0.5,0,0,0,FALSE,0,FALSE,0.5,"leave-d",200,0.5,1e+05,TRUE,448
10,0,0,0,10.0107045056801,9.48969217626846,9.81959735242006,0,10.053600561585,0,"chi","I",50,500,0.5,0,0,0,FALSE,0,FALSE,0.5,"leave-d",200,0.5,1e+05,TRUE,448
10,0,0,0,10.0107045056801,10.3866765036188,9.81959735242006,0,8.5929561171966,0,"chi","I",50,500,0.5,0,0,0,FALSE,0,FALSE,0.5,"leave-d",200,0.5,1e+05,TRUE,448
10,0,0,0,10.0107045056801,10.3392260827654,9.81959735242006,0,8.61155691338259,0,"chi","I",50,500,0.5,0,0,0,FALSE,0,FALSE,0.5,"leave-d",200,0.5,1e+05,TRUE,448
10,0,0,0,10.0107045056801,10.7379867431252,9.81959735242006,0,11.7101053066798,0,"chi","I",50,500,0.5,0,0,0,FALSE,0,FALSE,0.5,"leave-d",200,0.5,1e+05,TRUE,448
10,0,0,0,10.0107045056801,10.0787234909287,9.81959735242006,0,9.66250104543962,0,"chi","I",50,500,0.5,0,0,0,FALSE,0,FALSE,0.5,"leave-d",200,0.5,1e+05,TRUE,448
10,0,0,0,10.0107045056801,10.0648850667075,9.81959735242006,0,8.75111775265097,0,"chi","I",50,500,0.5,0,0,0,FALSE,0,FALSE,0.5,"leave-d",200,0.5,1e+05,TRUE,448
10,0,0,0,10.0107045056801,10.0269787431153,9.81959735242006,0,7.18956180260685,0,"chi","I",50,500,0.5,0,0,0,FALSE,0,FALSE,0.5,"leave-d",200,0.5,1e+05,TRUE,448
10,0,0,0,10.0107045056801,9.56828637049093,9.81959735242006,0,9.55854590808851,0,"chi","I",50,500,0.5,0,0,0,FALSE,0,FALSE,0.5,"leave-d",200,0.5,1e+05,TRUE,448
10,0,0,0,10.0107045056801,9.30810725402443,9.81959735242006,0,12.0785077631419,0,"chi","I",50,500,0.5,0,0,0,FALSE,0,FALSE,0.5,"leave-d",200,0.5,1e+05,TRUE,448
10,0,0,0,10.0107045056801,10.3552805661441,9.81959735242006,0,11.2724362992358,0,"chi","I",50,500,0.5,0,0,0,FALSE,0,FALSE,0.5,"leave-d",200,0.5,1e+05,TRUE,448
10,0,0,0,10.0107045056801,9.51470273623039,9.81959735242006,0,10.3363841417449,0,"chi","I",50,500,0.5,0,0,0,FALSE,0,FALSE,0.5,"leave-d",200,0.5,1e+05,TRUE,448
10,0,0,0,10.0107045056801,9.43051984487068,9.81959735242006,0,9.74247020646756,0,"chi","I",50,500,0.5,0,0,0,FALSE,0,FALSE,0.5,"leave-d",200,0.5,1e+05,TRUE,448
10,0,0,0,10.0107045056801,10.1096102151827,9.81959735242006,0,10.3961100432988,0,"chi","I",50,500,0.5,0,0,0,FALSE,0,FALSE,0.5,"leave-d",200,0.5,1e+05,TRUE,448
10,0,0,0,10.0107045056801,11.004995380333,9.81959735242006,0,9.54065901468812,0,"chi","I",50,500,0.5,0,0,0,FALSE,0,FALSE,0.5,"leave-d",200,0.5,1e+05,TRUE,448
10,0,0,0,10.0107045056801,10.8098257312196,9.81959735242006,0,10.5924457646711,0,"chi","I",50,500,0.5,0,0,0,FALSE,0,FALSE,0.5,"leave-d",200,0.5,1e+05,TRUE,448
10,0,0,0,10.0107045056801,8.91263377904,9.81959735242006,0,12.49989640492,0,"chi","I",50,500,0.5,0,0,0,FALSE,0,FALSE,0.5,"leave-d",200,0.5,1e+05,TRUE,448
10,0,0,0,10.0107045056801,9.92823188421806,9.81959735242006,0,9.03269614532979,0,"chi","I",50,500,0.5,0,0,0,FALSE,0,FALSE,0.5,"leave-d",200,0.5,1e+05,TRUE,448
10,0,0,0,10.0107045056801,10.3626270897121,9.81959735242006,0,11.3240666761676,0,"chi","I",50,500,0.5,0,0,0,FALSE,0,FALSE,0.5,"leave-d",200,0.5,1e+05,TRUE,448
10,0,0,0,10.0107045056801,11.2571796050081,9.81959735242006,0,10.4747766723878,0,"chi","I",50,500,0.5,0,0,0,FALSE,0,FALSE,0.5,"leave-d",200,0.5,1e+05,TRUE,448
10,0,0,0,10.0107045056801,10.6063860253052,9.81959735242006,0,7.97516969394651,0,"chi","I",50,500,0.5,0,0,0,FALSE,0,FALSE,0.5,"leave-d",200,0.5,1e+05,TRUE,448
10,0,0,0,10.0107045056801,8.9216667218106,9.81959735242006,0,9.43064717535587,0,"chi","I",50,500,0.5,0,0,0,FALSE,0,FALSE,0.5,"leave-d",200,0.5,1e+05,TRUE,448
10,0,0,0,10.0107045056801,10.5861210604635,9.81959735242006,0,10.1450901980817,0,"chi","I",50,500,0.5,0,0,0,FALSE,0,FALSE,0.5,"leave-d",200,0.5,1e+05,TRUE,448
10,0,0,0,10.0107045056801,10.1046149467701,9.81959735242006,0,9.46395295945383,0,"chi","I",50,500,0.5,0,0,0,FALSE,0,FALSE,0.5,"leave-d",200,0.5,1e+05,TRUE,448
10,0,0,0,10.0107045056801,10.1691505718019,9.81959735242006,0,10.6089541153126,0,"chi","I",50,500,0.5,0,0,0,FALSE,0,FALSE,0.5,"leave-d",200,0.5,1e+05,TRUE,448
10,0,0,0,10.0107045056801,9.50986823029495,9.81959735242006,0,10.8686530817456,0,"chi","I",50,500,0.5,0,0,0,FALSE,0,FALSE,0.5,"leave-d",200,0.5,1e+05,TRUE,448
10,0,0,0,10.0107045056801,10.8577267630979,9.81959735242006,0,8.84314267383004,0,"chi","I",50,500,0.5,0,0,0,FALSE,0,FALSE,0.5,"leave-d",200,0.5,1e+05,TRUE,448
10,0,0,0,10.0107045056801,9.96048129639663,9.81959735242006,0,11.8096043443296,0,"chi","I",50,500,0.5,0,0,0,FALSE,0,FALSE,0.5,"leave-d",200,0.5,1e+05,TRUE,448
10,0,0,0,10.0107045056801,9.01963651049934,9.81959735242006,0,9.92651495075277,0,"chi","I",50,500,0.5,0,0,0,FALSE,0,FALSE,0.5,"leave-d",200,0.5,1e+05,TRUE,448
10,0,0,0,10.0107045056801,10.3716143238908,9.81959735242006,0,9.34928366648662,0,"chi","I",50,500,0.5,0,0,0,FALSE,0,FALSE,0.5,"leave-d",200,0.5,1e+05,TRUE,448
10,0,0,0,10.0107045056801,10.0935501796295,9.81959735242006,0,9.73647678024508,0,"chi","I",50,500,0.5,0,0,0,FALSE,0,FALSE,0.5,"leave-d",200,0.5,1e+05,TRUE,448
10,0,0,0,10.0107045056801,9.9697535483478,9.81959735242006,0,9.74770045390788,0,"chi","I",50,500,0.5,0,0,0,FALSE,0,FALSE,0.5,"leave-d",200,0.5,1e+05,TRUE,448
10,0,0,0,10.0107045056801,10.6203831563972,9.81959735242006,0,10.6096017053077,0,"chi","I",50,500,0.5,0,0,0,FALSE,0,FALSE,0.5,"leave-d",200,0.5,1e+05,TRUE,448
10,0,0,0,10.0107045056801,9.41116940266687,9.81959735242006,0,10.5063508345608,0,"chi","I",50,500,0.5,0,0,0,FALSE,0,FALSE,0.5,"leave-d",200,0.5,1e+05,TRUE,448
10,0,0,0,10.0107045056801,10.0571340853463,9.81959735242006,0,11.4977718553645,0,"chi","I",50,500,0.5,0,0,0,FALSE,0,FALSE,0.5,"leave-d",200,0.5,1e+05,TRUE,448
10,0,0,0,10.0107045056801,8.5608637904889,9.81959735242006,0,11.0640469364394,0,"chi","I",50,500,0.5,0,0,0,FALSE,0,FALSE,0.5,"leave-d",200,0.5,1e+05,TRUE,448
10,0,0,0,10.0107045056801,11.1171094811069,9.81959735242006,0,9.09447477266395,0,"chi","I",50,500,0.5,0,0,0,FALSE,0,FALSE,0.5,"leave-d",200,0.5,1e+05,TRUE,448
10,0,0,0,10.0107045056801,8.9042134987559,9.81959735242006,0,9.75201257994346,0,"chi","I",50,500,0.5,0,0,0,FALSE,0,FALSE,0.5,"leave-d",200,0.5,1e+05,TRUE,448
10,0,0,0,10.0107045056801,10.406692953666,9.81959735242006,0,10.3024868332058,0,"chi","I",50,500,0.5,0,0,0,FALSE,0,FALSE,0.5,"leave-d",200,0.5,1e+05,TRUE,448
10,0,0,0,10.0107045056801,10.4485352053856,9.81959735242006,0,9.31486928836329,0,"chi","I",50,500,0.5,0,0,0,FALSE,0,FALSE,0.5,"leave-d",200,0.5,1e+05,TRUE,448
10,0,0,0,10.0107045056801,9.25982494903233,9.81959735242006,0,8.80188531823805,0,"chi","I",50,500,0.5,0,0,0,FALSE,0,FALSE,0.5,"leave-d",200,0.5,1e+05,TRUE,448
10,0,0,0,10.0107045056801,8.3857004747635,9.81959735242006,0,9.9302352126853,0,"chi","I",50,500,0.5,0,0,0,FALSE,0,FALSE,0.5,"leave-d",200,0.5,1e+05,TRUE,448
10,0,0,0,10.0107045056801,9.47137879777413,9.81959735242006,0,10.3865166716673,0,"chi","I",50,500,0.5,0,0,0,FALSE,0,FALSE,0.5,"leave-d",200,0.5,1e+05,TRUE,448
10,0,0,0,10.0107045056801,10.5174000687336,9.81959735242006,0,9.23476326120837,0,"chi","I",50,500,0.5,0,0,0,FALSE,0,FALSE,0.5,"leave-d",200,0.5,1e+05,TRUE,448
10,0,0,0,10.0107045056801,10.3924232572834,9.81959735242006,0,8.44018747375961,0,"chi","I",50,500,0.5,0,0,0,FALSE,0,FALSE,0.5,"leave-d",200,0.5,1e+05,TRUE,448
10,0,0,0,10.0107045056801,10.8420821137941,9.81959735242006,0,9.30194346413044,0,"chi","I",50,500,0.5,0,0,0,FALSE,0,FALSE,0.5,"leave-d",200,0.5,1e+05,TRUE,448
10,0,0,0,10.0107045056801,9.74062941669568,9.81959735242006,0,9.59003656977213,0,"chi","I",50,500,0.5,0,0,0,FALSE,0,FALSE,0.5,"leave-d",200,0.5,1e+05,TRUE,448
10,0,0,0,10.0107045056801,9.56596045703525,9.81959735242006,0,10.225446332811,0,"chi","I",50,500,0.5,0,0,0,FALSE,0,FALSE,0.5,"leave-d",200,0.5,1e+05,TRUE,448
10,0,0,0,10.0107045056801,10.7058908949506,9.81959735242006,0,9.74035774757644,0,"chi","I",50,500,0.5,0,0,0,FALSE,0,FALSE,0.5,"leave-d",200,0.5,1e+05,TRUE,448
10,0,0,0,10.0107045056801,10.3298110771176,9.81959735242006,0,9.0507513827731,0,"chi","I",50,500,0.5,0,0,0,FALSE,0,FALSE,0.5,"leave-d",200,0.5,1e+05,TRUE,448
10,0,0,0,10.0107045056801,10.5007930788889,9.81959735242006,0,9.12586290747519,0,"chi","I",50,500,0.5,0,0,0,FALSE,0,FALSE,0.5,"leave-d",200,0.5,1e+05,TRUE,448
10,0,0,0,10.0107045056801,10.2184909841922,9.81959735242006,0,10.0013421699097,0,"chi","I",50,500,0.5,0,0,0,FALSE,0,FALSE,0.5,"leave-d",200,0.5,1e+05,TRUE,448
10,0,0,0,10.0107045056801,9.59031869804765,9.81959735242006,0,9.54889244316508,0,"chi","I",50,500,0.5,0,0,0,FALSE,0,FALSE,0.5,"leave-d",200,0.5,1e+05,TRUE,448
10,0,0,0,10.0107045056801,9.92166777230175,9.81959735242006,0,8.77225834660814,0,"chi","I",50,500,0.5,0,0,0,FALSE,0,FALSE,0.5,"leave-d",200,0.5,1e+05,TRUE,448
10,0,0,0,10.0107045056801,9.97266857922102,9.81959735242006,0,10.1618702180391,0,"chi","I",50,500,0.5,0,0,0,FALSE,0,FALSE,0.5,"leave-d",200,0.5,1e+05,TRUE,448
10,0,0,0,10.0107045056801,8.69736541730586,9.81959735242006,0,10.1995011269202,0,"chi","I",50,500,0.5,0,0,0,FALSE,0,FALSE,0.5,"leave-d",200,0.5,1e+05,TRUE,448
10,0,0,0,10.0107045056801,10.6005259849151,9.81959735242006,0,10.252928515659,0,"chi","I",50,500,0.5,0,0,0,FALSE,0,FALSE,0.5,"leave-d",200,0.5,1e+05,TRUE,448
10,0,0,0,10.0107045056801,9.41517418908,9.81959735242006,0,9.89311037787083,0,"chi","I",50,500,0.5,0,0,0,FALSE,0,FALSE,0.5,"leave-d",200,0.5,1e+05,TRUE,448
10,0,0,0,10.0107045056801,8.93448635165812,9.81959735242006,0,9.69481408333702,0,"chi","I",50,500,0.5,0,0,0,FALSE,0,FALSE,0.5,"leave-d",200,0.5,1e+05,TRUE,448
10,0,0,0,10.0107045056801,9.21680471438129,9.81959735242006,0,10.1564449299766,0,"chi","I",50,500,0.5,0,0,0,FALSE,0,FALSE,0.5,"leave-d",200,0.5,1e+05,TRUE,448
10,0,0,0,10.0107045056801,9.81217013540961,9.81959735242006,0,9.83055026750792,0,"chi","I",50,500,0.5,0,0,0,FALSE,0,FALSE,0.5,"leave-d",200,0.5,1e+05,TRUE,448
10,0,0,0,10.0107045056801,10.1820020238156,9.81959735242006,0,11.400236695161,0,"chi","I",50,500,0.5,0,0,0,FALSE,0,FALSE,0.5,"leave-d",200,0.5,1e+05,TRUE,448
10,0,0,0,10.0107045056801,10.9408983919429,9.81959735242006,0,8.96122905347284,0,"chi","I",50,500,0.5,0,0,0,FALSE,0,FALSE,0.5,"leave-d",200,0.5,1e+05,TRUE,448
10,0,0,0,10.0107045056801,10.5597014412306,9.81959735242006,0,11.416222403948,0,"chi","I",50,500,0.5,0,0,0,FALSE,0,FALSE,0.5,"leave-d",200,0.5,1e+05,TRUE,448
10,0,0,0,10.0107045056801,10.7338324192344,9.81959735242006,0,9.78074732363542,0,"chi","I",50,500,0.5,0,0,0,FALSE,0,FALSE,0.5,"leave-d",200,0.5,1e+05,TRUE,448
10,0,0,0,10.0107045056801,9.3063152054597,9.81959735242006,0,10.5616451093852,0,"chi","I",50,500,0.5,0,0,0,FALSE,0,FALSE,0.5,"leave-d",200,0.5,1e+05,TRUE,448
10,0,0,0,10.0107045056801,11.1037649968622,9.81959735242006,0,9.081858491138,0,"chi","I",50,500,0.5,0,0,0,FALSE,0,FALSE,0.5,"leave-d",200,0.5,1e+05,TRUE,448
10,0,0,0,10.0107045056801,9.21168165840634,9.81959735242006,0,7.55758754497384,0,"chi","I",50,500,0.5,0,0,0,FALSE,0,FALSE,0.5,"leave-d",200,0.5,1e+05,TRUE,448
10,0,0,0,10.0107045056801,10.355637100535,9.81959735242006,0,10.5589126552309,0,"chi","I",50,500,0.5,0,0,0,FALSE,0,FALSE,0.5,"leave-d",200,0.5,1e+05,TRUE,448
10,0,0,0,10.0107045056801,8.25142962376971,9.81959735242006,0,11.4793497400373,0,"chi","I",50,500,0.5,0,0,0,FALSE,0,FALSE,0.5,"leave-d",200,0.5,1e+05,TRUE,448
10,0,0,0,10.0107045056801,10.4309181468826,9.81959735242006,0,9.00958923069918,0,"chi","I",50,500,0.5,0,0,0,FALSE,0,FALSE,0.5,"leave-d",200,0.5,1e+05,TRUE,448
10,0,0,0,10.0107045056801,11.7710120039842,9.81959735242006,0,8.40975582760809,0,"chi","I",50,500,0.5,0,0,0,FALSE,0,FALSE,0.5,"leave-d",200,0.5,1e+05,TRUE,448
10,0,0,0,10.0107045056801,9.24525941684862,9.81959735242006,0,10.2664318826953,0,"chi","I",50,500,0.5,0,0,0,FALSE,0,FALSE,0.5,"leave-d",200,0.5,1e+05,TRUE,448
10,0,0,0,10.0107045056801,10.4893166612664,9.81959735242006,0,9.07509435098467,0,"chi","I",50,500,0.5,0,0,0,FALSE,0,FALSE,0.5,"leave-d",200,0.5,1e+05,TRUE,448
10,0,0,0,10.0107045056801,10.5213515969769,9.81959735242006,0,9.87232961337351,0,"chi","I",50,500,0.5,0,0,0,FALSE,0,FALSE,0.5,"leave-d",200,0.5,1e+05,TRUE,448
10,0,0,0,10.0107045056801,9.55724585638981,9.81959735242006,0,9.96918038322483,0,"chi","I",50,500,0.5,0,0,0,FALSE,0,FALSE,0.5,"leave-d",200,0.5,1e+05,TRUE,448
10,0,0,0,10.0107045056801,9.66237956037237,9.81959735242006,0,11.8820613593019,0,"chi","I",50,500,0.5,0,0,0,FALSE,0,FALSE,0.5,"leave-d",200,0.5,1e+05,TRUE,448
10,0,0,0,10.0107045056801,9.41939484420372,9.81959735242006,0,9.41896402039614,0,"chi","I",50,500,0.5,0,0,0,FALSE,0,FALSE,0.5,"leave-d",200,0.5,1e+05,TRUE,448
10,0,0,0,10.0107045056801,10.0745582921257,9.81959735242006,0,11.3923313160718,0,"chi","I",50,500,0.5,0,0,0,FALSE,0,FALSE,0.5,"leave-d",200,0.5,1e+05,TRUE,448
10,0,0,0,10.0107045056801,11.3800223897704,9.81959735242006,0,10.0882928515585,0,"chi","I",50,500,0.5,0,0,0,FALSE,0,FALSE,0.5,"leave-d",200,0.5,1e+05,TRUE,448
10,0,0,0,10.0107045056801,10.6488669925805,9.81959735242006,0,8.29647133426274,0,"chi","I",50,500,0.5,0,0,0,FALSE,0,FALSE,0.5,"leave-d",200,0.5,1e+05,TRUE,448
10,0,0,0,10.0107045056801,9.88452945911572,9.81959735242006,0,7.35800863874828,0,"chi","I",50,500,0.5,0,0,0,FALSE,0,FALSE,0.5,"leave-d",200,0.5,1e+05,TRUE,448
10,0,0,0,10.0107045056801,10.0114114764753,9.81959735242006,0,10.3744257131036,0,"chi","I",50,500,0.5,0,0,0,FALSE,0,FALSE,0.5,"leave-d",200,0.5,1e+05,TRUE,448
10,0,0,0,10.0107045056801,10.0127169022328,9.81959735242006,0,9.54394969825468,0,"chi","I",50,500,0.5,0,0,0,FALSE,0,FALSE,0.5,"leave-d",200,0.5,1e+05,TRUE,448
10,0,0,0,10.0107045056801,9.4232347602593,9.81959735242006,0,11.059816183059,0,"chi","I",50,500,0.5,0,0,0,FALSE,0,FALSE,0.5,"leave-d",200,0.5,1e+05,TRUE,448
10,0,0,0,10.0107045056801,9.45736121561733,9.81959735242006,0,9.29454228333035,0,"chi","I",50,500,0.5,0,0,0,FALSE,0,FALSE,0.5,"leave-d",200,0.5,1e+05,TRUE,448
10,0,0,0,10.0107045056801,9.57433737943904,9.81959735242006,0,8.81962727890777,0,"chi","I",50,500,0.5,0,0,0,FALSE,0,FALSE,0.5,"leave-d",200,0.5,1e+05,TRUE,448
10,0,0,0,10.0107045056801,9.56390568418223,9.81959735242006,0,10.6562583728889,0,"chi","I",50,500,0.5,0,0,0,FALSE,0,FALSE,0.5,"leave-d",200,0.5,1e+05,TRUE,448
10,0,0,0,10.0107045056801,10.1483708878002,9.81959735242006,0,8.77952848709094,0,"chi","I",50,500,0.5,0,0,0,FALSE,0,FALSE,0.5,"leave-d",200,0.5,1e+05,TRUE,448
10,0,0,0,10.0107045056801,11.311156812428,9.81959735242006,0,9.17343902034548,0,"chi","I",50,500,0.5,0,0,0,FALSE,0,FALSE,0.5,"leave-d",200,0.5,1e+05,TRUE,448
10,0,0,0,10.0107045056801,10.3355485390563,9.81959735242006,0,7.8174919208308,0,"chi","I",50,500,0.5,0,0,0,FALSE,0,FALSE,0.5,"leave-d",200,0.5,1e+05,TRUE,448
10,0,0,0,10.0107045056801,9.98186750007144,9.81959735242006,0,10.7903013502562,0,"chi","I",50,500,0.5,0,0,0,FALSE,0,FALSE,0.5,"leave-d",200,0.5,1e+05,TRUE,448
10,0,0,0,10.0107045056801,9.24918347319811,9.81959735242006,0,11.4141258863177,0,"chi","I",50,500,0.5,0,0,0,FALSE,0,FALSE,0.5,"leave-d",200,0.5,1e+05,TRUE,448
10,0,0,0,10.0107045056801,10.7752407645627,9.81959735242006,0,10.0283120678532,0,"chi","I",50,500,0.5,0,0,0,FALSE,0,FALSE,0.5,"leave-d",200,0.5,1e+05,TRUE,448
10,0,0,0,10.0107045056801,11.2038247079531,9.81959735242006,0,9.44736161451415,0,"chi","I",50,500,0.5,0,0,0,FALSE,0,FALSE,0.5,"leave-d",200,0.5,1e+05,TRUE,448
10,0,0,0,10.0107045056801,10.7656593156619,9.81959735242006,0,9.49087567004949,0,"chi","I",50,500,0.5,0,0,0,FALSE,0,FALSE,0.5,"leave-d",200,0.5,1e+05,TRUE,448
10,0,0,0,10.0107045056801,9.3483104436072,9.81959735242006,0,8.66089635355164,0,"chi","I",50,500,0.5,0,0,0,FALSE,0,FALSE,0.5,"leave-d",200,0.5,1e+05,TRUE,448
10,0,0,0,10.0107045056801,9.72850061222993,9.81959735242006,0,10.8449980783005,0,"chi","I",50,500,0.5,0,0,0,FALSE,0,FALSE,0.5,"leave-d",200,0.5,1e+05,TRUE,448
10,0,0,0,10.0107045056801,11.0610615454734,9.81959735242006,0,8.99208986699604,0,"chi","I",50,500,0.5,0,0,0,FALSE,0,FALSE,0.5,"leave-d",200,0.5,1e+05,TRUE,448
10,0,0,0,10.0107045056801,9.88354473523027,9.81959735242006,0,8.77481416798595,0,"chi","I",50,500,0.5,0,0,0,FALSE,0,FALSE,0.5,"leave-d",200,0.5,1e+05,TRUE,448
10,0,0,0,10.0107045056801,9.36974858689089,9.81959735242006,0,9.34144044268126,0,"chi","I",50,500,0.5,0,0,0,FALSE,0,FALSE,0.5,"leave-d",200,0.5,1e+05,TRUE,448
10,0,0,0,10.0107045056801,10.8978924435991,9.81959735242006,0,10.7924783454949,0,"chi","I",50,500,0.5,0,0,0,FALSE,0,FALSE,0.5,"leave-d",200,0.5,1e+05,TRUE,448
10,0,0,0,10.0107045056801,8.96831547130716,9.81959735242006,0,8.37899003420855,0,"chi","I",50,500,0.5,0,0,0,FALSE,0,FALSE,0.5,"leave-d",200,0.5,1e+05,TRUE,448
10,0,0,0,10.0107045056801,10.3627366814584,9.81959735242006,0,10.2992967744457,0,"chi","I",50,500,0.5,0,0,0,FALSE,0,FALSE,0.5,"leave-d",200,0.5,1e+05,TRUE,448
10,0,0,0,10.0107045056801,10.5532535634776,9.81959735242006,0,8.12176810247613,0,"chi","I",50,500,0.5,0,0,0,FALSE,0,FALSE,0.5,"leave-d",200,0.5,1e+05,TRUE,448
10,0,0,0,10.0107045056801,8.79070207456928,9.81959735242006,0,12.0373418361204,0,"chi","I",50,500,0.5,0,0,0,FALSE,0,FALSE,0.5,"leave-d",200,0.5,1e+05,TRUE,448
10,0,0,0,10.0107045056801,10.7213232781881,9.81959735242006,0,9.87949213508108,0,"chi","I",50,500,0.5,0,0,0,FALSE,0,FALSE,0.5,"leave-d",200,0.5,1e+05,TRUE,448
10,0,0,0,10.0107045056801,10.4018943140463,9.81959735242006,0,9.10228190355575,0,"chi","I",50,500,0.5,0,0,0,FALSE,0,FALSE,0.5,"leave-d",200,0.5,1e+05,TRUE,448
10,0,0,0,10.0107045056801,9.96644755838764,9.81959735242006,0,8.36036880044139,0,"chi","I",50,500,0.5,0,0,0,FALSE,0,FALSE,0.5,"leave-d",200,0.5,1e+05,TRUE,448
10,0,0,0,10.0107045056801,9.13898508988232,9.81959735242006,0,10.9468237507803,0,"chi","I",50,500,0.5,0,0,0,FALSE,0,FALSE,0.5,"leave-d",200,0.5,1e+05,TRUE,448
10,0,0,0,10.0107045056801,10.0571400498205,9.81959735242006,0,10.1745386477357,0,"chi","I",50,500,0.5,0,0,0,FALSE,0,FALSE,0.5,"leave-d",200,0.5,1e+05,TRUE,448
10,0,0,0,10.0107045056801,9.26577446052185,9.81959735242006,0,11.0062335025917,0,"chi","I",50,500,0.5,0,0,0,FALSE,0,FALSE,0.5,"leave-d",200,0.5,1e+05,TRUE,448
10,0,0,0,10.0107045056801,8.71776041631488,9.81959735242006,0,10.104308934598,0,"chi","I",50,500,0.5,0,0,0,FALSE,0,FALSE,0.5,"leave-d",200,0.5,1e+05,TRUE,448
10,0,0,0,10.0107045056801,9.51987552404896,9.81959735242006,0,10.3703144128337,0,"chi","I",50,500,0.5,0,0,0,FALSE,0,FALSE,0.5,"leave-d",200,0.5,1e+05,TRUE,448
10,0,0,0,10.0107045056801,10.7638266354009,9.81959735242006,0,8.08094492261989,0,"chi","I",50,500,0.5,0,0,0,FALSE,0,FALSE,0.5,"leave-d",200,0.5,1e+05,TRUE,448
10,0,0,0,10.0107045056801,9.34901439837522,9.81959735242006,0,9.69184964392087,0,"chi","I",50,500,0.5,0,0,0,FALSE,0,FALSE,0.5,"leave-d",200,0.5,1e+05,TRUE,448
10,0,0,0,10.0107045056801,9.64832043772144,9.81959735242006,0,9.18880419724226,0,"chi","I",50,500,0.5,0,0,0,FALSE,0,FALSE,0.5,"leave-d",200,0.5,1e+05,TRUE,448
10,0,0,0,10.0107045056801,11.3565153598991,9.81959735242006,0,9.58911207776233,0,"chi","I",50,500,0.5,0,0,0,FALSE,0,FALSE,0.5,"leave-d",200,0.5,1e+05,TRUE,448
10,0,0,0,10.0107045056801,10.2286794424261,9.81959735242006,0,12.0731997969808,0,"chi","I",50,500,0.5,0,0,0,FALSE,0,FALSE,0.5,"leave-d",200,0.5,1e+05,TRUE,448
10,0,0,0,10.0107045056801,9.72180554097117,9.81959735242006,0,10.458674143119,0,"chi","I",50,500,0.5,0,0,0,FALSE,0,FALSE,0.5,"leave-d",200,0.5,1e+05,TRUE,448
10,0,0,0,10.0107045056801,9.91648007669106,9.81959735242006,0,11.8161321214532,0,"chi","I",50,500,0.5,0,0,0,FALSE,0,FALSE,0.5,"leave-d",200,0.5,1e+05,TRUE,448
10,0,0,0,10.0107045056801,9.98746851163557,9.81959735242006,0,10.2974218119818,0,"chi","I",50,500,0.5,0,0,0,FALSE,0,FALSE,0.5,"leave-d",200,0.5,1e+05,TRUE,448
10,0,0,0,10.0107045056801,10.6229033937015,9.81959735242006,0,9.80874069012958,0,"chi","I",50,500,0.5,0,0,0,FALSE,0,FALSE,0.5,"leave-d",200,0.5,1e+05,TRUE,448
10,0,0,0,10.0107045056801,10.1559546441929,9.81959735242006,0,11.5137862420203,0,"chi","I",50,500,0.5,0,0,0,FALSE,0,FALSE,0.5,"leave-d",200,0.5,1e+05,TRUE,448
10,0,0,0,10.0107045056801,9.69368396120193,9.81959735242006,0,10.8979295720916,0,"chi","I",50,500,0.5,0,0,0,FALSE,0,FALSE,0.5,"leave-d",200,0.5,1e+05,TRUE,448
10,0,0,0,10.0107045056801,10.4049720404446,9.81959735242006,0,9.13651756498838,0,"chi","I",50,500,0.5,0,0,0,FALSE,0,FALSE,0.5,"leave-d",200,0.5,1e+05,TRUE,448
10,0,0,0,10.0107045056801,9.32173595582015,9.81959735242006,0,9.84708574025854,0,"chi","I",50,500,0.5,0,0,0,FALSE,0,FALSE,0.5,"leave-d",200,0.5,1e+05,TRUE,448
10,0,0,0,10.0107045056801,8.7092533244566,9.81959735242006,0,9.38616915213574,0,"chi","I",50,500,0.5,0,0,0,FALSE,0,FALSE,0.5,"leave-d",200,0.5,1e+05,TRUE,448
10,0,0,0,10.0107045056801,9.25216187697393,9.81959735242006,0,12.3198707868807,0,"chi","I",50,500,0.5,0,0,0,FALSE,0,FALSE,0.5,"leave-d",200,0.5,1e+05,TRUE,448
10,0,0,0,10.0107045056801,10.0226739003522,9.81959735242006,0,9.72392402118518,0,"chi","I",50,500,0.5,0,0,0,FALSE,0,FALSE,0.5,"leave-d",200,0.5,1e+05,TRUE,448
10,0,0,0,10.0107045056801,10.5873834599809,9.81959735242006,0,9.21371760226636,0,"chi","I",50,500,0.5,0,0,0,FALSE,0,FALSE,0.5,"leave-d",200,0.5,1e+05,TRUE,448
10,0,0,0,10.0107045056801,11.5112046538032,9.81959735242006,0,9.24359452438805,0,"chi","I",50,500,0.5,0,0,0,FALSE,0,FALSE,0.5,"leave-d",200,0.5,1e+05,TRUE,448
10,0,0,0,10.0107045056801,9.91273303608168,9.81959735242006,0,9.08548462910694,0,"chi","I",50,500,0.5,0,0,0,FALSE,0,FALSE,0.5,"leave-d",200,0.5,1e+05,TRUE,448
