"var_main_effect","var_inter_effect","cov_main_inter_effect","var_total_effect","EigenPrism_main","EigenPrism_CI1","EigenPrism_CI2","sub_EigenPrism_main","sub_EigenPrism_CI1","sub_EigenPrism_CI2","GCTA_main","GCTA_inter","sub_GCTA_main","sub_GCTA_inter","x_dist","structure","p","n","main_fixed_var","main_random_var","inter_fixed_var","inter_random_var","decor","interact","combine","pro","bs","n_sub","rho_e","emp_n","inter_std","i"
10,0,0,0,10.7754240060133,8.11119969005892,13.4396483219678,6.89138644448387,-8.36121150602441,22.1439843949922,10.4720076757571,0,16.4954640895739,0,"normal","I",1000,500,0.5,0,0,0,FALSE,0,FALSE,0.1,"leave-d",200,0.5,1e+05,TRUE,14
10,0,0,0,10.7754240060133,8.11119969005892,13.4396483219678,15.7978505962618,-5.27741801165673,36.8731192041804,10.4720076757571,0,22.2423551937762,0,"normal","I",1000,500,0.5,0,0,0,FALSE,0,FALSE,0.1,"leave-d",200,0.5,1e+05,TRUE,14
10,0,0,0,10.7754240060133,8.11119969005892,13.4396483219678,16.1504287233837,1.09787798600327,31.2029794607642,10.4720076757571,0,15.7640826210793,0,"normal","I",1000,500,0.5,0,0,0,FALSE,0,FALSE,0.1,"leave-d",200,0.5,1e+05,TRUE,14
10,0,0,0,10.7754240060133,8.11119969005892,13.4396483219678,-0.420136495021481,-13.8666776350353,13.0264046449923,10.4720076757571,0,0,0,"normal","I",1000,500,0.5,0,0,0,FALSE,0,FALSE,0.1,"leave-d",200,0.5,1e+05,TRUE,14
10,0,0,0,10.7754240060133,8.11119969005892,13.4396483219678,18.8413697793526,-2.76453174129848,40.4472713000036,10.4720076757571,0,15.5616427588608,0,"normal","I",1000,500,0.5,0,0,0,FALSE,0,FALSE,0.1,"leave-d",200,0.5,1e+05,TRUE,14
10,0,0,0,10.7754240060133,8.11119969005892,13.4396483219678,-0.686191080808425,-19.7839928770313,18.4116107154144,10.4720076757571,0,0,0,"normal","I",1000,500,0.5,0,0,0,FALSE,0,FALSE,0.1,"leave-d",200,0.5,1e+05,TRUE,14
10,0,0,0,10.7754240060133,8.11119969005892,13.4396483219678,20.1455569853742,2.94876709420317,37.3423468765453,10.4720076757571,0,17.4910325437558,0,"normal","I",1000,500,0.5,0,0,0,FALSE,0,FALSE,0.1,"leave-d",200,0.5,1e+05,TRUE,14
10,0,0,0,10.7754240060133,8.11119969005892,13.4396483219678,8.52131283915558,-8.59999252741643,25.6426182057276,10.4720076757571,0,3.87478527836643,0,"normal","I",1000,500,0.5,0,0,0,FALSE,0,FALSE,0.1,"leave-d",200,0.5,1e+05,TRUE,14
10,0,0,0,10.7754240060133,8.11119969005892,13.4396483219678,21.734533284968,3.3959946719013,40.0730718980347,10.4720076757571,0,18.5804792575579,0,"normal","I",1000,500,0.5,0,0,0,FALSE,0,FALSE,0.1,"leave-d",200,0.5,1e+05,TRUE,14
10,0,0,0,10.7754240060133,8.11119969005892,13.4396483219678,-3.38785336983587,-28.3400878509714,21.5643811112997,10.4720076757571,0,0,0,"normal","I",1000,500,0.5,0,0,0,FALSE,0,FALSE,0.1,"leave-d",200,0.5,1e+05,TRUE,14
10,0,0,0,10.7754240060133,8.11119969005892,13.4396483219678,13.4313214094391,-1.14076502019241,28.0034078390705,10.4720076757571,0,12.5643237517962,0,"normal","I",1000,500,0.5,0,0,0,FALSE,0,FALSE,0.1,"leave-d",200,0.5,1e+05,TRUE,14
10,0,0,0,10.7754240060133,8.11119969005892,13.4396483219678,-5.81332874697494,-26.0174181391114,14.3907606451615,10.4720076757571,0,0,0,"normal","I",1000,500,0.5,0,0,0,FALSE,0,FALSE,0.1,"leave-d",200,0.5,1e+05,TRUE,14
10,0,0,0,10.7754240060133,8.11119969005892,13.4396483219678,13.218238442789,-4.52965540819161,30.9661322937696,10.4720076757571,0,18.2183050106997,0,"normal","I",1000,500,0.5,0,0,0,FALSE,0,FALSE,0.1,"leave-d",200,0.5,1e+05,TRUE,14
10,0,0,0,10.7754240060133,8.11119969005892,13.4396483219678,17.5317081680913,-0.0572558835236912,35.1206722197062,10.4720076757571,0,15.1921191632139,0,"normal","I",1000,500,0.5,0,0,0,FALSE,0,FALSE,0.1,"leave-d",200,0.5,1e+05,TRUE,14
10,0,0,0,10.7754240060133,8.11119969005892,13.4396483219678,12.7680405166492,-5.25248368314996,30.7885647164484,10.4720076757571,0,8.87937506604565,0,"normal","I",1000,500,0.5,0,0,0,FALSE,0,FALSE,0.1,"leave-d",200,0.5,1e+05,TRUE,14
10,0,0,0,10.7754240060133,8.11119969005892,13.4396483219678,16.8108739198136,2.12304191148582,31.4987059281415,10.4720076757571,0,15.0399508304959,0,"normal","I",1000,500,0.5,0,0,0,FALSE,0,FALSE,0.1,"leave-d",200,0.5,1e+05,TRUE,14
10,0,0,0,10.7754240060133,8.11119969005892,13.4396483219678,9.98636367420592,-13.0965423848142,33.069269733226,10.4720076757571,0,6.06367233025435,0,"normal","I",1000,500,0.5,0,0,0,FALSE,0,FALSE,0.1,"leave-d",200,0.5,1e+05,TRUE,14
10,0,0,0,10.7754240060133,8.11119969005892,13.4396483219678,6.29794000425421,-6.40267364154538,18.9985536500538,10.4720076757571,0,3.96762399837875,0,"normal","I",1000,500,0.5,0,0,0,FALSE,0,FALSE,0.1,"leave-d",200,0.5,1e+05,TRUE,14
10,0,0,0,10.7754240060133,8.11119969005892,13.4396483219678,-1.85843578036259,-14.7377790111862,11.020907450461,10.4720076757571,0,0,0,"normal","I",1000,500,0.5,0,0,0,FALSE,0,FALSE,0.1,"leave-d",200,0.5,1e+05,TRUE,14
10,0,0,0,10.7754240060133,8.11119969005892,13.4396483219678,16.2784313332114,0.507836960795419,32.0490257056273,10.4720076757571,0,16.3572384489615,0,"normal","I",1000,500,0.5,0,0,0,FALSE,0,FALSE,0.1,"leave-d",200,0.5,1e+05,TRUE,14
10,0,0,0,10.7754240060133,8.11119969005892,13.4396483219678,19.5135358783377,2.3539394212553,36.67313233542,10.4720076757571,0,17.3227521338015,0,"normal","I",1000,500,0.5,0,0,0,FALSE,0,FALSE,0.1,"leave-d",200,0.5,1e+05,TRUE,14
10,0,0,0,10.7754240060133,8.11119969005892,13.4396483219678,12.1019453169397,-9.01060041198893,33.2144910458683,10.4720076757571,0,14.0979839539807,0,"normal","I",1000,500,0.5,0,0,0,FALSE,0,FALSE,0.1,"leave-d",200,0.5,1e+05,TRUE,14
10,0,0,0,10.7754240060133,8.11119969005892,13.4396483219678,9.01532303529776,-9.80638600609198,27.8370320766875,10.4720076757571,0,5.13605549030381,0,"normal","I",1000,500,0.5,0,0,0,FALSE,0,FALSE,0.1,"leave-d",200,0.5,1e+05,TRUE,14
10,0,0,0,10.7754240060133,8.11119969005892,13.4396483219678,17.4709082922443,-0.369199158585058,35.3110157430736,10.4720076757571,0,13.3414855905132,0,"normal","I",1000,500,0.5,0,0,0,FALSE,0,FALSE,0.1,"leave-d",200,0.5,1e+05,TRUE,14
10,0,0,0,10.7754240060133,8.11119969005892,13.4396483219678,6.85600371625226,-12.6722612726899,26.3842687051944,10.4720076757571,0,2.46548112589205,0,"normal","I",1000,500,0.5,0,0,0,FALSE,0,FALSE,0.1,"leave-d",200,0.5,1e+05,TRUE,14
10,0,0,0,10.7754240060133,8.11119969005892,13.4396483219678,-8.07037737278593,-34.3023443175479,18.1615895719761,10.4720076757571,0,0,0,"normal","I",1000,500,0.5,0,0,0,FALSE,0,FALSE,0.1,"leave-d",200,0.5,1e+05,TRUE,14
10,0,0,0,10.7754240060133,8.11119969005892,13.4396483219678,16.736774342753,-2.69344906371798,36.166997749224,10.4720076757571,0,12.7523262148948,0,"normal","I",1000,500,0.5,0,0,0,FALSE,0,FALSE,0.1,"leave-d",200,0.5,1e+05,TRUE,14
10,0,0,0,10.7754240060133,8.11119969005892,13.4396483219678,2.52188743204616,-12.0427571691706,17.0865320332629,10.4720076757571,0,0,0,"normal","I",1000,500,0.5,0,0,0,FALSE,0,FALSE,0.1,"leave-d",200,0.5,1e+05,TRUE,14
10,0,0,0,10.7754240060133,8.11119969005892,13.4396483219678,5.08574836813673,-11.9227114720711,22.0942082083445,10.4720076757571,0,0,0,"normal","I",1000,500,0.5,0,0,0,FALSE,0,FALSE,0.1,"leave-d",200,0.5,1e+05,TRUE,14
10,0,0,0,10.7754240060133,8.11119969005892,13.4396483219678,-9.94776999193708,-28.1830581145093,8.28751813063519,10.4720076757571,0,0,0,"normal","I",1000,500,0.5,0,0,0,FALSE,0,FALSE,0.1,"leave-d",200,0.5,1e+05,TRUE,14
10,0,0,0,10.7754240060133,8.11119969005892,13.4396483219678,-0.454810003881877,-16.7960951636286,15.8864751558649,10.4720076757571,0,0,0,"normal","I",1000,500,0.5,0,0,0,FALSE,0,FALSE,0.1,"leave-d",200,0.5,1e+05,TRUE,14
10,0,0,0,10.7754240060133,8.11119969005892,13.4396483219678,11.101049532355,-3.55356428779173,25.7556633525018,10.4720076757571,0,6.36494188330491,0,"normal","I",1000,500,0.5,0,0,0,FALSE,0,FALSE,0.1,"leave-d",200,0.5,1e+05,TRUE,14
10,0,0,0,10.7754240060133,8.11119969005892,13.4396483219678,8.84642696213094,-10.8042318070235,28.4970857312853,10.4720076757571,0,4.95623820140745,0,"normal","I",1000,500,0.5,0,0,0,FALSE,0,FALSE,0.1,"leave-d",200,0.5,1e+05,TRUE,14
10,0,0,0,10.7754240060133,8.11119969005892,13.4396483219678,17.8672517526112,-0.128122975869495,35.8626264810919,10.4720076757571,0,18.1867738125806,0,"normal","I",1000,500,0.5,0,0,0,FALSE,0,FALSE,0.1,"leave-d",200,0.5,1e+05,TRUE,14
10,0,0,0,10.7754240060133,8.11119969005892,13.4396483219678,-4.2745986946427,-27.6941908083046,19.1449934190192,10.4720076757571,0,0,0,"normal","I",1000,500,0.5,0,0,0,FALSE,0,FALSE,0.1,"leave-d",200,0.5,1e+05,TRUE,14
10,0,0,0,10.7754240060133,8.11119969005892,13.4396483219678,-1.35371764186812,-20.2211643089863,17.5137290252501,10.4720076757571,0,0,0,"normal","I",1000,500,0.5,0,0,0,FALSE,0,FALSE,0.1,"leave-d",200,0.5,1e+05,TRUE,14
10,0,0,0,10.7754240060133,8.11119969005892,13.4396483219678,9.80804001252547,-7.00549748875018,26.6215775138011,10.4720076757571,0,10.1704660802093,0,"normal","I",1000,500,0.5,0,0,0,FALSE,0,FALSE,0.1,"leave-d",200,0.5,1e+05,TRUE,14
10,0,0,0,10.7754240060133,8.11119969005892,13.4396483219678,-1.06600330284993,-18.3192256396714,16.1872190339715,10.4720076757571,0,0,0,"normal","I",1000,500,0.5,0,0,0,FALSE,0,FALSE,0.1,"leave-d",200,0.5,1e+05,TRUE,14
10,0,0,0,10.7754240060133,8.11119969005892,13.4396483219678,9.05779858691235,-5.51914737527374,23.6347445490984,10.4720076757571,0,6.29410572124164,0,"normal","I",1000,500,0.5,0,0,0,FALSE,0,FALSE,0.1,"leave-d",200,0.5,1e+05,TRUE,14
10,0,0,0,10.7754240060133,8.11119969005892,13.4396483219678,-2.52685703748128,-13.4360178889644,8.38230381400183,10.4720076757571,0,0,0,"normal","I",1000,500,0.5,0,0,0,FALSE,0,FALSE,0.1,"leave-d",200,0.5,1e+05,TRUE,14
10,0,0,0,10.7754240060133,8.11119969005892,13.4396483219678,17.3996725908033,1.17912075850411,33.6202244231024,10.4720076757571,0,16.4460826881864,0,"normal","I",1000,500,0.5,0,0,0,FALSE,0,FALSE,0.1,"leave-d",200,0.5,1e+05,TRUE,14
10,0,0,0,10.7754240060133,8.11119969005892,13.4396483219678,-1.687188199174,-17.1976713923585,13.8232949940105,10.4720076757571,0,0,0,"normal","I",1000,500,0.5,0,0,0,FALSE,0,FALSE,0.1,"leave-d",200,0.5,1e+05,TRUE,14
10,0,0,0,10.7754240060133,8.11119969005892,13.4396483219678,-5.9668261072377,-23.3369337630603,11.4032815485849,10.4720076757571,0,0,0,"normal","I",1000,500,0.5,0,0,0,FALSE,0,FALSE,0.1,"leave-d",200,0.5,1e+05,TRUE,14
10,0,0,0,10.7754240060133,8.11119969005892,13.4396483219678,18.6102943365661,1.95859014938152,35.2619985237507,10.4720076757571,0,16.2712380624624,0,"normal","I",1000,500,0.5,0,0,0,FALSE,0,FALSE,0.1,"leave-d",200,0.5,1e+05,TRUE,14
10,0,0,0,10.7754240060133,8.11119969005892,13.4396483219678,15.4307697147045,-6.78099386850214,37.6425332979112,10.4720076757571,0,17.5084857967692,0,"normal","I",1000,500,0.5,0,0,0,FALSE,0,FALSE,0.1,"leave-d",200,0.5,1e+05,TRUE,14
10,0,0,0,10.7754240060133,8.11119969005892,13.4396483219678,-0.40548858523911,-17.3800393433342,16.569062172856,10.4720076757571,0,0,0,"normal","I",1000,500,0.5,0,0,0,FALSE,0,FALSE,0.1,"leave-d",200,0.5,1e+05,TRUE,14
10,0,0,0,10.7754240060133,8.11119969005892,13.4396483219678,1.94705926342307,-20.9950368693104,24.8891553961565,10.4720076757571,0,0,0,"normal","I",1000,500,0.5,0,0,0,FALSE,0,FALSE,0.1,"leave-d",200,0.5,1e+05,TRUE,14
10,0,0,0,10.7754240060133,8.11119969005892,13.4396483219678,22.2634422322091,5.5020456746384,39.0248387897798,10.4720076757571,0,17.0101552251322,0,"normal","I",1000,500,0.5,0,0,0,FALSE,0,FALSE,0.1,"leave-d",200,0.5,1e+05,TRUE,14
10,0,0,0,10.7754240060133,8.11119969005892,13.4396483219678,-3.73832290130309,-16.9739975092515,9.49735170664527,10.4720076757571,0,0,0,"normal","I",1000,500,0.5,0,0,0,FALSE,0,FALSE,0.1,"leave-d",200,0.5,1e+05,TRUE,14
10,0,0,0,10.7754240060133,8.11119969005892,13.4396483219678,14.7994395993934,-4.10772053455462,33.7065997333413,10.4720076757571,0,13.7161986664216,0,"normal","I",1000,500,0.5,0,0,0,FALSE,0,FALSE,0.1,"leave-d",200,0.5,1e+05,TRUE,14
10,0,0,0,10.7754240060133,8.11119969005892,13.4396483219678,8.87678939412663,-3.60883196585999,21.3624107541132,10.4720076757571,0,8.99046661153041,0,"normal","I",1000,500,0.5,0,0,0,FALSE,0,FALSE,0.1,"leave-d",200,0.5,1e+05,TRUE,14
10,0,0,0,10.7754240060133,8.11119969005892,13.4396483219678,6.17312531054234,-11.3854335136792,23.7316841347639,10.4720076757571,0,2.62457874010399,0,"normal","I",1000,500,0.5,0,0,0,FALSE,0,FALSE,0.1,"leave-d",200,0.5,1e+05,TRUE,14
10,0,0,0,10.7754240060133,8.11119969005892,13.4396483219678,0.0909663559572176,-16.0349993520671,16.2169320639815,10.4720076757571,0,0,0,"normal","I",1000,500,0.5,0,0,0,FALSE,0,FALSE,0.1,"leave-d",200,0.5,1e+05,TRUE,14
10,0,0,0,10.7754240060133,8.11119969005892,13.4396483219678,-1.30100894495021,-18.1169080312651,15.5148901413647,10.4720076757571,0,0,0,"normal","I",1000,500,0.5,0,0,0,FALSE,0,FALSE,0.1,"leave-d",200,0.5,1e+05,TRUE,14
10,0,0,0,10.7754240060133,8.11119969005892,13.4396483219678,41.6670596394591,12.7099819446222,70.624137334296,10.4720076757571,0,29.120909245728,0,"normal","I",1000,500,0.5,0,0,0,FALSE,0,FALSE,0.1,"leave-d",200,0.5,1e+05,TRUE,14
10,0,0,0,10.7754240060133,8.11119969005892,13.4396483219678,8.55093576715794,-6.35965054902911,23.461522083345,10.4720076757571,0,6.01516779864437,0,"normal","I",1000,500,0.5,0,0,0,FALSE,0,FALSE,0.1,"leave-d",200,0.5,1e+05,TRUE,14
10,0,0,0,10.7754240060133,8.11119969005892,13.4396483219678,23.8282049215924,2.88647421976477,44.76993562342,10.4720076757571,0,21.1425128145413,0,"normal","I",1000,500,0.5,0,0,0,FALSE,0,FALSE,0.1,"leave-d",200,0.5,1e+05,TRUE,14
10,0,0,0,10.7754240060133,8.11119969005892,13.4396483219678,20.8743627115535,2.35162487514364,39.3971005479634,10.4720076757571,0,18.8171611586678,0,"normal","I",1000,500,0.5,0,0,0,FALSE,0,FALSE,0.1,"leave-d",200,0.5,1e+05,TRUE,14
10,0,0,0,10.7754240060133,8.11119969005892,13.4396483219678,23.0997788748149,5.79505548381434,40.4045022658155,10.4720076757571,0,17.0887929596962,0,"normal","I",1000,500,0.5,0,0,0,FALSE,0,FALSE,0.1,"leave-d",200,0.5,1e+05,TRUE,14
10,0,0,0,10.7754240060133,8.11119969005892,13.4396483219678,13.4560965858625,-5.71510880013017,32.6273019718551,10.4720076757571,0,13.8070931459033,0,"normal","I",1000,500,0.5,0,0,0,FALSE,0,FALSE,0.1,"leave-d",200,0.5,1e+05,TRUE,14
10,0,0,0,10.7754240060133,8.11119969005892,13.4396483219678,16.2788689817319,-0.614877398322172,33.1726153617859,10.4720076757571,0,16.1751678788181,0,"normal","I",1000,500,0.5,0,0,0,FALSE,0,FALSE,0.1,"leave-d",200,0.5,1e+05,TRUE,14
10,0,0,0,10.7754240060133,8.11119969005892,13.4396483219678,9.79117809217898,-8.37620316825081,27.9585593526088,10.4720076757571,0,9.1126810399636,0,"normal","I",1000,500,0.5,0,0,0,FALSE,0,FALSE,0.1,"leave-d",200,0.5,1e+05,TRUE,14
10,0,0,0,10.7754240060133,8.11119969005892,13.4396483219678,9.16062280008681,-15.0355542734423,33.3567998736159,10.4720076757571,0,2.09272815810303,0,"normal","I",1000,500,0.5,0,0,0,FALSE,0,FALSE,0.1,"leave-d",200,0.5,1e+05,TRUE,14
10,0,0,0,10.7754240060133,8.11119969005892,13.4396483219678,21.5398696121584,-2.16220600838871,45.2419452327056,10.4720076757571,0,23.8083981640046,0,"normal","I",1000,500,0.5,0,0,0,FALSE,0,FALSE,0.1,"leave-d",200,0.5,1e+05,TRUE,14
10,0,0,0,10.7754240060133,8.11119969005892,13.4396483219678,13.2031623886819,1.59926296225099,24.8070618151127,10.4720076757571,0,11.9966062987998,0,"normal","I",1000,500,0.5,0,0,0,FALSE,0,FALSE,0.1,"leave-d",200,0.5,1e+05,TRUE,14
10,0,0,0,10.7754240060133,8.11119969005892,13.4396483219678,5.07724389470047,-13.4471960862189,23.6016838756198,10.4720076757571,0,0,0,"normal","I",1000,500,0.5,0,0,0,FALSE,0,FALSE,0.1,"leave-d",200,0.5,1e+05,TRUE,14
10,0,0,0,10.7754240060133,8.11119969005892,13.4396483219678,4.91346945879554,-14.9156932819131,24.7426321995042,10.4720076757571,0,0,0,"normal","I",1000,500,0.5,0,0,0,FALSE,0,FALSE,0.1,"leave-d",200,0.5,1e+05,TRUE,14
10,0,0,0,10.7754240060133,8.11119969005892,13.4396483219678,15.7000751297574,-3.99815624550897,35.3983065050237,10.4720076757571,0,12.2676646540366,0,"normal","I",1000,500,0.5,0,0,0,FALSE,0,FALSE,0.1,"leave-d",200,0.5,1e+05,TRUE,14
10,0,0,0,10.7754240060133,8.11119969005892,13.4396483219678,3.79565545390146,-9.07098744644439,16.6622983542473,10.4720076757571,0,0,0,"normal","I",1000,500,0.5,0,0,0,FALSE,0,FALSE,0.1,"leave-d",200,0.5,1e+05,TRUE,14
10,0,0,0,10.7754240060133,8.11119969005892,13.4396483219678,4.8561738458107,-8.54654224791838,18.2588899395398,10.4720076757571,0,0.94132497820298,0,"normal","I",1000,500,0.5,0,0,0,FALSE,0,FALSE,0.1,"leave-d",200,0.5,1e+05,TRUE,14
10,0,0,0,10.7754240060133,8.11119969005892,13.4396483219678,20.7739888953471,-1.885955900861,43.4339336915552,10.4720076757571,0,19.0733611031786,0,"normal","I",1000,500,0.5,0,0,0,FALSE,0,FALSE,0.1,"leave-d",200,0.5,1e+05,TRUE,14
10,0,0,0,10.7754240060133,8.11119969005892,13.4396483219678,3.53303494417587,-10.0462924401515,17.1123623285033,10.4720076757571,0,0,0,"normal","I",1000,500,0.5,0,0,0,FALSE,0,FALSE,0.1,"leave-d",200,0.5,1e+05,TRUE,14
10,0,0,0,10.7754240060133,8.11119969005892,13.4396483219678,-6.20980678725725,-21.5119537448152,9.09234017030073,10.4720076757571,0,0,0,"normal","I",1000,500,0.5,0,0,0,FALSE,0,FALSE,0.1,"leave-d",200,0.5,1e+05,TRUE,14
10,0,0,0,10.7754240060133,8.11119969005892,13.4396483219678,35.2961704993139,16.3230959456107,54.269245053017,10.4720076757571,0,19.1761547287091,0,"normal","I",1000,500,0.5,0,0,0,FALSE,0,FALSE,0.1,"leave-d",200,0.5,1e+05,TRUE,14
10,0,0,0,10.7754240060133,8.11119969005892,13.4396483219678,30.2731361654801,16.4336244374382,44.1126478935221,10.4720076757571,0,13.345804006631,0,"normal","I",1000,500,0.5,0,0,0,FALSE,0,FALSE,0.1,"leave-d",200,0.5,1e+05,TRUE,14
10,0,0,0,10.7754240060133,8.11119969005892,13.4396483219678,17.0594131753505,-6.88657530336583,41.0054016540668,10.4720076757571,0,16.7265561767639,0,"normal","I",1000,500,0.5,0,0,0,FALSE,0,FALSE,0.1,"leave-d",200,0.5,1e+05,TRUE,14
10,0,0,0,10.7754240060133,8.11119969005892,13.4396483219678,22.1704033788811,4.50684079890272,39.8339659588595,10.4720076757571,0,17.6600331096185,0,"normal","I",1000,500,0.5,0,0,0,FALSE,0,FALSE,0.1,"leave-d",200,0.5,1e+05,TRUE,14
10,0,0,0,10.7754240060133,8.11119969005892,13.4396483219678,1.28080933594212,-17.1109043066768,19.6725229785611,10.4720076757571,0,0,0,"normal","I",1000,500,0.5,0,0,0,FALSE,0,FALSE,0.1,"leave-d",200,0.5,1e+05,TRUE,14
10,0,0,0,10.7754240060133,8.11119969005892,13.4396483219678,12.3869221881803,-5.95725790757035,30.731102283931,10.4720076757571,0,6.27055868128904,0,"normal","I",1000,500,0.5,0,0,0,FALSE,0,FALSE,0.1,"leave-d",200,0.5,1e+05,TRUE,14
10,0,0,0,10.7754240060133,8.11119969005892,13.4396483219678,-5.47270929600434,-20.7678739555358,9.82245536352713,10.4720076757571,0,0,0,"normal","I",1000,500,0.5,0,0,0,FALSE,0,FALSE,0.1,"leave-d",200,0.5,1e+05,TRUE,14
10,0,0,0,10.7754240060133,8.11119969005892,13.4396483219678,12.0606936977004,-3.83525404448941,27.9566414398902,10.4720076757571,0,16.5030103374236,0,"normal","I",1000,500,0.5,0,0,0,FALSE,0,FALSE,0.1,"leave-d",200,0.5,1e+05,TRUE,14
10,0,0,0,10.7754240060133,8.11119969005892,13.4396483219678,61.9751660619605,40.1375660455656,83.8127660783553,10.4720076757571,0,19.8849855431658,0,"normal","I",1000,500,0.5,0,0,0,FALSE,0,FALSE,0.1,"leave-d",200,0.5,1e+05,TRUE,14
10,0,0,0,10.7754240060133,8.11119969005892,13.4396483219678,32.2480516648782,10.8518887339492,53.6442145958072,10.4720076757571,0,20.976331714296,0,"normal","I",1000,500,0.5,0,0,0,FALSE,0,FALSE,0.1,"leave-d",200,0.5,1e+05,TRUE,14
10,0,0,0,10.7754240060133,8.11119969005892,13.4396483219678,20.5104231174747,-5.48818322076356,46.509029455713,10.4720076757571,0,11.0868564601029,0,"normal","I",1000,500,0.5,0,0,0,FALSE,0,FALSE,0.1,"leave-d",200,0.5,1e+05,TRUE,14
10,0,0,0,10.7754240060133,8.11119969005892,13.4396483219678,19.8457797778387,3.81795194253767,35.8736076131398,10.4720076757571,0,16.3440117468866,0,"normal","I",1000,500,0.5,0,0,0,FALSE,0,FALSE,0.1,"leave-d",200,0.5,1e+05,TRUE,14
10,0,0,0,10.7754240060133,8.11119969005892,13.4396483219678,15.1149929260851,-7.62159038469665,37.8515762368669,10.4720076757571,0,19.3143095540999,0,"normal","I",1000,500,0.5,0,0,0,FALSE,0,FALSE,0.1,"leave-d",200,0.5,1e+05,TRUE,14
10,0,0,0,10.7754240060133,8.11119969005892,13.4396483219678,3.41397190407446,-12.0381857176634,18.8661295258124,10.4720076757571,0,0,0,"normal","I",1000,500,0.5,0,0,0,FALSE,0,FALSE,0.1,"leave-d",200,0.5,1e+05,TRUE,14
10,0,0,0,10.7754240060133,8.11119969005892,13.4396483219678,4.14801961487155,-9.67953014525742,17.9755693750005,10.4720076757571,0,0.00932900167377596,0,"normal","I",1000,500,0.5,0,0,0,FALSE,0,FALSE,0.1,"leave-d",200,0.5,1e+05,TRUE,14
10,0,0,0,10.7754240060133,8.11119969005892,13.4396483219678,27.8995158238708,15.4047598570374,40.3942717907042,10.4720076757571,0,11.9888422914763,0,"normal","I",1000,500,0.5,0,0,0,FALSE,0,FALSE,0.1,"leave-d",200,0.5,1e+05,TRUE,14
10,0,0,0,10.7754240060133,8.11119969005892,13.4396483219678,27.1334625892577,2.6286728110873,51.6382523674282,10.4720076757571,0,19.2418182956478,0,"normal","I",1000,500,0.5,0,0,0,FALSE,0,FALSE,0.1,"leave-d",200,0.5,1e+05,TRUE,14
10,0,0,0,10.7754240060133,8.11119969005892,13.4396483219678,9.60672442497344,-4.40806109123965,23.6215099411865,10.4720076757571,0,5.9713443783531,0,"normal","I",1000,500,0.5,0,0,0,FALSE,0,FALSE,0.1,"leave-d",200,0.5,1e+05,TRUE,14
10,0,0,0,10.7754240060133,8.11119969005892,13.4396483219678,16.0632118977892,0.484673608220909,31.6417501873575,10.4720076757571,0,13.6899850209554,0,"normal","I",1000,500,0.5,0,0,0,FALSE,0,FALSE,0.1,"leave-d",200,0.5,1e+05,TRUE,14
10,0,0,0,10.7754240060133,8.11119969005892,13.4396483219678,23.7103039152759,6.89297868505543,40.5276291454963,10.4720076757571,0,16.6699222693875,0,"normal","I",1000,500,0.5,0,0,0,FALSE,0,FALSE,0.1,"leave-d",200,0.5,1e+05,TRUE,14
10,0,0,0,10.7754240060133,8.11119969005892,13.4396483219678,-1.75346340155441,-22.1583116917026,18.6513848885938,10.4720076757571,0,0,0,"normal","I",1000,500,0.5,0,0,0,FALSE,0,FALSE,0.1,"leave-d",200,0.5,1e+05,TRUE,14
10,0,0,0,10.7754240060133,8.11119969005892,13.4396483219678,-14.4634152267179,-44.3999334764859,15.4731030230502,10.4720076757571,0,0,0,"normal","I",1000,500,0.5,0,0,0,FALSE,0,FALSE,0.1,"leave-d",200,0.5,1e+05,TRUE,14
10,0,0,0,10.7754240060133,8.11119969005892,13.4396483219678,17.3003122595769,1.24344453311192,33.3571799860419,10.4720076757571,0,12.1881809833453,0,"normal","I",1000,500,0.5,0,0,0,FALSE,0,FALSE,0.1,"leave-d",200,0.5,1e+05,TRUE,14
10,0,0,0,10.7754240060133,8.11119969005892,13.4396483219678,26.7305805868962,6.74584030760914,46.7153208661833,10.4720076757571,0,20.1253654326693,0,"normal","I",1000,500,0.5,0,0,0,FALSE,0,FALSE,0.1,"leave-d",200,0.5,1e+05,TRUE,14
10,0,0,0,10.7754240060133,8.11119969005892,13.4396483219678,39.9478857770292,18.1136894031756,61.7820821508827,10.4720076757571,0,20.9885592272989,0,"normal","I",1000,500,0.5,0,0,0,FALSE,0,FALSE,0.1,"leave-d",200,0.5,1e+05,TRUE,14
10,0,0,0,10.7754240060133,8.11119969005892,13.4396483219678,-2.37888265364746,-15.6162660379421,10.8585007306472,10.4720076757571,0,0,0,"normal","I",1000,500,0.5,0,0,0,FALSE,0,FALSE,0.1,"leave-d",200,0.5,1e+05,TRUE,14
10,0,0,0,10.7754240060133,8.11119969005892,13.4396483219678,8.38293947749972,-6.7444876653201,23.5103666203195,10.4720076757571,0,6.20446463176665,0,"normal","I",1000,500,0.5,0,0,0,FALSE,0,FALSE,0.1,"leave-d",200,0.5,1e+05,TRUE,14
10,0,0,0,10.7754240060133,8.11119969005892,13.4396483219678,3.75130811026444,-14.2857193266776,21.7883355472064,10.4720076757571,0,0,0,"normal","I",1000,500,0.5,0,0,0,FALSE,0,FALSE,0.1,"leave-d",200,0.5,1e+05,TRUE,14
10,0,0,0,10.7754240060133,8.11119969005892,13.4396483219678,9.15644424102973,-8.23894616091242,26.5518346429719,10.4720076757571,0,6.2771223179383,0,"normal","I",1000,500,0.5,0,0,0,FALSE,0,FALSE,0.1,"leave-d",200,0.5,1e+05,TRUE,14
10,0,0,0,10.7754240060133,8.11119969005892,13.4396483219678,8.46030064381613,-3.64018010220004,20.5607813898323,10.4720076757571,0,7.82646266758066,0,"normal","I",1000,500,0.5,0,0,0,FALSE,0,FALSE,0.1,"leave-d",200,0.5,1e+05,TRUE,14
10,0,0,0,10.7754240060133,8.11119969005892,13.4396483219678,20.6266907270322,4.32729250865107,36.9260889454134,10.4720076757571,0,16.0298656207587,0,"normal","I",1000,500,0.5,0,0,0,FALSE,0,FALSE,0.1,"leave-d",200,0.5,1e+05,TRUE,14
10,0,0,0,10.7754240060133,8.11119969005892,13.4396483219678,28.9276793058531,13.8267376798929,44.0286209318134,10.4720076757571,0,14.7511146133455,0,"normal","I",1000,500,0.5,0,0,0,FALSE,0,FALSE,0.1,"leave-d",200,0.5,1e+05,TRUE,14
10,0,0,0,10.7754240060133,8.11119969005892,13.4396483219678,7.44257066330156,-10.7463969628687,25.6315382894718,10.4720076757571,0,2.51941002238582,0,"normal","I",1000,500,0.5,0,0,0,FALSE,0,FALSE,0.1,"leave-d",200,0.5,1e+05,TRUE,14
10,0,0,0,10.7754240060133,8.11119969005892,13.4396483219678,18.5051714271674,-0.758038119950925,37.7683809742857,10.4720076757571,0,17.6633200368447,0,"normal","I",1000,500,0.5,0,0,0,FALSE,0,FALSE,0.1,"leave-d",200,0.5,1e+05,TRUE,14
10,0,0,0,10.7754240060133,8.11119969005892,13.4396483219678,6.69804189088443,-10.1845452667736,23.5806290485425,10.4720076757571,0,3.31255443437715,0,"normal","I",1000,500,0.5,0,0,0,FALSE,0,FALSE,0.1,"leave-d",200,0.5,1e+05,TRUE,14
10,0,0,0,10.7754240060133,8.11119969005892,13.4396483219678,5.34810608683262,-14.434564350544,25.1307765242093,10.4720076757571,0,0,0,"normal","I",1000,500,0.5,0,0,0,FALSE,0,FALSE,0.1,"leave-d",200,0.5,1e+05,TRUE,14
10,0,0,0,10.7754240060133,8.11119969005892,13.4396483219678,19.297746983943,-0.658883196463517,39.2543771643495,10.4720076757571,0,19.4684288927967,0,"normal","I",1000,500,0.5,0,0,0,FALSE,0,FALSE,0.1,"leave-d",200,0.5,1e+05,TRUE,14
10,0,0,0,10.7754240060133,8.11119969005892,13.4396483219678,42.8832219089666,10.5578966166734,75.2085472012598,10.4720076757571,0,31.7133980234025,0,"normal","I",1000,500,0.5,0,0,0,FALSE,0,FALSE,0.1,"leave-d",200,0.5,1e+05,TRUE,14
10,0,0,0,10.7754240060133,8.11119969005892,13.4396483219678,1.28362589671727,-9.98824334450986,12.5554951379444,10.4720076757571,0,0,0,"normal","I",1000,500,0.5,0,0,0,FALSE,0,FALSE,0.1,"leave-d",200,0.5,1e+05,TRUE,14
10,0,0,0,10.7754240060133,8.11119969005892,13.4396483219678,3.28171993933872,-14.5800819192851,21.1435217979626,10.4720076757571,0,0,0,"normal","I",1000,500,0.5,0,0,0,FALSE,0,FALSE,0.1,"leave-d",200,0.5,1e+05,TRUE,14
10,0,0,0,10.7754240060133,8.11119969005892,13.4396483219678,7.56914198594517,-6.09155620521438,21.2298401771047,10.4720076757571,0,14.7255115735379,0,"normal","I",1000,500,0.5,0,0,0,FALSE,0,FALSE,0.1,"leave-d",200,0.5,1e+05,TRUE,14
10,0,0,0,10.7754240060133,8.11119969005892,13.4396483219678,-3.21508169028467,-13.1429150944001,6.71275171383074,10.4720076757571,0,0,0,"normal","I",1000,500,0.5,0,0,0,FALSE,0,FALSE,0.1,"leave-d",200,0.5,1e+05,TRUE,14
10,0,0,0,10.7754240060133,8.11119969005892,13.4396483219678,2.57197445270066,-11.3582756610165,16.5022245664178,10.4720076757571,0,0,0,"normal","I",1000,500,0.5,0,0,0,FALSE,0,FALSE,0.1,"leave-d",200,0.5,1e+05,TRUE,14
10,0,0,0,10.7754240060133,8.11119969005892,13.4396483219678,2.31363232540989,-15.311658524177,19.9389231749968,10.4720076757571,0,0,0,"normal","I",1000,500,0.5,0,0,0,FALSE,0,FALSE,0.1,"leave-d",200,0.5,1e+05,TRUE,14
10,0,0,0,10.7754240060133,8.11119969005892,13.4396483219678,11.0034290220824,-11.0994115915687,33.1062696357335,10.4720076757571,0,5.52858151930663,0,"normal","I",1000,500,0.5,0,0,0,FALSE,0,FALSE,0.1,"leave-d",200,0.5,1e+05,TRUE,14
10,0,0,0,10.7754240060133,8.11119969005892,13.4396483219678,7.14325392170768,-9.28985931631211,23.5763671597275,10.4720076757571,0,5.64905429666775,0,"normal","I",1000,500,0.5,0,0,0,FALSE,0,FALSE,0.1,"leave-d",200,0.5,1e+05,TRUE,14
10,0,0,0,10.7754240060133,8.11119969005892,13.4396483219678,-2.65405020742627,-20.2894320969795,14.981331682127,10.4720076757571,0,0,0,"normal","I",1000,500,0.5,0,0,0,FALSE,0,FALSE,0.1,"leave-d",200,0.5,1e+05,TRUE,14
10,0,0,0,10.7754240060133,8.11119969005892,13.4396483219678,21.5906151020381,-1.68162819613763,44.8628584002139,10.4720076757571,0,23.6066188708195,0,"normal","I",1000,500,0.5,0,0,0,FALSE,0,FALSE,0.1,"leave-d",200,0.5,1e+05,TRUE,14
10,0,0,0,10.7754240060133,8.11119969005892,13.4396483219678,4.2330729825241,-14.7504678344606,23.2166137995088,10.4720076757571,0,0,0,"normal","I",1000,500,0.5,0,0,0,FALSE,0,FALSE,0.1,"leave-d",200,0.5,1e+05,TRUE,14
10,0,0,0,10.7754240060133,8.11119969005892,13.4396483219678,-0.0584193618292856,-18.1947992781371,18.0779605544785,10.4720076757571,0,0,0,"normal","I",1000,500,0.5,0,0,0,FALSE,0,FALSE,0.1,"leave-d",200,0.5,1e+05,TRUE,14
10,0,0,0,10.7754240060133,8.11119969005892,13.4396483219678,6.64091099128047,-11.8553132330787,25.1371352156397,10.4720076757571,0,1.70442827979438,0,"normal","I",1000,500,0.5,0,0,0,FALSE,0,FALSE,0.1,"leave-d",200,0.5,1e+05,TRUE,14
10,0,0,0,10.7754240060133,8.11119969005892,13.4396483219678,-8.63646320604083,-26.3440179291328,9.07109151705113,10.4720076757571,0,0,0,"normal","I",1000,500,0.5,0,0,0,FALSE,0,FALSE,0.1,"leave-d",200,0.5,1e+05,TRUE,14
10,0,0,0,10.7754240060133,8.11119969005892,13.4396483219678,-0.517419778940977,-16.1951994482524,15.1603598903705,10.4720076757571,0,0,0,"normal","I",1000,500,0.5,0,0,0,FALSE,0,FALSE,0.1,"leave-d",200,0.5,1e+05,TRUE,14
10,0,0,0,10.7754240060133,8.11119969005892,13.4396483219678,4.13570890539629,-15.6010876740556,23.8725054848482,10.4720076757571,0,0,0,"normal","I",1000,500,0.5,0,0,0,FALSE,0,FALSE,0.1,"leave-d",200,0.5,1e+05,TRUE,14
10,0,0,0,10.7754240060133,8.11119969005892,13.4396483219678,19.3575603301497,3.81444166133021,34.9006789989691,10.4720076757571,0,15.6361566684675,0,"normal","I",1000,500,0.5,0,0,0,FALSE,0,FALSE,0.1,"leave-d",200,0.5,1e+05,TRUE,14
10,0,0,0,10.7754240060133,8.11119969005892,13.4396483219678,12.1955528943462,-8.12895609904004,32.5200618877324,10.4720076757571,0,11.5310616696652,0,"normal","I",1000,500,0.5,0,0,0,FALSE,0,FALSE,0.1,"leave-d",200,0.5,1e+05,TRUE,14
10,0,0,0,10.7754240060133,8.11119969005892,13.4396483219678,13.5558112605137,-0.0672886550403806,27.1789111760679,10.4720076757571,0,13.8623190220214,0,"normal","I",1000,500,0.5,0,0,0,FALSE,0,FALSE,0.1,"leave-d",200,0.5,1e+05,TRUE,14
10,0,0,0,10.7754240060133,8.11119969005892,13.4396483219678,19.0584915909935,0.0737352304995831,38.0432479514874,10.4720076757571,0,19.1921362566136,0,"normal","I",1000,500,0.5,0,0,0,FALSE,0,FALSE,0.1,"leave-d",200,0.5,1e+05,TRUE,14
10,0,0,0,10.7754240060133,8.11119969005892,13.4396483219678,-3.76394958303188,-23.5472745855427,16.019375419479,10.4720076757571,0,0,0,"normal","I",1000,500,0.5,0,0,0,FALSE,0,FALSE,0.1,"leave-d",200,0.5,1e+05,TRUE,14
10,0,0,0,10.7754240060133,8.11119969005892,13.4396483219678,13.2137391340389,-4.47062878401057,30.8981070520884,10.4720076757571,0,17.8456234743817,0,"normal","I",1000,500,0.5,0,0,0,FALSE,0,FALSE,0.1,"leave-d",200,0.5,1e+05,TRUE,14
10,0,0,0,10.7754240060133,8.11119969005892,13.4396483219678,25.6791305890973,6.10221323789517,45.2560479402994,10.4720076757571,0,13.6838288412418,0,"normal","I",1000,500,0.5,0,0,0,FALSE,0,FALSE,0.1,"leave-d",200,0.5,1e+05,TRUE,14
10,0,0,0,10.7754240060133,8.11119969005892,13.4396483219678,7.90484218953964,-2.36120675286159,18.1708911319409,10.4720076757571,0,6.84151511325674,0,"normal","I",1000,500,0.5,0,0,0,FALSE,0,FALSE,0.1,"leave-d",200,0.5,1e+05,TRUE,14
10,0,0,0,10.7754240060133,8.11119969005892,13.4396483219678,18.0692698973975,-2.54337155809354,38.6819113528886,10.4720076757571,0,21.2823381622437,0,"normal","I",1000,500,0.5,0,0,0,FALSE,0,FALSE,0.1,"leave-d",200,0.5,1e+05,TRUE,14
10,0,0,0,10.7754240060133,8.11119969005892,13.4396483219678,4.10727013534258,-12.3946516686496,20.6091919393348,10.4720076757571,0,0,0,"normal","I",1000,500,0.5,0,0,0,FALSE,0,FALSE,0.1,"leave-d",200,0.5,1e+05,TRUE,14
10,0,0,0,10.7754240060133,8.11119969005892,13.4396483219678,2.50800427617532,-14.716861094452,19.7328696468026,10.4720076757571,0,0,0,"normal","I",1000,500,0.5,0,0,0,FALSE,0,FALSE,0.1,"leave-d",200,0.5,1e+05,TRUE,14
10,0,0,0,10.7754240060133,8.11119969005892,13.4396483219678,3.50022053975197,-9.24694438411007,16.247385463614,10.4720076757571,0,0,0,"normal","I",1000,500,0.5,0,0,0,FALSE,0,FALSE,0.1,"leave-d",200,0.5,1e+05,TRUE,14
10,0,0,0,10.7754240060133,8.11119969005892,13.4396483219678,-10.4245786510446,-24.7450522076934,3.89589490560416,10.4720076757571,0,0,0,"normal","I",1000,500,0.5,0,0,0,FALSE,0,FALSE,0.1,"leave-d",200,0.5,1e+05,TRUE,14
10,0,0,0,10.7754240060133,8.11119969005892,13.4396483219678,23.2455192604102,6.26410704137835,40.226931479442,10.4720076757571,0,17.3819606967387,0,"normal","I",1000,500,0.5,0,0,0,FALSE,0,FALSE,0.1,"leave-d",200,0.5,1e+05,TRUE,14
10,0,0,0,10.7754240060133,8.11119969005892,13.4396483219678,-3.99889552940534,-18.8326356603262,10.8348446015155,10.4720076757571,0,0,0,"normal","I",1000,500,0.5,0,0,0,FALSE,0,FALSE,0.1,"leave-d",200,0.5,1e+05,TRUE,14
10,0,0,0,10.7754240060133,8.11119969005892,13.4396483219678,10.8019463244832,-12.2195208054803,33.8234134544468,10.4720076757571,0,3.82823669085961,0,"normal","I",1000,500,0.5,0,0,0,FALSE,0,FALSE,0.1,"leave-d",200,0.5,1e+05,TRUE,14
10,0,0,0,10.7754240060133,8.11119969005892,13.4396483219678,26.2247813132617,0.658648929250404,51.7909136972729,10.4720076757571,0,26.1782616631917,0,"normal","I",1000,500,0.5,0,0,0,FALSE,0,FALSE,0.1,"leave-d",200,0.5,1e+05,TRUE,14
10,0,0,0,10.7754240060133,8.11119969005892,13.4396483219678,23.3660009091454,1.68439366310097,45.0476081551898,10.4720076757571,0,13.6157548507162,0,"normal","I",1000,500,0.5,0,0,0,FALSE,0,FALSE,0.1,"leave-d",200,0.5,1e+05,TRUE,14
10,0,0,0,10.7754240060133,8.11119969005892,13.4396483219678,-10.3750875908309,-31.0290651956743,10.2788900140125,10.4720076757571,0,0,0,"normal","I",1000,500,0.5,0,0,0,FALSE,0,FALSE,0.1,"leave-d",200,0.5,1e+05,TRUE,14
10,0,0,0,10.7754240060133,8.11119969005892,13.4396483219678,-0.69835814750639,-13.3468316161052,11.9501153210924,10.4720076757571,0,0,0,"normal","I",1000,500,0.5,0,0,0,FALSE,0,FALSE,0.1,"leave-d",200,0.5,1e+05,TRUE,14
10,0,0,0,10.7754240060133,8.11119969005892,13.4396483219678,1.0056910618203,-13.2088698036666,15.2202519273072,10.4720076757571,0,0,0,"normal","I",1000,500,0.5,0,0,0,FALSE,0,FALSE,0.1,"leave-d",200,0.5,1e+05,TRUE,14
10,0,0,0,10.7754240060133,8.11119969005892,13.4396483219678,23.5049027833788,12.3122122158892,34.6975933508684,10.4720076757571,0,10.642860759274,0,"normal","I",1000,500,0.5,0,0,0,FALSE,0,FALSE,0.1,"leave-d",200,0.5,1e+05,TRUE,14
10,0,0,0,10.7754240060133,8.11119969005892,13.4396483219678,-1.35298383955628,-21.0276553423507,18.3216876632381,10.4720076757571,0,0,0,"normal","I",1000,500,0.5,0,0,0,FALSE,0,FALSE,0.1,"leave-d",200,0.5,1e+05,TRUE,14
10,0,0,0,10.7754240060133,8.11119969005892,13.4396483219678,20.0074657109064,4.63291057214715,35.3820208496656,10.4720076757571,0,15.4162334922481,0,"normal","I",1000,500,0.5,0,0,0,FALSE,0,FALSE,0.1,"leave-d",200,0.5,1e+05,TRUE,14
10,0,0,0,10.7754240060133,8.11119969005892,13.4396483219678,5.52603067677469,-4.43756971733057,15.4896310708799,10.4720076757571,0,4.40549234831002,0,"normal","I",1000,500,0.5,0,0,0,FALSE,0,FALSE,0.1,"leave-d",200,0.5,1e+05,TRUE,14
10,0,0,0,10.7754240060133,8.11119969005892,13.4396483219678,23.4869701090342,5.17818475721289,41.7957554608555,10.4720076757571,0,18.0478778466161,0,"normal","I",1000,500,0.5,0,0,0,FALSE,0,FALSE,0.1,"leave-d",200,0.5,1e+05,TRUE,14
10,0,0,0,10.7754240060133,8.11119969005892,13.4396483219678,12.9791740653401,-3.89016825392451,29.8485163846047,10.4720076757571,0,9.33491342656458,0,"normal","I",1000,500,0.5,0,0,0,FALSE,0,FALSE,0.1,"leave-d",200,0.5,1e+05,TRUE,14
10,0,0,0,10.7754240060133,8.11119969005892,13.4396483219678,-5.08954814470941,-20.3421834487901,10.1630871593713,10.4720076757571,0,0,0,"normal","I",1000,500,0.5,0,0,0,FALSE,0,FALSE,0.1,"leave-d",200,0.5,1e+05,TRUE,14
10,0,0,0,10.7754240060133,8.11119969005892,13.4396483219678,21.8093336159506,-5.16993349303598,48.7886007249372,10.4720076757571,0,19.5497516261451,0,"normal","I",1000,500,0.5,0,0,0,FALSE,0,FALSE,0.1,"leave-d",200,0.5,1e+05,TRUE,14
10,0,0,0,10.7754240060133,8.11119969005892,13.4396483219678,12.0054186729039,-4.85699073935866,28.8678280851665,10.4720076757571,0,9.30238038159301,0,"normal","I",1000,500,0.5,0,0,0,FALSE,0,FALSE,0.1,"leave-d",200,0.5,1e+05,TRUE,14
10,0,0,0,10.7754240060133,8.11119969005892,13.4396483219678,23.642386421983,8.83545810886326,38.4493147351027,10.4720076757571,0,14.5035710271501,0,"normal","I",1000,500,0.5,0,0,0,FALSE,0,FALSE,0.1,"leave-d",200,0.5,1e+05,TRUE,14
10,0,0,0,10.7754240060133,8.11119969005892,13.4396483219678,21.0514013990601,7.88180423748377,34.2209985606364,10.4720076757571,0,13.0359987040738,0,"normal","I",1000,500,0.5,0,0,0,FALSE,0,FALSE,0.1,"leave-d",200,0.5,1e+05,TRUE,14
10,0,0,0,10.7754240060133,8.11119969005892,13.4396483219678,25.9076717776257,4.50285897392903,47.3124845813224,10.4720076757571,0,15.1578812731525,0,"normal","I",1000,500,0.5,0,0,0,FALSE,0,FALSE,0.1,"leave-d",200,0.5,1e+05,TRUE,14
10,0,0,0,10.7754240060133,8.11119969005892,13.4396483219678,-0.434751864472652,-23.7310531316063,22.861549402661,10.4720076757571,0,0,0,"normal","I",1000,500,0.5,0,0,0,FALSE,0,FALSE,0.1,"leave-d",200,0.5,1e+05,TRUE,14
10,0,0,0,10.7754240060133,8.11119969005892,13.4396483219678,6.45286232341088,-10.853835280252,23.7595599270738,10.4720076757571,0,1.37981633436039,0,"normal","I",1000,500,0.5,0,0,0,FALSE,0,FALSE,0.1,"leave-d",200,0.5,1e+05,TRUE,14
10,0,0,0,10.7754240060133,8.11119969005892,13.4396483219678,7.55301138076052,-12.7937155880273,27.8997383495483,10.4720076757571,0,2.45594748592986,0,"normal","I",1000,500,0.5,0,0,0,FALSE,0,FALSE,0.1,"leave-d",200,0.5,1e+05,TRUE,14
10,0,0,0,10.7754240060133,8.11119969005892,13.4396483219678,3.53648681591158,-9.80246994040442,16.8754435722276,10.4720076757571,0,0,0,"normal","I",1000,500,0.5,0,0,0,FALSE,0,FALSE,0.1,"leave-d",200,0.5,1e+05,TRUE,14
10,0,0,0,10.7754240060133,8.11119969005892,13.4396483219678,0.632758956259164,-14.7080200319538,15.9735379444721,10.4720076757571,0,0,0,"normal","I",1000,500,0.5,0,0,0,FALSE,0,FALSE,0.1,"leave-d",200,0.5,1e+05,TRUE,14
10,0,0,0,10.7754240060133,8.11119969005892,13.4396483219678,27.4917479391781,9.59795806443881,45.3855378139173,10.4720076757571,0,17.3923764519221,0,"normal","I",1000,500,0.5,0,0,0,FALSE,0,FALSE,0.1,"leave-d",200,0.5,1e+05,TRUE,14
10,0,0,0,10.7754240060133,8.11119969005892,13.4396483219678,8.77537857955526,-14.1530995921855,31.703856751296,10.4720076757571,0,2.27274435718823,0,"normal","I",1000,500,0.5,0,0,0,FALSE,0,FALSE,0.1,"leave-d",200,0.5,1e+05,TRUE,14
10,0,0,0,10.7754240060133,8.11119969005892,13.4396483219678,-8.25397293992898,-28.857438922553,12.3494930426951,10.4720076757571,0,0,0,"normal","I",1000,500,0.5,0,0,0,FALSE,0,FALSE,0.1,"leave-d",200,0.5,1e+05,TRUE,14
10,0,0,0,10.7754240060133,8.11119969005892,13.4396483219678,11.9961352858157,-2.24742227813589,26.2396928497673,10.4720076757571,0,13.3198203610996,0,"normal","I",1000,500,0.5,0,0,0,FALSE,0,FALSE,0.1,"leave-d",200,0.5,1e+05,TRUE,14
10,0,0,0,10.7754240060133,8.11119969005892,13.4396483219678,19.1017183208447,-2.2308109576485,40.434247599338,10.4720076757571,0,21.3785251872252,0,"normal","I",1000,500,0.5,0,0,0,FALSE,0,FALSE,0.1,"leave-d",200,0.5,1e+05,TRUE,14
10,0,0,0,10.7754240060133,8.11119969005892,13.4396483219678,1.54719749829316,-15.1213398143012,18.2157348108875,10.4720076757571,0,0,0,"normal","I",1000,500,0.5,0,0,0,FALSE,0,FALSE,0.1,"leave-d",200,0.5,1e+05,TRUE,14
10,0,0,0,10.7754240060133,8.11119969005892,13.4396483219678,33.4097022824463,9.89306610812039,56.9263384567721,10.4720076757571,0,22.9638042613465,0,"normal","I",1000,500,0.5,0,0,0,FALSE,0,FALSE,0.1,"leave-d",200,0.5,1e+05,TRUE,14
10,0,0,0,10.7754240060133,8.11119969005892,13.4396483219678,15.5254544043534,-2.60478094478763,33.6556897534945,10.4720076757571,0,11.3286485531027,0,"normal","I",1000,500,0.5,0,0,0,FALSE,0,FALSE,0.1,"leave-d",200,0.5,1e+05,TRUE,14
10,0,0,0,10.7754240060133,8.11119969005892,13.4396483219678,20.0323776786718,5.00282750750445,35.0619278498392,10.4720076757571,0,15.1942916033557,0,"normal","I",1000,500,0.5,0,0,0,FALSE,0,FALSE,0.1,"leave-d",200,0.5,1e+05,TRUE,14
10,0,0,0,10.7754240060133,8.11119969005892,13.4396483219678,-4.14634022767311,-21.651738330785,13.3590578754388,10.4720076757571,0,0,0,"normal","I",1000,500,0.5,0,0,0,FALSE,0,FALSE,0.1,"leave-d",200,0.5,1e+05,TRUE,14
10,0,0,0,10.7754240060133,8.11119969005892,13.4396483219678,13.1105440527714,-6.14034833189192,32.3614364374347,10.4720076757571,0,15.9956871749426,0,"normal","I",1000,500,0.5,0,0,0,FALSE,0,FALSE,0.1,"leave-d",200,0.5,1e+05,TRUE,14
10,0,0,0,10.7754240060133,8.11119969005892,13.4396483219678,5.20237076702178,-8.84493513971007,19.2496766737536,10.4720076757571,0,1.43222027382223,0,"normal","I",1000,500,0.5,0,0,0,FALSE,0,FALSE,0.1,"leave-d",200,0.5,1e+05,TRUE,14
10,0,0,0,10.7754240060133,8.11119969005892,13.4396483219678,14.7480404784658,1.91479103397755,27.5812899229541,10.4720076757571,0,13.0283308053823,0,"normal","I",1000,500,0.5,0,0,0,FALSE,0,FALSE,0.1,"leave-d",200,0.5,1e+05,TRUE,14
10,0,0,0,10.7754240060133,8.11119969005892,13.4396483219678,10.6672441900875,-4.07390268874767,25.4083910689228,10.4720076757571,0,6.58224649593556,0,"normal","I",1000,500,0.5,0,0,0,FALSE,0,FALSE,0.1,"leave-d",200,0.5,1e+05,TRUE,14
10,0,0,0,10.7754240060133,8.11119969005892,13.4396483219678,-1.41466696377422,-16.1807801876861,13.3514462601377,10.4720076757571,0,0,0,"normal","I",1000,500,0.5,0,0,0,FALSE,0,FALSE,0.1,"leave-d",200,0.5,1e+05,TRUE,14
10,0,0,0,10.7754240060133,8.11119969005892,13.4396483219678,7.14972333055686,-9.54992925277987,23.8493759138936,10.4720076757571,0,3.9949014682115,0,"normal","I",1000,500,0.5,0,0,0,FALSE,0,FALSE,0.1,"leave-d",200,0.5,1e+05,TRUE,14
10,0,0,0,10.7754240060133,8.11119969005892,13.4396483219678,21.4938794476228,10.5869064511002,32.4008524441454,10.4720076757571,0,10.4097387410925,0,"normal","I",1000,500,0.5,0,0,0,FALSE,0,FALSE,0.1,"leave-d",200,0.5,1e+05,TRUE,14
10,0,0,0,10.7754240060133,8.11119969005892,13.4396483219678,11.0981048483584,-6.88100362731334,29.07721332403,10.4720076757571,0,8.94802925339034,0,"normal","I",1000,500,0.5,0,0,0,FALSE,0,FALSE,0.1,"leave-d",200,0.5,1e+05,TRUE,14
10,0,0,0,10.7754240060133,8.11119969005892,13.4396483219678,7.30496406319731,-14.4641346231761,29.0740627495707,10.4720076757571,0,0.795225101666825,0,"normal","I",1000,500,0.5,0,0,0,FALSE,0,FALSE,0.1,"leave-d",200,0.5,1e+05,TRUE,14
10,0,0,0,10.7754240060133,8.11119969005892,13.4396483219678,-2.04137034867398,-19.3516217076982,15.2688810103502,10.4720076757571,0,0,0,"normal","I",1000,500,0.5,0,0,0,FALSE,0,FALSE,0.1,"leave-d",200,0.5,1e+05,TRUE,14
10,0,0,0,10.7754240060133,8.11119969005892,13.4396483219678,-1.62454950940535,-21.2629654965041,18.0138664776934,10.4720076757571,0,0,0,"normal","I",1000,500,0.5,0,0,0,FALSE,0,FALSE,0.1,"leave-d",200,0.5,1e+05,TRUE,14
10,0,0,0,10.7754240060133,8.11119969005892,13.4396483219678,5.79306904102488,-16.4577751279068,28.0439132099566,10.4720076757571,0,0,0,"normal","I",1000,500,0.5,0,0,0,FALSE,0,FALSE,0.1,"leave-d",200,0.5,1e+05,TRUE,14
10,0,0,0,10.7754240060133,8.11119969005892,13.4396483219678,12.3083755471406,-1.22835701237146,25.8451081066526,10.4720076757571,0,9.39592697505566,0,"normal","I",1000,500,0.5,0,0,0,FALSE,0,FALSE,0.1,"leave-d",200,0.5,1e+05,TRUE,14
10,0,0,0,10.7754240060133,8.11119969005892,13.4396483219678,13.8678347240616,-4.94902242262218,32.6846918707454,10.4720076757571,0,14.654899257228,0,"normal","I",1000,500,0.5,0,0,0,FALSE,0,FALSE,0.1,"leave-d",200,0.5,1e+05,TRUE,14
10,0,0,0,10.7754240060133,8.11119969005892,13.4396483219678,-5.02893376702326,-29.2755123223246,19.2176447882781,10.4720076757571,0,0,0,"normal","I",1000,500,0.5,0,0,0,FALSE,0,FALSE,0.1,"leave-d",200,0.5,1e+05,TRUE,14
10,0,0,0,10.7754240060133,8.11119969005892,13.4396483219678,-1.19358256357907,-16.6650402586585,14.2778751315004,10.4720076757571,0,0,0,"normal","I",1000,500,0.5,0,0,0,FALSE,0,FALSE,0.1,"leave-d",200,0.5,1e+05,TRUE,14
10,0,0,0,10.7754240060133,8.11119969005892,13.4396483219678,5.12237182063208,-9.24040322586846,19.4851468671326,10.4720076757571,0,0.975153288895585,0,"normal","I",1000,500,0.5,0,0,0,FALSE,0,FALSE,0.1,"leave-d",200,0.5,1e+05,TRUE,14
10,0,0,0,10.7754240060133,8.11119969005892,13.4396483219678,-2.80466677261216,-23.6031858369326,17.9938522917083,10.4720076757571,0,0,0,"normal","I",1000,500,0.5,0,0,0,FALSE,0,FALSE,0.1,"leave-d",200,0.5,1e+05,TRUE,14
10,0,0,0,10.7754240060133,8.11119969005892,13.4396483219678,23.5338469126717,6.50426839621612,40.5634254291272,10.4720076757571,0,17.2907847204419,0,"normal","I",1000,500,0.5,0,0,0,FALSE,0,FALSE,0.1,"leave-d",200,0.5,1e+05,TRUE,14
10,0,0,0,10.7754240060133,8.11119969005892,13.4396483219678,8.99755537118972,-5.47384706574326,23.4689578081227,10.4720076757571,0,14.9501936679702,0,"normal","I",1000,500,0.5,0,0,0,FALSE,0,FALSE,0.1,"leave-d",200,0.5,1e+05,TRUE,14
10,0,0,0,10.7754240060133,8.11119969005892,13.4396483219678,-6.92070940062423,-30.2371947475137,16.3957759462652,10.4720076757571,0,0,0,"normal","I",1000,500,0.5,0,0,0,FALSE,0,FALSE,0.1,"leave-d",200,0.5,1e+05,TRUE,14
10,0,0,0,10.7754240060133,8.11119969005892,13.4396483219678,6.25308934570644,-16.6896096086018,29.1957883000147,10.4720076757571,0,0,0,"normal","I",1000,500,0.5,0,0,0,FALSE,0,FALSE,0.1,"leave-d",200,0.5,1e+05,TRUE,14
10,0,0,0,10.7754240060133,8.11119969005892,13.4396483219678,0.159902525791774,-19.2236628067886,19.5434678583722,10.4720076757571,0,0,0,"normal","I",1000,500,0.5,0,0,0,FALSE,0,FALSE,0.1,"leave-d",200,0.5,1e+05,TRUE,14
10,0,0,0,10.7754240060133,8.11119969005892,13.4396483219678,10.4010633900604,-12.7027779434206,33.5049047235413,10.4720076757571,0,7.89941530543564,0,"normal","I",1000,500,0.5,0,0,0,FALSE,0,FALSE,0.1,"leave-d",200,0.5,1e+05,TRUE,14
10,0,0,0,10.7754240060133,8.11119969005892,13.4396483219678,-2.57710408741484,-15.7630529396674,10.6088447648377,10.4720076757571,0,0,0,"normal","I",1000,500,0.5,0,0,0,FALSE,0,FALSE,0.1,"leave-d",200,0.5,1e+05,TRUE,14
