"var_main_effect","var_inter_effect","cov_main_inter_effect","var_total_effect","EigenPrism_main","EigenPrism_CI1","EigenPrism_CI2","sub_EigenPrism_main","sub_EigenPrism_CI1","sub_EigenPrism_CI2","GCTA_main","GCTA_inter","prop_main","prop_inter","sub_GCTA_main","sub_GCTA_inter","sub_prop_main","sub_prop_inter","x_dist","structure","p","n","main_fixed_var","main_random_var","inter_fixed_var","inter_random_var","reduce_coef","decor","interact","combine","pro","n_sub","inter_std","sigma_main_approx","i"
39.9391014221924,0,0,39.9391014221924,47.1058907263212,16.3746525320326,77.8371289206097,47.4617938236536,17.7365647660203,77.1870228812869,123.590522312559,0,45.744583519524,0,119.97293929349,0,44.9004835917794,0,"chi","un",33,264,0.5,0,0,0,0.9,TRUE,0,FALSE,0.5,200,TRUE,0.00225743825825325,79
39.9391014221924,0,0,39.9391014221924,47.1058907263212,16.3746525320326,77.8371289206097,58.1702586605379,23.4565338305375,92.8839834905384,123.590522312559,0,45.744583519524,0,133.787325016482,0,56.0677654758594,0,"chi","un",33,264,0.5,0,0,0,0.9,TRUE,0,FALSE,0.5,200,TRUE,0.00225743825825325,79
39.9391014221924,0,0,39.9391014221924,47.1058907263212,16.3746525320326,77.8371289206097,68.348226925177,27.7793488178994,108.917105032455,123.590522312559,0,45.744583519524,0,154.313010246581,0,66.0743444370683,0,"chi","un",33,264,0.5,0,0,0,0.9,TRUE,0,FALSE,0.5,200,TRUE,0.00225743825825325,79
39.9391014221924,0,0,39.9391014221924,47.1058907263212,16.3746525320326,77.8371289206097,53.9697272883894,20.2815633092028,87.657891267576,123.590522312559,0,45.744583519524,0,96.4332592143585,0,51.135139375963,0,"chi","un",33,264,0.5,0,0,0,0.9,TRUE,0,FALSE,0.5,200,TRUE,0.00225743825825325,79
39.9391014221924,0,0,39.9391014221924,47.1058907263212,16.3746525320326,77.8371289206097,59.1297757255518,22.4494523787446,95.8100990723591,123.590522312559,0,45.744583519524,0,115.601756272096,0,56.1528730247325,0,"chi","un",33,264,0.5,0,0,0,0.9,TRUE,0,FALSE,0.5,200,TRUE,0.00225743825825325,79
39.9391014221924,0,0,39.9391014221924,47.1058907263212,16.3746525320326,77.8371289206097,53.2178231442738,21.0812618388756,85.3543844496719,123.590522312559,0,45.744583519524,0,98.0045328758967,0,51.0394964629637,0,"chi","un",33,264,0.5,0,0,0,0.9,TRUE,0,FALSE,0.5,200,TRUE,0.00225743825825325,79
39.9391014221924,0,0,39.9391014221924,47.1058907263212,16.3746525320326,77.8371289206097,38.3261846860494,13.633614882527,63.0187544895718,123.590522312559,0,45.744583519524,0,82.0545995610761,0,35.8688847293235,0,"chi","un",33,264,0.5,0,0,0,0.9,TRUE,0,FALSE,0.5,200,TRUE,0.00225743825825325,79
39.9391014221924,0,0,39.9391014221924,47.1058907263212,16.3746525320326,77.8371289206097,50.7898041921669,18.8649708107576,82.7146375735763,123.590522312559,0,45.744583519524,0,102.487315117129,0,47.9800553277372,0,"chi","un",33,264,0.5,0,0,0,0.9,TRUE,0,FALSE,0.5,200,TRUE,0.00225743825825325,79
39.9391014221924,0,0,39.9391014221924,47.1058907263212,16.3746525320326,77.8371289206097,45.4189008818708,15.9435478149544,74.8942539487872,123.590522312559,0,45.744583519524,0,91.6678811503006,0,42.4422722545239,0,"chi","un",33,264,0.5,0,0,0,0.9,TRUE,0,FALSE,0.5,200,TRUE,0.00225743825825325,79
39.9391014221924,0,0,39.9391014221924,47.1058907263212,16.3746525320326,77.8371289206097,37.0880510370394,11.2580659830367,62.9180360910422,123.590522312559,0,45.744583519524,0,74.3710208635398,0,33.5848624702155,0,"chi","un",33,264,0.5,0,0,0,0.9,TRUE,0,FALSE,0.5,200,TRUE,0.00225743825825325,79
39.9391014221924,0,0,39.9391014221924,47.1058907263212,16.3746525320326,77.8371289206097,44.0042252491085,15.6110573866947,72.3973931115222,123.590522312559,0,45.744583519524,0,95.0560450667259,0,41.232286057677,0,"chi","un",33,264,0.5,0,0,0,0.9,TRUE,0,FALSE,0.5,200,TRUE,0.00225743825825325,79
39.9391014221924,0,0,39.9391014221924,47.1058907263212,16.3746525320326,77.8371289206097,34.47005123411,12.3892042398666,56.5508982283535,123.590522312559,0,45.744583519524,0,93.7608973475596,0,32.2852557514558,0,"chi","un",33,264,0.5,0,0,0,0.9,TRUE,0,FALSE,0.5,200,TRUE,0.00225743825825325,79
39.9391014221924,0,0,39.9391014221924,47.1058907263212,16.3746525320326,77.8371289206097,51.0349159681245,18.8792502525581,83.1905816836909,123.590522312559,0,45.744583519524,0,121.740062239555,0,48.1668706939515,0,"chi","un",33,264,0.5,0,0,0,0.9,TRUE,0,FALSE,0.5,200,TRUE,0.00225743825825325,79
39.9391014221924,0,0,39.9391014221924,47.1058907263212,16.3746525320326,77.8371289206097,55.0174865858203,21.4335787197583,88.6013944518822,123.590522312559,0,45.744583519524,0,132.948646545821,0,52.3835014685079,0,"chi","un",33,264,0.5,0,0,0,0.9,TRUE,0,FALSE,0.5,200,TRUE,0.00225743825825325,79
39.9391014221924,0,0,39.9391014221924,47.1058907263212,16.3746525320326,77.8371289206097,54.2361423469604,20.0731877707652,88.3990969231557,123.590522312559,0,45.744583519524,0,139.21805469894,0,51.2011980028749,0,"chi","un",33,264,0.5,0,0,0,0.9,TRUE,0,FALSE,0.5,200,TRUE,0.00225743825825325,79
39.9391014221924,0,0,39.9391014221924,47.1058907263212,16.3746525320326,77.8371289206097,46.4679809519369,16.805546962058,76.1304149418158,123.590522312559,0,45.744583519524,0,132.563070560634,0,43.6472025282792,0,"chi","un",33,264,0.5,0,0,0,0.9,TRUE,0,FALSE,0.5,200,TRUE,0.00225743825825325,79
39.9391014221924,0,0,39.9391014221924,47.1058907263212,16.3746525320326,77.8371289206097,42.4829420293707,16.2324135748531,68.7334704838883,123.590522312559,0,45.744583519524,0,110.348809883587,0,40.4143425400583,0,"chi","un",33,264,0.5,0,0,0,0.9,TRUE,0,FALSE,0.5,200,TRUE,0.00225743825825325,79
39.9391014221924,0,0,39.9391014221924,47.1058907263212,16.3746525320326,77.8371289206097,59.7326878139637,23.5426903027136,95.9226853252138,123.590522312559,0,45.744583519524,0,129.229210144429,0,57.1416523796323,0,"chi","un",33,264,0.5,0,0,0,0.9,TRUE,0,FALSE,0.5,200,TRUE,0.00225743825825325,79
39.9391014221924,0,0,39.9391014221924,47.1058907263212,16.3746525320326,77.8371289206097,43.2585031801466,15.1642773600552,71.3527290002379,123.590522312559,0,45.744583519524,0,85.9472440262927,0,40.2476843302457,0,"chi","un",33,264,0.5,0,0,0,0.9,TRUE,0,FALSE,0.5,200,TRUE,0.00225743825825325,79
39.9391014221924,0,0,39.9391014221924,47.1058907263212,16.3746525320326,77.8371289206097,47.197534970679,17.9770152243965,76.4180547169616,123.590522312559,0,45.744583519524,0,103.092225764793,0,44.8660538975336,0,"chi","un",33,264,0.5,0,0,0,0.9,TRUE,0,FALSE,0.5,200,TRUE,0.00225743825825325,79
39.9391014221924,0,0,39.9391014221924,47.1058907263212,16.3746525320326,77.8371289206097,52.0858204325868,19.4754954324584,84.6961454327151,123.590522312559,0,45.744583519524,0,104.733688318302,0,49.2854691398018,0,"chi","un",33,264,0.5,0,0,0,0.9,TRUE,0,FALSE,0.5,200,TRUE,0.00225743825825325,79
39.9391014221924,0,0,39.9391014221924,47.1058907263212,16.3746525320326,77.8371289206097,34.6892340746931,11.6900552772246,57.6884128721616,123.590522312559,0,45.744583519524,0,83.0203240458914,0,32.0054645137784,0,"chi","un",33,264,0.5,0,0,0,0.9,TRUE,0,FALSE,0.5,200,TRUE,0.00225743825825325,79
39.9391014221924,0,0,39.9391014221924,47.1058907263212,16.3746525320326,77.8371289206097,45.0268998309623,16.7517474464044,73.3020522155201,123.590522312559,0,45.744583519524,0,90.7817499800813,0,42.5374672298577,0,"chi","un",33,264,0.5,0,0,0,0.9,TRUE,0,FALSE,0.5,200,TRUE,0.00225743825825325,79
39.9391014221924,0,0,39.9391014221924,47.1058907263212,16.3746525320326,77.8371289206097,52.6365980744605,20.3395498538833,84.9336462950376,123.590522312559,0,45.744583519524,0,113.314705999654,0,50.2152143316389,0,"chi","un",33,264,0.5,0,0,0,0.9,TRUE,0,FALSE,0.5,200,TRUE,0.00225743825825325,79
39.9391014221924,0,0,39.9391014221924,47.1058907263212,16.3746525320326,77.8371289206097,57.9514826504392,21.7006633928247,94.2023019080537,123.590522312559,0,45.744583519524,0,129.57987299354,0,54.8639391021077,0,"chi","un",33,264,0.5,0,0,0,0.9,TRUE,0,FALSE,0.5,200,TRUE,0.00225743825825325,79
39.9391014221924,0,0,39.9391014221924,47.1058907263212,16.3746525320326,77.8371289206097,44.136901468005,16.0751937181828,72.1986092178272,123.590522312559,0,45.744583519524,0,84.3541612439381,0,41.5454047583309,0,"chi","un",33,264,0.5,0,0,0,0.9,TRUE,0,FALSE,0.5,200,TRUE,0.00225743825825325,79
39.9391014221924,0,0,39.9391014221924,47.1058907263212,16.3746525320326,77.8371289206097,52.4801690895153,18.982462764798,85.9778754142327,123.590522312559,0,45.744583519524,0,122.854907039205,0,49.3233640191817,0,"chi","un",33,264,0.5,0,0,0,0.9,TRUE,0,FALSE,0.5,200,TRUE,0.00225743825825325,79
39.9391014221924,0,0,39.9391014221924,47.1058907263212,16.3746525320326,77.8371289206097,59.407007394642,22.8097801572335,96.0042346320504,123.590522312559,0,45.744583519524,0,105.92415247552,0,56.5801722669935,0,"chi","un",33,264,0.5,0,0,0,0.9,TRUE,0,FALSE,0.5,200,TRUE,0.00225743825825325,79
39.9391014221924,0,0,39.9391014221924,47.1058907263212,16.3746525320326,77.8371289206097,34.887410500718,10.6910788522972,59.0837421491389,123.590522312559,0,45.744583519524,0,80.1345794507628,0,31.6279089494886,0,"chi","un",33,264,0.5,0,0,0,0.9,TRUE,0,FALSE,0.5,200,TRUE,0.00225743825825325,79
39.9391014221924,0,0,39.9391014221924,47.1058907263212,16.3746525320326,77.8371289206097,58.0257649679961,22.457358584475,93.5941713515172,123.590522312559,0,45.744583519524,0,130.92034022017,0,55.3562553956872,0,"chi","un",33,264,0.5,0,0,0,0.9,TRUE,0,FALSE,0.5,200,TRUE,0.00225743825825325,79
39.9391014221924,0,0,39.9391014221924,47.1058907263212,16.3746525320326,77.8371289206097,43.2834581827575,14.9132352534382,71.6536811120768,123.590522312559,0,45.744583519524,0,120.974555348011,0,40.1860089958837,0,"chi","un",33,264,0.5,0,0,0,0.9,TRUE,0,FALSE,0.5,200,TRUE,0.00225743825825325,79
39.9391014221924,0,0,39.9391014221924,47.1058907263212,16.3746525320326,77.8371289206097,51.8695289537156,20.0212427049475,83.7178152024836,123.590522312559,0,45.744583519524,0,118.405676207929,0,49.252949706149,0,"chi","un",33,264,0.5,0,0,0,0.9,TRUE,0,FALSE,0.5,200,TRUE,0.00225743825825325,79
39.9391014221924,0,0,39.9391014221924,47.1058907263212,16.3746525320326,77.8371289206097,46.7581558700949,16.1278281587234,77.3884835814663,123.590522312559,0,45.744583519524,0,111.164270010803,0,43.417432887508,0,"chi","un",33,264,0.5,0,0,0,0.9,TRUE,0,FALSE,0.5,200,TRUE,0.00225743825825325,79
39.9391014221924,0,0,39.9391014221924,47.1058907263212,16.3746525320326,77.8371289206097,56.7225474901192,22.2637596482403,91.1813353319981,123.590522312559,0,45.744583519524,0,152.894248818179,0,54.3105539892844,0,"chi","un",33,264,0.5,0,0,0,0.9,TRUE,0,FALSE,0.5,200,TRUE,0.00225743825825325,79
39.9391014221924,0,0,39.9391014221924,47.1058907263212,16.3746525320326,77.8371289206097,51.5367568029567,19.0990341655475,83.9744794403658,123.590522312559,0,45.744583519524,0,149.503741600117,0,48.7740309496696,0,"chi","un",33,264,0.5,0,0,0,0.9,TRUE,0,FALSE,0.5,200,TRUE,0.00225743825825325,79
39.9391014221924,0,0,39.9391014221924,47.1058907263212,16.3746525320326,77.8371289206097,45.9372128678698,16.4546395277468,75.4197862079929,123.590522312559,0,45.744583519524,0,137.292981532064,0,43.1719214788016,0,"chi","un",33,264,0.5,0,0,0,0.9,TRUE,0,FALSE,0.5,200,TRUE,0.00225743825825325,79
39.9391014221924,0,0,39.9391014221924,47.1058907263212,16.3746525320326,77.8371289206097,40.4376029171152,14.3545819330835,66.5206239011469,123.590522312559,0,45.744583519524,0,109.584025828719,0,37.5572420682981,0,"chi","un",33,264,0.5,0,0,0,0.9,TRUE,0,FALSE,0.5,200,TRUE,0.00225743825825325,79
39.9391014221924,0,0,39.9391014221924,47.1058907263212,16.3746525320326,77.8371289206097,40.3875835984442,13.5190088688107,67.2561583280778,123.590522312559,0,45.744583519524,0,88.2402046188411,0,37.3301793763442,0,"chi","un",33,264,0.5,0,0,0,0.9,TRUE,0,FALSE,0.5,200,TRUE,0.00225743825825325,79
39.9391014221924,0,0,39.9391014221924,47.1058907263212,16.3746525320326,77.8371289206097,56.9468545770111,22.2388169797352,91.6548921742869,123.590522312559,0,45.744583519524,0,126.402492327873,0,54.184400612,0,"chi","un",33,264,0.5,0,0,0,0.9,TRUE,0,FALSE,0.5,200,TRUE,0.00225743825825325,79
39.9391014221924,0,0,39.9391014221924,47.1058907263212,16.3746525320326,77.8371289206097,41.6028478779909,14.9283336704708,68.2773620855111,123.590522312559,0,45.744583519524,0,90.2633600907027,0,38.9306066709991,0,"chi","un",33,264,0.5,0,0,0,0.9,TRUE,0,FALSE,0.5,200,TRUE,0.00225743825825325,79
39.9391014221924,0,0,39.9391014221924,47.1058907263212,16.3746525320326,77.8371289206097,42.0572755419118,15.7557209784444,68.3588301053792,123.590522312559,0,45.744583519524,0,83.5627751189995,0,39.7059101142207,0,"chi","un",33,264,0.5,0,0,0,0.9,TRUE,0,FALSE,0.5,200,TRUE,0.00225743825825325,79
39.9391014221924,0,0,39.9391014221924,47.1058907263212,16.3746525320326,77.8371289206097,43.2597483201165,15.5713113561466,70.9481852840864,123.590522312559,0,45.744583519524,0,116.596546199238,0,40.5979860313727,0,"chi","un",33,264,0.5,0,0,0,0.9,TRUE,0,FALSE,0.5,200,TRUE,0.00225743825825325,79
39.9391014221924,0,0,39.9391014221924,47.1058907263212,16.3746525320326,77.8371289206097,40.839476218455,14.5104004564015,67.1685519805085,123.590522312559,0,45.744583519524,0,70.8415179171201,0,38.1993551579664,0,"chi","un",33,264,0.5,0,0,0,0.9,TRUE,0,FALSE,0.5,200,TRUE,0.00225743825825325,79
39.9391014221924,0,0,39.9391014221924,47.1058907263212,16.3746525320326,77.8371289206097,52.5620860502734,19.514660607908,85.6095114926388,123.590522312559,0,45.744583519524,0,125.509911408617,0,49.6714300077057,0,"chi","un",33,264,0.5,0,0,0,0.9,TRUE,0,FALSE,0.5,200,TRUE,0.00225743825825325,79
39.9391014221924,0,0,39.9391014221924,47.1058907263212,16.3746525320326,77.8371289206097,43.9635295462975,15.2682536350698,72.6588054575252,123.590522312559,0,45.744583519524,0,130.489775583047,0,40.9220693443116,0,"chi","un",33,264,0.5,0,0,0,0.9,TRUE,0,FALSE,0.5,200,TRUE,0.00225743825825325,79
39.9391014221924,0,0,39.9391014221924,47.1058907263212,16.3746525320326,77.8371289206097,46.6199886007769,17.3989800647802,75.8409971367737,123.590522312559,0,45.744583519524,0,124.1938375834,0,44.1147972628654,0,"chi","un",33,264,0.5,0,0,0,0.9,TRUE,0,FALSE,0.5,200,TRUE,0.00225743825825325,79
39.9391014221924,0,0,39.9391014221924,47.1058907263212,16.3746525320326,77.8371289206097,59.4749271216597,24.031784792241,94.9180694510785,123.590522312559,0,45.744583519524,0,158.743422231045,0,57.022019513864,0,"chi","un",33,264,0.5,0,0,0,0.9,TRUE,0,FALSE,0.5,200,TRUE,0.00225743825825325,79
39.9391014221924,0,0,39.9391014221924,47.1058907263212,16.3746525320326,77.8371289206097,46.6490456137157,17.5804626672129,75.7176285602186,123.590522312559,0,45.744583519524,0,107.73777904766,0,44.1738350158699,0,"chi","un",33,264,0.5,0,0,0,0.9,TRUE,0,FALSE,0.5,200,TRUE,0.00225743825825325,79
39.9391014221924,0,0,39.9391014221924,47.1058907263212,16.3746525320326,77.8371289206097,59.5834482789236,23.2902355105454,95.8766610473018,123.590522312559,0,45.744583519524,0,153.43999483841,0,56.9283500010561,0,"chi","un",33,264,0.5,0,0,0,0.9,TRUE,0,FALSE,0.5,200,TRUE,0.00225743825825325,79
39.9391014221924,0,0,39.9391014221924,47.1058907263212,16.3746525320326,77.8371289206097,52.4405064167191,18.7093753994626,86.1716374339756,123.590522312559,0,45.744583519524,0,133.606493823627,0,49.2268761179893,0,"chi","un",33,264,0.5,0,0,0,0.9,TRUE,0,FALSE,0.5,200,TRUE,0.00225743825825325,79
39.9391014221924,0,0,39.9391014221924,47.1058907263212,16.3746525320326,77.8371289206097,55.8333769135899,22.4430811117007,89.223672715479,123.590522312559,0,45.744583519524,0,158.40993948816,0,53.7383741467935,0,"chi","un",33,264,0.5,0,0,0,0.9,TRUE,0,FALSE,0.5,200,TRUE,0.00225743825825325,79
39.9391014221924,0,0,39.9391014221924,47.1058907263212,16.3746525320326,77.8371289206097,40.1615955240123,14.3832465900646,65.9399444579599,123.590522312559,0,45.744583519524,0,107.358246094183,0,37.6605614106227,0,"chi","un",33,264,0.5,0,0,0,0.9,TRUE,0,FALSE,0.5,200,TRUE,0.00225743825825325,79
39.9391014221924,0,0,39.9391014221924,47.1058907263212,16.3746525320326,77.8371289206097,43.4113090235117,15.5055831974192,71.3170348496042,123.590522312559,0,45.744583519524,0,106.190407522083,0,40.6342377879378,0,"chi","un",33,264,0.5,0,0,0,0.9,TRUE,0,FALSE,0.5,200,TRUE,0.00225743825825325,79
39.9391014221924,0,0,39.9391014221924,47.1058907263212,16.3746525320326,77.8371289206097,40.1895475714014,13.2740603097994,67.1050348330034,123.590522312559,0,45.744583519524,0,126.773671579137,0,37.1476779991225,0,"chi","un",33,264,0.5,0,0,0,0.9,TRUE,0,FALSE,0.5,200,TRUE,0.00225743825825325,79
39.9391014221924,0,0,39.9391014221924,47.1058907263212,16.3746525320326,77.8371289206097,46.3340271258185,15.6148174432103,77.0532368084266,123.590522312559,0,45.744583519524,0,105.21167895082,0,42.8057349564583,0,"chi","un",33,264,0.5,0,0,0,0.9,TRUE,0,FALSE,0.5,200,TRUE,0.00225743825825325,79
39.9391014221924,0,0,39.9391014221924,47.1058907263212,16.3746525320326,77.8371289206097,47.5575411320862,17.3998535936739,77.7152286704985,123.590522312559,0,45.744583519524,0,95.9181043110744,0,44.7875923884119,0,"chi","un",33,264,0.5,0,0,0,0.9,TRUE,0,FALSE,0.5,200,TRUE,0.00225743825825325,79
39.9391014221924,0,0,39.9391014221924,47.1058907263212,16.3746525320326,77.8371289206097,47.5486213045108,17.2891455769897,77.8080970320318,123.590522312559,0,45.744583519524,0,117.297886540392,0,44.6680080860398,0,"chi","un",33,264,0.5,0,0,0,0.9,TRUE,0,FALSE,0.5,200,TRUE,0.00225743825825325,79
39.9391014221924,0,0,39.9391014221924,47.1058907263212,16.3746525320326,77.8371289206097,42.4153866592076,14.4658412425639,70.3649320758513,123.590522312559,0,45.744583519524,0,90.4614280919495,0,39.2955390175191,0,"chi","un",33,264,0.5,0,0,0,0.9,TRUE,0,FALSE,0.5,200,TRUE,0.00225743825825325,79
39.9391014221924,0,0,39.9391014221924,47.1058907263212,16.3746525320326,77.8371289206097,50.0339999177513,18.2669785631917,81.8010212723109,123.590522312559,0,45.744583519524,0,115.371417255111,0,47.0977351289581,0,"chi","un",33,264,0.5,0,0,0,0.9,TRUE,0,FALSE,0.5,200,TRUE,0.00225743825825325,79
39.9391014221924,0,0,39.9391014221924,47.1058907263212,16.3746525320326,77.8371289206097,55.2078970948458,21.0247201488986,89.3910740407931,123.590522312559,0,45.744583519524,0,125.550616166438,0,52.477833221554,0,"chi","un",33,264,0.5,0,0,0,0.9,TRUE,0,FALSE,0.5,200,TRUE,0.00225743825825325,79
39.9391014221924,0,0,39.9391014221924,47.1058907263212,16.3746525320326,77.8371289206097,58.396677884548,21.8925847023625,94.9007710667335,123.590522312559,0,45.744583519524,0,144.993102552143,0,55.3308347187941,0,"chi","un",33,264,0.5,0,0,0,0.9,TRUE,0,FALSE,0.5,200,TRUE,0.00225743825825325,79
39.9391014221924,0,0,39.9391014221924,47.1058907263212,16.3746525320326,77.8371289206097,49.3463129685794,20.1169087891799,78.5757171479789,123.590522312559,0,45.744583519524,0,101.337078316327,0,47.5855123602162,0,"chi","un",33,264,0.5,0,0,0,0.9,TRUE,0,FALSE,0.5,200,TRUE,0.00225743825825325,79
39.9391014221924,0,0,39.9391014221924,47.1058907263212,16.3746525320326,77.8371289206097,49.5437154522654,17.8832707020049,81.204160202526,123.590522312559,0,45.744583519524,0,116.554293736853,0,46.1616706989497,0,"chi","un",33,264,0.5,0,0,0,0.9,TRUE,0,FALSE,0.5,200,TRUE,0.00225743825825325,79
39.9391014221924,0,0,39.9391014221924,47.1058907263212,16.3746525320326,77.8371289206097,49.9901865414661,18.4735440980325,81.5068289848998,123.590522312559,0,45.744583519524,0,133.95630318768,0,47.2001261649873,0,"chi","un",33,264,0.5,0,0,0,0.9,TRUE,0,FALSE,0.5,200,TRUE,0.00225743825825325,79
39.9391014221924,0,0,39.9391014221924,47.1058907263212,16.3746525320326,77.8371289206097,55.2725005773787,21.7268012970032,88.8181998577543,123.590522312559,0,45.744583519524,0,161.922479514693,0,52.8182275948567,0,"chi","un",33,264,0.5,0,0,0,0.9,TRUE,0,FALSE,0.5,200,TRUE,0.00225743825825325,79
39.9391014221924,0,0,39.9391014221924,47.1058907263212,16.3746525320326,77.8371289206097,46.2887305465735,16.3874100877772,76.1900510053699,123.590522312559,0,45.744583519524,0,99.959903934057,0,43.2810622059154,0,"chi","un",33,264,0.5,0,0,0,0.9,TRUE,0,FALSE,0.5,200,TRUE,0.00225743825825325,79
39.9391014221924,0,0,39.9391014221924,47.1058907263212,16.3746525320326,77.8371289206097,42.952876016688,15.2320695831974,70.6736824501786,123.590522312559,0,45.744583519524,0,106.746373249345,0,40.0930217708992,0,"chi","un",33,264,0.5,0,0,0,0.9,TRUE,0,FALSE,0.5,200,TRUE,0.00225743825825325,79
39.9391014221924,0,0,39.9391014221924,47.1058907263212,16.3746525320326,77.8371289206097,49.1832088884567,18.8624647169486,79.5039530599648,123.590522312559,0,45.744583519524,0,112.357575793422,0,46.7965989125543,0,"chi","un",33,264,0.5,0,0,0,0.9,TRUE,0,FALSE,0.5,200,TRUE,0.00225743825825325,79
39.9391014221924,0,0,39.9391014221924,47.1058907263212,16.3746525320326,77.8371289206097,59.5629286583952,23.872892490367,95.2529648264233,123.590522312559,0,45.744583519524,0,141.893429580842,0,57.3431145372391,0,"chi","un",33,264,0.5,0,0,0,0.9,TRUE,0,FALSE,0.5,200,TRUE,0.00225743825825325,79
39.9391014221924,0,0,39.9391014221924,47.1058907263212,16.3746525320326,77.8371289206097,50.6650727052128,18.5100225282556,82.8201228821701,123.590522312559,0,45.744583519524,0,103.316727914262,0,47.6476523436796,0,"chi","un",33,264,0.5,0,0,0,0.9,TRUE,0,FALSE,0.5,200,TRUE,0.00225743825825325,79
39.9391014221924,0,0,39.9391014221924,47.1058907263212,16.3746525320326,77.8371289206097,48.2788282795973,17.8670227407547,78.6906338184399,123.590522312559,0,45.744583519524,0,107.898426399177,0,45.5491380120989,0,"chi","un",33,264,0.5,0,0,0,0.9,TRUE,0,FALSE,0.5,200,TRUE,0.00225743825825325,79
39.9391014221924,0,0,39.9391014221924,47.1058907263212,16.3746525320326,77.8371289206097,58.9081374597199,23.6860948355141,94.1301800839257,123.590522312559,0,45.744583519524,0,93.4817463160152,0,56.884551472503,0,"chi","un",33,264,0.5,0,0,0,0.9,TRUE,0,FALSE,0.5,200,TRUE,0.00225743825825325,79
39.9391014221924,0,0,39.9391014221924,47.1058907263212,16.3746525320326,77.8371289206097,34.5837739350456,11.3906374567845,57.7769104133066,123.590522312559,0,45.744583519524,0,66.6325955571082,0,31.7222738671041,0,"chi","un",33,264,0.5,0,0,0,0.9,TRUE,0,FALSE,0.5,200,TRUE,0.00225743825825325,79
39.9391014221924,0,0,39.9391014221924,47.1058907263212,16.3746525320326,77.8371289206097,53.32565592613,20.1319219173235,86.5193899349364,123.590522312559,0,45.744583519524,0,105.179750562054,0,50.5185902314409,0,"chi","un",33,264,0.5,0,0,0,0.9,TRUE,0,FALSE,0.5,200,TRUE,0.00225743825825325,79
39.9391014221924,0,0,39.9391014221924,47.1058907263212,16.3746525320326,77.8371289206097,37.8745615031732,13.4268935314874,62.3222294748591,123.590522312559,0,45.744583519524,0,92.5287514635807,0,35.3189082899911,0,"chi","un",33,264,0.5,0,0,0,0.9,TRUE,0,FALSE,0.5,200,TRUE,0.00225743825825325,79
39.9391014221924,0,0,39.9391014221924,47.1058907263212,16.3746525320326,77.8371289206097,58.462113863979,23.18005947499,93.7441682529681,123.590522312559,0,45.744583519524,0,155.200743049715,0,56.0288812169002,0,"chi","un",33,264,0.5,0,0,0,0.9,TRUE,0,FALSE,0.5,200,TRUE,0.00225743825825325,79
39.9391014221924,0,0,39.9391014221924,47.1058907263212,16.3746525320326,77.8371289206097,56.5144153822945,21.6429123577494,91.3859184068396,123.590522312559,0,45.744583519524,0,102.481058761025,0,53.8040918523438,0,"chi","un",33,264,0.5,0,0,0,0.9,TRUE,0,FALSE,0.5,200,TRUE,0.00225743825825325,79
39.9391014221924,0,0,39.9391014221924,47.1058907263212,16.3746525320326,77.8371289206097,44.3296010025323,15.8867646219173,72.7724373831474,123.590522312559,0,45.744583519524,0,102.472462473593,0,41.5021156985335,0,"chi","un",33,264,0.5,0,0,0,0.9,TRUE,0,FALSE,0.5,200,TRUE,0.00225743825825325,79
39.9391014221924,0,0,39.9391014221924,47.1058907263212,16.3746525320326,77.8371289206097,46.0611058556596,17.271562478663,74.8506492326563,123.590522312559,0,45.744583519524,0,102.197206673939,0,43.6335794184442,0,"chi","un",33,264,0.5,0,0,0,0.9,TRUE,0,FALSE,0.5,200,TRUE,0.00225743825825325,79
39.9391014221924,0,0,39.9391014221924,47.1058907263212,16.3746525320326,77.8371289206097,47.2856256556474,18.2513186732795,76.3199326380153,123.590522312559,0,45.744583519524,0,129.557608006617,0,45.1067047375756,0,"chi","un",33,264,0.5,0,0,0,0.9,TRUE,0,FALSE,0.5,200,TRUE,0.00225743825825325,79
39.9391014221924,0,0,39.9391014221924,47.1058907263212,16.3746525320326,77.8371289206097,40.7521833342319,14.1046498776698,67.3997167907939,123.590522312559,0,45.744583519524,0,83.9988450239623,0,37.8713733988914,0,"chi","un",33,264,0.5,0,0,0,0.9,TRUE,0,FALSE,0.5,200,TRUE,0.00225743825825325,79
39.9391014221924,0,0,39.9391014221924,47.1058907263212,16.3746525320326,77.8371289206097,31.3911520694817,9.536824076857,53.2454800621063,123.590522312559,0,45.744583519524,0,72.1751281473026,0,28.2675458202084,0,"chi","un",33,264,0.5,0,0,0,0.9,TRUE,0,FALSE,0.5,200,TRUE,0.00225743825825325,79
39.9391014221924,0,0,39.9391014221924,47.1058907263212,16.3746525320326,77.8371289206097,43.2877020554618,14.8985314107484,71.6768727001752,123.590522312559,0,45.744583519524,0,98.3872501205736,0,40.2458113573582,0,"chi","un",33,264,0.5,0,0,0,0.9,TRUE,0,FALSE,0.5,200,TRUE,0.00225743825825325,79
39.9391014221924,0,0,39.9391014221924,47.1058907263212,16.3746525320326,77.8371289206097,52.570128020389,19.2637168880425,85.8765391527355,123.590522312559,0,45.744583519524,0,119.3637619223,0,49.5301759974682,0,"chi","un",33,264,0.5,0,0,0,0.9,TRUE,0,FALSE,0.5,200,TRUE,0.00225743825825325,79
39.9391014221924,0,0,39.9391014221924,47.1058907263212,16.3746525320326,77.8371289206097,46.1100338827355,16.1739079880783,76.0461597773926,123.590522312559,0,45.744583519524,0,119.060415222792,0,43.0155227327185,0,"chi","un",33,264,0.5,0,0,0,0.9,TRUE,0,FALSE,0.5,200,TRUE,0.00225743825825325,79
39.9391014221924,0,0,39.9391014221924,47.1058907263212,16.3746525320326,77.8371289206097,44.3175211938795,15.4600056936136,73.1750366941454,123.590522312559,0,45.744583519524,0,92.347933455054,0,41.3061576778665,0,"chi","un",33,264,0.5,0,0,0,0.9,TRUE,0,FALSE,0.5,200,TRUE,0.00225743825825325,79
39.9391014221924,0,0,39.9391014221924,47.1058907263212,16.3746525320326,77.8371289206097,50.0167495279291,20.0464160322352,79.987083023623,123.590522312559,0,45.744583519524,0,97.7332099519662,0,48.0860263977126,0,"chi","un",33,264,0.5,0,0,0,0.9,TRUE,0,FALSE,0.5,200,TRUE,0.00225743825825325,79
39.9391014221924,0,0,39.9391014221924,47.1058907263212,16.3746525320326,77.8371289206097,49.4140678086289,17.9503645209574,80.8777710963005,123.590522312559,0,45.744583519524,0,86.0096803831244,0,46.4652408853749,0,"chi","un",33,264,0.5,0,0,0,0.9,TRUE,0,FALSE,0.5,200,TRUE,0.00225743825825325,79
39.9391014221924,0,0,39.9391014221924,47.1058907263212,16.3746525320326,77.8371289206097,45.8707026081764,17.1831609517549,74.5582442645978,123.590522312559,0,45.744583519524,0,112.40795805846,0,43.4535100892452,0,"chi","un",33,264,0.5,0,0,0,0.9,TRUE,0,FALSE,0.5,200,TRUE,0.00225743825825325,79
39.9391014221924,0,0,39.9391014221924,47.1058907263212,16.3746525320326,77.8371289206097,48.1008530732625,17.3217086062542,78.8799975402709,123.590522312559,0,45.744583519524,0,143.743984665739,0,45.1400285816039,0,"chi","un",33,264,0.5,0,0,0,0.9,TRUE,0,FALSE,0.5,200,TRUE,0.00225743825825325,79
39.9391014221924,0,0,39.9391014221924,47.1058907263212,16.3746525320326,77.8371289206097,45.3483148066659,16.8404329583518,73.8561966549801,123.590522312559,0,45.744583519524,0,103.956863889699,0,42.7173392859437,0,"chi","un",33,264,0.5,0,0,0,0.9,TRUE,0,FALSE,0.5,200,TRUE,0.00225743825825325,79
39.9391014221924,0,0,39.9391014221924,47.1058907263212,16.3746525320326,77.8371289206097,60.8361804844092,23.2196876646449,98.4526733041734,123.590522312559,0,45.744583519524,0,138.087139123099,0,57.7568648556089,0,"chi","un",33,264,0.5,0,0,0,0.9,TRUE,0,FALSE,0.5,200,TRUE,0.00225743825825325,79
39.9391014221924,0,0,39.9391014221924,47.1058907263212,16.3746525320326,77.8371289206097,59.5178589765486,22.7861621840323,96.2495557690649,123.590522312559,0,45.744583519524,0,155.898745675244,0,56.5492612747195,0,"chi","un",33,264,0.5,0,0,0,0.9,TRUE,0,FALSE,0.5,200,TRUE,0.00225743825825325,79
39.9391014221924,0,0,39.9391014221924,47.1058907263212,16.3746525320326,77.8371289206097,51.6500679773027,20.0386539955747,83.2614819590308,123.590522312559,0,45.744583519524,0,123.823332188191,0,49.3263030145741,0,"chi","un",33,264,0.5,0,0,0,0.9,TRUE,0,FALSE,0.5,200,TRUE,0.00225743825825325,79
39.9391014221924,0,0,39.9391014221924,47.1058907263212,16.3746525320326,77.8371289206097,58.0296348918578,23.6636687414251,92.3956010422905,123.590522312559,0,45.744583519524,0,130.859606860396,0,56.094991495211,0,"chi","un",33,264,0.5,0,0,0,0.9,TRUE,0,FALSE,0.5,200,TRUE,0.00225743825825325,79
39.9391014221924,0,0,39.9391014221924,47.1058907263212,16.3746525320326,77.8371289206097,54.8045255654367,20.5978384577403,89.0112126731331,123.590522312559,0,45.744583519524,0,141.818313167792,0,52.140169429616,0,"chi","un",33,264,0.5,0,0,0,0.9,TRUE,0,FALSE,0.5,200,TRUE,0.00225743825825325,79
39.9391014221924,0,0,39.9391014221924,47.1058907263212,16.3746525320326,77.8371289206097,45.4010233169886,16.4523599400273,74.3496866939499,123.590522312559,0,45.744583519524,0,88.2114838243794,0,42.6680636205908,0,"chi","un",33,264,0.5,0,0,0,0.9,TRUE,0,FALSE,0.5,200,TRUE,0.00225743825825325,79
39.9391014221924,0,0,39.9391014221924,47.1058907263212,16.3746525320326,77.8371289206097,55.5551215436678,21.315857707616,89.7943853797197,123.590522312559,0,45.744583519524,0,135.56828449174,0,52.9140199594812,0,"chi","un",33,264,0.5,0,0,0,0.9,TRUE,0,FALSE,0.5,200,TRUE,0.00225743825825325,79
39.9391014221924,0,0,39.9391014221924,47.1058907263212,16.3746525320326,77.8371289206097,43.8586166355329,15.6668393705577,72.0503939005082,123.590522312559,0,45.744583519524,0,122.240106500152,0,41.1494930879389,0,"chi","un",33,264,0.5,0,0,0,0.9,TRUE,0,FALSE,0.5,200,TRUE,0.00225743825825325,79
39.9391014221924,0,0,39.9391014221924,47.1058907263212,16.3746525320326,77.8371289206097,47.6770123574436,17.2703558588678,78.0836688560194,123.590522312559,0,45.744583519524,0,99.589445513398,0,44.7804201996163,0,"chi","un",33,264,0.5,0,0,0,0.9,TRUE,0,FALSE,0.5,200,TRUE,0.00225743825825325,79
39.9391014221924,0,0,39.9391014221924,47.1058907263212,16.3746525320326,77.8371289206097,58.3253848858832,21.5876999532338,95.0630698185327,123.590522312559,0,45.744583519524,0,130.66217847911,0,55.1163511515813,0,"chi","un",33,264,0.5,0,0,0,0.9,TRUE,0,FALSE,0.5,200,TRUE,0.00225743825825325,79
39.9391014221924,0,0,39.9391014221924,47.1058907263212,16.3746525320326,77.8371289206097,46.7310993130523,17.9030127109442,75.5591859151604,123.590522312559,0,45.744583519524,0,81.897176391673,0,44.4939878698602,0,"chi","un",33,264,0.5,0,0,0,0.9,TRUE,0,FALSE,0.5,200,TRUE,0.00225743825825325,79
39.9391014221924,0,0,39.9391014221924,47.1058907263212,16.3746525320326,77.8371289206097,39.5781833340969,14.1867960385851,64.9695706296087,123.590522312559,0,45.744583519524,0,100.207512298126,0,37.1202610060074,0,"chi","un",33,264,0.5,0,0,0,0.9,TRUE,0,FALSE,0.5,200,TRUE,0.00225743825825325,79
39.9391014221924,0,0,39.9391014221924,47.1058907263212,16.3746525320326,77.8371289206097,49.2704470023386,18.1648879448461,80.3760060598311,123.590522312559,0,45.744583519524,0,127.303528283446,0,46.3503426254122,0,"chi","un",33,264,0.5,0,0,0,0.9,TRUE,0,FALSE,0.5,200,TRUE,0.00225743825825325,79
39.9391014221924,0,0,39.9391014221924,47.1058907263212,16.3746525320326,77.8371289206097,54.3510825385577,20.6882277884366,88.0139372886788,123.590522312559,0,45.744583519524,0,114.742194124409,0,51.6299364587677,0,"chi","un",33,264,0.5,0,0,0,0.9,TRUE,0,FALSE,0.5,200,TRUE,0.00225743825825325,79
39.9391014221924,0,0,39.9391014221924,47.1058907263212,16.3746525320326,77.8371289206097,47.5545995545583,18.3090285031511,76.8001706059655,123.590522312559,0,45.744583519524,0,114.542844063786,0,45.346166779407,0,"chi","un",33,264,0.5,0,0,0,0.9,TRUE,0,FALSE,0.5,200,TRUE,0.00225743825825325,79
39.9391014221924,0,0,39.9391014221924,47.1058907263212,16.3746525320326,77.8371289206097,60.4809584173458,23.6414788884652,97.3204379462265,123.590522312559,0,45.744583519524,0,116.40171206657,0,57.6713568112034,0,"chi","un",33,264,0.5,0,0,0,0.9,TRUE,0,FALSE,0.5,200,TRUE,0.00225743825825325,79
39.9391014221924,0,0,39.9391014221924,47.1058907263212,16.3746525320326,77.8371289206097,53.0662410879967,19.7580807462432,86.3744014297501,123.590522312559,0,45.744583519524,0,114.474983295536,0,50.1274116248451,0,"chi","un",33,264,0.5,0,0,0,0.9,TRUE,0,FALSE,0.5,200,TRUE,0.00225743825825325,79
39.9391014221924,0,0,39.9391014221924,47.1058907263212,16.3746525320326,77.8371289206097,61.718134371809,25.3414055502998,98.0948631933181,123.590522312559,0,45.744583519524,0,134.131758445372,0,59.828974461578,0,"chi","un",33,264,0.5,0,0,0,0.9,TRUE,0,FALSE,0.5,200,TRUE,0.00225743825825325,79
39.9391014221924,0,0,39.9391014221924,47.1058907263212,16.3746525320326,77.8371289206097,51.6763629673259,19.5802058784991,83.7725200561526,123.590522312559,0,45.744583519524,0,115.702969772981,0,49.0727452264856,0,"chi","un",33,264,0.5,0,0,0,0.9,TRUE,0,FALSE,0.5,200,TRUE,0.00225743825825325,79
39.9391014221924,0,0,39.9391014221924,47.1058907263212,16.3746525320326,77.8371289206097,42.4633106871342,14.4672329574052,70.4593884168631,123.590522312559,0,45.744583519524,0,86.0411413073292,0,39.3637648946838,0,"chi","un",33,264,0.5,0,0,0,0.9,TRUE,0,FALSE,0.5,200,TRUE,0.00225743825825325,79
39.9391014221924,0,0,39.9391014221924,47.1058907263212,16.3746525320326,77.8371289206097,48.9618704077198,18.4409078088392,79.4828330066005,123.590522312559,0,45.744583519524,0,122.694953934567,0,45.6594202484838,0,"chi","un",33,264,0.5,0,0,0,0.9,TRUE,0,FALSE,0.5,200,TRUE,0.00225743825825325,79
39.9391014221924,0,0,39.9391014221924,47.1058907263212,16.3746525320326,77.8371289206097,47.2401348405043,17.6873160833134,76.7929535976951,123.590522312559,0,45.744583519524,0,102.694137656572,0,44.7142790091307,0,"chi","un",33,264,0.5,0,0,0,0.9,TRUE,0,FALSE,0.5,200,TRUE,0.00225743825825325,79
39.9391014221924,0,0,39.9391014221924,47.1058907263212,16.3746525320326,77.8371289206097,56.5395322123311,22.2141570419066,90.8649073827556,123.590522312559,0,45.744583519524,0,120.006828226068,0,54.1553318202466,0,"chi","un",33,264,0.5,0,0,0,0.9,TRUE,0,FALSE,0.5,200,TRUE,0.00225743825825325,79
39.9391014221924,0,0,39.9391014221924,47.1058907263212,16.3746525320326,77.8371289206097,48.1063412195158,16.9697872810038,79.2428951580277,123.590522312559,0,45.744583519524,0,103.38941950517,0,45.0520450562896,0,"chi","un",33,264,0.5,0,0,0,0.9,TRUE,0,FALSE,0.5,200,TRUE,0.00225743825825325,79
39.9391014221924,0,0,39.9391014221924,47.1058907263212,16.3746525320326,77.8371289206097,44.6490715053682,15.6261114563312,73.6720315544051,123.590522312559,0,45.744583519524,0,121.515707680444,0,41.6318381697634,0,"chi","un",33,264,0.5,0,0,0,0.9,TRUE,0,FALSE,0.5,200,TRUE,0.00225743825825325,79
39.9391014221924,0,0,39.9391014221924,47.1058907263212,16.3746525320326,77.8371289206097,48.4581684944255,17.6982596120172,79.2180773768339,123.590522312559,0,45.744583519524,0,133.210273255672,0,45.6569335871395,0,"chi","un",33,264,0.5,0,0,0,0.9,TRUE,0,FALSE,0.5,200,TRUE,0.00225743825825325,79
39.9391014221924,0,0,39.9391014221924,47.1058907263212,16.3746525320326,77.8371289206097,39.1958442161139,12.9530254320989,65.4386630001289,123.590522312559,0,45.744583519524,0,92.7761562091784,0,35.4856100729258,0,"chi","un",33,264,0.5,0,0,0,0.9,TRUE,0,FALSE,0.5,200,TRUE,0.00225743825825325,79
39.9391014221924,0,0,39.9391014221924,47.1058907263212,16.3746525320326,77.8371289206097,41.4259565216596,14.3299628536426,68.5219501896767,123.590522312559,0,45.744583519524,0,96.9277593116333,0,38.3438252773552,0,"chi","un",33,264,0.5,0,0,0,0.9,TRUE,0,FALSE,0.5,200,TRUE,0.00225743825825325,79
39.9391014221924,0,0,39.9391014221924,47.1058907263212,16.3746525320326,77.8371289206097,43.7469037210301,14.3568852906669,73.1369221513933,123.590522312559,0,45.744583519524,0,96.1626915234817,0,40.261168153104,0,"chi","un",33,264,0.5,0,0,0,0.9,TRUE,0,FALSE,0.5,200,TRUE,0.00225743825825325,79
39.9391014221924,0,0,39.9391014221924,47.1058907263212,16.3746525320326,77.8371289206097,44.0144314668103,16.4522547718992,71.5766081617215,123.590522312559,0,45.744583519524,0,89.8792651400549,0,41.8028242328492,0,"chi","un",33,264,0.5,0,0,0,0.9,TRUE,0,FALSE,0.5,200,TRUE,0.00225743825825325,79
39.9391014221924,0,0,39.9391014221924,47.1058907263212,16.3746525320326,77.8371289206097,51.0301289758222,19.0815057833807,82.9787521682638,123.590522312559,0,45.744583519524,0,118.619776022144,0,48.299408258454,0,"chi","un",33,264,0.5,0,0,0,0.9,TRUE,0,FALSE,0.5,200,TRUE,0.00225743825825325,79
39.9391014221924,0,0,39.9391014221924,47.1058907263212,16.3746525320326,77.8371289206097,45.2897542205789,15.3443388384161,75.2351696027416,123.590522312559,0,45.744583519524,0,78.053680599907,0,41.9282705710072,0,"chi","un",33,264,0.5,0,0,0,0.9,TRUE,0,FALSE,0.5,200,TRUE,0.00225743825825325,79
39.9391014221924,0,0,39.9391014221924,47.1058907263212,16.3746525320326,77.8371289206097,62.7757830077214,24.4984777566729,101.05308825877,123.590522312559,0,45.744583519524,0,135.553288042154,0,59.7261076614198,0,"chi","un",33,264,0.5,0,0,0,0.9,TRUE,0,FALSE,0.5,200,TRUE,0.00225743825825325,79
39.9391014221924,0,0,39.9391014221924,47.1058907263212,16.3746525320326,77.8371289206097,52.3232639526835,19.6017030922774,85.0448248130897,123.590522312559,0,45.744583519524,0,120.110371529548,0,49.5261068144404,0,"chi","un",33,264,0.5,0,0,0,0.9,TRUE,0,FALSE,0.5,200,TRUE,0.00225743825825325,79
39.9391014221924,0,0,39.9391014221924,47.1058907263212,16.3746525320326,77.8371289206097,62.5324333300981,25.1678239552024,99.8970427049938,123.590522312559,0,45.744583519524,0,165.179039835158,0,60.2405561533424,0,"chi","un",33,264,0.5,0,0,0,0.9,TRUE,0,FALSE,0.5,200,TRUE,0.00225743825825325,79
39.9391014221924,0,0,39.9391014221924,47.1058907263212,16.3746525320326,77.8371289206097,50.8252430154752,19.5745346568606,82.0759513740899,123.590522312559,0,45.744583519524,0,102.766282751728,0,48.3154938508507,0,"chi","un",33,264,0.5,0,0,0,0.9,TRUE,0,FALSE,0.5,200,TRUE,0.00225743825825325,79
39.9391014221924,0,0,39.9391014221924,47.1058907263212,16.3746525320326,77.8371289206097,41.5362848216213,14.7034990796659,68.3690705635768,123.590522312559,0,45.744583519524,0,124.636819280144,0,38.8073420300643,0,"chi","un",33,264,0.5,0,0,0,0.9,TRUE,0,FALSE,0.5,200,TRUE,0.00225743825825325,79
39.9391014221924,0,0,39.9391014221924,47.1058907263212,16.3746525320326,77.8371289206097,43.9199795643811,15.3048018985052,72.535157230257,123.590522312559,0,45.744583519524,0,116.660532795665,0,40.8324222407291,0,"chi","un",33,264,0.5,0,0,0,0.9,TRUE,0,FALSE,0.5,200,TRUE,0.00225743825825325,79
39.9391014221924,0,0,39.9391014221924,47.1058907263212,16.3746525320326,77.8371289206097,45.8899065851113,17.0462252247567,74.7335879454659,123.590522312559,0,45.744583519524,0,74.7409613559724,0,43.2582715882085,0,"chi","un",33,264,0.5,0,0,0,0.9,TRUE,0,FALSE,0.5,200,TRUE,0.00225743825825325,79
39.9391014221924,0,0,39.9391014221924,47.1058907263212,16.3746525320326,77.8371289206097,42.4871170544786,14.5833100515902,70.3909240573669,123.590522312559,0,45.744583519524,0,69.6841451518341,0,39.4607216961968,0,"chi","un",33,264,0.5,0,0,0,0.9,TRUE,0,FALSE,0.5,200,TRUE,0.00225743825825325,79
39.9391014221924,0,0,39.9391014221924,47.1058907263212,16.3746525320326,77.8371289206097,37.168976610734,12.1849674524465,62.1529857690215,123.590522312559,0,45.744583519524,0,104.171067445748,0,34.1273479446405,0,"chi","un",33,264,0.5,0,0,0,0.9,TRUE,0,FALSE,0.5,200,TRUE,0.00225743825825325,79
39.9391014221924,0,0,39.9391014221924,47.1058907263212,16.3746525320326,77.8371289206097,45.7136441066033,16.4962682718422,74.9310199413643,123.590522312559,0,45.744583519524,0,143.501646084684,0,42.9112178973047,0,"chi","un",33,264,0.5,0,0,0,0.9,TRUE,0,FALSE,0.5,200,TRUE,0.00225743825825325,79
39.9391014221924,0,0,39.9391014221924,47.1058907263212,16.3746525320326,77.8371289206097,46.2745460952905,16.2561678991288,76.2929242914521,123.590522312559,0,45.744583519524,0,103.208454185829,0,43.189167515244,0,"chi","un",33,264,0.5,0,0,0,0.9,TRUE,0,FALSE,0.5,200,TRUE,0.00225743825825325,79
39.9391014221924,0,0,39.9391014221924,47.1058907263212,16.3746525320326,77.8371289206097,48.7806382386698,18.3330980678374,79.2281784095021,123.590522312559,0,45.744583519524,0,103.368747131702,0,46.2727568400149,0,"chi","un",33,264,0.5,0,0,0,0.9,TRUE,0,FALSE,0.5,200,TRUE,0.00225743825825325,79
39.9391014221924,0,0,39.9391014221924,47.1058907263212,16.3746525320326,77.8371289206097,36.7710009869871,12.8408034316024,60.7011985423719,123.590522312559,0,45.744583519524,0,107.428986754624,0,34.2669257029965,0,"chi","un",33,264,0.5,0,0,0,0.9,TRUE,0,FALSE,0.5,200,TRUE,0.00225743825825325,79
39.9391014221924,0,0,39.9391014221924,47.1058907263212,16.3746525320326,77.8371289206097,35.7791722381464,12.3561757473002,59.2021687289926,123.590522312559,0,45.744583519524,0,71.6666915926836,0,33.11214630642,0,"chi","un",33,264,0.5,0,0,0,0.9,TRUE,0,FALSE,0.5,200,TRUE,0.00225743825825325,79
39.9391014221924,0,0,39.9391014221924,47.1058907263212,16.3746525320326,77.8371289206097,43.265537587109,16.0270111020912,70.5040640721268,123.590522312559,0,45.744583519524,0,88.0099757933795,0,40.940105888929,0,"chi","un",33,264,0.5,0,0,0,0.9,TRUE,0,FALSE,0.5,200,TRUE,0.00225743825825325,79
39.9391014221924,0,0,39.9391014221924,47.1058907263212,16.3746525320326,77.8371289206097,49.8947591653198,17.6612460443101,82.1282722863295,123.590522312559,0,45.744583519524,0,145.923929845231,0,46.6373814006134,0,"chi","un",33,264,0.5,0,0,0,0.9,TRUE,0,FALSE,0.5,200,TRUE,0.00225743825825325,79
39.9391014221924,0,0,39.9391014221924,47.1058907263212,16.3746525320326,77.8371289206097,36.7990390340158,11.6444867577714,61.9535913102602,123.590522312559,0,45.744583519524,0,102.884850503197,0,33.5755247940901,0,"chi","un",33,264,0.5,0,0,0,0.9,TRUE,0,FALSE,0.5,200,TRUE,0.00225743825825325,79
39.9391014221924,0,0,39.9391014221924,47.1058907263212,16.3746525320326,77.8371289206097,48.2788674445693,18.4239067849839,78.1338281041547,123.590522312559,0,45.744583519524,0,121.494213267479,0,45.9374769172153,0,"chi","un",33,264,0.5,0,0,0,0.9,TRUE,0,FALSE,0.5,200,TRUE,0.00225743825825325,79
39.9391014221924,0,0,39.9391014221924,47.1058907263212,16.3746525320326,77.8371289206097,47.2229596437801,18.3553572357282,76.090562051832,123.590522312559,0,45.744583519524,0,122.737801213788,0,45.148625896626,0,"chi","un",33,264,0.5,0,0,0,0.9,TRUE,0,FALSE,0.5,200,TRUE,0.00225743825825325,79
39.9391014221924,0,0,39.9391014221924,47.1058907263212,16.3746525320326,77.8371289206097,51.6651860301505,19.3808186310641,83.9495534292369,123.590522312559,0,45.744583519524,0,114.081704368774,0,48.9702895534471,0,"chi","un",33,264,0.5,0,0,0,0.9,TRUE,0,FALSE,0.5,200,TRUE,0.00225743825825325,79
39.9391014221924,0,0,39.9391014221924,47.1058907263212,16.3746525320326,77.8371289206097,43.7766879570873,14.914064887149,72.6393110270256,123.590522312559,0,45.744583519524,0,86.2421011725544,0,40.5431557057918,0,"chi","un",33,264,0.5,0,0,0,0.9,TRUE,0,FALSE,0.5,200,TRUE,0.00225743825825325,79
39.9391014221924,0,0,39.9391014221924,47.1058907263212,16.3746525320326,77.8371289206097,63.1284347438958,25.6470589038626,100.609810583929,123.590522312559,0,45.744583519524,0,155.608761467414,0,60.6001618347547,0,"chi","un",33,264,0.5,0,0,0,0.9,TRUE,0,FALSE,0.5,200,TRUE,0.00225743825825325,79
39.9391014221924,0,0,39.9391014221924,47.1058907263212,16.3746525320326,77.8371289206097,37.9757246400081,12.5853008066654,63.3661484733508,123.590522312559,0,45.744583519524,0,87.8489311935282,0,34.9936423179165,0,"chi","un",33,264,0.5,0,0,0,0.9,TRUE,0,FALSE,0.5,200,TRUE,0.00225743825825325,79
39.9391014221924,0,0,39.9391014221924,47.1058907263212,16.3746525320326,77.8371289206097,46.5207151057062,17.597404123498,75.4440260879144,123.590522312559,0,45.744583519524,0,87.3932680734457,0,44.099002976476,0,"chi","un",33,264,0.5,0,0,0,0.9,TRUE,0,FALSE,0.5,200,TRUE,0.00225743825825325,79
39.9391014221924,0,0,39.9391014221924,47.1058907263212,16.3746525320326,77.8371289206097,56.3020630830321,21.5043634755845,91.0997626904797,123.590522312559,0,45.744583519524,0,109.884379797384,0,53.5135532505304,0,"chi","un",33,264,0.5,0,0,0,0.9,TRUE,0,FALSE,0.5,200,TRUE,0.00225743825825325,79
39.9391014221924,0,0,39.9391014221924,47.1058907263212,16.3746525320326,77.8371289206097,50.2250187666019,18.6066551720885,81.8433823611152,123.590522312559,0,45.744583519524,0,109.980590032741,0,47.4715680968458,0,"chi","un",33,264,0.5,0,0,0,0.9,TRUE,0,FALSE,0.5,200,TRUE,0.00225743825825325,79
39.9391014221924,0,0,39.9391014221924,47.1058907263212,16.3746525320326,77.8371289206097,57.2894827581273,22.0918376789088,92.4871278373457,123.590522312559,0,45.744583519524,0,131.50423227119,0,54.6284330564726,0,"chi","un",33,264,0.5,0,0,0,0.9,TRUE,0,FALSE,0.5,200,TRUE,0.00225743825825325,79
39.9391014221924,0,0,39.9391014221924,47.1058907263212,16.3746525320326,77.8371289206097,45.8373669423195,17.0687780312868,74.6059558533523,123.590522312559,0,45.744583519524,0,123.20647327612,0,43.4070355377315,0,"chi","un",33,264,0.5,0,0,0,0.9,TRUE,0,FALSE,0.5,200,TRUE,0.00225743825825325,79
39.9391014221924,0,0,39.9391014221924,47.1058907263212,16.3746525320326,77.8371289206097,51.7881527054287,19.2797356684058,84.2965697424516,123.590522312559,0,45.744583519524,0,108.678965260437,0,48.9909683892354,0,"chi","un",33,264,0.5,0,0,0,0.9,TRUE,0,FALSE,0.5,200,TRUE,0.00225743825825325,79
39.9391014221924,0,0,39.9391014221924,47.1058907263212,16.3746525320326,77.8371289206097,47.2276079799524,17.1372260896135,77.3179898702913,123.590522312559,0,45.744583519524,0,110.807236480441,0,44.3958899766863,0,"chi","un",33,264,0.5,0,0,0,0.9,TRUE,0,FALSE,0.5,200,TRUE,0.00225743825825325,79
39.9391014221924,0,0,39.9391014221924,47.1058907263212,16.3746525320326,77.8371289206097,49.6481064267921,18.6115660584308,80.6846467951533,123.590522312559,0,45.744583519524,0,128.773362271744,0,47.0156221051728,0,"chi","un",33,264,0.5,0,0,0,0.9,TRUE,0,FALSE,0.5,200,TRUE,0.00225743825825325,79
39.9391014221924,0,0,39.9391014221924,47.1058907263212,16.3746525320326,77.8371289206097,45.8594314760893,16.2285172769012,75.4903456752775,123.590522312559,0,45.744583519524,0,141.123846249656,0,42.8628628901112,0,"chi","un",33,264,0.5,0,0,0,0.9,TRUE,0,FALSE,0.5,200,TRUE,0.00225743825825325,79
39.9391014221924,0,0,39.9391014221924,47.1058907263212,16.3746525320326,77.8371289206097,40.494764624566,14.1667006320916,66.8228286170404,123.590522312559,0,45.744583519524,0,87.2230614098746,0,37.7596559745139,0,"chi","un",33,264,0.5,0,0,0,0.9,TRUE,0,FALSE,0.5,200,TRUE,0.00225743825825325,79
39.9391014221924,0,0,39.9391014221924,47.1058907263212,16.3746525320326,77.8371289206097,44.803245113985,15.9763193128355,73.6301709151346,123.590522312559,0,45.744583519524,0,105.701639902835,0,41.9568179434527,0,"chi","un",33,264,0.5,0,0,0,0.9,TRUE,0,FALSE,0.5,200,TRUE,0.00225743825825325,79
39.9391014221924,0,0,39.9391014221924,47.1058907263212,16.3746525320326,77.8371289206097,49.2309077318788,18.1462454161484,80.3155700476092,123.590522312559,0,45.744583519524,0,101.788678026261,0,46.4313668446057,0,"chi","un",33,264,0.5,0,0,0,0.9,TRUE,0,FALSE,0.5,200,TRUE,0.00225743825825325,79
39.9391014221924,0,0,39.9391014221924,47.1058907263212,16.3746525320326,77.8371289206097,52.6651782136377,19.4079491116848,85.9224073155905,123.590522312559,0,45.744583519524,0,126.384935894963,0,49.4712759891408,0,"chi","un",33,264,0.5,0,0,0,0.9,TRUE,0,FALSE,0.5,200,TRUE,0.00225743825825325,79
39.9391014221924,0,0,39.9391014221924,47.1058907263212,16.3746525320326,77.8371289206097,45.9583910384534,16.1701462857329,75.7466357911739,123.590522312559,0,45.744583519524,0,128.260885249082,0,42.9308865704674,0,"chi","un",33,264,0.5,0,0,0,0.9,TRUE,0,FALSE,0.5,200,TRUE,0.00225743825825325,79
39.9391014221924,0,0,39.9391014221924,47.1058907263212,16.3746525320326,77.8371289206097,51.9806682182588,19.7593738515121,84.2019625850055,123.590522312559,0,45.744583519524,0,97.8116745454868,0,49.391998258664,0,"chi","un",33,264,0.5,0,0,0,0.9,TRUE,0,FALSE,0.5,200,TRUE,0.00225743825825325,79
39.9391014221924,0,0,39.9391014221924,47.1058907263212,16.3746525320326,77.8371289206097,50.4955993983231,20.1695778352929,80.8216209613534,123.590522312559,0,45.744583519524,0,137.081077725934,0,48.555789514509,0,"chi","un",33,264,0.5,0,0,0,0.9,TRUE,0,FALSE,0.5,200,TRUE,0.00225743825825325,79
39.9391014221924,0,0,39.9391014221924,47.1058907263212,16.3746525320326,77.8371289206097,47.6023846415669,17.3786344397247,77.8261348434092,123.590522312559,0,45.744583519524,0,89.7562486518288,0,44.8517207116875,0,"chi","un",33,264,0.5,0,0,0,0.9,TRUE,0,FALSE,0.5,200,TRUE,0.00225743825825325,79
39.9391014221924,0,0,39.9391014221924,47.1058907263212,16.3746525320326,77.8371289206097,53.604254054322,20.6753100558334,86.5331980528105,123.590522312559,0,45.744583519524,0,144.286490989954,0,51.1108873404095,0,"chi","un",33,264,0.5,0,0,0,0.9,TRUE,0,FALSE,0.5,200,TRUE,0.00225743825825325,79
39.9391014221924,0,0,39.9391014221924,47.1058907263212,16.3746525320326,77.8371289206097,56.6999059214492,21.998826765959,91.4009850769394,123.590522312559,0,45.744583519524,0,128.253669245706,0,54.1551518335014,0,"chi","un",33,264,0.5,0,0,0,0.9,TRUE,0,FALSE,0.5,200,TRUE,0.00225743825825325,79
39.9391014221924,0,0,39.9391014221924,47.1058907263212,16.3746525320326,77.8371289206097,59.2342041526113,24.1976246485665,94.2707836566561,123.590522312559,0,45.744583519524,0,147.973661074904,0,57.1113429419061,0,"chi","un",33,264,0.5,0,0,0,0.9,TRUE,0,FALSE,0.5,200,TRUE,0.00225743825825325,79
39.9391014221924,0,0,39.9391014221924,47.1058907263212,16.3746525320326,77.8371289206097,39.1144147037013,13.1941039841921,65.0347254232104,123.590522312559,0,45.744583519524,0,117.368803167595,0,36.2767298888137,0,"chi","un",33,264,0.5,0,0,0,0.9,TRUE,0,FALSE,0.5,200,TRUE,0.00225743825825325,79
39.9391014221924,0,0,39.9391014221924,47.1058907263212,16.3746525320326,77.8371289206097,45.0963113422889,17.0953536094165,73.0972690751613,123.590522312559,0,45.744583519524,0,133.237906974501,0,42.7019753508684,0,"chi","un",33,264,0.5,0,0,0,0.9,TRUE,0,FALSE,0.5,200,TRUE,0.00225743825825325,79
39.9391014221924,0,0,39.9391014221924,47.1058907263212,16.3746525320326,77.8371289206097,38.0877988206844,12.4815760780086,63.6940215633602,123.590522312559,0,45.744583519524,0,105.080915986374,0,34.6153486042662,0,"chi","un",33,264,0.5,0,0,0,0.9,TRUE,0,FALSE,0.5,200,TRUE,0.00225743825825325,79
39.9391014221924,0,0,39.9391014221924,47.1058907263212,16.3746525320326,77.8371289206097,58.7079815302,23.6650465920864,93.7509164683136,123.590522312559,0,45.744583519524,0,137.061959707571,0,56.4516188666738,0,"chi","un",33,264,0.5,0,0,0,0.9,TRUE,0,FALSE,0.5,200,TRUE,0.00225743825825325,79
39.9391014221924,0,0,39.9391014221924,47.1058907263212,16.3746525320326,77.8371289206097,49.5852498605648,19.6081107296405,79.562388991489,123.590522312559,0,45.744583519524,0,144.569169409833,0,47.5731080311978,0,"chi","un",33,264,0.5,0,0,0,0.9,TRUE,0,FALSE,0.5,200,TRUE,0.00225743825825325,79
39.9391014221924,0,0,39.9391014221924,47.1058907263212,16.3746525320326,77.8371289206097,57.5069921612071,22.9055776303246,92.1084066920897,123.590522312559,0,45.744583519524,0,159.001081435328,0,55.3000232116471,0,"chi","un",33,264,0.5,0,0,0,0.9,TRUE,0,FALSE,0.5,200,TRUE,0.00225743825825325,79
39.9391014221924,0,0,39.9391014221924,47.1058907263212,16.3746525320326,77.8371289206097,54.4938589573629,20.3601728499997,88.6275450647261,123.590522312559,0,45.744583519524,0,108.958268340555,0,51.5605673147736,0,"chi","un",33,264,0.5,0,0,0,0.9,TRUE,0,FALSE,0.5,200,TRUE,0.00225743825825325,79
39.9391014221924,0,0,39.9391014221924,47.1058907263212,16.3746525320326,77.8371289206097,46.5034503039001,17.4048818815007,75.6020187262994,123.590522312559,0,45.744583519524,0,97.3931180632254,0,44.04918302802,0,"chi","un",33,264,0.5,0,0,0,0.9,TRUE,0,FALSE,0.5,200,TRUE,0.00225743825825325,79
39.9391014221924,0,0,39.9391014221924,47.1058907263212,16.3746525320326,77.8371289206097,55.5851252724187,21.5602388005444,89.610011744293,123.590522312559,0,45.744583519524,0,115.271407052065,0,53.0475107223963,0,"chi","un",33,264,0.5,0,0,0,0.9,TRUE,0,FALSE,0.5,200,TRUE,0.00225743825825325,79
39.9391014221924,0,0,39.9391014221924,47.1058907263212,16.3746525320326,77.8371289206097,52.8928892342014,19.5504801349254,86.2352983334773,123.590522312559,0,45.744583519524,0,132.204080368484,0,49.9518190425979,0,"chi","un",33,264,0.5,0,0,0,0.9,TRUE,0,FALSE,0.5,200,TRUE,0.00225743825825325,79
39.9391014221924,0,0,39.9391014221924,47.1058907263212,16.3746525320326,77.8371289206097,45.0620870404345,16.5893425712888,73.5348315095803,123.590522312559,0,45.744583519524,0,89.5693202960021,0,42.4966529575229,0,"chi","un",33,264,0.5,0,0,0,0.9,TRUE,0,FALSE,0.5,200,TRUE,0.00225743825825325,79
39.9391014221924,0,0,39.9391014221924,47.1058907263212,16.3746525320326,77.8371289206097,50.0567361715483,19.0906251656492,81.0228471774474,123.590522312559,0,45.744583519524,0,116.914444152981,0,47.5068048364295,0,"chi","un",33,264,0.5,0,0,0,0.9,TRUE,0,FALSE,0.5,200,TRUE,0.00225743825825325,79
39.9391014221924,0,0,39.9391014221924,47.1058907263212,16.3746525320326,77.8371289206097,58.6460616242856,22.5612610160971,94.7308622324741,123.590522312559,0,45.744583519524,0,93.3046961500009,0,55.6180697274726,0,"chi","un",33,264,0.5,0,0,0,0.9,TRUE,0,FALSE,0.5,200,TRUE,0.00225743825825325,79
39.9391014221924,0,0,39.9391014221924,47.1058907263212,16.3746525320326,77.8371289206097,47.2494810909792,17.5037268948941,76.9952352870643,123.590522312559,0,45.744583519524,0,121.399069826899,0,44.6104120147416,0,"chi","un",33,264,0.5,0,0,0,0.9,TRUE,0,FALSE,0.5,200,TRUE,0.00225743825825325,79
39.9391014221924,0,0,39.9391014221924,47.1058907263212,16.3746525320326,77.8371289206097,44.7273204858032,17.1387747321538,72.3158662394526,123.590522312559,0,45.744583519524,0,111.713920081094,0,42.5882654657233,0,"chi","un",33,264,0.5,0,0,0,0.9,TRUE,0,FALSE,0.5,200,TRUE,0.00225743825825325,79
39.9391014221924,0,0,39.9391014221924,47.1058907263212,16.3746525320326,77.8371289206097,40.3292199260949,15.1491383673173,65.5093014848724,123.590522312559,0,45.744583519524,0,100.803792523651,0,38.1422406097784,0,"chi","un",33,264,0.5,0,0,0,0.9,TRUE,0,FALSE,0.5,200,TRUE,0.00225743825825325,79
39.9391014221924,0,0,39.9391014221924,47.1058907263212,16.3746525320326,77.8371289206097,53.0922328314313,19.9968888672264,86.1875767956362,123.590522312559,0,45.744583519524,0,108.027280592746,0,50.4060044075198,0,"chi","un",33,264,0.5,0,0,0,0.9,TRUE,0,FALSE,0.5,200,TRUE,0.00225743825825325,79
39.9391014221924,0,0,39.9391014221924,47.1058907263212,16.3746525320326,77.8371289206097,51.6310774373065,18.6128270388128,84.6493278358001,123.590522312559,0,45.744583519524,0,128.923369405869,0,48.5050655533431,0,"chi","un",33,264,0.5,0,0,0,0.9,TRUE,0,FALSE,0.5,200,TRUE,0.00225743825825325,79
39.9391014221924,0,0,39.9391014221924,47.1058907263212,16.3746525320326,77.8371289206097,46.6439172555615,17.7443197161282,75.5435147949947,123.590522312559,0,45.744583519524,0,129.156350807311,0,44.4041662925067,0,"chi","un",33,264,0.5,0,0,0,0.9,TRUE,0,FALSE,0.5,200,TRUE,0.00225743825825325,79
39.9391014221924,0,0,39.9391014221924,47.1058907263212,16.3746525320326,77.8371289206097,50.6365487667782,19.9177667304176,81.3553308031388,123.590522312559,0,45.744583519524,0,105.594605085546,0,48.4313076488214,0,"chi","un",33,264,0.5,0,0,0,0.9,TRUE,0,FALSE,0.5,200,TRUE,0.00225743825825325,79
39.9391014221924,0,0,39.9391014221924,47.1058907263212,16.3746525320326,77.8371289206097,53.3653969621691,21.4200052955721,85.310788628766,123.590522312559,0,45.744583519524,0,115.803244474645,0,51.0814682727732,0,"chi","un",33,264,0.5,0,0,0,0.9,TRUE,0,FALSE,0.5,200,TRUE,0.00225743825825325,79
39.9391014221924,0,0,39.9391014221924,47.1058907263212,16.3746525320326,77.8371289206097,46.0197996685725,17.2633841211143,74.7762152160307,123.590522312559,0,45.744583519524,0,108.247277659282,0,43.606580671757,0,"chi","un",33,264,0.5,0,0,0,0.9,TRUE,0,FALSE,0.5,200,TRUE,0.00225743825825325,79
39.9391014221924,0,0,39.9391014221924,47.1058907263212,16.3746525320326,77.8371289206097,52.1143417384984,20.1287084958514,84.0999749811453,123.590522312559,0,45.744583519524,0,144.940678572728,0,49.7167883518952,0,"chi","un",33,264,0.5,0,0,0,0.9,TRUE,0,FALSE,0.5,200,TRUE,0.00225743825825325,79
39.9391014221924,0,0,39.9391014221924,47.1058907263212,16.3746525320326,77.8371289206097,40.6678472349943,15.1938283428219,66.1418661271667,123.590522312559,0,45.744583519524,0,111.475477790756,0,38.4857692758788,0,"chi","un",33,264,0.5,0,0,0,0.9,TRUE,0,FALSE,0.5,200,TRUE,0.00225743825825325,79
39.9391014221924,0,0,39.9391014221924,47.1058907263212,16.3746525320326,77.8371289206097,40.8015698032107,15.1025051834835,66.5006344229378,123.590522312559,0,45.744583519524,0,117.492699365531,0,38.5339129974705,0,"chi","un",33,264,0.5,0,0,0,0.9,TRUE,0,FALSE,0.5,200,TRUE,0.00225743825825325,79
39.9391014221924,0,0,39.9391014221924,47.1058907263212,16.3746525320326,77.8371289206097,41.2269902868172,15.0430580333809,67.4109225402535,123.590522312559,0,45.744583519524,0,137.34662858054,0,38.7814977785652,0,"chi","un",33,264,0.5,0,0,0,0.9,TRUE,0,FALSE,0.5,200,TRUE,0.00225743825825325,79
39.9391014221924,0,0,39.9391014221924,47.1058907263212,16.3746525320326,77.8371289206097,62.4701887572142,24.3699999329537,100.570377581475,123.590522312559,0,45.744583519524,0,144.213517243209,0,59.5239888662131,0,"chi","un",33,264,0.5,0,0,0,0.9,TRUE,0,FALSE,0.5,200,TRUE,0.00225743825825325,79
39.9391014221924,0,0,39.9391014221924,47.1058907263212,16.3746525320326,77.8371289206097,41.9867144130722,14.7042350946993,69.2691937314451,123.590522312559,0,45.744583519524,0,96.3735994903025,0,39.1633753164219,0,"chi","un",33,264,0.5,0,0,0,0.9,TRUE,0,FALSE,0.5,200,TRUE,0.00225743825825325,79
39.9391014221924,0,0,39.9391014221924,47.1058907263212,16.3746525320326,77.8371289206097,38.3271398170084,12.8861196665618,63.7681599674551,123.590522312559,0,45.744583519524,0,91.2744474977139,0,35.3334272698904,0,"chi","un",33,264,0.5,0,0,0,0.9,TRUE,0,FALSE,0.5,200,TRUE,0.00225743825825325,79
39.9391014221924,0,0,39.9391014221924,47.1058907263212,16.3746525320326,77.8371289206097,58.2147371407468,22.7756410053529,93.6538332761408,123.590522312559,0,45.744583519524,0,102.429428611488,0,55.6915924132153,0,"chi","un",33,264,0.5,0,0,0,0.9,TRUE,0,FALSE,0.5,200,TRUE,0.00225743825825325,79
39.9391014221924,0,0,39.9391014221924,47.1058907263212,16.3746525320326,77.8371289206097,50.1815284882411,19.0973389632369,81.2657180132454,123.590522312559,0,45.744583519524,0,115.688218188067,0,47.8865500589612,0,"chi","un",33,264,0.5,0,0,0,0.9,TRUE,0,FALSE,0.5,200,TRUE,0.00225743825825325,79
39.9391014221924,0,0,39.9391014221924,47.1058907263212,16.3746525320326,77.8371289206097,59.0192492218651,22.5758111448566,95.4626872988737,123.590522312559,0,45.744583519524,0,164.587263023893,0,56.0994826126099,0,"chi","un",33,264,0.5,0,0,0,0.9,TRUE,0,FALSE,0.5,200,TRUE,0.00225743825825325,79
39.9391014221924,0,0,39.9391014221924,47.1058907263212,16.3746525320326,77.8371289206097,50.6437130025415,19.0391295412954,82.2482964637875,123.590522312559,0,45.744583519524,0,137.748488562322,0,48.025664004149,0,"chi","un",33,264,0.5,0,0,0,0.9,TRUE,0,FALSE,0.5,200,TRUE,0.00225743825825325,79
39.9391014221924,0,0,39.9391014221924,47.1058907263212,16.3746525320326,77.8371289206097,51.6069511194987,20.6958299628948,82.5180722761025,123.590522312559,0,45.744583519524,0,135.472862285342,0,49.6069877116677,0,"chi","un",33,264,0.5,0,0,0,0.9,TRUE,0,FALSE,0.5,200,TRUE,0.00225743825825325,79
