"var_main_effect","var_inter_effect","cov_main_inter_effect","var_total_effect","EigenPrism_main","EigenPrism_CI1","EigenPrism_CI2","sub_EigenPrism_main","sub_EigenPrism_CI1","sub_EigenPrism_CI2","GCTA_main","GCTA_inter","sub_GCTA_main","sub_GCTA_inter","x_dist","structure","p","n","main_fixed_var","main_random_var","inter_fixed_var","inter_random_var","decor","interact","combine","pro","bs","n_sub","rho_e","emp_n","inter_std","i"
9.99999999999999,0,0,0,11.1908717920597,8.33889924423861,14.0428443398808,8.63779531201414,1.39767538236687,15.8779152416614,11.2023936721023,0,8.11655729415362,0,"chi","I",1000,500,0.5,0,0,0,FALSE,0,FALSE,0.3,"leave-d",200,0.5,1e+05,TRUE,221
9.99999999999999,0,0,0,11.1908717920597,8.33889924423861,14.0428443398808,11.6614081895102,5.28285683997491,18.0399595390455,11.2023936721023,0,12.4029730202762,0,"chi","I",1000,500,0.5,0,0,0,FALSE,0,FALSE,0.3,"leave-d",200,0.5,1e+05,TRUE,221
9.99999999999999,0,0,0,11.1908717920597,8.33889924423861,14.0428443398808,15.4480999805908,7.07659273741665,23.8196072237649,11.2023936721023,0,16.6267733961684,0,"chi","I",1000,500,0.5,0,0,0,FALSE,0,FALSE,0.3,"leave-d",200,0.5,1e+05,TRUE,221
9.99999999999999,0,0,0,11.1908717920597,8.33889924423861,14.0428443398808,14.6838927767348,6.23000295166391,23.1377826018056,11.2023936721023,0,15.223337888922,0,"chi","I",1000,500,0.5,0,0,0,FALSE,0,FALSE,0.3,"leave-d",200,0.5,1e+05,TRUE,221
9.99999999999999,0,0,0,11.1908717920597,8.33889924423861,14.0428443398808,22.3330254801494,14.1489761020882,30.5170748582107,11.2023936721023,0,18.7246371778199,0,"chi","I",1000,500,0.5,0,0,0,FALSE,0,FALSE,0.3,"leave-d",200,0.5,1e+05,TRUE,221
9.99999999999999,0,0,0,11.1908717920597,8.33889924423861,14.0428443398808,5.60167048224267,-1.3510771784921,12.5544181429774,11.2023936721023,0,3.58795374019323,0,"chi","I",1000,500,0.5,0,0,0,FALSE,0,FALSE,0.3,"leave-d",200,0.5,1e+05,TRUE,221
9.99999999999999,0,0,0,11.1908717920597,8.33889924423861,14.0428443398808,10.5678414499747,2.28721223535158,18.8484706645978,11.2023936721023,0,9.58842223756498,0,"chi","I",1000,500,0.5,0,0,0,FALSE,0,FALSE,0.3,"leave-d",200,0.5,1e+05,TRUE,221
9.99999999999999,0,0,0,11.1908717920597,8.33889924423861,14.0428443398808,13.3502991959278,5.45218597918898,21.2484124126666,11.2023936721023,0,12.6365833513425,0,"chi","I",1000,500,0.5,0,0,0,FALSE,0,FALSE,0.3,"leave-d",200,0.5,1e+05,TRUE,221
9.99999999999999,0,0,0,11.1908717920597,8.33889924423861,14.0428443398808,14.5539309141167,6.44853856951032,22.6593232587231,11.2023936721023,0,14.9332529947128,0,"chi","I",1000,500,0.5,0,0,0,FALSE,0,FALSE,0.3,"leave-d",200,0.5,1e+05,TRUE,221
9.99999999999999,0,0,0,11.1908717920597,8.33889924423861,14.0428443398808,17.7158749814835,7.79214535165619,27.6396046113108,11.2023936721023,0,15.2065901852244,0,"chi","I",1000,500,0.5,0,0,0,FALSE,0,FALSE,0.3,"leave-d",200,0.5,1e+05,TRUE,221
9.99999999999999,0,0,0,11.1908717920597,8.33889924423861,14.0428443398808,7.52906397913231,0.6553274299453,14.4028005283193,11.2023936721023,0,6.98586525107294,0,"chi","I",1000,500,0.5,0,0,0,FALSE,0,FALSE,0.3,"leave-d",200,0.5,1e+05,TRUE,221
9.99999999999999,0,0,0,11.1908717920597,8.33889924423861,14.0428443398808,3.96596265644941,-3.72227649515714,11.654201808056,11.2023936721023,0,3.10167796870968,0,"chi","I",1000,500,0.5,0,0,0,FALSE,0,FALSE,0.3,"leave-d",200,0.5,1e+05,TRUE,221
9.99999999999999,0,0,0,11.1908717920597,8.33889924423861,14.0428443398808,17.1514489259841,8.91206384206519,25.390834009903,11.2023936721023,0,16.7223030826775,0,"chi","I",1000,500,0.5,0,0,0,FALSE,0,FALSE,0.3,"leave-d",200,0.5,1e+05,TRUE,221
9.99999999999999,0,0,0,11.1908717920597,8.33889924423861,14.0428443398808,6.94081630943222,-1.30215369315988,15.1837863120243,11.2023936721023,0,4.05092786864654,0,"chi","I",1000,500,0.5,0,0,0,FALSE,0,FALSE,0.3,"leave-d",200,0.5,1e+05,TRUE,221
9.99999999999999,0,0,0,11.1908717920597,8.33889924423861,14.0428443398808,23.1606835751936,14.3974508219199,31.9239163284674,11.2023936721023,0,22.0107538558951,0,"chi","I",1000,500,0.5,0,0,0,FALSE,0,FALSE,0.3,"leave-d",200,0.5,1e+05,TRUE,221
9.99999999999999,0,0,0,11.1908717920597,8.33889924423861,14.0428443398808,14.2280085664153,5.7240735626613,22.7319435701694,11.2023936721023,0,13.311168804397,0,"chi","I",1000,500,0.5,0,0,0,FALSE,0,FALSE,0.3,"leave-d",200,0.5,1e+05,TRUE,221
9.99999999999999,0,0,0,11.1908717920597,8.33889924423861,14.0428443398808,16.5426986054358,7.43811108078592,25.6472861300857,11.2023936721023,0,14.2622205147914,0,"chi","I",1000,500,0.5,0,0,0,FALSE,0,FALSE,0.3,"leave-d",200,0.5,1e+05,TRUE,221
9.99999999999999,0,0,0,11.1908717920597,8.33889924423861,14.0428443398808,16.6679794918722,8.02491338977817,25.3110455939662,11.2023936721023,0,15.25005263604,0,"chi","I",1000,500,0.5,0,0,0,FALSE,0,FALSE,0.3,"leave-d",200,0.5,1e+05,TRUE,221
9.99999999999999,0,0,0,11.1908717920597,8.33889924423861,14.0428443398808,4.74454057695559,-3.2089632501102,12.6980444040214,11.2023936721023,0,3.29292763578901,0,"chi","I",1000,500,0.5,0,0,0,FALSE,0,FALSE,0.3,"leave-d",200,0.5,1e+05,TRUE,221
9.99999999999999,0,0,0,11.1908717920597,8.33889924423861,14.0428443398808,8.16735856709112,0.658844428747037,15.6758727054352,11.2023936721023,0,7.10518182551451,0,"chi","I",1000,500,0.5,0,0,0,FALSE,0,FALSE,0.3,"leave-d",200,0.5,1e+05,TRUE,221
9.99999999999999,0,0,0,11.1908717920597,8.33889924423861,14.0428443398808,-3.03242092044561,-11.1712735020242,5.106431661133,11.2023936721023,0,0,0,"chi","I",1000,500,0.5,0,0,0,FALSE,0,FALSE,0.3,"leave-d",200,0.5,1e+05,TRUE,221
9.99999999999999,0,0,0,11.1908717920597,8.33889924423861,14.0428443398808,16.0535542966477,8.76731790917019,23.3397906841253,11.2023936721023,0,15.5220348881192,0,"chi","I",1000,500,0.5,0,0,0,FALSE,0,FALSE,0.3,"leave-d",200,0.5,1e+05,TRUE,221
9.99999999999999,0,0,0,11.1908717920597,8.33889924423861,14.0428443398808,10.3239960789226,2.13885144759963,18.5091407102456,11.2023936721023,0,9.76456583137119,0,"chi","I",1000,500,0.5,0,0,0,FALSE,0,FALSE,0.3,"leave-d",200,0.5,1e+05,TRUE,221
9.99999999999999,0,0,0,11.1908717920597,8.33889924423861,14.0428443398808,6.8336401215774,-0.00786557358581419,13.6751458167406,11.2023936721023,0,6.20487541307945,0,"chi","I",1000,500,0.5,0,0,0,FALSE,0,FALSE,0.3,"leave-d",200,0.5,1e+05,TRUE,221
9.99999999999999,0,0,0,11.1908717920597,8.33889924423861,14.0428443398808,10.7581063144287,3.79399440256279,17.7222182262947,11.2023936721023,0,10.7739779752257,0,"chi","I",1000,500,0.5,0,0,0,FALSE,0,FALSE,0.3,"leave-d",200,0.5,1e+05,TRUE,221
9.99999999999999,0,0,0,11.1908717920597,8.33889924423861,14.0428443398808,-1.72899643598518,-9.4538739126668,5.99588104069645,11.2023936721023,0,0,0,"chi","I",1000,500,0.5,0,0,0,FALSE,0,FALSE,0.3,"leave-d",200,0.5,1e+05,TRUE,221
9.99999999999999,0,0,0,11.1908717920597,8.33889924423861,14.0428443398808,11.497903839586,3.33105945086737,19.6647482283046,11.2023936721023,0,10.5470062803907,0,"chi","I",1000,500,0.5,0,0,0,FALSE,0,FALSE,0.3,"leave-d",200,0.5,1e+05,TRUE,221
9.99999999999999,0,0,0,11.1908717920597,8.33889924423861,14.0428443398808,15.5322045199771,7.48641616695713,23.577992872997,11.2023936721023,0,16.5922444943245,0,"chi","I",1000,500,0.5,0,0,0,FALSE,0,FALSE,0.3,"leave-d",200,0.5,1e+05,TRUE,221
9.99999999999999,0,0,0,11.1908717920597,8.33889924423861,14.0428443398808,19.3759569538289,10.7347004195162,28.0172134881417,11.2023936721023,0,19.4658416148122,0,"chi","I",1000,500,0.5,0,0,0,FALSE,0,FALSE,0.3,"leave-d",200,0.5,1e+05,TRUE,221
9.99999999999999,0,0,0,11.1908717920597,8.33889924423861,14.0428443398808,2.67516301019416,-4.21125193807131,9.56157795845963,11.2023936721023,0,0,0,"chi","I",1000,500,0.5,0,0,0,FALSE,0,FALSE,0.3,"leave-d",200,0.5,1e+05,TRUE,221
9.99999999999999,0,0,0,11.1908717920597,8.33889924423861,14.0428443398808,4.38793967644309,-2.3586267512054,11.1345061040916,11.2023936721023,0,3.40083598335828,0,"chi","I",1000,500,0.5,0,0,0,FALSE,0,FALSE,0.3,"leave-d",200,0.5,1e+05,TRUE,221
9.99999999999999,0,0,0,11.1908717920597,8.33889924423861,14.0428443398808,11.5861328690351,4.37967939833133,18.7925863397388,11.2023936721023,0,11.5747967326963,0,"chi","I",1000,500,0.5,0,0,0,FALSE,0,FALSE,0.3,"leave-d",200,0.5,1e+05,TRUE,221
9.99999999999999,0,0,0,11.1908717920597,8.33889924423861,14.0428443398808,9.67083059598258,1.57292070380108,17.7687404881641,11.2023936721023,0,9.00842876755418,0,"chi","I",1000,500,0.5,0,0,0,FALSE,0,FALSE,0.3,"leave-d",200,0.5,1e+05,TRUE,221
9.99999999999999,0,0,0,11.1908717920597,8.33889924423861,14.0428443398808,6.88457322330896,-1.35224605571498,15.1213925023329,11.2023936721023,0,5.77340924807994,0,"chi","I",1000,500,0.5,0,0,0,FALSE,0,FALSE,0.3,"leave-d",200,0.5,1e+05,TRUE,221
9.99999999999999,0,0,0,11.1908717920597,8.33889924423861,14.0428443398808,4.58515054255167,-3.07981689087612,12.2501179759795,11.2023936721023,0,3.68489270965468,0,"chi","I",1000,500,0.5,0,0,0,FALSE,0,FALSE,0.3,"leave-d",200,0.5,1e+05,TRUE,221
9.99999999999999,0,0,0,11.1908717920597,8.33889924423861,14.0428443398808,7.74534871822736,-1.40639580919431,16.897093245649,11.2023936721023,0,7.43271760737236,0,"chi","I",1000,500,0.5,0,0,0,FALSE,0,FALSE,0.3,"leave-d",200,0.5,1e+05,TRUE,221
9.99999999999999,0,0,0,11.1908717920597,8.33889924423861,14.0428443398808,7.4989718878545,0.0156255022232212,14.9823182734858,11.2023936721023,0,6.83512239945649,0,"chi","I",1000,500,0.5,0,0,0,FALSE,0,FALSE,0.3,"leave-d",200,0.5,1e+05,TRUE,221
9.99999999999999,0,0,0,11.1908717920597,8.33889924423861,14.0428443398808,1.17088640651113,-5.417481199727,7.75925401274925,11.2023936721023,0,1.35410872866918,0,"chi","I",1000,500,0.5,0,0,0,FALSE,0,FALSE,0.3,"leave-d",200,0.5,1e+05,TRUE,221
9.99999999999999,0,0,0,11.1908717920597,8.33889924423861,14.0428443398808,3.96674917253095,-4.50568626116206,12.439184606224,11.2023936721023,0,2.45235306606116,0,"chi","I",1000,500,0.5,0,0,0,FALSE,0,FALSE,0.3,"leave-d",200,0.5,1e+05,TRUE,221
9.99999999999999,0,0,0,11.1908717920597,8.33889924423861,14.0428443398808,8.19232744026382,-0.0504330154400474,16.4350878959677,11.2023936721023,0,6.48235943701441,0,"chi","I",1000,500,0.5,0,0,0,FALSE,0,FALSE,0.3,"leave-d",200,0.5,1e+05,TRUE,221
9.99999999999999,0,0,0,11.1908717920597,8.33889924423861,14.0428443398808,8.88045185095396,1.21528525353243,16.5456184483755,11.2023936721023,0,8.26198287930407,0,"chi","I",1000,500,0.5,0,0,0,FALSE,0,FALSE,0.3,"leave-d",200,0.5,1e+05,TRUE,221
9.99999999999999,0,0,0,11.1908717920597,8.33889924423861,14.0428443398808,-0.843060457397834,-9.43456376336628,7.74844284857061,11.2023936721023,0,0,0,"chi","I",1000,500,0.5,0,0,0,FALSE,0,FALSE,0.3,"leave-d",200,0.5,1e+05,TRUE,221
9.99999999999999,0,0,0,11.1908717920597,8.33889924423861,14.0428443398808,13.3810917015338,6.49417872069045,20.2680046823772,11.2023936721023,0,15.118404421452,0,"chi","I",1000,500,0.5,0,0,0,FALSE,0,FALSE,0.3,"leave-d",200,0.5,1e+05,TRUE,221
9.99999999999999,0,0,0,11.1908717920597,8.33889924423861,14.0428443398808,13.7358969079838,6.26324437869828,21.2085494372694,11.2023936721023,0,13.7006123491941,0,"chi","I",1000,500,0.5,0,0,0,FALSE,0,FALSE,0.3,"leave-d",200,0.5,1e+05,TRUE,221
9.99999999999999,0,0,0,11.1908717920597,8.33889924423861,14.0428443398808,5.98058546878609,-1.52577980579786,13.48695074337,11.2023936721023,0,3.79392066679745,0,"chi","I",1000,500,0.5,0,0,0,FALSE,0,FALSE,0.3,"leave-d",200,0.5,1e+05,TRUE,221
9.99999999999999,0,0,0,11.1908717920597,8.33889924423861,14.0428443398808,11.0033930265131,2.71209000308016,19.294696049946,11.2023936721023,0,11.5439117846096,0,"chi","I",1000,500,0.5,0,0,0,FALSE,0,FALSE,0.3,"leave-d",200,0.5,1e+05,TRUE,221
9.99999999999999,0,0,0,11.1908717920597,8.33889924423861,14.0428443398808,13.7545847975509,6.31864404628814,21.1905255488136,11.2023936721023,0,16.7838351078348,0,"chi","I",1000,500,0.5,0,0,0,FALSE,0,FALSE,0.3,"leave-d",200,0.5,1e+05,TRUE,221
9.99999999999999,0,0,0,11.1908717920597,8.33889924423861,14.0428443398808,23.8491273088954,14.3376815762907,33.3605730415,11.2023936721023,0,22.673664652797,0,"chi","I",1000,500,0.5,0,0,0,FALSE,0,FALSE,0.3,"leave-d",200,0.5,1e+05,TRUE,221
9.99999999999999,0,0,0,11.1908717920597,8.33889924423861,14.0428443398808,7.65184323590585,0.0261589148927914,15.2775275569189,11.2023936721023,0,6.53246455222138,0,"chi","I",1000,500,0.5,0,0,0,FALSE,0,FALSE,0.3,"leave-d",200,0.5,1e+05,TRUE,221
9.99999999999999,0,0,0,11.1908717920597,8.33889924423861,14.0428443398808,11.6008654185431,2.89942964955183,20.3023011875343,11.2023936721023,0,11.438003780765,0,"chi","I",1000,500,0.5,0,0,0,FALSE,0,FALSE,0.3,"leave-d",200,0.5,1e+05,TRUE,221
9.99999999999999,0,0,0,11.1908717920597,8.33889924423861,14.0428443398808,10.0329364438235,2.26486697838339,17.8010059092636,11.2023936721023,0,10.753868764116,0,"chi","I",1000,500,0.5,0,0,0,FALSE,0,FALSE,0.3,"leave-d",200,0.5,1e+05,TRUE,221
9.99999999999999,0,0,0,11.1908717920597,8.33889924423861,14.0428443398808,0.355701924314038,-7.22827542128167,7.93967926990975,11.2023936721023,0,0,0,"chi","I",1000,500,0.5,0,0,0,FALSE,0,FALSE,0.3,"leave-d",200,0.5,1e+05,TRUE,221
9.99999999999999,0,0,0,11.1908717920597,8.33889924423861,14.0428443398808,20.5382905316718,12.2731116754347,28.8034693879089,11.2023936721023,0,19.591540278364,0,"chi","I",1000,500,0.5,0,0,0,FALSE,0,FALSE,0.3,"leave-d",200,0.5,1e+05,TRUE,221
9.99999999999999,0,0,0,11.1908717920597,8.33889924423861,14.0428443398808,9.34235375429439,0.871781511327685,17.8129259972611,11.2023936721023,0,8.35256418483926,0,"chi","I",1000,500,0.5,0,0,0,FALSE,0,FALSE,0.3,"leave-d",200,0.5,1e+05,TRUE,221
9.99999999999999,0,0,0,11.1908717920597,8.33889924423861,14.0428443398808,6.4147918361319,-0.713455146137727,13.5430388184015,11.2023936721023,0,4.97083159552375,0,"chi","I",1000,500,0.5,0,0,0,FALSE,0,FALSE,0.3,"leave-d",200,0.5,1e+05,TRUE,221
9.99999999999999,0,0,0,11.1908717920597,8.33889924423861,14.0428443398808,21.7398732021615,13.3624449511828,30.1173014531402,11.2023936721023,0,19.547820169931,0,"chi","I",1000,500,0.5,0,0,0,FALSE,0,FALSE,0.3,"leave-d",200,0.5,1e+05,TRUE,221
9.99999999999999,0,0,0,11.1908717920597,8.33889924423861,14.0428443398808,15.4037272587416,7.06250930876424,23.744945208719,11.2023936721023,0,17.6383992652719,0,"chi","I",1000,500,0.5,0,0,0,FALSE,0,FALSE,0.3,"leave-d",200,0.5,1e+05,TRUE,221
9.99999999999999,0,0,0,11.1908717920597,8.33889924423861,14.0428443398808,2.05473634109432,-5.42388175265199,9.53335443484063,11.2023936721023,0,1.3944570058227,0,"chi","I",1000,500,0.5,0,0,0,FALSE,0,FALSE,0.3,"leave-d",200,0.5,1e+05,TRUE,221
9.99999999999999,0,0,0,11.1908717920597,8.33889924423861,14.0428443398808,11.6733330016035,4.17744492793328,19.1692210752737,11.2023936721023,0,10.757357644755,0,"chi","I",1000,500,0.5,0,0,0,FALSE,0,FALSE,0.3,"leave-d",200,0.5,1e+05,TRUE,221
9.99999999999999,0,0,0,11.1908717920597,8.33889924423861,14.0428443398808,18.6793299515097,9.91737719379138,27.441282709228,11.2023936721023,0,21.6718850829291,0,"chi","I",1000,500,0.5,0,0,0,FALSE,0,FALSE,0.3,"leave-d",200,0.5,1e+05,TRUE,221
9.99999999999999,0,0,0,11.1908717920597,8.33889924423861,14.0428443398808,9.43354288869387,1.09218864779043,17.7748971295973,11.2023936721023,0,8.42778632975659,0,"chi","I",1000,500,0.5,0,0,0,FALSE,0,FALSE,0.3,"leave-d",200,0.5,1e+05,TRUE,221
9.99999999999999,0,0,0,11.1908717920597,8.33889924423861,14.0428443398808,3.08866886494314,-4.19992820474908,10.3772659346354,11.2023936721023,0,0,0,"chi","I",1000,500,0.5,0,0,0,FALSE,0,FALSE,0.3,"leave-d",200,0.5,1e+05,TRUE,221
9.99999999999999,0,0,0,11.1908717920597,8.33889924423861,14.0428443398808,8.54907721780582,0.741410532380316,16.3567439032313,11.2023936721023,0,7.58306871202929,0,"chi","I",1000,500,0.5,0,0,0,FALSE,0,FALSE,0.3,"leave-d",200,0.5,1e+05,TRUE,221
9.99999999999999,0,0,0,11.1908717920597,8.33889924423861,14.0428443398808,6.26634583022615,-0.585504572335746,13.1181962327881,11.2023936721023,0,6.03006837784272,0,"chi","I",1000,500,0.5,0,0,0,FALSE,0,FALSE,0.3,"leave-d",200,0.5,1e+05,TRUE,221
9.99999999999999,0,0,0,11.1908717920597,8.33889924423861,14.0428443398808,14.3272834779538,6.62063336911958,22.033933586788,11.2023936721023,0,13.7690154924218,0,"chi","I",1000,500,0.5,0,0,0,FALSE,0,FALSE,0.3,"leave-d",200,0.5,1e+05,TRUE,221
9.99999999999999,0,0,0,11.1908717920597,8.33889924423861,14.0428443398808,19.5863771918584,10.8189594292001,28.3537949545167,11.2023936721023,0,21.3163178519815,0,"chi","I",1000,500,0.5,0,0,0,FALSE,0,FALSE,0.3,"leave-d",200,0.5,1e+05,TRUE,221
9.99999999999999,0,0,0,11.1908717920597,8.33889924423861,14.0428443398808,14.5452527668199,5.90804352972905,23.1824620039107,11.2023936721023,0,15.3658062217461,0,"chi","I",1000,500,0.5,0,0,0,FALSE,0,FALSE,0.3,"leave-d",200,0.5,1e+05,TRUE,221
9.99999999999999,0,0,0,11.1908717920597,8.33889924423861,14.0428443398808,17.464750882425,8.81044756222764,26.1190542026224,11.2023936721023,0,17.1261102203817,0,"chi","I",1000,500,0.5,0,0,0,FALSE,0,FALSE,0.3,"leave-d",200,0.5,1e+05,TRUE,221
9.99999999999999,0,0,0,11.1908717920597,8.33889924423861,14.0428443398808,9.12718999670159,0.962695483390853,17.2916845100123,11.2023936721023,0,8.21896312121289,0,"chi","I",1000,500,0.5,0,0,0,FALSE,0,FALSE,0.3,"leave-d",200,0.5,1e+05,TRUE,221
9.99999999999999,0,0,0,11.1908717920597,8.33889924423861,14.0428443398808,6.72663271817603,-1.33840678635884,14.7916722227109,11.2023936721023,0,6.02599211598829,0,"chi","I",1000,500,0.5,0,0,0,FALSE,0,FALSE,0.3,"leave-d",200,0.5,1e+05,TRUE,221
9.99999999999999,0,0,0,11.1908717920597,8.33889924423861,14.0428443398808,10.2070795485784,1.85595212805673,18.5582069691001,11.2023936721023,0,10.19998047101,0,"chi","I",1000,500,0.5,0,0,0,FALSE,0,FALSE,0.3,"leave-d",200,0.5,1e+05,TRUE,221
9.99999999999999,0,0,0,11.1908717920597,8.33889924423861,14.0428443398808,11.1675562068835,2.58082648737172,19.7542859263954,11.2023936721023,0,10.5301520793235,0,"chi","I",1000,500,0.5,0,0,0,FALSE,0,FALSE,0.3,"leave-d",200,0.5,1e+05,TRUE,221
9.99999999999999,0,0,0,11.1908717920597,8.33889924423861,14.0428443398808,4.08248125487218,-3.28661405517093,11.4515765649153,11.2023936721023,0,3.30118536834802,0,"chi","I",1000,500,0.5,0,0,0,FALSE,0,FALSE,0.3,"leave-d",200,0.5,1e+05,TRUE,221
9.99999999999999,0,0,0,11.1908717920597,8.33889924423861,14.0428443398808,0.456750097380038,-7.06085216419979,7.97435235895987,11.2023936721023,0,0,0,"chi","I",1000,500,0.5,0,0,0,FALSE,0,FALSE,0.3,"leave-d",200,0.5,1e+05,TRUE,221
9.99999999999999,0,0,0,11.1908717920597,8.33889924423861,14.0428443398808,16.2163964785998,7.59044569398507,24.8423472632145,11.2023936721023,0,16.0273572706615,0,"chi","I",1000,500,0.5,0,0,0,FALSE,0,FALSE,0.3,"leave-d",200,0.5,1e+05,TRUE,221
9.99999999999999,0,0,0,11.1908717920597,8.33889924423861,14.0428443398808,15.5327212819901,7.77607392071638,23.2893686432638,11.2023936721023,0,16.1073749828459,0,"chi","I",1000,500,0.5,0,0,0,FALSE,0,FALSE,0.3,"leave-d",200,0.5,1e+05,TRUE,221
9.99999999999999,0,0,0,11.1908717920597,8.33889924423861,14.0428443398808,9.99243418446134,1.58807497534828,18.3967933935744,11.2023936721023,0,8.90548095263547,0,"chi","I",1000,500,0.5,0,0,0,FALSE,0,FALSE,0.3,"leave-d",200,0.5,1e+05,TRUE,221
9.99999999999999,0,0,0,11.1908717920597,8.33889924423861,14.0428443398808,4.81697070438892,-2.71463347625061,12.3485748850284,11.2023936721023,0,3.43704268989233,0,"chi","I",1000,500,0.5,0,0,0,FALSE,0,FALSE,0.3,"leave-d",200,0.5,1e+05,TRUE,221
9.99999999999999,0,0,0,11.1908717920597,8.33889924423861,14.0428443398808,15.9047408601702,7.23750454135454,24.5719771789858,11.2023936721023,0,14.746291795577,0,"chi","I",1000,500,0.5,0,0,0,FALSE,0,FALSE,0.3,"leave-d",200,0.5,1e+05,TRUE,221
9.99999999999999,0,0,0,11.1908717920597,8.33889924423861,14.0428443398808,2.19121538874552,-5.20148559105365,9.5839163685447,11.2023936721023,0,2.55638572268135,0,"chi","I",1000,500,0.5,0,0,0,FALSE,0,FALSE,0.3,"leave-d",200,0.5,1e+05,TRUE,221
9.99999999999999,0,0,0,11.1908717920597,8.33889924423861,14.0428443398808,14.0531598853169,6.69824999777193,21.4080697728619,11.2023936721023,0,15.7932319013733,0,"chi","I",1000,500,0.5,0,0,0,FALSE,0,FALSE,0.3,"leave-d",200,0.5,1e+05,TRUE,221
9.99999999999999,0,0,0,11.1908717920597,8.33889924423861,14.0428443398808,3.96241802081772,-2.79929722139906,10.7241332630345,11.2023936721023,0,2.58349916411494,0,"chi","I",1000,500,0.5,0,0,0,FALSE,0,FALSE,0.3,"leave-d",200,0.5,1e+05,TRUE,221
9.99999999999999,0,0,0,11.1908717920597,8.33889924423861,14.0428443398808,12.1727110329151,3.13484825472946,21.2105738111007,11.2023936721023,0,11.3082238639929,0,"chi","I",1000,500,0.5,0,0,0,FALSE,0,FALSE,0.3,"leave-d",200,0.5,1e+05,TRUE,221
9.99999999999999,0,0,0,11.1908717920597,8.33889924423861,14.0428443398808,13.013506894585,6.00328335771557,20.0237304314544,11.2023936721023,0,14.7062214665237,0,"chi","I",1000,500,0.5,0,0,0,FALSE,0,FALSE,0.3,"leave-d",200,0.5,1e+05,TRUE,221
9.99999999999999,0,0,0,11.1908717920597,8.33889924423861,14.0428443398808,11.0308684533079,3.96365419772715,18.0980827088886,11.2023936721023,0,11.9400538163615,0,"chi","I",1000,500,0.5,0,0,0,FALSE,0,FALSE,0.3,"leave-d",200,0.5,1e+05,TRUE,221
9.99999999999999,0,0,0,11.1908717920597,8.33889924423861,14.0428443398808,14.3192425086675,6.56993618011165,22.0685488372234,11.2023936721023,0,12.4968084316985,0,"chi","I",1000,500,0.5,0,0,0,FALSE,0,FALSE,0.3,"leave-d",200,0.5,1e+05,TRUE,221
9.99999999999999,0,0,0,11.1908717920597,8.33889924423861,14.0428443398808,9.49649990846393,1.91768636138366,17.0753134555442,11.2023936721023,0,8.85241385993668,0,"chi","I",1000,500,0.5,0,0,0,FALSE,0,FALSE,0.3,"leave-d",200,0.5,1e+05,TRUE,221
9.99999999999999,0,0,0,11.1908717920597,8.33889924423861,14.0428443398808,7.8929207821571,-1.9662876236429,17.7521291879571,11.2023936721023,0,5.27748474693207,0,"chi","I",1000,500,0.5,0,0,0,FALSE,0,FALSE,0.3,"leave-d",200,0.5,1e+05,TRUE,221
9.99999999999999,0,0,0,11.1908717920597,8.33889924423861,14.0428443398808,12.7589313373958,5.03573527356678,20.4821274012248,11.2023936721023,0,11.6454879722466,0,"chi","I",1000,500,0.5,0,0,0,FALSE,0,FALSE,0.3,"leave-d",200,0.5,1e+05,TRUE,221
9.99999999999999,0,0,0,11.1908717920597,8.33889924423861,14.0428443398808,10.9656476907585,2.62330485010173,19.3079905314153,11.2023936721023,0,10.2646106998943,0,"chi","I",1000,500,0.5,0,0,0,FALSE,0,FALSE,0.3,"leave-d",200,0.5,1e+05,TRUE,221
9.99999999999999,0,0,0,11.1908717920597,8.33889924423861,14.0428443398808,14.1596388161575,6.64572810923273,21.6735495230822,11.2023936721023,0,13.5754147936774,0,"chi","I",1000,500,0.5,0,0,0,FALSE,0,FALSE,0.3,"leave-d",200,0.5,1e+05,TRUE,221
9.99999999999999,0,0,0,11.1908717920597,8.33889924423861,14.0428443398808,12.3139041642107,5.58963791887008,19.0381704095513,11.2023936721023,0,11.2534292824733,0,"chi","I",1000,500,0.5,0,0,0,FALSE,0,FALSE,0.3,"leave-d",200,0.5,1e+05,TRUE,221
9.99999999999999,0,0,0,11.1908717920597,8.33889924423861,14.0428443398808,19.984288318561,11.8196318550671,28.1489447820549,11.2023936721023,0,20.7596059048279,0,"chi","I",1000,500,0.5,0,0,0,FALSE,0,FALSE,0.3,"leave-d",200,0.5,1e+05,TRUE,221
9.99999999999999,0,0,0,11.1908717920597,8.33889924423861,14.0428443398808,10.9694214270962,2.92316065150425,19.0156822026881,11.2023936721023,0,10.1768569240334,0,"chi","I",1000,500,0.5,0,0,0,FALSE,0,FALSE,0.3,"leave-d",200,0.5,1e+05,TRUE,221
9.99999999999999,0,0,0,11.1908717920597,8.33889924423861,14.0428443398808,18.2726127831891,10.524655116387,26.0205704499913,11.2023936721023,0,19.4602323359474,0,"chi","I",1000,500,0.5,0,0,0,FALSE,0,FALSE,0.3,"leave-d",200,0.5,1e+05,TRUE,221
9.99999999999999,0,0,0,11.1908717920597,8.33889924423861,14.0428443398808,12.2018862636303,4.7186145991326,19.685157928128,11.2023936721023,0,11.7785179108387,0,"chi","I",1000,500,0.5,0,0,0,FALSE,0,FALSE,0.3,"leave-d",200,0.5,1e+05,TRUE,221
9.99999999999999,0,0,0,11.1908717920597,8.33889924423861,14.0428443398808,12.1428585235882,3.11232301351241,21.1733940336641,11.2023936721023,0,12.1833389892853,0,"chi","I",1000,500,0.5,0,0,0,FALSE,0,FALSE,0.3,"leave-d",200,0.5,1e+05,TRUE,221
9.99999999999999,0,0,0,11.1908717920597,8.33889924423861,14.0428443398808,11.6500884986093,4.64396034867867,18.65621664854,11.2023936721023,0,10.4555218204241,0,"chi","I",1000,500,0.5,0,0,0,FALSE,0,FALSE,0.3,"leave-d",200,0.5,1e+05,TRUE,221
9.99999999999999,0,0,0,11.1908717920597,8.33889924423861,14.0428443398808,5.98149376202407,-1.67444354608321,13.6374310701313,11.2023936721023,0,3.56339306828393,0,"chi","I",1000,500,0.5,0,0,0,FALSE,0,FALSE,0.3,"leave-d",200,0.5,1e+05,TRUE,221
9.99999999999999,0,0,0,11.1908717920597,8.33889924423861,14.0428443398808,5.60775755553461,-2.02167366792909,13.2371887789983,11.2023936721023,0,3.3082820816216,0,"chi","I",1000,500,0.5,0,0,0,FALSE,0,FALSE,0.3,"leave-d",200,0.5,1e+05,TRUE,221
9.99999999999999,0,0,0,11.1908717920597,8.33889924423861,14.0428443398808,9.55336860710502,0.845122609701344,18.2616146045087,11.2023936721023,0,8.72349318306634,0,"chi","I",1000,500,0.5,0,0,0,FALSE,0,FALSE,0.3,"leave-d",200,0.5,1e+05,TRUE,221
9.99999999999999,0,0,0,11.1908717920597,8.33889924423861,14.0428443398808,11.2762827225351,2.54316792686603,20.0093975182041,11.2023936721023,0,10.2594253442149,0,"chi","I",1000,500,0.5,0,0,0,FALSE,0,FALSE,0.3,"leave-d",200,0.5,1e+05,TRUE,221
9.99999999999999,0,0,0,11.1908717920597,8.33889924423861,14.0428443398808,10.7522691246836,2.72893150694838,18.7756067424189,11.2023936721023,0,9.64220504915197,0,"chi","I",1000,500,0.5,0,0,0,FALSE,0,FALSE,0.3,"leave-d",200,0.5,1e+05,TRUE,221
9.99999999999999,0,0,0,11.1908717920597,8.33889924423861,14.0428443398808,4.30304200916281,-3.61108954614938,12.217173564475,11.2023936721023,0,1.17970069802354,0,"chi","I",1000,500,0.5,0,0,0,FALSE,0,FALSE,0.3,"leave-d",200,0.5,1e+05,TRUE,221
9.99999999999999,0,0,0,11.1908717920597,8.33889924423861,14.0428443398808,1.9148252353342,-5.70009081444348,9.52974128511189,11.2023936721023,0,0,0,"chi","I",1000,500,0.5,0,0,0,FALSE,0,FALSE,0.3,"leave-d",200,0.5,1e+05,TRUE,221
9.99999999999999,0,0,0,11.1908717920597,8.33889924423861,14.0428443398808,5.34844053494404,-0.972567378740316,11.6694484486284,11.2023936721023,0,5.09333386528886,0,"chi","I",1000,500,0.5,0,0,0,FALSE,0,FALSE,0.3,"leave-d",200,0.5,1e+05,TRUE,221
9.99999999999999,0,0,0,11.1908717920597,8.33889924423861,14.0428443398808,13.7924035768661,7.22510234635675,20.3597048073755,11.2023936721023,0,13.814815977996,0,"chi","I",1000,500,0.5,0,0,0,FALSE,0,FALSE,0.3,"leave-d",200,0.5,1e+05,TRUE,221
9.99999999999999,0,0,0,11.1908717920597,8.33889924423861,14.0428443398808,6.84855765388085,1.62605563895629,12.0710596688054,11.2023936721023,0,6.90218119416135,0,"chi","I",1000,500,0.5,0,0,0,FALSE,0,FALSE,0.3,"leave-d",200,0.5,1e+05,TRUE,221
9.99999999999999,0,0,0,11.1908717920597,8.33889924423861,14.0428443398808,26.5916272889876,18.3677686242448,34.8154859537304,11.2023936721023,0,19.680780260309,0,"chi","I",1000,500,0.5,0,0,0,FALSE,0,FALSE,0.3,"leave-d",200,0.5,1e+05,TRUE,221
9.99999999999999,0,0,0,11.1908717920597,8.33889924423861,14.0428443398808,13.2198477226346,5.52470651071132,20.9149889345579,11.2023936721023,0,13.6194604337822,0,"chi","I",1000,500,0.5,0,0,0,FALSE,0,FALSE,0.3,"leave-d",200,0.5,1e+05,TRUE,221
9.99999999999999,0,0,0,11.1908717920597,8.33889924423861,14.0428443398808,1.89011513281542,-5.25519780772512,9.03542807335597,11.2023936721023,0,1.07734912062866,0,"chi","I",1000,500,0.5,0,0,0,FALSE,0,FALSE,0.3,"leave-d",200,0.5,1e+05,TRUE,221
9.99999999999999,0,0,0,11.1908717920597,8.33889924423861,14.0428443398808,13.9199032380856,5.12732340978684,22.7124830663844,11.2023936721023,0,16.4113674428591,0,"chi","I",1000,500,0.5,0,0,0,FALSE,0,FALSE,0.3,"leave-d",200,0.5,1e+05,TRUE,221
9.99999999999999,0,0,0,11.1908717920597,8.33889924423861,14.0428443398808,15.8027283069186,7.85656011270934,23.7488965011279,11.2023936721023,0,13.3923686390972,0,"chi","I",1000,500,0.5,0,0,0,FALSE,0,FALSE,0.3,"leave-d",200,0.5,1e+05,TRUE,221
9.99999999999999,0,0,0,11.1908717920597,8.33889924423861,14.0428443398808,12.6347013685603,5.14707322872597,20.1223295083947,11.2023936721023,0,11.0524178436544,0,"chi","I",1000,500,0.5,0,0,0,FALSE,0,FALSE,0.3,"leave-d",200,0.5,1e+05,TRUE,221
9.99999999999999,0,0,0,11.1908717920597,8.33889924423861,14.0428443398808,-2.25367938187066,-9.71794284670468,5.21058408296335,11.2023936721023,0,0,0,"chi","I",1000,500,0.5,0,0,0,FALSE,0,FALSE,0.3,"leave-d",200,0.5,1e+05,TRUE,221
9.99999999999999,0,0,0,11.1908717920597,8.33889924423861,14.0428443398808,7.44187605909206,-0.644358669166194,15.5281107873503,11.2023936721023,0,5.60419371879135,0,"chi","I",1000,500,0.5,0,0,0,FALSE,0,FALSE,0.3,"leave-d",200,0.5,1e+05,TRUE,221
9.99999999999999,0,0,0,11.1908717920597,8.33889924423861,14.0428443398808,20.1065211079466,11.007384215875,29.2056580000182,11.2023936721023,0,19.2233210806805,0,"chi","I",1000,500,0.5,0,0,0,FALSE,0,FALSE,0.3,"leave-d",200,0.5,1e+05,TRUE,221
9.99999999999999,0,0,0,11.1908717920597,8.33889924423861,14.0428443398808,6.06716319982231,-0.704064255114857,12.8383906547595,11.2023936721023,0,5.11004341735738,0,"chi","I",1000,500,0.5,0,0,0,FALSE,0,FALSE,0.3,"leave-d",200,0.5,1e+05,TRUE,221
9.99999999999999,0,0,0,11.1908717920597,8.33889924423861,14.0428443398808,5.91084220068056,-1.35023816494944,13.1719225663105,11.2023936721023,0,4.00411280585744,0,"chi","I",1000,500,0.5,0,0,0,FALSE,0,FALSE,0.3,"leave-d",200,0.5,1e+05,TRUE,221
9.99999999999999,0,0,0,11.1908717920597,8.33889924423861,14.0428443398808,15.6272351302684,6.80720959475599,24.4472606657807,11.2023936721023,0,15.0897604358787,0,"chi","I",1000,500,0.5,0,0,0,FALSE,0,FALSE,0.3,"leave-d",200,0.5,1e+05,TRUE,221
9.99999999999999,0,0,0,11.1908717920597,8.33889924423861,14.0428443398808,14.3477955443221,5.94804769206532,22.7475433965788,11.2023936721023,0,12.8204123466653,0,"chi","I",1000,500,0.5,0,0,0,FALSE,0,FALSE,0.3,"leave-d",200,0.5,1e+05,TRUE,221
9.99999999999999,0,0,0,11.1908717920597,8.33889924423861,14.0428443398808,13.5837723925819,4.34576857026704,22.8217762148968,11.2023936721023,0,12.8305427280856,0,"chi","I",1000,500,0.5,0,0,0,FALSE,0,FALSE,0.3,"leave-d",200,0.5,1e+05,TRUE,221
9.99999999999999,0,0,0,11.1908717920597,8.33889924423861,14.0428443398808,7.58631577370855,-1.43049494216505,16.6031264895822,11.2023936721023,0,5.84760589033277,0,"chi","I",1000,500,0.5,0,0,0,FALSE,0,FALSE,0.3,"leave-d",200,0.5,1e+05,TRUE,221
9.99999999999999,0,0,0,11.1908717920597,8.33889924423861,14.0428443398808,13.2693909867601,4.99843147150348,21.5403505020167,11.2023936721023,0,13.9947837619148,0,"chi","I",1000,500,0.5,0,0,0,FALSE,0,FALSE,0.3,"leave-d",200,0.5,1e+05,TRUE,221
9.99999999999999,0,0,0,11.1908717920597,8.33889924423861,14.0428443398808,15.8790776333296,8.1599507490907,23.5982045175684,11.2023936721023,0,14.5579468426845,0,"chi","I",1000,500,0.5,0,0,0,FALSE,0,FALSE,0.3,"leave-d",200,0.5,1e+05,TRUE,221
9.99999999999999,0,0,0,11.1908717920597,8.33889924423861,14.0428443398808,17.9987896086931,10.2804397912667,25.7171394261195,11.2023936721023,0,19.6448041601936,0,"chi","I",1000,500,0.5,0,0,0,FALSE,0,FALSE,0.3,"leave-d",200,0.5,1e+05,TRUE,221
9.99999999999999,0,0,0,11.1908717920597,8.33889924423861,14.0428443398808,13.1793858695752,5.00808698447257,21.3506847546779,11.2023936721023,0,13.461046635316,0,"chi","I",1000,500,0.5,0,0,0,FALSE,0,FALSE,0.3,"leave-d",200,0.5,1e+05,TRUE,221
9.99999999999999,0,0,0,11.1908717920597,8.33889924423861,14.0428443398808,1.70336059535132,-6.06861070949717,9.47533190019981,11.2023936721023,0,0,0,"chi","I",1000,500,0.5,0,0,0,FALSE,0,FALSE,0.3,"leave-d",200,0.5,1e+05,TRUE,221
9.99999999999999,0,0,0,11.1908717920597,8.33889924423861,14.0428443398808,8.92381703051148,1.10351411535287,16.7441199456701,11.2023936721023,0,7.68453353857916,0,"chi","I",1000,500,0.5,0,0,0,FALSE,0,FALSE,0.3,"leave-d",200,0.5,1e+05,TRUE,221
9.99999999999999,0,0,0,11.1908717920597,8.33889924423861,14.0428443398808,11.6101271216734,4.07215769162055,19.1480965517263,11.2023936721023,0,12.1699549842114,0,"chi","I",1000,500,0.5,0,0,0,FALSE,0,FALSE,0.3,"leave-d",200,0.5,1e+05,TRUE,221
9.99999999999999,0,0,0,11.1908717920597,8.33889924423861,14.0428443398808,11.9390713782878,4.97264809287774,18.9054946636979,11.2023936721023,0,11.6245525378543,0,"chi","I",1000,500,0.5,0,0,0,FALSE,0,FALSE,0.3,"leave-d",200,0.5,1e+05,TRUE,221
9.99999999999999,0,0,0,11.1908717920597,8.33889924423861,14.0428443398808,13.0357654956006,5.2725264753089,20.7990045158923,11.2023936721023,0,11.5154660114117,0,"chi","I",1000,500,0.5,0,0,0,FALSE,0,FALSE,0.3,"leave-d",200,0.5,1e+05,TRUE,221
9.99999999999999,0,0,0,11.1908717920597,8.33889924423861,14.0428443398808,6.04951746974741,-0.234072237075168,12.33310717657,11.2023936721023,0,5.59158039073614,0,"chi","I",1000,500,0.5,0,0,0,FALSE,0,FALSE,0.3,"leave-d",200,0.5,1e+05,TRUE,221
9.99999999999999,0,0,0,11.1908717920597,8.33889924423861,14.0428443398808,2.71548139313957,-5.07035474599195,10.5013175322711,11.2023936721023,0,0,0,"chi","I",1000,500,0.5,0,0,0,FALSE,0,FALSE,0.3,"leave-d",200,0.5,1e+05,TRUE,221
9.99999999999999,0,0,0,11.1908717920597,8.33889924423861,14.0428443398808,14.7769419625803,6.68396256201137,22.8699213631492,11.2023936721023,0,13.572488850159,0,"chi","I",1000,500,0.5,0,0,0,FALSE,0,FALSE,0.3,"leave-d",200,0.5,1e+05,TRUE,221
9.99999999999999,0,0,0,11.1908717920597,8.33889924423861,14.0428443398808,2.62913431640325,-5.05917218165737,10.3174408144639,11.2023936721023,0,0,0,"chi","I",1000,500,0.5,0,0,0,FALSE,0,FALSE,0.3,"leave-d",200,0.5,1e+05,TRUE,221
9.99999999999999,0,0,0,11.1908717920597,8.33889924423861,14.0428443398808,20.8520611472598,11.3719921917336,30.3321301027859,11.2023936721023,0,17.2862770089985,0,"chi","I",1000,500,0.5,0,0,0,FALSE,0,FALSE,0.3,"leave-d",200,0.5,1e+05,TRUE,221
9.99999999999999,0,0,0,11.1908717920597,8.33889924423861,14.0428443398808,-6.15880541935882,-14.403479778236,2.08586893951833,11.2023936721023,0,0,0,"chi","I",1000,500,0.5,0,0,0,FALSE,0,FALSE,0.3,"leave-d",200,0.5,1e+05,TRUE,221
9.99999999999999,0,0,0,11.1908717920597,8.33889924423861,14.0428443398808,10.4441344539201,3.66089549505409,17.2273734127861,11.2023936721023,0,9.80152216418127,0,"chi","I",1000,500,0.5,0,0,0,FALSE,0,FALSE,0.3,"leave-d",200,0.5,1e+05,TRUE,221
9.99999999999999,0,0,0,11.1908717920597,8.33889924423861,14.0428443398808,9.08302591951823,1.96128728725764,16.2047645517788,11.2023936721023,0,8.82115337635959,0,"chi","I",1000,500,0.5,0,0,0,FALSE,0,FALSE,0.3,"leave-d",200,0.5,1e+05,TRUE,221
9.99999999999999,0,0,0,11.1908717920597,8.33889924423861,14.0428443398808,11.4115281570802,3.88806575798423,18.9349905561761,11.2023936721023,0,11.6461935808958,0,"chi","I",1000,500,0.5,0,0,0,FALSE,0,FALSE,0.3,"leave-d",200,0.5,1e+05,TRUE,221
9.99999999999999,0,0,0,11.1908717920597,8.33889924423861,14.0428443398808,14.451670220903,6.93922465712688,21.964115784679,11.2023936721023,0,13.7923674981838,0,"chi","I",1000,500,0.5,0,0,0,FALSE,0,FALSE,0.3,"leave-d",200,0.5,1e+05,TRUE,221
9.99999999999999,0,0,0,11.1908717920597,8.33889924423861,14.0428443398808,4.40146229599902,-3.4599866521757,12.2629112441737,11.2023936721023,0,2.87202088624467,0,"chi","I",1000,500,0.5,0,0,0,FALSE,0,FALSE,0.3,"leave-d",200,0.5,1e+05,TRUE,221
9.99999999999999,0,0,0,11.1908717920597,8.33889924423861,14.0428443398808,8.9710411866997,0.324784085742992,17.6172982876564,11.2023936721023,0,7.3686354168617,0,"chi","I",1000,500,0.5,0,0,0,FALSE,0,FALSE,0.3,"leave-d",200,0.5,1e+05,TRUE,221
9.99999999999999,0,0,0,11.1908717920597,8.33889924423861,14.0428443398808,2.42936426958415,-4.80136598912354,9.66009452829184,11.2023936721023,0,0.0447460911793997,0,"chi","I",1000,500,0.5,0,0,0,FALSE,0,FALSE,0.3,"leave-d",200,0.5,1e+05,TRUE,221
9.99999999999999,0,0,0,11.1908717920597,8.33889924423861,14.0428443398808,9.63938128038134,2.55015779587686,16.7286047648858,11.2023936721023,0,9.59152373154626,0,"chi","I",1000,500,0.5,0,0,0,FALSE,0,FALSE,0.3,"leave-d",200,0.5,1e+05,TRUE,221
9.99999999999999,0,0,0,11.1908717920597,8.33889924423861,14.0428443398808,19.3234691780012,10.7627869939266,27.8841513620758,11.2023936721023,0,19.0508283206193,0,"chi","I",1000,500,0.5,0,0,0,FALSE,0,FALSE,0.3,"leave-d",200,0.5,1e+05,TRUE,221
9.99999999999999,0,0,0,11.1908717920597,8.33889924423861,14.0428443398808,7.55991905051123,0.570005259362565,14.5498328416599,11.2023936721023,0,6.95404481312592,0,"chi","I",1000,500,0.5,0,0,0,FALSE,0,FALSE,0.3,"leave-d",200,0.5,1e+05,TRUE,221
9.99999999999999,0,0,0,11.1908717920597,8.33889924423861,14.0428443398808,8.3397858241759,1.37481478572365,15.3047568626281,11.2023936721023,0,7.46903764849791,0,"chi","I",1000,500,0.5,0,0,0,FALSE,0,FALSE,0.3,"leave-d",200,0.5,1e+05,TRUE,221
9.99999999999999,0,0,0,11.1908717920597,8.33889924423861,14.0428443398808,7.43430926679935,-1.10001285097008,15.9686313845688,11.2023936721023,0,6.09600732011631,0,"chi","I",1000,500,0.5,0,0,0,FALSE,0,FALSE,0.3,"leave-d",200,0.5,1e+05,TRUE,221
9.99999999999999,0,0,0,11.1908717920597,8.33889924423861,14.0428443398808,16.7052620780402,8.33844794843906,25.0720762076414,11.2023936721023,0,15.0221661132043,0,"chi","I",1000,500,0.5,0,0,0,FALSE,0,FALSE,0.3,"leave-d",200,0.5,1e+05,TRUE,221
9.99999999999999,0,0,0,11.1908717920597,8.33889924423861,14.0428443398808,12.8442211878727,5.21894637213543,20.4694960036099,11.2023936721023,0,17.7741788205271,0,"chi","I",1000,500,0.5,0,0,0,FALSE,0,FALSE,0.3,"leave-d",200,0.5,1e+05,TRUE,221
9.99999999999999,0,0,0,11.1908717920597,8.33889924423861,14.0428443398808,13.0808025717137,5.05722334940201,21.1043817940253,11.2023936721023,0,12.9730269545378,0,"chi","I",1000,500,0.5,0,0,0,FALSE,0,FALSE,0.3,"leave-d",200,0.5,1e+05,TRUE,221
9.99999999999999,0,0,0,11.1908717920597,8.33889924423861,14.0428443398808,-1.94239471481276,-9.14945251045852,5.26466308083299,11.2023936721023,0,0,0,"chi","I",1000,500,0.5,0,0,0,FALSE,0,FALSE,0.3,"leave-d",200,0.5,1e+05,TRUE,221
9.99999999999999,0,0,0,11.1908717920597,8.33889924423861,14.0428443398808,19.8516820699568,11.3099169483805,28.393447191533,11.2023936721023,0,21.5203926357482,0,"chi","I",1000,500,0.5,0,0,0,FALSE,0,FALSE,0.3,"leave-d",200,0.5,1e+05,TRUE,221
9.99999999999999,0,0,0,11.1908717920597,8.33889924423861,14.0428443398808,8.7895199772343,1.61535464441338,15.9636853100552,11.2023936721023,0,7.96195368029806,0,"chi","I",1000,500,0.5,0,0,0,FALSE,0,FALSE,0.3,"leave-d",200,0.5,1e+05,TRUE,221
9.99999999999999,0,0,0,11.1908717920597,8.33889924423861,14.0428443398808,6.98256004841252,-0.479996781200596,14.4451168780256,11.2023936721023,0,6.3012562330093,0,"chi","I",1000,500,0.5,0,0,0,FALSE,0,FALSE,0.3,"leave-d",200,0.5,1e+05,TRUE,221
9.99999999999999,0,0,0,11.1908717920597,8.33889924423861,14.0428443398808,14.6720833819008,7.32330404364624,22.0208627201553,11.2023936721023,0,11.9942360292075,0,"chi","I",1000,500,0.5,0,0,0,FALSE,0,FALSE,0.3,"leave-d",200,0.5,1e+05,TRUE,221
9.99999999999999,0,0,0,11.1908717920597,8.33889924423861,14.0428443398808,2.38141061658724,-5.38755909493747,10.150380328112,11.2023936721023,0,0.616406693546889,0,"chi","I",1000,500,0.5,0,0,0,FALSE,0,FALSE,0.3,"leave-d",200,0.5,1e+05,TRUE,221
9.99999999999999,0,0,0,11.1908717920597,8.33889924423861,14.0428443398808,11.1951064150467,3.87972206169608,18.5104907683973,11.2023936721023,0,10.6050354838267,0,"chi","I",1000,500,0.5,0,0,0,FALSE,0,FALSE,0.3,"leave-d",200,0.5,1e+05,TRUE,221
9.99999999999999,0,0,0,11.1908717920597,8.33889924423861,14.0428443398808,11.5356199355543,3.63061223145179,19.4406276396569,11.2023936721023,0,10.6140084706169,0,"chi","I",1000,500,0.5,0,0,0,FALSE,0,FALSE,0.3,"leave-d",200,0.5,1e+05,TRUE,221
9.99999999999999,0,0,0,11.1908717920597,8.33889924423861,14.0428443398808,17.5647930859477,9.27625036124811,25.8533358106473,11.2023936721023,0,16.1624463126993,0,"chi","I",1000,500,0.5,0,0,0,FALSE,0,FALSE,0.3,"leave-d",200,0.5,1e+05,TRUE,221
9.99999999999999,0,0,0,11.1908717920597,8.33889924423861,14.0428443398808,12.47200000195,3.89111035302608,21.052889650874,11.2023936721023,0,11.4280752465307,0,"chi","I",1000,500,0.5,0,0,0,FALSE,0,FALSE,0.3,"leave-d",200,0.5,1e+05,TRUE,221
9.99999999999999,0,0,0,11.1908717920597,8.33889924423861,14.0428443398808,9.1850231965088,1.9497962389096,16.420250154108,11.2023936721023,0,8.34922234652617,0,"chi","I",1000,500,0.5,0,0,0,FALSE,0,FALSE,0.3,"leave-d",200,0.5,1e+05,TRUE,221
9.99999999999999,0,0,0,11.1908717920597,8.33889924423861,14.0428443398808,10.1378353012215,2.40555007016159,17.8701205322813,11.2023936721023,0,9.70168829082704,0,"chi","I",1000,500,0.5,0,0,0,FALSE,0,FALSE,0.3,"leave-d",200,0.5,1e+05,TRUE,221
9.99999999999999,0,0,0,11.1908717920597,8.33889924423861,14.0428443398808,17.1727571772011,10.0564735583547,24.2890407960476,11.2023936721023,0,18.0616810937703,0,"chi","I",1000,500,0.5,0,0,0,FALSE,0,FALSE,0.3,"leave-d",200,0.5,1e+05,TRUE,221
9.99999999999999,0,0,0,11.1908717920597,8.33889924423861,14.0428443398808,2.81825099553244,-4.5754869660936,10.2119889571585,11.2023936721023,0,1.81283681566597,0,"chi","I",1000,500,0.5,0,0,0,FALSE,0,FALSE,0.3,"leave-d",200,0.5,1e+05,TRUE,221
9.99999999999999,0,0,0,11.1908717920597,8.33889924423861,14.0428443398808,16.1803130654871,8.66098973498268,23.6996363959914,11.2023936721023,0,17.592410056342,0,"chi","I",1000,500,0.5,0,0,0,FALSE,0,FALSE,0.3,"leave-d",200,0.5,1e+05,TRUE,221
9.99999999999999,0,0,0,11.1908717920597,8.33889924423861,14.0428443398808,15.822086225628,7.76482706949144,23.8793453817645,11.2023936721023,0,15.0266418783016,0,"chi","I",1000,500,0.5,0,0,0,FALSE,0,FALSE,0.3,"leave-d",200,0.5,1e+05,TRUE,221
9.99999999999999,0,0,0,11.1908717920597,8.33889924423861,14.0428443398808,5.70494033992536,-1.9275863750685,13.3374670549192,11.2023936721023,0,4.34192182559391,0,"chi","I",1000,500,0.5,0,0,0,FALSE,0,FALSE,0.3,"leave-d",200,0.5,1e+05,TRUE,221
9.99999999999999,0,0,0,11.1908717920597,8.33889924423861,14.0428443398808,9.01254453472822,1.20241187788158,16.8226771915749,11.2023936721023,0,8.10101422361962,0,"chi","I",1000,500,0.5,0,0,0,FALSE,0,FALSE,0.3,"leave-d",200,0.5,1e+05,TRUE,221
9.99999999999999,0,0,0,11.1908717920597,8.33889924423861,14.0428443398808,7.79847123196705,-0.314413517003031,15.9113559809371,11.2023936721023,0,7.03275904916583,0,"chi","I",1000,500,0.5,0,0,0,FALSE,0,FALSE,0.3,"leave-d",200,0.5,1e+05,TRUE,221
9.99999999999999,0,0,0,11.1908717920597,8.33889924423861,14.0428443398808,6.87081542302775,-0.182571180526968,13.9242020265825,11.2023936721023,0,5.7953382358942,0,"chi","I",1000,500,0.5,0,0,0,FALSE,0,FALSE,0.3,"leave-d",200,0.5,1e+05,TRUE,221
9.99999999999999,0,0,0,11.1908717920597,8.33889924423861,14.0428443398808,12.0943675378258,4.76442120463538,19.4243138710162,11.2023936721023,0,12.4558910191483,0,"chi","I",1000,500,0.5,0,0,0,FALSE,0,FALSE,0.3,"leave-d",200,0.5,1e+05,TRUE,221
9.99999999999999,0,0,0,11.1908717920597,8.33889924423861,14.0428443398808,13.2557602239334,4.15448410968851,22.3570363381784,11.2023936721023,0,11.7189117579361,0,"chi","I",1000,500,0.5,0,0,0,FALSE,0,FALSE,0.3,"leave-d",200,0.5,1e+05,TRUE,221
9.99999999999999,0,0,0,11.1908717920597,8.33889924423861,14.0428443398808,9.2718063156348,0.605339795182934,17.9382728360867,11.2023936721023,0,8.32335955054146,0,"chi","I",1000,500,0.5,0,0,0,FALSE,0,FALSE,0.3,"leave-d",200,0.5,1e+05,TRUE,221
9.99999999999999,0,0,0,11.1908717920597,8.33889924423861,14.0428443398808,20.1352059512464,11.5672678108501,28.7031440916427,11.2023936721023,0,21.2988897851264,0,"chi","I",1000,500,0.5,0,0,0,FALSE,0,FALSE,0.3,"leave-d",200,0.5,1e+05,TRUE,221
9.99999999999999,0,0,0,11.1908717920597,8.33889924423861,14.0428443398808,10.3315483705608,2.84329608638265,17.819800654739,11.2023936721023,0,9.50331523330668,0,"chi","I",1000,500,0.5,0,0,0,FALSE,0,FALSE,0.3,"leave-d",200,0.5,1e+05,TRUE,221
9.99999999999999,0,0,0,11.1908717920597,8.33889924423861,14.0428443398808,7.07645021897302,-0.898838157162881,15.0517385951089,11.2023936721023,0,6.02728722156505,0,"chi","I",1000,500,0.5,0,0,0,FALSE,0,FALSE,0.3,"leave-d",200,0.5,1e+05,TRUE,221
9.99999999999999,0,0,0,11.1908717920597,8.33889924423861,14.0428443398808,9.62278535592877,2.14098108714578,17.1045896247118,11.2023936721023,0,9.20801955381447,0,"chi","I",1000,500,0.5,0,0,0,FALSE,0,FALSE,0.3,"leave-d",200,0.5,1e+05,TRUE,221
9.99999999999999,0,0,0,11.1908717920597,8.33889924423861,14.0428443398808,9.15871103548161,1.7753989394178,16.5420231315454,11.2023936721023,0,8.65575611274589,0,"chi","I",1000,500,0.5,0,0,0,FALSE,0,FALSE,0.3,"leave-d",200,0.5,1e+05,TRUE,221
9.99999999999999,0,0,0,11.1908717920597,8.33889924423861,14.0428443398808,17.5763275036392,8.82891522908071,26.3237397781977,11.2023936721023,0,16.2660435626824,0,"chi","I",1000,500,0.5,0,0,0,FALSE,0,FALSE,0.3,"leave-d",200,0.5,1e+05,TRUE,221
9.99999999999999,0,0,0,11.1908717920597,8.33889924423861,14.0428443398808,20.4961607362059,12.6417593404587,28.3505621319532,11.2023936721023,0,19.6054375726166,0,"chi","I",1000,500,0.5,0,0,0,FALSE,0,FALSE,0.3,"leave-d",200,0.5,1e+05,TRUE,221
9.99999999999999,0,0,0,11.1908717920597,8.33889924423861,14.0428443398808,14.4556029449028,7.01090381070724,21.9003020790983,11.2023936721023,0,16.1908517927915,0,"chi","I",1000,500,0.5,0,0,0,FALSE,0,FALSE,0.3,"leave-d",200,0.5,1e+05,TRUE,221
9.99999999999999,0,0,0,11.1908717920597,8.33889924423861,14.0428443398808,16.2579886623692,7.56719646450849,24.94878086023,11.2023936721023,0,15.1661797894759,0,"chi","I",1000,500,0.5,0,0,0,FALSE,0,FALSE,0.3,"leave-d",200,0.5,1e+05,TRUE,221
9.99999999999999,0,0,0,11.1908717920597,8.33889924423861,14.0428443398808,8.46000610592366,0.0471656415624615,16.8728465702848,11.2023936721023,0,7.07354610810888,0,"chi","I",1000,500,0.5,0,0,0,FALSE,0,FALSE,0.3,"leave-d",200,0.5,1e+05,TRUE,221
9.99999999999999,0,0,0,11.1908717920597,8.33889924423861,14.0428443398808,16.3413033279315,7.42690394875056,25.2557027071124,11.2023936721023,0,16.8728979086715,0,"chi","I",1000,500,0.5,0,0,0,FALSE,0,FALSE,0.3,"leave-d",200,0.5,1e+05,TRUE,221
9.99999999999999,0,0,0,11.1908717920597,8.33889924423861,14.0428443398808,-2.22288178023801,-10.4370533943025,5.99128983382644,11.2023936721023,0,0,0,"chi","I",1000,500,0.5,0,0,0,FALSE,0,FALSE,0.3,"leave-d",200,0.5,1e+05,TRUE,221
9.99999999999999,0,0,0,11.1908717920597,8.33889924423861,14.0428443398808,7.53976120970719,-0.664515129787939,15.7440375492023,11.2023936721023,0,5.25799280539355,0,"chi","I",1000,500,0.5,0,0,0,FALSE,0,FALSE,0.3,"leave-d",200,0.5,1e+05,TRUE,221
9.99999999999999,0,0,0,11.1908717920597,8.33889924423861,14.0428443398808,12.8992175142764,5.44826678984506,20.3501682387077,11.2023936721023,0,12.5129751551688,0,"chi","I",1000,500,0.5,0,0,0,FALSE,0,FALSE,0.3,"leave-d",200,0.5,1e+05,TRUE,221
9.99999999999999,0,0,0,11.1908717920597,8.33889924423861,14.0428443398808,11.5913923701833,4.15207640798651,19.0307083323801,11.2023936721023,0,12.9276111226777,0,"chi","I",1000,500,0.5,0,0,0,FALSE,0,FALSE,0.3,"leave-d",200,0.5,1e+05,TRUE,221
9.99999999999999,0,0,0,11.1908717920597,8.33889924423861,14.0428443398808,7.59631978237118,1.1836316411098,14.0090079236326,11.2023936721023,0,6.90645102496695,0,"chi","I",1000,500,0.5,0,0,0,FALSE,0,FALSE,0.3,"leave-d",200,0.5,1e+05,TRUE,221
9.99999999999999,0,0,0,11.1908717920597,8.33889924423861,14.0428443398808,11.3566407343011,2.76555193760426,19.947729530998,11.2023936721023,0,10.0935380515509,0,"chi","I",1000,500,0.5,0,0,0,FALSE,0,FALSE,0.3,"leave-d",200,0.5,1e+05,TRUE,221
9.99999999999999,0,0,0,11.1908717920597,8.33889924423861,14.0428443398808,19.6828284903221,11.7015506969446,27.6641062836996,11.2023936721023,0,20.0865787885574,0,"chi","I",1000,500,0.5,0,0,0,FALSE,0,FALSE,0.3,"leave-d",200,0.5,1e+05,TRUE,221
9.99999999999999,0,0,0,11.1908717920597,8.33889924423861,14.0428443398808,14.4173845243589,6.14984522487431,22.6849238238434,11.2023936721023,0,13.2829813782423,0,"chi","I",1000,500,0.5,0,0,0,FALSE,0,FALSE,0.3,"leave-d",200,0.5,1e+05,TRUE,221
9.99999999999999,0,0,0,11.1908717920597,8.33889924423861,14.0428443398808,15.12026447015,6.50128668246061,23.7392422578393,11.2023936721023,0,13.1249531567839,0,"chi","I",1000,500,0.5,0,0,0,FALSE,0,FALSE,0.3,"leave-d",200,0.5,1e+05,TRUE,221
9.99999999999999,0,0,0,11.1908717920597,8.33889924423861,14.0428443398808,5.01055565958652,-2.64454064521368,12.6656519643867,11.2023936721023,0,2.94414380854095,0,"chi","I",1000,500,0.5,0,0,0,FALSE,0,FALSE,0.3,"leave-d",200,0.5,1e+05,TRUE,221
9.99999999999999,0,0,0,11.1908717920597,8.33889924423861,14.0428443398808,17.3302658146998,8.10738567784282,26.5531459515567,11.2023936721023,0,19.074064806063,0,"chi","I",1000,500,0.5,0,0,0,FALSE,0,FALSE,0.3,"leave-d",200,0.5,1e+05,TRUE,221
9.99999999999999,0,0,0,11.1908717920597,8.33889924423861,14.0428443398808,9.20335747699096,0.843054989250804,17.5636599647311,11.2023936721023,0,8.45614524180947,0,"chi","I",1000,500,0.5,0,0,0,FALSE,0,FALSE,0.3,"leave-d",200,0.5,1e+05,TRUE,221
9.99999999999999,0,0,0,11.1908717920597,8.33889924423861,14.0428443398808,22.6925976689606,13.6481854565382,31.7370098813829,11.2023936721023,0,22.9068171036152,0,"chi","I",1000,500,0.5,0,0,0,FALSE,0,FALSE,0.3,"leave-d",200,0.5,1e+05,TRUE,221
