"var_main_effect","var_inter_effect","cov_main_inter_effect","var_total_effect","EigenPrism_main","EigenPrism_CI1","EigenPrism_CI2","sub_EigenPrism_main","sub_EigenPrism_CI1","sub_EigenPrism_CI2","GCTA_main","GCTA_inter","sub_GCTA_main","sub_GCTA_inter","x_dist","structure","p","n","main_fixed_var","main_random_var","inter_fixed_var","inter_random_var","decor","interact","combine","pro","bs","n_sub","rho_e","emp_n","inter_std","i"
9.99999999999999,0,0,0,10.0022901964998,6.89946155335228,13.1051188396473,24.8826123216979,3.45794012864054,46.3072845147553,10.1763572680738,0,18.7130337640804,0,"chi","I",1000,500,0.5,0,0,0,FALSE,0,FALSE,0.1,"leave-d",200,0.5,1e+05,TRUE,534
9.99999999999999,0,0,0,10.0022901964998,6.89946155335228,13.1051188396473,25.8077785176303,0.379217823079227,51.2363392121813,10.1763572680738,0,20.7289312411103,0,"chi","I",1000,500,0.5,0,0,0,FALSE,0,FALSE,0.1,"leave-d",200,0.5,1e+05,TRUE,534
9.99999999999999,0,0,0,10.0022901964998,6.89946155335228,13.1051188396473,4.76240805450239,-11.6228992611396,21.1477153701444,10.1763572680738,0,0,0,"chi","I",1000,500,0.5,0,0,0,FALSE,0,FALSE,0.1,"leave-d",200,0.5,1e+05,TRUE,534
9.99999999999999,0,0,0,10.0022901964998,6.89946155335228,13.1051188396473,32.7851457099772,12.7306825496886,52.8396088702657,10.1763572680738,0,20.0017856652247,0,"chi","I",1000,500,0.5,0,0,0,FALSE,0,FALSE,0.1,"leave-d",200,0.5,1e+05,TRUE,534
9.99999999999999,0,0,0,10.0022901964998,6.89946155335228,13.1051188396473,-1.20416149146681,-29.4221488416879,27.0138258587543,10.1763572680738,0,0,0,"chi","I",1000,500,0.5,0,0,0,FALSE,0,FALSE,0.1,"leave-d",200,0.5,1e+05,TRUE,534
9.99999999999999,0,0,0,10.0022901964998,6.89946155335228,13.1051188396473,3.11644347460375,-13.0335355165463,19.2664224657538,10.1763572680738,0,0,0,"chi","I",1000,500,0.5,0,0,0,FALSE,0,FALSE,0.1,"leave-d",200,0.5,1e+05,TRUE,534
9.99999999999999,0,0,0,10.0022901964998,6.89946155335228,13.1051188396473,-10.4761206710965,-33.4055424952743,12.4533011530813,10.1763572680738,0,0,0,"chi","I",1000,500,0.5,0,0,0,FALSE,0,FALSE,0.1,"leave-d",200,0.5,1e+05,TRUE,534
9.99999999999999,0,0,0,10.0022901964998,6.89946155335228,13.1051188396473,-8.71167056003284,-33.5478440497996,16.1245029297339,10.1763572680738,0,0,0,"chi","I",1000,500,0.5,0,0,0,FALSE,0,FALSE,0.1,"leave-d",200,0.5,1e+05,TRUE,534
9.99999999999999,0,0,0,10.0022901964998,6.89946155335228,13.1051188396473,11.8250299247468,-1.88819390411102,25.5382537536047,10.1763572680738,0,14.1594382945765,0,"chi","I",1000,500,0.5,0,0,0,FALSE,0,FALSE,0.1,"leave-d",200,0.5,1e+05,TRUE,534
9.99999999999999,0,0,0,10.0022901964998,6.89946155335228,13.1051188396473,10.9779518507134,-4.81898153796317,26.7748852393899,10.1763572680738,0,6.72171470845532,0,"chi","I",1000,500,0.5,0,0,0,FALSE,0,FALSE,0.1,"leave-d",200,0.5,1e+05,TRUE,534
9.99999999999999,0,0,0,10.0022901964998,6.89946155335228,13.1051188396473,6.13530355646965,-23.0787053592551,35.3493124721944,10.1763572680738,0,0,0,"chi","I",1000,500,0.5,0,0,0,FALSE,0,FALSE,0.1,"leave-d",200,0.5,1e+05,TRUE,534
9.99999999999999,0,0,0,10.0022901964998,6.89946155335228,13.1051188396473,16.1983954773249,-1.74677782442519,34.1435687790749,10.1763572680738,0,18.9256055896198,0,"chi","I",1000,500,0.5,0,0,0,FALSE,0,FALSE,0.1,"leave-d",200,0.5,1e+05,TRUE,534
9.99999999999999,0,0,0,10.0022901964998,6.89946155335228,13.1051188396473,13.6183926096772,-0.376482924768439,27.6132681441229,10.1763572680738,0,7.09905442876696,0,"chi","I",1000,500,0.5,0,0,0,FALSE,0,FALSE,0.1,"leave-d",200,0.5,1e+05,TRUE,534
9.99999999999999,0,0,0,10.0022901964998,6.89946155335228,13.1051188396473,16.2131073889837,-12.7857349848256,45.2119497627929,10.1763572680738,0,12.9075807427106,0,"chi","I",1000,500,0.5,0,0,0,FALSE,0,FALSE,0.1,"leave-d",200,0.5,1e+05,TRUE,534
9.99999999999999,0,0,0,10.0022901964998,6.89946155335228,13.1051188396473,9.18067231629498,-7.66069626573767,26.0220408983276,10.1763572680738,0,7.9701219778359,0,"chi","I",1000,500,0.5,0,0,0,FALSE,0,FALSE,0.1,"leave-d",200,0.5,1e+05,TRUE,534
9.99999999999999,0,0,0,10.0022901964998,6.89946155335228,13.1051188396473,8.93792906673908,-16.3285699027128,34.2044280361909,10.1763572680738,0,1.7594310154619,0,"chi","I",1000,500,0.5,0,0,0,FALSE,0,FALSE,0.1,"leave-d",200,0.5,1e+05,TRUE,534
9.99999999999999,0,0,0,10.0022901964998,6.89946155335228,13.1051188396473,4.64834071556962,-9.77381257639075,19.07049400753,10.1763572680738,0,0.667276637050733,0,"chi","I",1000,500,0.5,0,0,0,FALSE,0,FALSE,0.1,"leave-d",200,0.5,1e+05,TRUE,534
9.99999999999999,0,0,0,10.0022901964998,6.89946155335228,13.1051188396473,0.791833657490166,-18.6530956612672,20.2367629762475,10.1763572680738,0,0,0,"chi","I",1000,500,0.5,0,0,0,FALSE,0,FALSE,0.1,"leave-d",200,0.5,1e+05,TRUE,534
9.99999999999999,0,0,0,10.0022901964998,6.89946155335228,13.1051188396473,22.1826909841806,1.53094183890089,42.8344401294604,10.1763572680738,0,21.3734199953035,0,"chi","I",1000,500,0.5,0,0,0,FALSE,0,FALSE,0.1,"leave-d",200,0.5,1e+05,TRUE,534
9.99999999999999,0,0,0,10.0022901964998,6.89946155335228,13.1051188396473,-3.47176092873161,-17.028844334917,10.0853224774538,10.1763572680738,0,0,0,"chi","I",1000,500,0.5,0,0,0,FALSE,0,FALSE,0.1,"leave-d",200,0.5,1e+05,TRUE,534
9.99999999999999,0,0,0,10.0022901964998,6.89946155335228,13.1051188396473,34.2554942719565,6.40466714941226,62.1063213945007,10.1763572680738,0,26.8287065312943,0,"chi","I",1000,500,0.5,0,0,0,FALSE,0,FALSE,0.1,"leave-d",200,0.5,1e+05,TRUE,534
9.99999999999999,0,0,0,10.0022901964998,6.89946155335228,13.1051188396473,-2.33610273531975,-18.7594285375353,14.0872230668958,10.1763572680738,0,0,0,"chi","I",1000,500,0.5,0,0,0,FALSE,0,FALSE,0.1,"leave-d",200,0.5,1e+05,TRUE,534
9.99999999999999,0,0,0,10.0022901964998,6.89946155335228,13.1051188396473,-22.534442665992,-52.7559916314119,7.68710629942784,10.1763572680738,0,0,0,"chi","I",1000,500,0.5,0,0,0,FALSE,0,FALSE,0.1,"leave-d",200,0.5,1e+05,TRUE,534
9.99999999999999,0,0,0,10.0022901964998,6.89946155335228,13.1051188396473,-5.11794072874828,-26.4711879740016,16.2353065165051,10.1763572680738,0,0,0,"chi","I",1000,500,0.5,0,0,0,FALSE,0,FALSE,0.1,"leave-d",200,0.5,1e+05,TRUE,534
9.99999999999999,0,0,0,10.0022901964998,6.89946155335228,13.1051188396473,18.1705197218792,2.40873704561125,33.9323023981472,10.1763572680738,0,15.6029190606001,0,"chi","I",1000,500,0.5,0,0,0,FALSE,0,FALSE,0.1,"leave-d",200,0.5,1e+05,TRUE,534
9.99999999999999,0,0,0,10.0022901964998,6.89946155335228,13.1051188396473,11.0436401195007,-6.33850445587019,28.4257846948715,10.1763572680738,0,5.51385284830626,0,"chi","I",1000,500,0.5,0,0,0,FALSE,0,FALSE,0.1,"leave-d",200,0.5,1e+05,TRUE,534
9.99999999999999,0,0,0,10.0022901964998,6.89946155335228,13.1051188396473,56.0282861653152,31.9614626784914,80.0951096521389,10.1763572680738,0,22.5169871233165,0,"chi","I",1000,500,0.5,0,0,0,FALSE,0,FALSE,0.1,"leave-d",200,0.5,1e+05,TRUE,534
9.99999999999999,0,0,0,10.0022901964998,6.89946155335228,13.1051188396473,25.5992382278435,5.2147275233272,45.9837489323598,10.1763572680738,0,21.0066109518424,0,"chi","I",1000,500,0.5,0,0,0,FALSE,0,FALSE,0.1,"leave-d",200,0.5,1e+05,TRUE,534
9.99999999999999,0,0,0,10.0022901964998,6.89946155335228,13.1051188396473,16.5258496706826,-9.05269247000614,42.1043918113714,10.1763572680738,0,20.5614125742443,0,"chi","I",1000,500,0.5,0,0,0,FALSE,0,FALSE,0.1,"leave-d",200,0.5,1e+05,TRUE,534
9.99999999999999,0,0,0,10.0022901964998,6.89946155335228,13.1051188396473,14.6824906222629,-7.30640079327322,36.6713820377991,10.1763572680738,0,12.9976154609343,0,"chi","I",1000,500,0.5,0,0,0,FALSE,0,FALSE,0.1,"leave-d",200,0.5,1e+05,TRUE,534
9.99999999999999,0,0,0,10.0022901964998,6.89946155335228,13.1051188396473,40.0763210393525,16.0583846823783,64.0942573963266,10.1763572680738,0,24.3065084919197,0,"chi","I",1000,500,0.5,0,0,0,FALSE,0,FALSE,0.1,"leave-d",200,0.5,1e+05,TRUE,534
9.99999999999999,0,0,0,10.0022901964998,6.89946155335228,13.1051188396473,10.3145674660658,-5.75366139350817,26.3827963256397,10.1763572680738,0,4.3926764020281,0,"chi","I",1000,500,0.5,0,0,0,FALSE,0,FALSE,0.1,"leave-d",200,0.5,1e+05,TRUE,534
9.99999999999999,0,0,0,10.0022901964998,6.89946155335228,13.1051188396473,15.8765172569547,-4.08429658444449,35.8373310983539,10.1763572680738,0,10.959331393842,0,"chi","I",1000,500,0.5,0,0,0,FALSE,0,FALSE,0.1,"leave-d",200,0.5,1e+05,TRUE,534
9.99999999999999,0,0,0,10.0022901964998,6.89946155335228,13.1051188396473,22.444809489243,2.14824874981477,42.7413702286712,10.1763572680738,0,21.2373493364417,0,"chi","I",1000,500,0.5,0,0,0,FALSE,0,FALSE,0.1,"leave-d",200,0.5,1e+05,TRUE,534
9.99999999999999,0,0,0,10.0022901964998,6.89946155335228,13.1051188396473,-0.52335208877787,-23.3880985837511,22.3413944061953,10.1763572680738,0,0,0,"chi","I",1000,500,0.5,0,0,0,FALSE,0,FALSE,0.1,"leave-d",200,0.5,1e+05,TRUE,534
9.99999999999999,0,0,0,10.0022901964998,6.89946155335228,13.1051188396473,18.6514346515824,-2.60159952309772,39.9044688262626,10.1763572680738,0,21.011918559553,0,"chi","I",1000,500,0.5,0,0,0,FALSE,0,FALSE,0.1,"leave-d",200,0.5,1e+05,TRUE,534
9.99999999999999,0,0,0,10.0022901964998,6.89946155335228,13.1051188396473,37.5229585818695,14.4875495476919,60.5583676160471,10.1763572680738,0,22.3609307606552,0,"chi","I",1000,500,0.5,0,0,0,FALSE,0,FALSE,0.1,"leave-d",200,0.5,1e+05,TRUE,534
9.99999999999999,0,0,0,10.0022901964998,6.89946155335228,13.1051188396473,41.5244134158438,12.4717687927376,70.57705803895,10.1763572680738,0,29.6601357731664,0,"chi","I",1000,500,0.5,0,0,0,FALSE,0,FALSE,0.1,"leave-d",200,0.5,1e+05,TRUE,534
9.99999999999999,0,0,0,10.0022901964998,6.89946155335228,13.1051188396473,2.69433426953225,-15.5583894705436,20.9470580096081,10.1763572680738,0,0,0,"chi","I",1000,500,0.5,0,0,0,FALSE,0,FALSE,0.1,"leave-d",200,0.5,1e+05,TRUE,534
9.99999999999999,0,0,0,10.0022901964998,6.89946155335228,13.1051188396473,24.2747464597718,-2.85658266985953,51.4060755894032,10.1763572680738,0,16.9415425858523,0,"chi","I",1000,500,0.5,0,0,0,FALSE,0,FALSE,0.1,"leave-d",200,0.5,1e+05,TRUE,534
9.99999999999999,0,0,0,10.0022901964998,6.89946155335228,13.1051188396473,13.1511367581775,-6.09717034126781,32.3994438576228,10.1763572680738,0,15.9301670041641,0,"chi","I",1000,500,0.5,0,0,0,FALSE,0,FALSE,0.1,"leave-d",200,0.5,1e+05,TRUE,534
9.99999999999999,0,0,0,10.0022901964998,6.89946155335228,13.1051188396473,9.76523894142427,-5.53739736721332,25.0678752500619,10.1763572680738,0,5.90563627838678,0,"chi","I",1000,500,0.5,0,0,0,FALSE,0,FALSE,0.1,"leave-d",200,0.5,1e+05,TRUE,534
9.99999999999999,0,0,0,10.0022901964998,6.89946155335228,13.1051188396473,5.97306743313053,-16.8832174319933,28.8293522982543,10.1763572680738,0,0,0,"chi","I",1000,500,0.5,0,0,0,FALSE,0,FALSE,0.1,"leave-d",200,0.5,1e+05,TRUE,534
9.99999999999999,0,0,0,10.0022901964998,6.89946155335228,13.1051188396473,7.37406018549352,-9.4849402350029,24.2330606059899,10.1763572680738,0,3.17270961952633,0,"chi","I",1000,500,0.5,0,0,0,FALSE,0,FALSE,0.1,"leave-d",200,0.5,1e+05,TRUE,534
9.99999999999999,0,0,0,10.0022901964998,6.89946155335228,13.1051188396473,-4.0836310338248,-21.8299867508313,13.6627246831817,10.1763572680738,0,0,0,"chi","I",1000,500,0.5,0,0,0,FALSE,0,FALSE,0.1,"leave-d",200,0.5,1e+05,TRUE,534
9.99999999999999,0,0,0,10.0022901964998,6.89946155335228,13.1051188396473,-4.69252632951786,-22.0518389726009,12.6667863135652,10.1763572680738,0,0,0,"chi","I",1000,500,0.5,0,0,0,FALSE,0,FALSE,0.1,"leave-d",200,0.5,1e+05,TRUE,534
9.99999999999999,0,0,0,10.0022901964998,6.89946155335228,13.1051188396473,11.892025040672,-8.56087910674637,32.3449291880904,10.1763572680738,0,11.6628636341685,0,"chi","I",1000,500,0.5,0,0,0,FALSE,0,FALSE,0.1,"leave-d",200,0.5,1e+05,TRUE,534
9.99999999999999,0,0,0,10.0022901964998,6.89946155335228,13.1051188396473,5.14710008738172,-14.2309267180687,24.5251268928322,10.1763572680738,0,0,0,"chi","I",1000,500,0.5,0,0,0,FALSE,0,FALSE,0.1,"leave-d",200,0.5,1e+05,TRUE,534
9.99999999999999,0,0,0,10.0022901964998,6.89946155335228,13.1051188396473,37.0745674052052,10.0219227894511,64.1272120209593,10.1763572680738,0,26.8324353995006,0,"chi","I",1000,500,0.5,0,0,0,FALSE,0,FALSE,0.1,"leave-d",200,0.5,1e+05,TRUE,534
9.99999999999999,0,0,0,10.0022901964998,6.89946155335228,13.1051188396473,-9.86854143273214,-30.2525302962638,10.5154474307995,10.1763572680738,0,0,0,"chi","I",1000,500,0.5,0,0,0,FALSE,0,FALSE,0.1,"leave-d",200,0.5,1e+05,TRUE,534
9.99999999999999,0,0,0,10.0022901964998,6.89946155335228,13.1051188396473,-8.17208826996686,-24.163917062076,7.81974052214233,10.1763572680738,0,0,0,"chi","I",1000,500,0.5,0,0,0,FALSE,0,FALSE,0.1,"leave-d",200,0.5,1e+05,TRUE,534
9.99999999999999,0,0,0,10.0022901964998,6.89946155335228,13.1051188396473,13.1677251587956,-7.35614190190368,33.6915922194949,10.1763572680738,0,7.73279810178712,0,"chi","I",1000,500,0.5,0,0,0,FALSE,0,FALSE,0.1,"leave-d",200,0.5,1e+05,TRUE,534
9.99999999999999,0,0,0,10.0022901964998,6.89946155335228,13.1051188396473,43.1653414949525,19.7206516992183,66.6100312906866,10.1763572680738,0,22.6133198582979,0,"chi","I",1000,500,0.5,0,0,0,FALSE,0,FALSE,0.1,"leave-d",200,0.5,1e+05,TRUE,534
9.99999999999999,0,0,0,10.0022901964998,6.89946155335228,13.1051188396473,3.5211138660863,-16.6820925210527,23.7243202532253,10.1763572680738,0,0,0,"chi","I",1000,500,0.5,0,0,0,FALSE,0,FALSE,0.1,"leave-d",200,0.5,1e+05,TRUE,534
9.99999999999999,0,0,0,10.0022901964998,6.89946155335228,13.1051188396473,33.9876617600757,11.1486370932367,56.8266864269146,10.1763572680738,0,23.5291323518831,0,"chi","I",1000,500,0.5,0,0,0,FALSE,0,FALSE,0.1,"leave-d",200,0.5,1e+05,TRUE,534
9.99999999999999,0,0,0,10.0022901964998,6.89946155335228,13.1051188396473,47.1604838128198,24.8013809619318,69.5195866637079,10.1763572680738,0,22.2961602400435,0,"chi","I",1000,500,0.5,0,0,0,FALSE,0,FALSE,0.1,"leave-d",200,0.5,1e+05,TRUE,534
9.99999999999999,0,0,0,10.0022901964998,6.89946155335228,13.1051188396473,-10.2931477919003,-27.2558648506391,6.66956926683846,10.1763572680738,0,0,0,"chi","I",1000,500,0.5,0,0,0,FALSE,0,FALSE,0.1,"leave-d",200,0.5,1e+05,TRUE,534
9.99999999999999,0,0,0,10.0022901964998,6.89946155335228,13.1051188396473,10.4677564352031,-9.71926624121544,30.6547791116217,10.1763572680738,0,8.34742245343201,0,"chi","I",1000,500,0.5,0,0,0,FALSE,0,FALSE,0.1,"leave-d",200,0.5,1e+05,TRUE,534
9.99999999999999,0,0,0,10.0022901964998,6.89946155335228,13.1051188396473,24.5069107320776,3.6267997474516,45.3870217167036,10.1763572680738,0,21.5383028900851,0,"chi","I",1000,500,0.5,0,0,0,FALSE,0,FALSE,0.1,"leave-d",200,0.5,1e+05,TRUE,534
9.99999999999999,0,0,0,10.0022901964998,6.89946155335228,13.1051188396473,-11.5518711501145,-32.5691755820929,9.46543328186388,10.1763572680738,0,0,0,"chi","I",1000,500,0.5,0,0,0,FALSE,0,FALSE,0.1,"leave-d",200,0.5,1e+05,TRUE,534
9.99999999999999,0,0,0,10.0022901964998,6.89946155335228,13.1051188396473,16.0478775703579,-0.363064791357825,32.4588199320736,10.1763572680738,0,16.8393209441207,0,"chi","I",1000,500,0.5,0,0,0,FALSE,0,FALSE,0.1,"leave-d",200,0.5,1e+05,TRUE,534
9.99999999999999,0,0,0,10.0022901964998,6.89946155335228,13.1051188396473,7.19492912516114,-13.1812784333355,27.5711366836578,10.1763572680738,0,1.26811076825916,0,"chi","I",1000,500,0.5,0,0,0,FALSE,0,FALSE,0.1,"leave-d",200,0.5,1e+05,TRUE,534
9.99999999999999,0,0,0,10.0022901964998,6.89946155335228,13.1051188396473,-1.02120922245699,-14.5917192210245,12.5493007761105,10.1763572680738,0,0,0,"chi","I",1000,500,0.5,0,0,0,FALSE,0,FALSE,0.1,"leave-d",200,0.5,1e+05,TRUE,534
9.99999999999999,0,0,0,10.0022901964998,6.89946155335228,13.1051188396473,17.0117198280912,-3.46865538927328,37.4920950454556,10.1763572680738,0,11.2421044021152,0,"chi","I",1000,500,0.5,0,0,0,FALSE,0,FALSE,0.1,"leave-d",200,0.5,1e+05,TRUE,534
9.99999999999999,0,0,0,10.0022901964998,6.89946155335228,13.1051188396473,4.11260703521506,-21.7220633019406,29.9472773723707,10.1763572680738,0,0,0,"chi","I",1000,500,0.5,0,0,0,FALSE,0,FALSE,0.1,"leave-d",200,0.5,1e+05,TRUE,534
9.99999999999999,0,0,0,10.0022901964998,6.89946155335228,13.1051188396473,20.6770667878207,-11.9090777122049,53.2632112878463,10.1763572680738,0,9.90394405784095,0,"chi","I",1000,500,0.5,0,0,0,FALSE,0,FALSE,0.1,"leave-d",200,0.5,1e+05,TRUE,534
9.99999999999999,0,0,0,10.0022901964998,6.89946155335228,13.1051188396473,24.1839691825774,4.94764871362107,43.4202896515337,10.1763572680738,0,18.8620310919224,0,"chi","I",1000,500,0.5,0,0,0,FALSE,0,FALSE,0.1,"leave-d",200,0.5,1e+05,TRUE,534
9.99999999999999,0,0,0,10.0022901964998,6.89946155335228,13.1051188396473,8.30891551172088,-12.9581070897511,29.5759381131929,10.1763572680738,0,1.71962681751516,0,"chi","I",1000,500,0.5,0,0,0,FALSE,0,FALSE,0.1,"leave-d",200,0.5,1e+05,TRUE,534
9.99999999999999,0,0,0,10.0022901964998,6.89946155335228,13.1051188396473,28.4688211305722,7.26644487340634,49.6711973877381,10.1763572680738,0,20.8854356871659,0,"chi","I",1000,500,0.5,0,0,0,FALSE,0,FALSE,0.1,"leave-d",200,0.5,1e+05,TRUE,534
9.99999999999999,0,0,0,10.0022901964998,6.89946155335228,13.1051188396473,28.8771225617343,5.02389436670745,52.7303507567611,10.1763572680738,0,21.4890856673812,0,"chi","I",1000,500,0.5,0,0,0,FALSE,0,FALSE,0.1,"leave-d",200,0.5,1e+05,TRUE,534
9.99999999999999,0,0,0,10.0022901964998,6.89946155335228,13.1051188396473,-15.517609726299,-39.2102286173598,8.17500916476178,10.1763572680738,0,0,0,"chi","I",1000,500,0.5,0,0,0,FALSE,0,FALSE,0.1,"leave-d",200,0.5,1e+05,TRUE,534
9.99999999999999,0,0,0,10.0022901964998,6.89946155335228,13.1051188396473,16.7408056627877,-1.2959196915417,34.7775310171172,10.1763572680738,0,16.780380465722,0,"chi","I",1000,500,0.5,0,0,0,FALSE,0,FALSE,0.1,"leave-d",200,0.5,1e+05,TRUE,534
9.99999999999999,0,0,0,10.0022901964998,6.89946155335228,13.1051188396473,12.8023247383608,-3.88915966828824,29.4938091450097,10.1763572680738,0,8.04696851960287,0,"chi","I",1000,500,0.5,0,0,0,FALSE,0,FALSE,0.1,"leave-d",200,0.5,1e+05,TRUE,534
9.99999999999999,0,0,0,10.0022901964998,6.89946155335228,13.1051188396473,8.24559589392059,-15.9688127855768,32.460004573418,10.1763572680738,0,0.800803649876182,0,"chi","I",1000,500,0.5,0,0,0,FALSE,0,FALSE,0.1,"leave-d",200,0.5,1e+05,TRUE,534
9.99999999999999,0,0,0,10.0022901964998,6.89946155335228,13.1051188396473,-26.8927828610562,-48.4501160639511,-5.33544965816128,10.1763572680738,0,0,0,"chi","I",1000,500,0.5,0,0,0,FALSE,0,FALSE,0.1,"leave-d",200,0.5,1e+05,TRUE,534
9.99999999999999,0,0,0,10.0022901964998,6.89946155335228,13.1051188396473,27.2161570100031,5.14649893571549,49.2858150842906,10.1763572680738,0,22.217446184897,0,"chi","I",1000,500,0.5,0,0,0,FALSE,0,FALSE,0.1,"leave-d",200,0.5,1e+05,TRUE,534
9.99999999999999,0,0,0,10.0022901964998,6.89946155335228,13.1051188396473,26.4980375866072,5.71808481153243,47.277990361682,10.1763572680738,0,20.1290138418701,0,"chi","I",1000,500,0.5,0,0,0,FALSE,0,FALSE,0.1,"leave-d",200,0.5,1e+05,TRUE,534
9.99999999999999,0,0,0,10.0022901964998,6.89946155335228,13.1051188396473,-1.62072853657765,-23.0817021786003,19.840245105445,10.1763572680738,0,0,0,"chi","I",1000,500,0.5,0,0,0,FALSE,0,FALSE,0.1,"leave-d",200,0.5,1e+05,TRUE,534
9.99999999999999,0,0,0,10.0022901964998,6.89946155335228,13.1051188396473,1.85169658836287,-14.4327339104012,18.1361270871269,10.1763572680738,0,0,0,"chi","I",1000,500,0.5,0,0,0,FALSE,0,FALSE,0.1,"leave-d",200,0.5,1e+05,TRUE,534
9.99999999999999,0,0,0,10.0022901964998,6.89946155335228,13.1051188396473,31.7995819866032,10.9076112814256,52.6915526917807,10.1763572680738,0,20.9203439641097,0,"chi","I",1000,500,0.5,0,0,0,FALSE,0,FALSE,0.1,"leave-d",200,0.5,1e+05,TRUE,534
9.99999999999999,0,0,0,10.0022901964998,6.89946155335228,13.1051188396473,8.73116028379152,-9.4018264460295,26.8641470136125,10.1763572680738,0,2.98038762969312,0,"chi","I",1000,500,0.5,0,0,0,FALSE,0,FALSE,0.1,"leave-d",200,0.5,1e+05,TRUE,534
9.99999999999999,0,0,0,10.0022901964998,6.89946155335228,13.1051188396473,18.4172521918822,1.30656261582033,35.5279417679441,10.1763572680738,0,16.7470920873613,0,"chi","I",1000,500,0.5,0,0,0,FALSE,0,FALSE,0.1,"leave-d",200,0.5,1e+05,TRUE,534
9.99999999999999,0,0,0,10.0022901964998,6.89946155335228,13.1051188396473,17.7670952710862,-2.34265878621839,37.8768493283908,10.1763572680738,0,16.4907097981435,0,"chi","I",1000,500,0.5,0,0,0,FALSE,0,FALSE,0.1,"leave-d",200,0.5,1e+05,TRUE,534
9.99999999999999,0,0,0,10.0022901964998,6.89946155335228,13.1051188396473,-2.13359586640933,-25.3186350435746,21.0514433107559,10.1763572680738,0,0,0,"chi","I",1000,500,0.5,0,0,0,FALSE,0,FALSE,0.1,"leave-d",200,0.5,1e+05,TRUE,534
9.99999999999999,0,0,0,10.0022901964998,6.89946155335228,13.1051188396473,12.4177076929524,-12.1478995855974,36.9833149715022,10.1763572680738,0,10.2017540196533,0,"chi","I",1000,500,0.5,0,0,0,FALSE,0,FALSE,0.1,"leave-d",200,0.5,1e+05,TRUE,534
9.99999999999999,0,0,0,10.0022901964998,6.89946155335228,13.1051188396473,1.46224331161732,-17.4253436331263,20.349830256361,10.1763572680738,0,0,0,"chi","I",1000,500,0.5,0,0,0,FALSE,0,FALSE,0.1,"leave-d",200,0.5,1e+05,TRUE,534
9.99999999999999,0,0,0,10.0022901964998,6.89946155335228,13.1051188396473,0.590747167209546,-17.6974005291304,18.8788948635495,10.1763572680738,0,0,0,"chi","I",1000,500,0.5,0,0,0,FALSE,0,FALSE,0.1,"leave-d",200,0.5,1e+05,TRUE,534
9.99999999999999,0,0,0,10.0022901964998,6.89946155335228,13.1051188396473,20.4946392619623,3.30200493917686,37.6872735847477,10.1763572680738,0,12.0410048019333,0,"chi","I",1000,500,0.5,0,0,0,FALSE,0,FALSE,0.1,"leave-d",200,0.5,1e+05,TRUE,534
9.99999999999999,0,0,0,10.0022901964998,6.89946155335228,13.1051188396473,-3.54298091961821,-24.691813672781,17.6058518335445,10.1763572680738,0,0,0,"chi","I",1000,500,0.5,0,0,0,FALSE,0,FALSE,0.1,"leave-d",200,0.5,1e+05,TRUE,534
9.99999999999999,0,0,0,10.0022901964998,6.89946155335228,13.1051188396473,8.86732333237256,-10.1599082378245,27.8945549025696,10.1763572680738,0,4.40440623268074,0,"chi","I",1000,500,0.5,0,0,0,FALSE,0,FALSE,0.1,"leave-d",200,0.5,1e+05,TRUE,534
9.99999999999999,0,0,0,10.0022901964998,6.89946155335228,13.1051188396473,2.04408137711336,-15.2685609021859,19.3567236564126,10.1763572680738,0,0,0,"chi","I",1000,500,0.5,0,0,0,FALSE,0,FALSE,0.1,"leave-d",200,0.5,1e+05,TRUE,534
9.99999999999999,0,0,0,10.0022901964998,6.89946155335228,13.1051188396473,-1.74205296913367,-16.0143451459898,12.5302392077225,10.1763572680738,0,0,0,"chi","I",1000,500,0.5,0,0,0,FALSE,0,FALSE,0.1,"leave-d",200,0.5,1e+05,TRUE,534
9.99999999999999,0,0,0,10.0022901964998,6.89946155335228,13.1051188396473,11.9607718455198,-18.60300055533,42.5245442463696,10.1763572680738,0,8.57470454140101,0,"chi","I",1000,500,0.5,0,0,0,FALSE,0,FALSE,0.1,"leave-d",200,0.5,1e+05,TRUE,534
9.99999999999999,0,0,0,10.0022901964998,6.89946155335228,13.1051188396473,28.0396935562481,9.41472920269533,46.6646579098009,10.1763572680738,0,18.5910128965935,0,"chi","I",1000,500,0.5,0,0,0,FALSE,0,FALSE,0.1,"leave-d",200,0.5,1e+05,TRUE,534
9.99999999999999,0,0,0,10.0022901964998,6.89946155335228,13.1051188396473,20.6966214505195,1.06535294135741,40.3278899596815,10.1763572680738,0,20.128060281137,0,"chi","I",1000,500,0.5,0,0,0,FALSE,0,FALSE,0.1,"leave-d",200,0.5,1e+05,TRUE,534
9.99999999999999,0,0,0,10.0022901964998,6.89946155335228,13.1051188396473,26.1531745101623,3.54912438778249,48.757224632542,10.1763572680738,0,20.299737800478,0,"chi","I",1000,500,0.5,0,0,0,FALSE,0,FALSE,0.1,"leave-d",200,0.5,1e+05,TRUE,534
9.99999999999999,0,0,0,10.0022901964998,6.89946155335228,13.1051188396473,29.7443912194307,7.17270997057129,52.3160724682901,10.1763572680738,0,22.7146912766642,0,"chi","I",1000,500,0.5,0,0,0,FALSE,0,FALSE,0.1,"leave-d",200,0.5,1e+05,TRUE,534
9.99999999999999,0,0,0,10.0022901964998,6.89946155335228,13.1051188396473,6.97349032364953,-12.6280932256013,26.5750738729004,10.1763572680738,0,2.45931673460863,0,"chi","I",1000,500,0.5,0,0,0,FALSE,0,FALSE,0.1,"leave-d",200,0.5,1e+05,TRUE,534
9.99999999999999,0,0,0,10.0022901964998,6.89946155335228,13.1051188396473,12.0911315371438,-5.91758220568179,30.0998452799693,10.1763572680738,0,11.8891838567292,0,"chi","I",1000,500,0.5,0,0,0,FALSE,0,FALSE,0.1,"leave-d",200,0.5,1e+05,TRUE,534
9.99999999999999,0,0,0,10.0022901964998,6.89946155335228,13.1051188396473,8.65436649258233,-15.9697706251033,33.278503610268,10.1763572680738,0,2.20351782860352,0,"chi","I",1000,500,0.5,0,0,0,FALSE,0,FALSE,0.1,"leave-d",200,0.5,1e+05,TRUE,534
9.99999999999999,0,0,0,10.0022901964998,6.89946155335228,13.1051188396473,22.7824445477372,-2.06418881856068,47.629077914035,10.1763572680738,0,23.2036928454219,0,"chi","I",1000,500,0.5,0,0,0,FALSE,0,FALSE,0.1,"leave-d",200,0.5,1e+05,TRUE,534
9.99999999999999,0,0,0,10.0022901964998,6.89946155335228,13.1051188396473,-6.78606103341795,-23.9167008356321,10.3445787687962,10.1763572680738,0,0,0,"chi","I",1000,500,0.5,0,0,0,FALSE,0,FALSE,0.1,"leave-d",200,0.5,1e+05,TRUE,534
9.99999999999999,0,0,0,10.0022901964998,6.89946155335228,13.1051188396473,11.1502459874559,-4.95634867670319,27.2568406516151,10.1763572680738,0,9.86693432775923,0,"chi","I",1000,500,0.5,0,0,0,FALSE,0,FALSE,0.1,"leave-d",200,0.5,1e+05,TRUE,534
9.99999999999999,0,0,0,10.0022901964998,6.89946155335228,13.1051188396473,24.8691121179734,7.95594234330456,41.7822818926423,10.1763572680738,0,17.1582169356239,0,"chi","I",1000,500,0.5,0,0,0,FALSE,0,FALSE,0.1,"leave-d",200,0.5,1e+05,TRUE,534
9.99999999999999,0,0,0,10.0022901964998,6.89946155335228,13.1051188396473,-0.528829358169628,-20.5188198278064,19.4611611114672,10.1763572680738,0,0,0,"chi","I",1000,500,0.5,0,0,0,FALSE,0,FALSE,0.1,"leave-d",200,0.5,1e+05,TRUE,534
9.99999999999999,0,0,0,10.0022901964998,6.89946155335228,13.1051188396473,4.42660274548896,-13.4744051171335,22.3276106081115,10.1763572680738,0,0,0,"chi","I",1000,500,0.5,0,0,0,FALSE,0,FALSE,0.1,"leave-d",200,0.5,1e+05,TRUE,534
9.99999999999999,0,0,0,10.0022901964998,6.89946155335228,13.1051188396473,-2.07313361415521,-21.1182927959796,16.9720255676692,10.1763572680738,0,0,0,"chi","I",1000,500,0.5,0,0,0,FALSE,0,FALSE,0.1,"leave-d",200,0.5,1e+05,TRUE,534
9.99999999999999,0,0,0,10.0022901964998,6.89946155335228,13.1051188396473,22.8555201445736,3.28142261536207,42.4296176737852,10.1763572680738,0,14.9944638703666,0,"chi","I",1000,500,0.5,0,0,0,FALSE,0,FALSE,0.1,"leave-d",200,0.5,1e+05,TRUE,534
9.99999999999999,0,0,0,10.0022901964998,6.89946155335228,13.1051188396473,-4.88283557094119,-18.1640681012912,8.39839695940882,10.1763572680738,0,0,0,"chi","I",1000,500,0.5,0,0,0,FALSE,0,FALSE,0.1,"leave-d",200,0.5,1e+05,TRUE,534
9.99999999999999,0,0,0,10.0022901964998,6.89946155335228,13.1051188396473,18.228101217941,-1.250120639584,37.706323075466,10.1763572680738,0,20.1440721189337,0,"chi","I",1000,500,0.5,0,0,0,FALSE,0,FALSE,0.1,"leave-d",200,0.5,1e+05,TRUE,534
9.99999999999999,0,0,0,10.0022901964998,6.89946155335228,13.1051188396473,8.48469470478208,-15.289942288279,32.2593316978432,10.1763572680738,0,2.00121873593308,0,"chi","I",1000,500,0.5,0,0,0,FALSE,0,FALSE,0.1,"leave-d",200,0.5,1e+05,TRUE,534
9.99999999999999,0,0,0,10.0022901964998,6.89946155335228,13.1051188396473,17.2892167407797,-1.63244467875084,36.2108781603103,10.1763572680738,0,19.8531751107126,0,"chi","I",1000,500,0.5,0,0,0,FALSE,0,FALSE,0.1,"leave-d",200,0.5,1e+05,TRUE,534
9.99999999999999,0,0,0,10.0022901964998,6.89946155335228,13.1051188396473,3.48391279859877,-13.814183718729,20.7820093159265,10.1763572680738,0,0,0,"chi","I",1000,500,0.5,0,0,0,FALSE,0,FALSE,0.1,"leave-d",200,0.5,1e+05,TRUE,534
9.99999999999999,0,0,0,10.0022901964998,6.89946155335228,13.1051188396473,0.631615329994356,-18.9888844368774,20.2521150968661,10.1763572680738,0,0,0,"chi","I",1000,500,0.5,0,0,0,FALSE,0,FALSE,0.1,"leave-d",200,0.5,1e+05,TRUE,534
9.99999999999999,0,0,0,10.0022901964998,6.89946155335228,13.1051188396473,54.7068186914868,31.9676353981425,77.446001984831,10.1763572680738,0,21.4169352936834,0,"chi","I",1000,500,0.5,0,0,0,FALSE,0,FALSE,0.1,"leave-d",200,0.5,1e+05,TRUE,534
9.99999999999999,0,0,0,10.0022901964998,6.89946155335228,13.1051188396473,12.2872560522732,-8.84813668267663,33.4226487872231,10.1763572680738,0,6.45376804075803,0,"chi","I",1000,500,0.5,0,0,0,FALSE,0,FALSE,0.1,"leave-d",200,0.5,1e+05,TRUE,534
9.99999999999999,0,0,0,10.0022901964998,6.89946155335228,13.1051188396473,40.5364073833985,13.6467044468944,67.4261103199026,10.1763572680738,0,26.7608062018688,0,"chi","I",1000,500,0.5,0,0,0,FALSE,0,FALSE,0.1,"leave-d",200,0.5,1e+05,TRUE,534
9.99999999999999,0,0,0,10.0022901964998,6.89946155335228,13.1051188396473,45.1340854587303,19.0167896090334,71.2513813084273,10.1763572680738,0,26.1744346005427,0,"chi","I",1000,500,0.5,0,0,0,FALSE,0,FALSE,0.1,"leave-d",200,0.5,1e+05,TRUE,534
9.99999999999999,0,0,0,10.0022901964998,6.89946155335228,13.1051188396473,18.0508795799512,1.94767010011764,34.1540890597848,10.1763572680738,0,16.4701829987524,0,"chi","I",1000,500,0.5,0,0,0,FALSE,0,FALSE,0.1,"leave-d",200,0.5,1e+05,TRUE,534
9.99999999999999,0,0,0,10.0022901964998,6.89946155335228,13.1051188396473,1.35993179013744,-15.5500084371539,18.2698720174288,10.1763572680738,0,0,0,"chi","I",1000,500,0.5,0,0,0,FALSE,0,FALSE,0.1,"leave-d",200,0.5,1e+05,TRUE,534
9.99999999999999,0,0,0,10.0022901964998,6.89946155335228,13.1051188396473,15.290632421567,-3.78424220509525,34.3655070482292,10.1763572680738,0,19.4524845071322,0,"chi","I",1000,500,0.5,0,0,0,FALSE,0,FALSE,0.1,"leave-d",200,0.5,1e+05,TRUE,534
9.99999999999999,0,0,0,10.0022901964998,6.89946155335228,13.1051188396473,7.77482031677615,-20.6619645464256,36.2116051799779,10.1763572680738,0,0,0,"chi","I",1000,500,0.5,0,0,0,FALSE,0,FALSE,0.1,"leave-d",200,0.5,1e+05,TRUE,534
9.99999999999999,0,0,0,10.0022901964998,6.89946155335228,13.1051188396473,22.8139637487458,5.11408243439338,40.5138450630983,10.1763572680738,0,17.681817714246,0,"chi","I",1000,500,0.5,0,0,0,FALSE,0,FALSE,0.1,"leave-d",200,0.5,1e+05,TRUE,534
9.99999999999999,0,0,0,10.0022901964998,6.89946155335228,13.1051188396473,-3.02175515229977,-26.1328069244914,20.0892966198918,10.1763572680738,0,0,0,"chi","I",1000,500,0.5,0,0,0,FALSE,0,FALSE,0.1,"leave-d",200,0.5,1e+05,TRUE,534
9.99999999999999,0,0,0,10.0022901964998,6.89946155335228,13.1051188396473,0.21947155237391,-15.2286073137041,15.6675504184519,10.1763572680738,0,0,0,"chi","I",1000,500,0.5,0,0,0,FALSE,0,FALSE,0.1,"leave-d",200,0.5,1e+05,TRUE,534
9.99999999999999,0,0,0,10.0022901964998,6.89946155335228,13.1051188396473,4.67595702888542,-21.8026877243615,31.1546017821323,10.1763572680738,0,0,0,"chi","I",1000,500,0.5,0,0,0,FALSE,0,FALSE,0.1,"leave-d",200,0.5,1e+05,TRUE,534
9.99999999999999,0,0,0,10.0022901964998,6.89946155335228,13.1051188396473,16.3500619500418,0.871085377168823,31.8290385229147,10.1763572680738,0,15.2974363013282,0,"chi","I",1000,500,0.5,0,0,0,FALSE,0,FALSE,0.1,"leave-d",200,0.5,1e+05,TRUE,534
9.99999999999999,0,0,0,10.0022901964998,6.89946155335228,13.1051188396473,-5.48288264454509,-30.7775207925244,19.8117555034342,10.1763572680738,0,0,0,"chi","I",1000,500,0.5,0,0,0,FALSE,0,FALSE,0.1,"leave-d",200,0.5,1e+05,TRUE,534
9.99999999999999,0,0,0,10.0022901964998,6.89946155335228,13.1051188396473,30.8032785923537,10.0025427995864,51.604014385121,10.1763572680738,0,21.1260042275595,0,"chi","I",1000,500,0.5,0,0,0,FALSE,0,FALSE,0.1,"leave-d",200,0.5,1e+05,TRUE,534
9.99999999999999,0,0,0,10.0022901964998,6.89946155335228,13.1051188396473,20.4537358604977,-2.91220476624094,43.8196764872363,10.1763572680738,0,24.2190856043703,0,"chi","I",1000,500,0.5,0,0,0,FALSE,0,FALSE,0.1,"leave-d",200,0.5,1e+05,TRUE,534
9.99999999999999,0,0,0,10.0022901964998,6.89946155335228,13.1051188396473,10.7804851020428,-15.3862907945016,36.9472609985873,10.1763572680738,0,2.95085967713983,0,"chi","I",1000,500,0.5,0,0,0,FALSE,0,FALSE,0.1,"leave-d",200,0.5,1e+05,TRUE,534
9.99999999999999,0,0,0,10.0022901964998,6.89946155335228,13.1051188396473,34.1561573264024,12.9174586590792,55.3948559937257,10.1763572680738,0,20.9247552719029,0,"chi","I",1000,500,0.5,0,0,0,FALSE,0,FALSE,0.1,"leave-d",200,0.5,1e+05,TRUE,534
9.99999999999999,0,0,0,10.0022901964998,6.89946155335228,13.1051188396473,8.36700386422209,-8.25054882925519,24.9845565576994,10.1763572680738,0,7.3357202808372,0,"chi","I",1000,500,0.5,0,0,0,FALSE,0,FALSE,0.1,"leave-d",200,0.5,1e+05,TRUE,534
9.99999999999999,0,0,0,10.0022901964998,6.89946155335228,13.1051188396473,-7.53331090371629,-21.2957678446897,6.22914603725712,10.1763572680738,0,0,0,"chi","I",1000,500,0.5,0,0,0,FALSE,0,FALSE,0.1,"leave-d",200,0.5,1e+05,TRUE,534
9.99999999999999,0,0,0,10.0022901964998,6.89946155335228,13.1051188396473,19.7066629280644,-3.01801908344882,42.4313449395775,10.1763572680738,0,17.2887478935761,0,"chi","I",1000,500,0.5,0,0,0,FALSE,0,FALSE,0.1,"leave-d",200,0.5,1e+05,TRUE,534
9.99999999999999,0,0,0,10.0022901964998,6.89946155335228,13.1051188396473,3.37960724905135,-20.1956974179337,26.9549119160364,10.1763572680738,0,0,0,"chi","I",1000,500,0.5,0,0,0,FALSE,0,FALSE,0.1,"leave-d",200,0.5,1e+05,TRUE,534
9.99999999999999,0,0,0,10.0022901964998,6.89946155335228,13.1051188396473,14.3674806863366,-3.92609918170064,32.6610605543739,10.1763572680738,0,14.106876113712,0,"chi","I",1000,500,0.5,0,0,0,FALSE,0,FALSE,0.1,"leave-d",200,0.5,1e+05,TRUE,534
9.99999999999999,0,0,0,10.0022901964998,6.89946155335228,13.1051188396473,18.7840898197456,2.79363056355033,34.7745490759409,10.1763572680738,0,15.9722603848443,0,"chi","I",1000,500,0.5,0,0,0,FALSE,0,FALSE,0.1,"leave-d",200,0.5,1e+05,TRUE,534
9.99999999999999,0,0,0,10.0022901964998,6.89946155335228,13.1051188396473,55.5269437747638,25.8024973987493,85.2513901507783,10.1763572680738,0,28.5226631110382,0,"chi","I",1000,500,0.5,0,0,0,FALSE,0,FALSE,0.1,"leave-d",200,0.5,1e+05,TRUE,534
9.99999999999999,0,0,0,10.0022901964998,6.89946155335228,13.1051188396473,38.848296217584,14.122405044225,63.574187390943,10.1763572680738,0,24.4612767055496,0,"chi","I",1000,500,0.5,0,0,0,FALSE,0,FALSE,0.1,"leave-d",200,0.5,1e+05,TRUE,534
9.99999999999999,0,0,0,10.0022901964998,6.89946155335228,13.1051188396473,12.600248285465,-5.6479293948299,30.8484259657599,10.1763572680738,0,12.3158332564166,0,"chi","I",1000,500,0.5,0,0,0,FALSE,0,FALSE,0.1,"leave-d",200,0.5,1e+05,TRUE,534
9.99999999999999,0,0,0,10.0022901964998,6.89946155335228,13.1051188396473,29.8024626032163,8.21445191624287,51.3904732901897,10.1763572680738,0,21.8529565475361,0,"chi","I",1000,500,0.5,0,0,0,FALSE,0,FALSE,0.1,"leave-d",200,0.5,1e+05,TRUE,534
9.99999999999999,0,0,0,10.0022901964998,6.89946155335228,13.1051188396473,24.1283876996775,3.2347840134545,45.0219913859005,10.1763572680738,0,13.2508485926065,0,"chi","I",1000,500,0.5,0,0,0,FALSE,0,FALSE,0.1,"leave-d",200,0.5,1e+05,TRUE,534
9.99999999999999,0,0,0,10.0022901964998,6.89946155335228,13.1051188396473,9.88781850599904,-13.3856416741819,33.16127868618,10.1763572680738,0,3.40190861128061,0,"chi","I",1000,500,0.5,0,0,0,FALSE,0,FALSE,0.1,"leave-d",200,0.5,1e+05,TRUE,534
9.99999999999999,0,0,0,10.0022901964998,6.89946155335228,13.1051188396473,16.6226300250474,-4.12328488207335,37.3685449321681,10.1763572680738,0,21.1059551952847,0,"chi","I",1000,500,0.5,0,0,0,FALSE,0,FALSE,0.1,"leave-d",200,0.5,1e+05,TRUE,534
9.99999999999999,0,0,0,10.0022901964998,6.89946155335228,13.1051188396473,10.9465031597725,-4.89308953931936,26.7860958588644,10.1763572680738,0,14.3256901434318,0,"chi","I",1000,500,0.5,0,0,0,FALSE,0,FALSE,0.1,"leave-d",200,0.5,1e+05,TRUE,534
9.99999999999999,0,0,0,10.0022901964998,6.89946155335228,13.1051188396473,8.01049548464437,-12.8585928363699,28.8795838056587,10.1763572680738,0,7.06826488236232,0,"chi","I",1000,500,0.5,0,0,0,FALSE,0,FALSE,0.1,"leave-d",200,0.5,1e+05,TRUE,534
9.99999999999999,0,0,0,10.0022901964998,6.89946155335228,13.1051188396473,16.6129908981293,-10.0458507270332,43.2718325232919,10.1763572680738,0,11.3426705633546,0,"chi","I",1000,500,0.5,0,0,0,FALSE,0,FALSE,0.1,"leave-d",200,0.5,1e+05,TRUE,534
9.99999999999999,0,0,0,10.0022901964998,6.89946155335228,13.1051188396473,13.4915701537182,-14.3765975998855,41.3597379073218,10.1763572680738,0,5.31285768970363,0,"chi","I",1000,500,0.5,0,0,0,FALSE,0,FALSE,0.1,"leave-d",200,0.5,1e+05,TRUE,534
9.99999999999999,0,0,0,10.0022901964998,6.89946155335228,13.1051188396473,16.4020183610481,-9.2069965871885,42.0110333092847,10.1763572680738,0,26.5320847973486,0,"chi","I",1000,500,0.5,0,0,0,FALSE,0,FALSE,0.1,"leave-d",200,0.5,1e+05,TRUE,534
9.99999999999999,0,0,0,10.0022901964998,6.89946155335228,13.1051188396473,6.92445079585205,-9.48243410645517,23.3313356981593,10.1763572680738,0,3.7099799173693,0,"chi","I",1000,500,0.5,0,0,0,FALSE,0,FALSE,0.1,"leave-d",200,0.5,1e+05,TRUE,534
9.99999999999999,0,0,0,10.0022901964998,6.89946155335228,13.1051188396473,19.0733157020391,-4.76667729616175,42.91330870024,10.1763572680738,0,9.83337029110565,0,"chi","I",1000,500,0.5,0,0,0,FALSE,0,FALSE,0.1,"leave-d",200,0.5,1e+05,TRUE,534
9.99999999999999,0,0,0,10.0022901964998,6.89946155335228,13.1051188396473,14.6699526359141,-3.06914599622681,32.4090512680549,10.1763572680738,0,18.154336848486,0,"chi","I",1000,500,0.5,0,0,0,FALSE,0,FALSE,0.1,"leave-d",200,0.5,1e+05,TRUE,534
9.99999999999999,0,0,0,10.0022901964998,6.89946155335228,13.1051188396473,16.1017588992807,-4.66629808787992,36.8698158864414,10.1763572680738,0,13.676999884583,0,"chi","I",1000,500,0.5,0,0,0,FALSE,0,FALSE,0.1,"leave-d",200,0.5,1e+05,TRUE,534
9.99999999999999,0,0,0,10.0022901964998,6.89946155335228,13.1051188396473,11.2612634319431,-3.78275380698108,26.3052806708672,10.1763572680738,0,9.42771343297274,0,"chi","I",1000,500,0.5,0,0,0,FALSE,0,FALSE,0.1,"leave-d",200,0.5,1e+05,TRUE,534
9.99999999999999,0,0,0,10.0022901964998,6.89946155335228,13.1051188396473,20.0101713864013,3.2404979297923,36.7798448430104,10.1763572680738,0,16.6653974493894,0,"chi","I",1000,500,0.5,0,0,0,FALSE,0,FALSE,0.1,"leave-d",200,0.5,1e+05,TRUE,534
9.99999999999999,0,0,0,10.0022901964998,6.89946155335228,13.1051188396473,3.11289822430492,-18.6857867682068,24.9115832168167,10.1763572680738,0,0,0,"chi","I",1000,500,0.5,0,0,0,FALSE,0,FALSE,0.1,"leave-d",200,0.5,1e+05,TRUE,534
9.99999999999999,0,0,0,10.0022901964998,6.89946155335228,13.1051188396473,-15.2797635647178,-33.5437637415775,2.98423661214195,10.1763572680738,0,0,0,"chi","I",1000,500,0.5,0,0,0,FALSE,0,FALSE,0.1,"leave-d",200,0.5,1e+05,TRUE,534
9.99999999999999,0,0,0,10.0022901964998,6.89946155335228,13.1051188396473,-7.25052449879118,-27.9227286947354,13.4216796971531,10.1763572680738,0,0,0,"chi","I",1000,500,0.5,0,0,0,FALSE,0,FALSE,0.1,"leave-d",200,0.5,1e+05,TRUE,534
9.99999999999999,0,0,0,10.0022901964998,6.89946155335228,13.1051188396473,29.7051540045475,7.6123612911341,51.797946717961,10.1763572680738,0,22.2579741278659,0,"chi","I",1000,500,0.5,0,0,0,FALSE,0,FALSE,0.1,"leave-d",200,0.5,1e+05,TRUE,534
9.99999999999999,0,0,0,10.0022901964998,6.89946155335228,13.1051188396473,33.5981028589066,12.3190983616784,54.8771073561348,10.1763572680738,0,21.5353742346638,0,"chi","I",1000,500,0.5,0,0,0,FALSE,0,FALSE,0.1,"leave-d",200,0.5,1e+05,TRUE,534
9.99999999999999,0,0,0,10.0022901964998,6.89946155335228,13.1051188396473,0.0860248564008894,-16.7702275803786,16.9422772931803,10.1763572680738,0,0,0,"chi","I",1000,500,0.5,0,0,0,FALSE,0,FALSE,0.1,"leave-d",200,0.5,1e+05,TRUE,534
9.99999999999999,0,0,0,10.0022901964998,6.89946155335228,13.1051188396473,6.83517859071089,-11.4721627684586,25.1425199498804,10.1763572680738,0,1.37715352429821,0,"chi","I",1000,500,0.5,0,0,0,FALSE,0,FALSE,0.1,"leave-d",200,0.5,1e+05,TRUE,534
9.99999999999999,0,0,0,10.0022901964998,6.89946155335228,13.1051188396473,8.07058921684967,-17.5782078910431,33.7193863247425,10.1763572680738,0,0.453024263236067,0,"chi","I",1000,500,0.5,0,0,0,FALSE,0,FALSE,0.1,"leave-d",200,0.5,1e+05,TRUE,534
9.99999999999999,0,0,0,10.0022901964998,6.89946155335228,13.1051188396473,14.0622974766177,-11.4815629180263,39.6061578712617,10.1763572680738,0,20.9181406296738,0,"chi","I",1000,500,0.5,0,0,0,FALSE,0,FALSE,0.1,"leave-d",200,0.5,1e+05,TRUE,534
9.99999999999999,0,0,0,10.0022901964998,6.89946155335228,13.1051188396473,29.4697917904944,5.78793841036133,53.1516451706274,10.1763572680738,0,23.5952620913417,0,"chi","I",1000,500,0.5,0,0,0,FALSE,0,FALSE,0.1,"leave-d",200,0.5,1e+05,TRUE,534
9.99999999999999,0,0,0,10.0022901964998,6.89946155335228,13.1051188396473,24.2728743391632,4.82921275910927,43.7165359192172,10.1763572680738,0,20.1891773414404,0,"chi","I",1000,500,0.5,0,0,0,FALSE,0,FALSE,0.1,"leave-d",200,0.5,1e+05,TRUE,534
9.99999999999999,0,0,0,10.0022901964998,6.89946155335228,13.1051188396473,22.7181680608663,1.43717540272155,43.9991607190111,10.1763572680738,0,13.9982663214099,0,"chi","I",1000,500,0.5,0,0,0,FALSE,0,FALSE,0.1,"leave-d",200,0.5,1e+05,TRUE,534
9.99999999999999,0,0,0,10.0022901964998,6.89946155335228,13.1051188396473,2.04263046813539,-20.7481320861017,24.8333930223725,10.1763572680738,0,0,0,"chi","I",1000,500,0.5,0,0,0,FALSE,0,FALSE,0.1,"leave-d",200,0.5,1e+05,TRUE,534
9.99999999999999,0,0,0,10.0022901964998,6.89946155335228,13.1051188396473,-1.5660152528752,-21.3294930120574,18.197462506307,10.1763572680738,0,0,0,"chi","I",1000,500,0.5,0,0,0,FALSE,0,FALSE,0.1,"leave-d",200,0.5,1e+05,TRUE,534
9.99999999999999,0,0,0,10.0022901964998,6.89946155335228,13.1051188396473,-6.41714232798372,-26.3556403958,13.5213557398326,10.1763572680738,0,0,0,"chi","I",1000,500,0.5,0,0,0,FALSE,0,FALSE,0.1,"leave-d",200,0.5,1e+05,TRUE,534
9.99999999999999,0,0,0,10.0022901964998,6.89946155335228,13.1051188396473,49.0558679308327,15.8362741210611,82.2754617406043,10.1763572680738,0,32.6170552482653,0,"chi","I",1000,500,0.5,0,0,0,FALSE,0,FALSE,0.1,"leave-d",200,0.5,1e+05,TRUE,534
9.99999999999999,0,0,0,10.0022901964998,6.89946155335228,13.1051188396473,23.5999733416327,0.0138743692903809,47.1860723139751,10.1763572680738,0,24.2457175649136,0,"chi","I",1000,500,0.5,0,0,0,FALSE,0,FALSE,0.1,"leave-d",200,0.5,1e+05,TRUE,534
9.99999999999999,0,0,0,10.0022901964998,6.89946155335228,13.1051188396473,0.31565730351962,-13.2102904189031,13.8416050259423,10.1763572680738,0,0,0,"chi","I",1000,500,0.5,0,0,0,FALSE,0,FALSE,0.1,"leave-d",200,0.5,1e+05,TRUE,534
9.99999999999999,0,0,0,10.0022901964998,6.89946155335228,13.1051188396473,23.2487604158596,4.15734276693564,42.3401780647835,10.1763572680738,0,20.049328998791,0,"chi","I",1000,500,0.5,0,0,0,FALSE,0,FALSE,0.1,"leave-d",200,0.5,1e+05,TRUE,534
9.99999999999999,0,0,0,10.0022901964998,6.89946155335228,13.1051188396473,23.6505596392463,1.17691535865338,46.1242039198393,10.1763572680738,0,0,0,"chi","I",1000,500,0.5,0,0,0,FALSE,0,FALSE,0.1,"leave-d",200,0.5,1e+05,TRUE,534
9.99999999999999,0,0,0,10.0022901964998,6.89946155335228,13.1051188396473,17.1262993277374,-14.8450596103825,49.0976582658573,10.1763572680738,0,12.6751664751915,0,"chi","I",1000,500,0.5,0,0,0,FALSE,0,FALSE,0.1,"leave-d",200,0.5,1e+05,TRUE,534
9.99999999999999,0,0,0,10.0022901964998,6.89946155335228,13.1051188396473,-1.3295254774405,-20.2987247608948,17.6396738060138,10.1763572680738,0,0,0,"chi","I",1000,500,0.5,0,0,0,FALSE,0,FALSE,0.1,"leave-d",200,0.5,1e+05,TRUE,534
9.99999999999999,0,0,0,10.0022901964998,6.89946155335228,13.1051188396473,27.4239249167776,12.5766566237961,42.271193209759,10.1763572680738,0,14.8435627507278,0,"chi","I",1000,500,0.5,0,0,0,FALSE,0,FALSE,0.1,"leave-d",200,0.5,1e+05,TRUE,534
9.99999999999999,0,0,0,10.0022901964998,6.89946155335228,13.1051188396473,-20.0220293027036,-39.4779076839102,-0.566150921497012,10.1763572680738,0,0,0,"chi","I",1000,500,0.5,0,0,0,FALSE,0,FALSE,0.1,"leave-d",200,0.5,1e+05,TRUE,534
9.99999999999999,0,0,0,10.0022901964998,6.89946155335228,13.1051188396473,41.9752458204032,23.3133067769217,60.6371848638846,10.1763572680738,0,17.8228081459743,0,"chi","I",1000,500,0.5,0,0,0,FALSE,0,FALSE,0.1,"leave-d",200,0.5,1e+05,TRUE,534
9.99999999999999,0,0,0,10.0022901964998,6.89946155335228,13.1051188396473,23.8839959854443,-6.13950915460183,53.9075011254905,10.1763572680738,0,21.7656787107097,0,"chi","I",1000,500,0.5,0,0,0,FALSE,0,FALSE,0.1,"leave-d",200,0.5,1e+05,TRUE,534
9.99999999999999,0,0,0,10.0022901964998,6.89946155335228,13.1051188396473,14.1902970843432,-9.29750954282659,37.6781037115131,10.1763572680738,0,23.1174973252406,0,"chi","I",1000,500,0.5,0,0,0,FALSE,0,FALSE,0.1,"leave-d",200,0.5,1e+05,TRUE,534
9.99999999999999,0,0,0,10.0022901964998,6.89946155335228,13.1051188396473,7.0952545775256,-9.86206035225509,24.0525695073063,10.1763572680738,0,1.85308417177409,0,"chi","I",1000,500,0.5,0,0,0,FALSE,0,FALSE,0.1,"leave-d",200,0.5,1e+05,TRUE,534
9.99999999999999,0,0,0,10.0022901964998,6.89946155335228,13.1051188396473,20.6789835985548,-1.46248326417607,42.8204504612857,10.1763572680738,0,22.1299928737704,0,"chi","I",1000,500,0.5,0,0,0,FALSE,0,FALSE,0.1,"leave-d",200,0.5,1e+05,TRUE,534
9.99999999999999,0,0,0,10.0022901964998,6.89946155335228,13.1051188396473,19.8588610881698,4.90637674135603,34.8113454349836,10.1763572680738,0,14.8723089695474,0,"chi","I",1000,500,0.5,0,0,0,FALSE,0,FALSE,0.1,"leave-d",200,0.5,1e+05,TRUE,534
9.99999999999999,0,0,0,10.0022901964998,6.89946155335228,13.1051188396473,9.53981520934511,-17.4294525243027,36.5090829429929,10.1763572680738,0,2.35724489115874,0,"chi","I",1000,500,0.5,0,0,0,FALSE,0,FALSE,0.1,"leave-d",200,0.5,1e+05,TRUE,534
9.99999999999999,0,0,0,10.0022901964998,6.89946155335228,13.1051188396473,19.7155225751001,-10.3659247702836,49.7969699204838,10.1763572680738,0,21.2187994453291,0,"chi","I",1000,500,0.5,0,0,0,FALSE,0,FALSE,0.1,"leave-d",200,0.5,1e+05,TRUE,534
9.99999999999999,0,0,0,10.0022901964998,6.89946155335228,13.1051188396473,34.3988391492522,5.94304003564474,62.8546382628597,10.1763572680738,0,28.7356578143326,0,"chi","I",1000,500,0.5,0,0,0,FALSE,0,FALSE,0.1,"leave-d",200,0.5,1e+05,TRUE,534
9.99999999999999,0,0,0,10.0022901964998,6.89946155335228,13.1051188396473,11.1096053652205,-19.0167843514402,41.2359950818812,10.1763572680738,0,5.83497459720274,0,"chi","I",1000,500,0.5,0,0,0,FALSE,0,FALSE,0.1,"leave-d",200,0.5,1e+05,TRUE,534
9.99999999999999,0,0,0,10.0022901964998,6.89946155335228,13.1051188396473,10.4046015056039,-8.5504074670148,29.3596104782225,10.1763572680738,0,19.3740639201868,0,"chi","I",1000,500,0.5,0,0,0,FALSE,0,FALSE,0.1,"leave-d",200,0.5,1e+05,TRUE,534
9.99999999999999,0,0,0,10.0022901964998,6.89946155335228,13.1051188396473,16.8433868537876,-3.43332361687098,37.1200973244461,10.1763572680738,0,9.63840930957496,0,"chi","I",1000,500,0.5,0,0,0,FALSE,0,FALSE,0.1,"leave-d",200,0.5,1e+05,TRUE,534
9.99999999999999,0,0,0,10.0022901964998,6.89946155335228,13.1051188396473,-6.82762226413326,-26.8010113802801,13.1457668520136,10.1763572680738,0,0,0,"chi","I",1000,500,0.5,0,0,0,FALSE,0,FALSE,0.1,"leave-d",200,0.5,1e+05,TRUE,534
9.99999999999999,0,0,0,10.0022901964998,6.89946155335228,13.1051188396473,-12.8759989672816,-32.3267911091862,6.57479317462296,10.1763572680738,0,0,0,"chi","I",1000,500,0.5,0,0,0,FALSE,0,FALSE,0.1,"leave-d",200,0.5,1e+05,TRUE,534
9.99999999999999,0,0,0,10.0022901964998,6.89946155335228,13.1051188396473,3.96179772711323,-17.5137549918022,25.4373504460286,10.1763572680738,0,0,0,"chi","I",1000,500,0.5,0,0,0,FALSE,0,FALSE,0.1,"leave-d",200,0.5,1e+05,TRUE,534
9.99999999999999,0,0,0,10.0022901964998,6.89946155335228,13.1051188396473,18.8319077742806,-6.47176972687825,44.1355852754394,10.1763572680738,0,16.9422956664101,0,"chi","I",1000,500,0.5,0,0,0,FALSE,0,FALSE,0.1,"leave-d",200,0.5,1e+05,TRUE,534
9.99999999999999,0,0,0,10.0022901964998,6.89946155335228,13.1051188396473,-9.75946463761801,-26.6995158498936,7.18058657465757,10.1763572680738,0,0,0,"chi","I",1000,500,0.5,0,0,0,FALSE,0,FALSE,0.1,"leave-d",200,0.5,1e+05,TRUE,534
9.99999999999999,0,0,0,10.0022901964998,6.89946155335228,13.1051188396473,7.14834638196476,-12.7370954140035,27.033788177933,10.1763572680738,0,5.94331992800251,0,"chi","I",1000,500,0.5,0,0,0,FALSE,0,FALSE,0.1,"leave-d",200,0.5,1e+05,TRUE,534
9.99999999999999,0,0,0,10.0022901964998,6.89946155335228,13.1051188396473,12.4868180058978,-3.19250942519814,28.1661454369937,10.1763572680738,0,15.7446013826294,0,"chi","I",1000,500,0.5,0,0,0,FALSE,0,FALSE,0.1,"leave-d",200,0.5,1e+05,TRUE,534
9.99999999999999,0,0,0,10.0022901964998,6.89946155335228,13.1051188396473,-0.334748808874477,-20.8074167351673,20.1379191174183,10.1763572680738,0,0,0,"chi","I",1000,500,0.5,0,0,0,FALSE,0,FALSE,0.1,"leave-d",200,0.5,1e+05,TRUE,534
