"var_main_effect","var_inter_effect","cov_main_inter_effect","var_total_effect","EigenPrism_main","EigenPrism_CI1","EigenPrism_CI2","sub_EigenPrism_main","sub_EigenPrism_CI1","sub_EigenPrism_CI2","GCTA_main","GCTA_inter","sub_GCTA_main","sub_GCTA_inter","x_dist","structure","p","n","main_fixed_var","main_random_var","inter_fixed_var","inter_random_var","decor","interact","combine","pro","bs","n_sub","rho_e","emp_n","inter_std","i"
9.99999999999999,0,0,0,10.3874650843871,7.64891966295435,13.1260105058199,9.70514798436072,6.05122017045914,13.3590757982623,10.037142951366,0,9.49211089442181,0,"chi","I",1000,500,0.5,0,0,0,FALSE,0,FALSE,0.6,"leave-d",200,0.5,1e+05,TRUE,535
9.99999999999999,0,0,0,10.3874650843871,7.64891966295435,13.1260105058199,10.3449624218053,6.11615161356032,14.5737732300503,10.037142951366,0,10.0309056286904,0,"chi","I",1000,500,0.5,0,0,0,FALSE,0,FALSE,0.6,"leave-d",200,0.5,1e+05,TRUE,535
9.99999999999999,0,0,0,10.3874650843871,7.64891966295435,13.1260105058199,12.3894210469754,8.23300564760686,16.545836446344,10.037142951366,0,11.9426688987709,0,"chi","I",1000,500,0.5,0,0,0,FALSE,0,FALSE,0.6,"leave-d",200,0.5,1e+05,TRUE,535
9.99999999999999,0,0,0,10.3874650843871,7.64891966295435,13.1260105058199,13.5290856730389,9.19099330657981,17.8671780394981,10.037142951366,0,12.4899777520704,0,"chi","I",1000,500,0.5,0,0,0,FALSE,0,FALSE,0.6,"leave-d",200,0.5,1e+05,TRUE,535
9.99999999999999,0,0,0,10.3874650843871,7.64891966295435,13.1260105058199,10.2590044623224,5.67734734350381,14.840661581141,10.037142951366,0,10.1996700702707,0,"chi","I",1000,500,0.5,0,0,0,FALSE,0,FALSE,0.6,"leave-d",200,0.5,1e+05,TRUE,535
9.99999999999999,0,0,0,10.3874650843871,7.64891966295435,13.1260105058199,8.46340660432949,4.32462214961005,12.6021910590489,10.037142951366,0,7.93703884907452,0,"chi","I",1000,500,0.5,0,0,0,FALSE,0,FALSE,0.6,"leave-d",200,0.5,1e+05,TRUE,535
9.99999999999999,0,0,0,10.3874650843871,7.64891966295435,13.1260105058199,10.2024660089924,5.94521507609806,14.4597169418868,10.037142951366,0,9.72198588814335,0,"chi","I",1000,500,0.5,0,0,0,FALSE,0,FALSE,0.6,"leave-d",200,0.5,1e+05,TRUE,535
9.99999999999999,0,0,0,10.3874650843871,7.64891966295435,13.1260105058199,11.5153551318646,7.40206127968414,15.6286489840451,10.037142951366,0,11.0351889420316,0,"chi","I",1000,500,0.5,0,0,0,FALSE,0,FALSE,0.6,"leave-d",200,0.5,1e+05,TRUE,535
9.99999999999999,0,0,0,10.3874650843871,7.64891966295435,13.1260105058199,9.49367022169848,6.05741907348149,12.9299213699155,10.037142951366,0,9.1696121144864,0,"chi","I",1000,500,0.5,0,0,0,FALSE,0,FALSE,0.6,"leave-d",200,0.5,1e+05,TRUE,535
9.99999999999999,0,0,0,10.3874650843871,7.64891966295435,13.1260105058199,12.640033757628,8.31599104118199,16.9640764740741,10.037142951366,0,12.2370953638821,0,"chi","I",1000,500,0.5,0,0,0,FALSE,0,FALSE,0.6,"leave-d",200,0.5,1e+05,TRUE,535
9.99999999999999,0,0,0,10.3874650843871,7.64891966295435,13.1260105058199,16.2180390282574,11.8698737806278,20.5662042758871,10.037142951366,0,14.4871802581795,0,"chi","I",1000,500,0.5,0,0,0,FALSE,0,FALSE,0.6,"leave-d",200,0.5,1e+05,TRUE,535
9.99999999999999,0,0,0,10.3874650843871,7.64891966295435,13.1260105058199,11.0300761787402,6.77987450014439,15.2802778573359,10.037142951366,0,10.5154730875537,0,"chi","I",1000,500,0.5,0,0,0,FALSE,0,FALSE,0.6,"leave-d",200,0.5,1e+05,TRUE,535
9.99999999999999,0,0,0,10.3874650843871,7.64891966295435,13.1260105058199,10.1025571711925,5.83328189901981,14.3718324433652,10.037142951366,0,9.75036604871434,0,"chi","I",1000,500,0.5,0,0,0,FALSE,0,FALSE,0.6,"leave-d",200,0.5,1e+05,TRUE,535
9.99999999999999,0,0,0,10.3874650843871,7.64891966295435,13.1260105058199,12.9865548729964,8.8423242844432,17.1307854615496,10.037142951366,0,12.50141199809,0,"chi","I",1000,500,0.5,0,0,0,FALSE,0,FALSE,0.6,"leave-d",200,0.5,1e+05,TRUE,535
9.99999999999999,0,0,0,10.3874650843871,7.64891966295435,13.1260105058199,11.584727845808,7.31488225747475,15.8545734341413,10.037142951366,0,10.8755197202836,0,"chi","I",1000,500,0.5,0,0,0,FALSE,0,FALSE,0.6,"leave-d",200,0.5,1e+05,TRUE,535
9.99999999999999,0,0,0,10.3874650843871,7.64891966295435,13.1260105058199,12.7088457208634,8.32591558657828,17.0917758551485,10.037142951366,0,13.0049350074697,0,"chi","I",1000,500,0.5,0,0,0,FALSE,0,FALSE,0.6,"leave-d",200,0.5,1e+05,TRUE,535
9.99999999999999,0,0,0,10.3874650843871,7.64891966295435,13.1260105058199,8.7839757474133,4.86397468233661,12.70397681249,10.037142951366,0,8.4696448590724,0,"chi","I",1000,500,0.5,0,0,0,FALSE,0,FALSE,0.6,"leave-d",200,0.5,1e+05,TRUE,535
9.99999999999999,0,0,0,10.3874650843871,7.64891966295435,13.1260105058199,11.0096363779972,6.867529463316,15.1517432926784,10.037142951366,0,10.5272297806689,0,"chi","I",1000,500,0.5,0,0,0,FALSE,0,FALSE,0.6,"leave-d",200,0.5,1e+05,TRUE,535
9.99999999999999,0,0,0,10.3874650843871,7.64891966295435,13.1260105058199,10.5388019007215,6.13098595874016,14.9466178427029,10.037142951366,0,10.3421672869298,0,"chi","I",1000,500,0.5,0,0,0,FALSE,0,FALSE,0.6,"leave-d",200,0.5,1e+05,TRUE,535
9.99999999999999,0,0,0,10.3874650843871,7.64891966295435,13.1260105058199,10.5219625364844,6.32995351163245,14.7139715613364,10.037142951366,0,10.1920922717588,0,"chi","I",1000,500,0.5,0,0,0,FALSE,0,FALSE,0.6,"leave-d",200,0.5,1e+05,TRUE,535
9.99999999999999,0,0,0,10.3874650843871,7.64891966295435,13.1260105058199,11.1497141190781,7.41175275913348,14.8876754790228,10.037142951366,0,10.1840150624338,0,"chi","I",1000,500,0.5,0,0,0,FALSE,0,FALSE,0.6,"leave-d",200,0.5,1e+05,TRUE,535
9.99999999999999,0,0,0,10.3874650843871,7.64891966295435,13.1260105058199,12.6134581770627,8.23172820050131,16.9951881536241,10.037142951366,0,12.8625530755481,0,"chi","I",1000,500,0.5,0,0,0,FALSE,0,FALSE,0.6,"leave-d",200,0.5,1e+05,TRUE,535
9.99999999999999,0,0,0,10.3874650843871,7.64891966295435,13.1260105058199,10.3878940140619,6.33218040577295,14.4436076223509,10.037142951366,0,9.87184475056233,0,"chi","I",1000,500,0.5,0,0,0,FALSE,0,FALSE,0.6,"leave-d",200,0.5,1e+05,TRUE,535
9.99999999999999,0,0,0,10.3874650843871,7.64891966295435,13.1260105058199,12.4138650616165,8.24181505790152,16.5859150653315,10.037142951366,0,11.6685352025239,0,"chi","I",1000,500,0.5,0,0,0,FALSE,0,FALSE,0.6,"leave-d",200,0.5,1e+05,TRUE,535
9.99999999999999,0,0,0,10.3874650843871,7.64891966295435,13.1260105058199,12.9414712899602,8.49178759887157,17.3911549810489,10.037142951366,0,12.6505193787217,0,"chi","I",1000,500,0.5,0,0,0,FALSE,0,FALSE,0.6,"leave-d",200,0.5,1e+05,TRUE,535
9.99999999999999,0,0,0,10.3874650843871,7.64891966295435,13.1260105058199,12.6542131783593,8.59752554936994,16.7109008073486,10.037142951366,0,12.4166879517496,0,"chi","I",1000,500,0.5,0,0,0,FALSE,0,FALSE,0.6,"leave-d",200,0.5,1e+05,TRUE,535
9.99999999999999,0,0,0,10.3874650843871,7.64891966295435,13.1260105058199,6.30907115984081,2.39000988393415,10.2281324357475,10.037142951366,0,4.99420366750767,0,"chi","I",1000,500,0.5,0,0,0,FALSE,0,FALSE,0.6,"leave-d",200,0.5,1e+05,TRUE,535
9.99999999999999,0,0,0,10.3874650843871,7.64891966295435,13.1260105058199,12.8594402787472,8.62688488547404,17.0919956720204,10.037142951366,0,12.6665020165671,0,"chi","I",1000,500,0.5,0,0,0,FALSE,0,FALSE,0.6,"leave-d",200,0.5,1e+05,TRUE,535
9.99999999999999,0,0,0,10.3874650843871,7.64891966295435,13.1260105058199,12.1240125566321,7.59788196820605,16.6501431450581,10.037142951366,0,12.1416527284282,0,"chi","I",1000,500,0.5,0,0,0,FALSE,0,FALSE,0.6,"leave-d",200,0.5,1e+05,TRUE,535
9.99999999999999,0,0,0,10.3874650843871,7.64891966295435,13.1260105058199,8.17641791337185,4.07902550714142,12.2738103196023,10.037142951366,0,8.06207823480596,0,"chi","I",1000,500,0.5,0,0,0,FALSE,0,FALSE,0.6,"leave-d",200,0.5,1e+05,TRUE,535
9.99999999999999,0,0,0,10.3874650843871,7.64891966295435,13.1260105058199,9.1126083494358,4.97304924276611,13.2521674561055,10.037142951366,0,8.75794433044283,0,"chi","I",1000,500,0.5,0,0,0,FALSE,0,FALSE,0.6,"leave-d",200,0.5,1e+05,TRUE,535
9.99999999999999,0,0,0,10.3874650843871,7.64891966295435,13.1260105058199,8.39815250522068,4.18665979303125,12.6096452174101,10.037142951366,0,8.24553537143306,0,"chi","I",1000,500,0.5,0,0,0,FALSE,0,FALSE,0.6,"leave-d",200,0.5,1e+05,TRUE,535
9.99999999999999,0,0,0,10.3874650843871,7.64891966295435,13.1260105058199,12.1190274295973,8.06652866455906,16.1715261946356,10.037142951366,0,12.058245953629,0,"chi","I",1000,500,0.5,0,0,0,FALSE,0,FALSE,0.6,"leave-d",200,0.5,1e+05,TRUE,535
9.99999999999999,0,0,0,10.3874650843871,7.64891966295435,13.1260105058199,10.3323449943276,5.86311792580368,14.8015720628515,10.037142951366,0,9.90763281612235,0,"chi","I",1000,500,0.5,0,0,0,FALSE,0,FALSE,0.6,"leave-d",200,0.5,1e+05,TRUE,535
9.99999999999999,0,0,0,10.3874650843871,7.64891966295435,13.1260105058199,9.29563033236303,4.91650601408728,13.6747546506388,10.037142951366,0,9.51872020723448,0,"chi","I",1000,500,0.5,0,0,0,FALSE,0,FALSE,0.6,"leave-d",200,0.5,1e+05,TRUE,535
9.99999999999999,0,0,0,10.3874650843871,7.64891966295435,13.1260105058199,12.3653424286725,8.18475665745686,16.5459281998882,10.037142951366,0,11.5526490141109,0,"chi","I",1000,500,0.5,0,0,0,FALSE,0,FALSE,0.6,"leave-d",200,0.5,1e+05,TRUE,535
9.99999999999999,0,0,0,10.3874650843871,7.64891966295435,13.1260105058199,11.9051816483954,7.80051318963084,16.0098501071599,10.037142951366,0,11.1859843950955,0,"chi","I",1000,500,0.5,0,0,0,FALSE,0,FALSE,0.6,"leave-d",200,0.5,1e+05,TRUE,535
9.99999999999999,0,0,0,10.3874650843871,7.64891966295435,13.1260105058199,6.14580718559049,2.41989848397923,9.87171588720176,10.037142951366,0,5.59503035629749,0,"chi","I",1000,500,0.5,0,0,0,FALSE,0,FALSE,0.6,"leave-d",200,0.5,1e+05,TRUE,535
9.99999999999999,0,0,0,10.3874650843871,7.64891966295435,13.1260105058199,13.7046483122424,9.24692832133882,18.162368303146,10.037142951366,0,13.480380051303,0,"chi","I",1000,500,0.5,0,0,0,FALSE,0,FALSE,0.6,"leave-d",200,0.5,1e+05,TRUE,535
9.99999999999999,0,0,0,10.3874650843871,7.64891966295435,13.1260105058199,12.4050600016006,8.4685580343775,16.3415619688237,10.037142951366,0,13.1565638897012,0,"chi","I",1000,500,0.5,0,0,0,FALSE,0,FALSE,0.6,"leave-d",200,0.5,1e+05,TRUE,535
9.99999999999999,0,0,0,10.3874650843871,7.64891966295435,13.1260105058199,9.38788172471896,5.69697389849144,13.0787895509465,10.037142951366,0,9.18130936453895,0,"chi","I",1000,500,0.5,0,0,0,FALSE,0,FALSE,0.6,"leave-d",200,0.5,1e+05,TRUE,535
9.99999999999999,0,0,0,10.3874650843871,7.64891966295435,13.1260105058199,9.5023868090532,5.33970864544597,13.6650649726604,10.037142951366,0,8.8847586535321,0,"chi","I",1000,500,0.5,0,0,0,FALSE,0,FALSE,0.6,"leave-d",200,0.5,1e+05,TRUE,535
9.99999999999999,0,0,0,10.3874650843871,7.64891966295435,13.1260105058199,14.2988632559018,10.0423369356531,18.5553895761506,10.037142951366,0,13.9964714206476,0,"chi","I",1000,500,0.5,0,0,0,FALSE,0,FALSE,0.6,"leave-d",200,0.5,1e+05,TRUE,535
9.99999999999999,0,0,0,10.3874650843871,7.64891966295435,13.1260105058199,12.4413862460746,8.0999371654862,16.782835326663,10.037142951366,0,12.318038687476,0,"chi","I",1000,500,0.5,0,0,0,FALSE,0,FALSE,0.6,"leave-d",200,0.5,1e+05,TRUE,535
9.99999999999999,0,0,0,10.3874650843871,7.64891966295435,13.1260105058199,8.41837888631124,4.34535418157282,12.4914035910497,10.037142951366,0,8.01844211899378,0,"chi","I",1000,500,0.5,0,0,0,FALSE,0,FALSE,0.6,"leave-d",200,0.5,1e+05,TRUE,535
9.99999999999999,0,0,0,10.3874650843871,7.64891966295435,13.1260105058199,8.5812824956396,4.29659523844248,12.8659697528367,10.037142951366,0,8.31146050485587,0,"chi","I",1000,500,0.5,0,0,0,FALSE,0,FALSE,0.6,"leave-d",200,0.5,1e+05,TRUE,535
9.99999999999999,0,0,0,10.3874650843871,7.64891966295435,13.1260105058199,7.87770032757199,3.79473381335092,11.9606668417931,10.037142951366,0,7.81391331911283,0,"chi","I",1000,500,0.5,0,0,0,FALSE,0,FALSE,0.6,"leave-d",200,0.5,1e+05,TRUE,535
9.99999999999999,0,0,0,10.3874650843871,7.64891966295435,13.1260105058199,12.1023923445392,7.57610928146505,16.6286754076133,10.037142951366,0,11.3918834283771,0,"chi","I",1000,500,0.5,0,0,0,FALSE,0,FALSE,0.6,"leave-d",200,0.5,1e+05,TRUE,535
9.99999999999999,0,0,0,10.3874650843871,7.64891966295435,13.1260105058199,12.3812126163421,8.54789377512744,16.2145314575568,10.037142951366,0,12.3169973689299,0,"chi","I",1000,500,0.5,0,0,0,FALSE,0,FALSE,0.6,"leave-d",200,0.5,1e+05,TRUE,535
9.99999999999999,0,0,0,10.3874650843871,7.64891966295435,13.1260105058199,9.22409963131336,5.21554842528167,13.232650837345,10.037142951366,0,9.04179959825168,0,"chi","I",1000,500,0.5,0,0,0,FALSE,0,FALSE,0.6,"leave-d",200,0.5,1e+05,TRUE,535
9.99999999999999,0,0,0,10.3874650843871,7.64891966295435,13.1260105058199,14.7462654283553,10.0542488398441,19.4382820168665,10.037142951366,0,14.3394725815376,0,"chi","I",1000,500,0.5,0,0,0,FALSE,0,FALSE,0.6,"leave-d",200,0.5,1e+05,TRUE,535
9.99999999999999,0,0,0,10.3874650843871,7.64891966295435,13.1260105058199,8.44879624401238,4.49674980378193,12.4008426842428,10.037142951366,0,7.9766089461629,0,"chi","I",1000,500,0.5,0,0,0,FALSE,0,FALSE,0.6,"leave-d",200,0.5,1e+05,TRUE,535
9.99999999999999,0,0,0,10.3874650843871,7.64891966295435,13.1260105058199,13.1902330264223,9.28405886347348,17.096407189371,10.037142951366,0,13.1087195763326,0,"chi","I",1000,500,0.5,0,0,0,FALSE,0,FALSE,0.6,"leave-d",200,0.5,1e+05,TRUE,535
9.99999999999999,0,0,0,10.3874650843871,7.64891966295435,13.1260105058199,11.2981412109349,7.18401706617744,15.4122653556924,10.037142951366,0,10.5794955380222,0,"chi","I",1000,500,0.5,0,0,0,FALSE,0,FALSE,0.6,"leave-d",200,0.5,1e+05,TRUE,535
9.99999999999999,0,0,0,10.3874650843871,7.64891966295435,13.1260105058199,14.2623876678477,9.89364504174776,18.6311302939477,10.037142951366,0,14.4472929869666,0,"chi","I",1000,500,0.5,0,0,0,FALSE,0,FALSE,0.6,"leave-d",200,0.5,1e+05,TRUE,535
9.99999999999999,0,0,0,10.3874650843871,7.64891966295435,13.1260105058199,10.053942385734,6.16535527891596,13.942529492552,10.037142951366,0,9.6208467064839,0,"chi","I",1000,500,0.5,0,0,0,FALSE,0,FALSE,0.6,"leave-d",200,0.5,1e+05,TRUE,535
9.99999999999999,0,0,0,10.3874650843871,7.64891966295435,13.1260105058199,11.4500689682679,7.33811930379923,15.5620186327366,10.037142951366,0,10.9093540977355,0,"chi","I",1000,500,0.5,0,0,0,FALSE,0,FALSE,0.6,"leave-d",200,0.5,1e+05,TRUE,535
9.99999999999999,0,0,0,10.3874650843871,7.64891966295435,13.1260105058199,10.173257754786,5.85956536700914,14.4869501425629,10.037142951366,0,9.70598839877522,0,"chi","I",1000,500,0.5,0,0,0,FALSE,0,FALSE,0.6,"leave-d",200,0.5,1e+05,TRUE,535
9.99999999999999,0,0,0,10.3874650843871,7.64891966295435,13.1260105058199,9.9366599847898,5.90408281825347,13.9692371513261,10.037142951366,0,9.60069320385028,0,"chi","I",1000,500,0.5,0,0,0,FALSE,0,FALSE,0.6,"leave-d",200,0.5,1e+05,TRUE,535
9.99999999999999,0,0,0,10.3874650843871,7.64891966295435,13.1260105058199,9.38172301422727,5.19334539070852,13.570100637746,10.037142951366,0,9.09170106542341,0,"chi","I",1000,500,0.5,0,0,0,FALSE,0,FALSE,0.6,"leave-d",200,0.5,1e+05,TRUE,535
9.99999999999999,0,0,0,10.3874650843871,7.64891966295435,13.1260105058199,12.9124791873722,8.7533739302422,17.0715844445021,10.037142951366,0,12.5351726761362,0,"chi","I",1000,500,0.5,0,0,0,FALSE,0,FALSE,0.6,"leave-d",200,0.5,1e+05,TRUE,535
9.99999999999999,0,0,0,10.3874650843871,7.64891966295435,13.1260105058199,12.2462305407751,8.3033212026776,16.1891398788725,10.037142951366,0,11.5115436761487,0,"chi","I",1000,500,0.5,0,0,0,FALSE,0,FALSE,0.6,"leave-d",200,0.5,1e+05,TRUE,535
9.99999999999999,0,0,0,10.3874650843871,7.64891966295435,13.1260105058199,8.81271128583771,4.9635475158229,12.6618750558525,10.037142951366,0,8.48364713251678,0,"chi","I",1000,500,0.5,0,0,0,FALSE,0,FALSE,0.6,"leave-d",200,0.5,1e+05,TRUE,535
9.99999999999999,0,0,0,10.3874650843871,7.64891966295435,13.1260105058199,11.8308134321344,7.47015386969862,16.1914729945702,10.037142951366,0,11.3577830077415,0,"chi","I",1000,500,0.5,0,0,0,FALSE,0,FALSE,0.6,"leave-d",200,0.5,1e+05,TRUE,535
9.99999999999999,0,0,0,10.3874650843871,7.64891966295435,13.1260105058199,11.3781625679685,7.67911808978996,15.077207046147,10.037142951366,0,10.591909791455,0,"chi","I",1000,500,0.5,0,0,0,FALSE,0,FALSE,0.6,"leave-d",200,0.5,1e+05,TRUE,535
9.99999999999999,0,0,0,10.3874650843871,7.64891966295435,13.1260105058199,12.3679890265304,7.87982160429844,16.8561564487623,10.037142951366,0,12.3635399275275,0,"chi","I",1000,500,0.5,0,0,0,FALSE,0,FALSE,0.6,"leave-d",200,0.5,1e+05,TRUE,535
9.99999999999999,0,0,0,10.3874650843871,7.64891966295435,13.1260105058199,10.6400083190617,6.19090952937885,15.0891071087446,10.037142951366,0,10.1928480418088,0,"chi","I",1000,500,0.5,0,0,0,FALSE,0,FALSE,0.6,"leave-d",200,0.5,1e+05,TRUE,535
9.99999999999999,0,0,0,10.3874650843871,7.64891966295435,13.1260105058199,8.41314480001335,4.14547305541793,12.6808165446088,10.037142951366,0,8.10787661919953,0,"chi","I",1000,500,0.5,0,0,0,FALSE,0,FALSE,0.6,"leave-d",200,0.5,1e+05,TRUE,535
9.99999999999999,0,0,0,10.3874650843871,7.64891966295435,13.1260105058199,12.1604912518147,8.07881798224258,16.2421645213868,10.037142951366,0,12.0753191495127,0,"chi","I",1000,500,0.5,0,0,0,FALSE,0,FALSE,0.6,"leave-d",200,0.5,1e+05,TRUE,535
9.99999999999999,0,0,0,10.3874650843871,7.64891966295435,13.1260105058199,9.29100204594214,5.29863153988348,13.2833725520008,10.037142951366,0,8.90848414353687,0,"chi","I",1000,500,0.5,0,0,0,FALSE,0,FALSE,0.6,"leave-d",200,0.5,1e+05,TRUE,535
9.99999999999999,0,0,0,10.3874650843871,7.64891966295435,13.1260105058199,12.4314701237091,8.29679237535633,16.566147872062,10.037142951366,0,11.9308271788845,0,"chi","I",1000,500,0.5,0,0,0,FALSE,0,FALSE,0.6,"leave-d",200,0.5,1e+05,TRUE,535
9.99999999999999,0,0,0,10.3874650843871,7.64891966295435,13.1260105058199,12.687976906342,8.22970948796229,17.1462443247216,10.037142951366,0,12.1794702534003,0,"chi","I",1000,500,0.5,0,0,0,FALSE,0,FALSE,0.6,"leave-d",200,0.5,1e+05,TRUE,535
9.99999999999999,0,0,0,10.3874650843871,7.64891966295435,13.1260105058199,11.829371476218,7.73583574808759,15.9229072043484,10.037142951366,0,10.8924264446566,0,"chi","I",1000,500,0.5,0,0,0,FALSE,0,FALSE,0.6,"leave-d",200,0.5,1e+05,TRUE,535
9.99999999999999,0,0,0,10.3874650843871,7.64891966295435,13.1260105058199,12.3424627235509,8.0840247772103,16.6009006698915,10.037142951366,0,12.32906758674,0,"chi","I",1000,500,0.5,0,0,0,FALSE,0,FALSE,0.6,"leave-d",200,0.5,1e+05,TRUE,535
9.99999999999999,0,0,0,10.3874650843871,7.64891966295435,13.1260105058199,10.2812603498894,6.37443195643555,14.1880887433433,10.037142951366,0,9.53150750327709,0,"chi","I",1000,500,0.5,0,0,0,FALSE,0,FALSE,0.6,"leave-d",200,0.5,1e+05,TRUE,535
9.99999999999999,0,0,0,10.3874650843871,7.64891966295435,13.1260105058199,10.0158176018774,5.8713954498357,14.1602397539191,10.037142951366,0,9.55939230697701,0,"chi","I",1000,500,0.5,0,0,0,FALSE,0,FALSE,0.6,"leave-d",200,0.5,1e+05,TRUE,535
9.99999999999999,0,0,0,10.3874650843871,7.64891966295435,13.1260105058199,8.15944948105772,3.98981738165036,12.3290815804651,10.037142951366,0,7.22302567645292,0,"chi","I",1000,500,0.5,0,0,0,FALSE,0,FALSE,0.6,"leave-d",200,0.5,1e+05,TRUE,535
9.99999999999999,0,0,0,10.3874650843871,7.64891966295435,13.1260105058199,9.9965266315815,5.87103895759169,14.1220143055713,10.037142951366,0,9.56624686368764,0,"chi","I",1000,500,0.5,0,0,0,FALSE,0,FALSE,0.6,"leave-d",200,0.5,1e+05,TRUE,535
9.99999999999999,0,0,0,10.3874650843871,7.64891966295435,13.1260105058199,11.5722812686545,7.47375552118846,15.6708070161205,10.037142951366,0,11.0311940606282,0,"chi","I",1000,500,0.5,0,0,0,FALSE,0,FALSE,0.6,"leave-d",200,0.5,1e+05,TRUE,535
9.99999999999999,0,0,0,10.3874650843871,7.64891966295435,13.1260105058199,11.113296519432,7.18953833823762,15.0370547006264,10.037142951366,0,11.615343447949,0,"chi","I",1000,500,0.5,0,0,0,FALSE,0,FALSE,0.6,"leave-d",200,0.5,1e+05,TRUE,535
9.99999999999999,0,0,0,10.3874650843871,7.64891966295435,13.1260105058199,8.78359170635942,4.7685387067247,12.7986447059942,10.037142951366,0,8.55035286216319,0,"chi","I",1000,500,0.5,0,0,0,FALSE,0,FALSE,0.6,"leave-d",200,0.5,1e+05,TRUE,535
9.99999999999999,0,0,0,10.3874650843871,7.64891966295435,13.1260105058199,14.4527715360319,10.1634917973473,18.7420512747164,10.037142951366,0,14.514448303313,0,"chi","I",1000,500,0.5,0,0,0,FALSE,0,FALSE,0.6,"leave-d",200,0.5,1e+05,TRUE,535
9.99999999999999,0,0,0,10.3874650843871,7.64891966295435,13.1260105058199,10.7583622591137,6.88060271294649,14.6361218052809,10.037142951366,0,10.007660398737,0,"chi","I",1000,500,0.5,0,0,0,FALSE,0,FALSE,0.6,"leave-d",200,0.5,1e+05,TRUE,535
9.99999999999999,0,0,0,10.3874650843871,7.64891966295435,13.1260105058199,13.4141159877952,8.98294161015209,17.8452903654382,10.037142951366,0,12.8652847782414,0,"chi","I",1000,500,0.5,0,0,0,FALSE,0,FALSE,0.6,"leave-d",200,0.5,1e+05,TRUE,535
9.99999999999999,0,0,0,10.3874650843871,7.64891966295435,13.1260105058199,7.76215741192461,3.89422700805269,11.6300878157965,10.037142951366,0,7.07770490530884,0,"chi","I",1000,500,0.5,0,0,0,FALSE,0,FALSE,0.6,"leave-d",200,0.5,1e+05,TRUE,535
9.99999999999999,0,0,0,10.3874650843871,7.64891966295435,13.1260105058199,8.92105560493413,4.95599055686507,12.8861206530032,10.037142951366,0,8.41798410645403,0,"chi","I",1000,500,0.5,0,0,0,FALSE,0,FALSE,0.6,"leave-d",200,0.5,1e+05,TRUE,535
9.99999999999999,0,0,0,10.3874650843871,7.64891966295435,13.1260105058199,7.74875227250568,4.0449728704767,11.4525316745347,10.037142951366,0,7.14988504302989,0,"chi","I",1000,500,0.5,0,0,0,FALSE,0,FALSE,0.6,"leave-d",200,0.5,1e+05,TRUE,535
9.99999999999999,0,0,0,10.3874650843871,7.64891966295435,13.1260105058199,7.61709394062107,3.74121620210991,11.4929716791322,10.037142951366,0,7.28733352411085,0,"chi","I",1000,500,0.5,0,0,0,FALSE,0,FALSE,0.6,"leave-d",200,0.5,1e+05,TRUE,535
9.99999999999999,0,0,0,10.3874650843871,7.64891966295435,13.1260105058199,12.8175319838523,8.17316503425414,17.4618989334504,10.037142951366,0,12.3388902566799,0,"chi","I",1000,500,0.5,0,0,0,FALSE,0,FALSE,0.6,"leave-d",200,0.5,1e+05,TRUE,535
9.99999999999999,0,0,0,10.3874650843871,7.64891966295435,13.1260105058199,9.40463953575225,5.10573077703678,13.7035482944677,10.037142951366,0,9.03327155492921,0,"chi","I",1000,500,0.5,0,0,0,FALSE,0,FALSE,0.6,"leave-d",200,0.5,1e+05,TRUE,535
9.99999999999999,0,0,0,10.3874650843871,7.64891966295435,13.1260105058199,13.7184360720124,9.12223325631247,18.3146388877123,10.037142951366,0,13.9282459030998,0,"chi","I",1000,500,0.5,0,0,0,FALSE,0,FALSE,0.6,"leave-d",200,0.5,1e+05,TRUE,535
9.99999999999999,0,0,0,10.3874650843871,7.64891966295435,13.1260105058199,11.8593742833161,7.38129043752011,16.3374581291122,10.037142951366,0,11.2996227816798,0,"chi","I",1000,500,0.5,0,0,0,FALSE,0,FALSE,0.6,"leave-d",200,0.5,1e+05,TRUE,535
9.99999999999999,0,0,0,10.3874650843871,7.64891966295435,13.1260105058199,15.1188966021159,10.7896412322455,19.4481519719864,10.037142951366,0,14.5154426467953,0,"chi","I",1000,500,0.5,0,0,0,FALSE,0,FALSE,0.6,"leave-d",200,0.5,1e+05,TRUE,535
9.99999999999999,0,0,0,10.3874650843871,7.64891966295435,13.1260105058199,14.037108643618,10.1600228052452,17.9141944819908,10.037142951366,0,13.5125839756174,0,"chi","I",1000,500,0.5,0,0,0,FALSE,0,FALSE,0.6,"leave-d",200,0.5,1e+05,TRUE,535
9.99999999999999,0,0,0,10.3874650843871,7.64891966295435,13.1260105058199,7.97162396512852,3.86268034323669,12.0805675870204,10.037142951366,0,7.264873846011,0,"chi","I",1000,500,0.5,0,0,0,FALSE,0,FALSE,0.6,"leave-d",200,0.5,1e+05,TRUE,535
9.99999999999999,0,0,0,10.3874650843871,7.64891966295435,13.1260105058199,14.2277573836714,9.88139183146476,18.5741229358781,10.037142951366,0,13.2433709841079,0,"chi","I",1000,500,0.5,0,0,0,FALSE,0,FALSE,0.6,"leave-d",200,0.5,1e+05,TRUE,535
9.99999999999999,0,0,0,10.3874650843871,7.64891966295435,13.1260105058199,14.3580237183767,10.2118344484211,18.5042129883324,10.037142951366,0,14.4216022680978,0,"chi","I",1000,500,0.5,0,0,0,FALSE,0,FALSE,0.6,"leave-d",200,0.5,1e+05,TRUE,535
9.99999999999999,0,0,0,10.3874650843871,7.64891966295435,13.1260105058199,15.7043379172993,11.1906632691379,20.2180125654607,10.037142951366,0,14.2280593137198,0,"chi","I",1000,500,0.5,0,0,0,FALSE,0,FALSE,0.6,"leave-d",200,0.5,1e+05,TRUE,535
9.99999999999999,0,0,0,10.3874650843871,7.64891966295435,13.1260105058199,13.0160521860686,8.7444919278501,17.2876124442871,10.037142951366,0,13.0215064133535,0,"chi","I",1000,500,0.5,0,0,0,FALSE,0,FALSE,0.6,"leave-d",200,0.5,1e+05,TRUE,535
9.99999999999999,0,0,0,10.3874650843871,7.64891966295435,13.1260105058199,6.53308796522743,2.72158750332712,10.3445884271277,10.037142951366,0,5.52605878955823,0,"chi","I",1000,500,0.5,0,0,0,FALSE,0,FALSE,0.6,"leave-d",200,0.5,1e+05,TRUE,535
9.99999999999999,0,0,0,10.3874650843871,7.64891966295435,13.1260105058199,13.5706161376502,9.3096876147361,17.8315446605643,10.037142951366,0,12.6431095065861,0,"chi","I",1000,500,0.5,0,0,0,FALSE,0,FALSE,0.6,"leave-d",200,0.5,1e+05,TRUE,535
9.99999999999999,0,0,0,10.3874650843871,7.64891966295435,13.1260105058199,11.9138557916065,7.80634640606808,16.0213651771449,10.037142951366,0,11.7184325743563,0,"chi","I",1000,500,0.5,0,0,0,FALSE,0,FALSE,0.6,"leave-d",200,0.5,1e+05,TRUE,535
9.99999999999999,0,0,0,10.3874650843871,7.64891966295435,13.1260105058199,10.8610838370337,6.60082256848305,15.1213451055843,10.037142951366,0,10.2695209012374,0,"chi","I",1000,500,0.5,0,0,0,FALSE,0,FALSE,0.6,"leave-d",200,0.5,1e+05,TRUE,535
9.99999999999999,0,0,0,10.3874650843871,7.64891966295435,13.1260105058199,13.912945203797,9.53262682407081,18.2932635835231,10.037142951366,0,12.996731334459,0,"chi","I",1000,500,0.5,0,0,0,FALSE,0,FALSE,0.6,"leave-d",200,0.5,1e+05,TRUE,535
9.99999999999999,0,0,0,10.3874650843871,7.64891966295435,13.1260105058199,7.35917547866184,3.30749237020984,11.4108585871138,10.037142951366,0,7.18966735357059,0,"chi","I",1000,500,0.5,0,0,0,FALSE,0,FALSE,0.6,"leave-d",200,0.5,1e+05,TRUE,535
9.99999999999999,0,0,0,10.3874650843871,7.64891966295435,13.1260105058199,12.9473501327373,8.41942158760744,17.4752786778672,10.037142951366,0,12.5484019509698,0,"chi","I",1000,500,0.5,0,0,0,FALSE,0,FALSE,0.6,"leave-d",200,0.5,1e+05,TRUE,535
9.99999999999999,0,0,0,10.3874650843871,7.64891966295435,13.1260105058199,16.3592011701662,11.8682456214437,20.8501567188887,10.037142951366,0,15.7462950372543,0,"chi","I",1000,500,0.5,0,0,0,FALSE,0,FALSE,0.6,"leave-d",200,0.5,1e+05,TRUE,535
9.99999999999999,0,0,0,10.3874650843871,7.64891966295435,13.1260105058199,14.4022886810741,9.9165129038434,18.8880644583048,10.037142951366,0,13.3831017315861,0,"chi","I",1000,500,0.5,0,0,0,FALSE,0,FALSE,0.6,"leave-d",200,0.5,1e+05,TRUE,535
9.99999999999999,0,0,0,10.3874650843871,7.64891966295435,13.1260105058199,8.03656696396684,3.72937894420872,12.343754983725,10.037142951366,0,7.41706516027468,0,"chi","I",1000,500,0.5,0,0,0,FALSE,0,FALSE,0.6,"leave-d",200,0.5,1e+05,TRUE,535
9.99999999999999,0,0,0,10.3874650843871,7.64891966295435,13.1260105058199,8.89519253453071,4.34747412724975,13.4429109418117,10.037142951366,0,8.55234912421457,0,"chi","I",1000,500,0.5,0,0,0,FALSE,0,FALSE,0.6,"leave-d",200,0.5,1e+05,TRUE,535
9.99999999999999,0,0,0,10.3874650843871,7.64891966295435,13.1260105058199,12.9965150525053,8.26186369042385,17.7311664145868,10.037142951366,0,12.7541255012686,0,"chi","I",1000,500,0.5,0,0,0,FALSE,0,FALSE,0.6,"leave-d",200,0.5,1e+05,TRUE,535
9.99999999999999,0,0,0,10.3874650843871,7.64891966295435,13.1260105058199,9.24802332139626,5.24331744789515,13.2527291948974,10.037142951366,0,8.95482365784003,0,"chi","I",1000,500,0.5,0,0,0,FALSE,0,FALSE,0.6,"leave-d",200,0.5,1e+05,TRUE,535
9.99999999999999,0,0,0,10.3874650843871,7.64891966295435,13.1260105058199,10.6279928894241,6.58304177231811,14.6729440065301,10.037142951366,0,10.542126260299,0,"chi","I",1000,500,0.5,0,0,0,FALSE,0,FALSE,0.6,"leave-d",200,0.5,1e+05,TRUE,535
9.99999999999999,0,0,0,10.3874650843871,7.64891966295435,13.1260105058199,10.1839275916021,5.74609354145767,14.6217616417464,10.037142951366,0,9.75038645404601,0,"chi","I",1000,500,0.5,0,0,0,FALSE,0,FALSE,0.6,"leave-d",200,0.5,1e+05,TRUE,535
9.99999999999999,0,0,0,10.3874650843871,7.64891966295435,13.1260105058199,8.37735130263561,4.05177906960364,12.7029235356676,10.037142951366,0,8.17983894583307,0,"chi","I",1000,500,0.5,0,0,0,FALSE,0,FALSE,0.6,"leave-d",200,0.5,1e+05,TRUE,535
9.99999999999999,0,0,0,10.3874650843871,7.64891966295435,13.1260105058199,14.1656322932556,10.0914463453041,18.2398182412071,10.037142951366,0,13.1904440011419,0,"chi","I",1000,500,0.5,0,0,0,FALSE,0,FALSE,0.6,"leave-d",200,0.5,1e+05,TRUE,535
9.99999999999999,0,0,0,10.3874650843871,7.64891966295435,13.1260105058199,11.7946753138517,7.58007647492207,16.0092741527813,10.037142951366,0,12.0472145210573,0,"chi","I",1000,500,0.5,0,0,0,FALSE,0,FALSE,0.6,"leave-d",200,0.5,1e+05,TRUE,535
9.99999999999999,0,0,0,10.3874650843871,7.64891966295435,13.1260105058199,6.25220130824252,2.37079005690547,10.1336125595796,10.037142951366,0,5.81034234551827,0,"chi","I",1000,500,0.5,0,0,0,FALSE,0,FALSE,0.6,"leave-d",200,0.5,1e+05,TRUE,535
9.99999999999999,0,0,0,10.3874650843871,7.64891966295435,13.1260105058199,5.984975777381,1.87774449882211,10.0922070559399,10.037142951366,0,5.88315076408662,0,"chi","I",1000,500,0.5,0,0,0,FALSE,0,FALSE,0.6,"leave-d",200,0.5,1e+05,TRUE,535
9.99999999999999,0,0,0,10.3874650843871,7.64891966295435,13.1260105058199,12.9895330027749,8.57952865586687,17.3995373496828,10.037142951366,0,12.8693021699818,0,"chi","I",1000,500,0.5,0,0,0,FALSE,0,FALSE,0.6,"leave-d",200,0.5,1e+05,TRUE,535
9.99999999999999,0,0,0,10.3874650843871,7.64891966295435,13.1260105058199,9.48248045879697,5.75681809658566,13.2081428210083,10.037142951366,0,9.07397572823409,0,"chi","I",1000,500,0.5,0,0,0,FALSE,0,FALSE,0.6,"leave-d",200,0.5,1e+05,TRUE,535
9.99999999999999,0,0,0,10.3874650843871,7.64891966295435,13.1260105058199,12.2621468499356,7.97318794813803,16.5511057517332,10.037142951366,0,12.0424281434258,0,"chi","I",1000,500,0.5,0,0,0,FALSE,0,FALSE,0.6,"leave-d",200,0.5,1e+05,TRUE,535
9.99999999999999,0,0,0,10.3874650843871,7.64891966295435,13.1260105058199,11.4169822046665,7.45070743213635,15.3832569771966,10.037142951366,0,11.794487042725,0,"chi","I",1000,500,0.5,0,0,0,FALSE,0,FALSE,0.6,"leave-d",200,0.5,1e+05,TRUE,535
9.99999999999999,0,0,0,10.3874650843871,7.64891966295435,13.1260105058199,14.0308937148386,9.70953125115708,18.35225617852,10.037142951366,0,13.9050037816236,0,"chi","I",1000,500,0.5,0,0,0,FALSE,0,FALSE,0.6,"leave-d",200,0.5,1e+05,TRUE,535
9.99999999999999,0,0,0,10.3874650843871,7.64891966295435,13.1260105058199,7.90645046948407,3.50440158840001,12.3084993505681,10.037142951366,0,7.34282482265315,0,"chi","I",1000,500,0.5,0,0,0,FALSE,0,FALSE,0.6,"leave-d",200,0.5,1e+05,TRUE,535
9.99999999999999,0,0,0,10.3874650843871,7.64891966295435,13.1260105058199,12.6686257885827,8.60740929758139,16.7298422795841,10.037142951366,0,11.5108419639946,0,"chi","I",1000,500,0.5,0,0,0,FALSE,0,FALSE,0.6,"leave-d",200,0.5,1e+05,TRUE,535
9.99999999999999,0,0,0,10.3874650843871,7.64891966295435,13.1260105058199,9.69166423504919,5.83104349677811,13.5522849733203,10.037142951366,0,9.53641052714705,0,"chi","I",1000,500,0.5,0,0,0,FALSE,0,FALSE,0.6,"leave-d",200,0.5,1e+05,TRUE,535
9.99999999999999,0,0,0,10.3874650843871,7.64891966295435,13.1260105058199,15.4189342792804,10.7612854462788,20.076583112282,10.037142951366,0,15.5723517254048,0,"chi","I",1000,500,0.5,0,0,0,FALSE,0,FALSE,0.6,"leave-d",200,0.5,1e+05,TRUE,535
9.99999999999999,0,0,0,10.3874650843871,7.64891966295435,13.1260105058199,11.5644188630493,7.55044937367395,15.5783883524247,10.037142951366,0,11.7984802659943,0,"chi","I",1000,500,0.5,0,0,0,FALSE,0,FALSE,0.6,"leave-d",200,0.5,1e+05,TRUE,535
9.99999999999999,0,0,0,10.3874650843871,7.64891966295435,13.1260105058199,10.927605744222,6.75731469698126,15.0978967914627,10.037142951366,0,10.7417016383728,0,"chi","I",1000,500,0.5,0,0,0,FALSE,0,FALSE,0.6,"leave-d",200,0.5,1e+05,TRUE,535
9.99999999999999,0,0,0,10.3874650843871,7.64891966295435,13.1260105058199,10.2831392141331,5.94630490722295,14.6199735210432,10.037142951366,0,9.9398021183034,0,"chi","I",1000,500,0.5,0,0,0,FALSE,0,FALSE,0.6,"leave-d",200,0.5,1e+05,TRUE,535
9.99999999999999,0,0,0,10.3874650843871,7.64891966295435,13.1260105058199,11.0198572941554,6.87500530727339,15.1647092810374,10.037142951366,0,10.5913526166637,0,"chi","I",1000,500,0.5,0,0,0,FALSE,0,FALSE,0.6,"leave-d",200,0.5,1e+05,TRUE,535
9.99999999999999,0,0,0,10.3874650843871,7.64891966295435,13.1260105058199,9.74100844745629,5.6694343026503,13.8125825922623,10.037142951366,0,9.32667591646572,0,"chi","I",1000,500,0.5,0,0,0,FALSE,0,FALSE,0.6,"leave-d",200,0.5,1e+05,TRUE,535
9.99999999999999,0,0,0,10.3874650843871,7.64891966295435,13.1260105058199,10.2165763938342,6.16873742510383,14.2644153625646,10.037142951366,0,10.1857764317299,0,"chi","I",1000,500,0.5,0,0,0,FALSE,0,FALSE,0.6,"leave-d",200,0.5,1e+05,TRUE,535
9.99999999999999,0,0,0,10.3874650843871,7.64891966295435,13.1260105058199,12.5688204596199,8.54797579844622,16.5896651207936,10.037142951366,0,12.2604833076197,0,"chi","I",1000,500,0.5,0,0,0,FALSE,0,FALSE,0.6,"leave-d",200,0.5,1e+05,TRUE,535
9.99999999999999,0,0,0,10.3874650843871,7.64891966295435,13.1260105058199,8.73543605480332,4.45004830133036,13.0208238082763,10.037142951366,0,8.3286533506192,0,"chi","I",1000,500,0.5,0,0,0,FALSE,0,FALSE,0.6,"leave-d",200,0.5,1e+05,TRUE,535
9.99999999999999,0,0,0,10.3874650843871,7.64891966295435,13.1260105058199,8.70542332446742,4.55183669294983,12.859009955985,10.037142951366,0,8.29793144243139,0,"chi","I",1000,500,0.5,0,0,0,FALSE,0,FALSE,0.6,"leave-d",200,0.5,1e+05,TRUE,535
9.99999999999999,0,0,0,10.3874650843871,7.64891966295435,13.1260105058199,5.83109497102532,2.16933268171278,9.49285726033786,10.037142951366,0,5.55600748008233,0,"chi","I",1000,500,0.5,0,0,0,FALSE,0,FALSE,0.6,"leave-d",200,0.5,1e+05,TRUE,535
9.99999999999999,0,0,0,10.3874650843871,7.64891966295435,13.1260105058199,10.6299529862065,6.51881640668881,14.7410895657242,10.037142951366,0,9.83039411431253,0,"chi","I",1000,500,0.5,0,0,0,FALSE,0,FALSE,0.6,"leave-d",200,0.5,1e+05,TRUE,535
9.99999999999999,0,0,0,10.3874650843871,7.64891966295435,13.1260105058199,8.74376877537564,4.67510973693356,12.8124278138177,10.037142951366,0,8.40312165615678,0,"chi","I",1000,500,0.5,0,0,0,FALSE,0,FALSE,0.6,"leave-d",200,0.5,1e+05,TRUE,535
9.99999999999999,0,0,0,10.3874650843871,7.64891966295435,13.1260105058199,9.56625719534334,5.17080498820749,13.9617094024792,10.037142951366,0,9.45832549816925,0,"chi","I",1000,500,0.5,0,0,0,FALSE,0,FALSE,0.6,"leave-d",200,0.5,1e+05,TRUE,535
9.99999999999999,0,0,0,10.3874650843871,7.64891966295435,13.1260105058199,12.0244734838427,7.83651710584092,16.2124298618445,10.037142951366,0,12.0173736373121,0,"chi","I",1000,500,0.5,0,0,0,FALSE,0,FALSE,0.6,"leave-d",200,0.5,1e+05,TRUE,535
9.99999999999999,0,0,0,10.3874650843871,7.64891966295435,13.1260105058199,9.03213709550603,4.83844295938827,13.2258312316238,10.037142951366,0,8.70358087280101,0,"chi","I",1000,500,0.5,0,0,0,FALSE,0,FALSE,0.6,"leave-d",200,0.5,1e+05,TRUE,535
9.99999999999999,0,0,0,10.3874650843871,7.64891966295435,13.1260105058199,9.69924489743882,5.35140324795956,14.0470865469181,10.037142951366,0,9.32132725026186,0,"chi","I",1000,500,0.5,0,0,0,FALSE,0,FALSE,0.6,"leave-d",200,0.5,1e+05,TRUE,535
9.99999999999999,0,0,0,10.3874650843871,7.64891966295435,13.1260105058199,9.90096560584225,5.58726037172399,14.2146708399605,10.037142951366,0,9.68739105308641,0,"chi","I",1000,500,0.5,0,0,0,FALSE,0,FALSE,0.6,"leave-d",200,0.5,1e+05,TRUE,535
9.99999999999999,0,0,0,10.3874650843871,7.64891966295435,13.1260105058199,10.5647217676004,6.33696994364806,14.7924735915528,10.037142951366,0,10.1641546439646,0,"chi","I",1000,500,0.5,0,0,0,FALSE,0,FALSE,0.6,"leave-d",200,0.5,1e+05,TRUE,535
9.99999999999999,0,0,0,10.3874650843871,7.64891966295435,13.1260105058199,15.0865664155982,10.4561605110312,19.7169723201651,10.037142951366,0,15.0240272639659,0,"chi","I",1000,500,0.5,0,0,0,FALSE,0,FALSE,0.6,"leave-d",200,0.5,1e+05,TRUE,535
9.99999999999999,0,0,0,10.3874650843871,7.64891966295435,13.1260105058199,11.7743844962763,7.5050557011646,16.043713291388,10.037142951366,0,11.3333548764427,0,"chi","I",1000,500,0.5,0,0,0,FALSE,0,FALSE,0.6,"leave-d",200,0.5,1e+05,TRUE,535
9.99999999999999,0,0,0,10.3874650843871,7.64891966295435,13.1260105058199,15.1803061406583,10.919530329705,19.4410819516116,10.037142951366,0,15.8314972960777,0,"chi","I",1000,500,0.5,0,0,0,FALSE,0,FALSE,0.6,"leave-d",200,0.5,1e+05,TRUE,535
9.99999999999999,0,0,0,10.3874650843871,7.64891966295435,13.1260105058199,12.2824400063613,7.70447561052173,16.8604044022008,10.037142951366,0,11.5990187062328,0,"chi","I",1000,500,0.5,0,0,0,FALSE,0,FALSE,0.6,"leave-d",200,0.5,1e+05,TRUE,535
9.99999999999999,0,0,0,10.3874650843871,7.64891966295435,13.1260105058199,7.38990022565743,3.50873180217642,11.2710686491384,10.037142951366,0,6.8855398929736,0,"chi","I",1000,500,0.5,0,0,0,FALSE,0,FALSE,0.6,"leave-d",200,0.5,1e+05,TRUE,535
9.99999999999999,0,0,0,10.3874650843871,7.64891966295435,13.1260105058199,9.46144193510172,5.19744804193153,13.7254358282719,10.037142951366,0,8.85184573495081,0,"chi","I",1000,500,0.5,0,0,0,FALSE,0,FALSE,0.6,"leave-d",200,0.5,1e+05,TRUE,535
9.99999999999999,0,0,0,10.3874650843871,7.64891966295435,13.1260105058199,7.45894581445018,3.56349023790603,11.3544013909943,10.037142951366,0,5.8939816624575,0,"chi","I",1000,500,0.5,0,0,0,FALSE,0,FALSE,0.6,"leave-d",200,0.5,1e+05,TRUE,535
9.99999999999999,0,0,0,10.3874650843871,7.64891966295435,13.1260105058199,6.61535364046853,2.69817239943959,10.5325348814975,10.037142951366,0,5.81904974328571,0,"chi","I",1000,500,0.5,0,0,0,FALSE,0,FALSE,0.6,"leave-d",200,0.5,1e+05,TRUE,535
9.99999999999999,0,0,0,10.3874650843871,7.64891966295435,13.1260105058199,9.65885729964116,5.64341440262417,13.6743001966581,10.037142951366,0,9.07932736484852,0,"chi","I",1000,500,0.5,0,0,0,FALSE,0,FALSE,0.6,"leave-d",200,0.5,1e+05,TRUE,535
9.99999999999999,0,0,0,10.3874650843871,7.64891966295435,13.1260105058199,10.2076611372903,6.06950336565808,14.3458189089225,10.037142951366,0,9.7212705066467,0,"chi","I",1000,500,0.5,0,0,0,FALSE,0,FALSE,0.6,"leave-d",200,0.5,1e+05,TRUE,535
9.99999999999999,0,0,0,10.3874650843871,7.64891966295435,13.1260105058199,10.176101123309,5.76334524551372,14.5888570011042,10.037142951366,0,9.82491507416914,0,"chi","I",1000,500,0.5,0,0,0,FALSE,0,FALSE,0.6,"leave-d",200,0.5,1e+05,TRUE,535
9.99999999999999,0,0,0,10.3874650843871,7.64891966295435,13.1260105058199,11.1579752014481,6.76749039683926,15.5484600060569,10.037142951366,0,10.8200005153479,0,"chi","I",1000,500,0.5,0,0,0,FALSE,0,FALSE,0.6,"leave-d",200,0.5,1e+05,TRUE,535
9.99999999999999,0,0,0,10.3874650843871,7.64891966295435,13.1260105058199,10.4527965347155,5.95911798692378,14.9464750825072,10.037142951366,0,10.2125268690752,0,"chi","I",1000,500,0.5,0,0,0,FALSE,0,FALSE,0.6,"leave-d",200,0.5,1e+05,TRUE,535
9.99999999999999,0,0,0,10.3874650843871,7.64891966295435,13.1260105058199,10.5131663174384,6.73277666112131,14.2935559737555,10.037142951366,0,10.4591581181434,0,"chi","I",1000,500,0.5,0,0,0,FALSE,0,FALSE,0.6,"leave-d",200,0.5,1e+05,TRUE,535
9.99999999999999,0,0,0,10.3874650843871,7.64891966295435,13.1260105058199,13.672756034242,8.90692412335608,18.438587945128,10.037142951366,0,13.4507278609869,0,"chi","I",1000,500,0.5,0,0,0,FALSE,0,FALSE,0.6,"leave-d",200,0.5,1e+05,TRUE,535
9.99999999999999,0,0,0,10.3874650843871,7.64891966295435,13.1260105058199,13.0777850755722,9.15768889508732,16.9978812560572,10.037142951366,0,13.1282617981699,0,"chi","I",1000,500,0.5,0,0,0,FALSE,0,FALSE,0.6,"leave-d",200,0.5,1e+05,TRUE,535
9.99999999999999,0,0,0,10.3874650843871,7.64891966295435,13.1260105058199,12.2701445608225,8.17678914393575,16.3634999777092,10.037142951366,0,12.4039976193749,0,"chi","I",1000,500,0.5,0,0,0,FALSE,0,FALSE,0.6,"leave-d",200,0.5,1e+05,TRUE,535
9.99999999999999,0,0,0,10.3874650843871,7.64891966295435,13.1260105058199,10.4281312045012,6.19154316873764,14.6647192402647,10.037142951366,0,10.1142284837847,0,"chi","I",1000,500,0.5,0,0,0,FALSE,0,FALSE,0.6,"leave-d",200,0.5,1e+05,TRUE,535
9.99999999999999,0,0,0,10.3874650843871,7.64891966295435,13.1260105058199,11.9453286570312,8.10808135213184,15.7825759619306,10.037142951366,0,12.362327819376,0,"chi","I",1000,500,0.5,0,0,0,FALSE,0,FALSE,0.6,"leave-d",200,0.5,1e+05,TRUE,535
9.99999999999999,0,0,0,10.3874650843871,7.64891966295435,13.1260105058199,13.7508853837274,9.49276291760674,18.009007849848,10.037142951366,0,15.0403676960352,0,"chi","I",1000,500,0.5,0,0,0,FALSE,0,FALSE,0.6,"leave-d",200,0.5,1e+05,TRUE,535
9.99999999999999,0,0,0,10.3874650843871,7.64891966295435,13.1260105058199,11.22378647095,6.80930069910995,15.63827224279,10.037142951366,0,10.8974707156283,0,"chi","I",1000,500,0.5,0,0,0,FALSE,0,FALSE,0.6,"leave-d",200,0.5,1e+05,TRUE,535
9.99999999999999,0,0,0,10.3874650843871,7.64891966295435,13.1260105058199,10.7379893389309,7.00226929117548,14.4737093866862,10.037142951366,0,10.7236647547056,0,"chi","I",1000,500,0.5,0,0,0,FALSE,0,FALSE,0.6,"leave-d",200,0.5,1e+05,TRUE,535
9.99999999999999,0,0,0,10.3874650843871,7.64891966295435,13.1260105058199,11.8316622274525,7.63963547397811,16.0236889809268,10.037142951366,0,11.8408789050742,0,"chi","I",1000,500,0.5,0,0,0,FALSE,0,FALSE,0.6,"leave-d",200,0.5,1e+05,TRUE,535
9.99999999999999,0,0,0,10.3874650843871,7.64891966295435,13.1260105058199,7.32825178502727,3.37307082917962,11.2834327408749,10.037142951366,0,7.2010114072374,0,"chi","I",1000,500,0.5,0,0,0,FALSE,0,FALSE,0.6,"leave-d",200,0.5,1e+05,TRUE,535
9.99999999999999,0,0,0,10.3874650843871,7.64891966295435,13.1260105058199,11.9777481307616,7.41948940489268,16.5360068566305,10.037142951366,0,11.4945253777924,0,"chi","I",1000,500,0.5,0,0,0,FALSE,0,FALSE,0.6,"leave-d",200,0.5,1e+05,TRUE,535
9.99999999999999,0,0,0,10.3874650843871,7.64891966295435,13.1260105058199,11.7581342272228,7.60495174383446,15.9113167106111,10.037142951366,0,11.538056358756,0,"chi","I",1000,500,0.5,0,0,0,FALSE,0,FALSE,0.6,"leave-d",200,0.5,1e+05,TRUE,535
9.99999999999999,0,0,0,10.3874650843871,7.64891966295435,13.1260105058199,11.1842441155322,7.00104343362829,15.367444797436,10.037142951366,0,10.5765644875031,0,"chi","I",1000,500,0.5,0,0,0,FALSE,0,FALSE,0.6,"leave-d",200,0.5,1e+05,TRUE,535
9.99999999999999,0,0,0,10.3874650843871,7.64891966295435,13.1260105058199,8.46641111412228,4.13296060394656,12.799861624298,10.037142951366,0,7.94739275046454,0,"chi","I",1000,500,0.5,0,0,0,FALSE,0,FALSE,0.6,"leave-d",200,0.5,1e+05,TRUE,535
9.99999999999999,0,0,0,10.3874650843871,7.64891966295435,13.1260105058199,6.99364214898421,3.24826600960648,10.7390182883619,10.037142951366,0,7.00254322919459,0,"chi","I",1000,500,0.5,0,0,0,FALSE,0,FALSE,0.6,"leave-d",200,0.5,1e+05,TRUE,535
9.99999999999999,0,0,0,10.3874650843871,7.64891966295435,13.1260105058199,9.09879978609825,4.61209613308618,13.5855034391103,10.037142951366,0,8.94110875370646,0,"chi","I",1000,500,0.5,0,0,0,FALSE,0,FALSE,0.6,"leave-d",200,0.5,1e+05,TRUE,535
9.99999999999999,0,0,0,10.3874650843871,7.64891966295435,13.1260105058199,7.96786726730897,3.81232203824105,12.1234124963769,10.037142951366,0,7.47088542041373,0,"chi","I",1000,500,0.5,0,0,0,FALSE,0,FALSE,0.6,"leave-d",200,0.5,1e+05,TRUE,535
9.99999999999999,0,0,0,10.3874650843871,7.64891966295435,13.1260105058199,9.68209082603153,5.78939133644913,13.5747903156139,10.037142951366,0,9.04477941011525,0,"chi","I",1000,500,0.5,0,0,0,FALSE,0,FALSE,0.6,"leave-d",200,0.5,1e+05,TRUE,535
9.99999999999999,0,0,0,10.3874650843871,7.64891966295435,13.1260105058199,13.1940998227361,8.8165117538126,17.5716878916596,10.037142951366,0,13.2387296964316,0,"chi","I",1000,500,0.5,0,0,0,FALSE,0,FALSE,0.6,"leave-d",200,0.5,1e+05,TRUE,535
9.99999999999999,0,0,0,10.3874650843871,7.64891966295435,13.1260105058199,13.1486103801641,8.94723428290942,17.3499864774188,10.037142951366,0,13.2497538193833,0,"chi","I",1000,500,0.5,0,0,0,FALSE,0,FALSE,0.6,"leave-d",200,0.5,1e+05,TRUE,535
9.99999999999999,0,0,0,10.3874650843871,7.64891966295435,13.1260105058199,8.2303070731582,4.00654698361339,12.454067162703,10.037142951366,0,7.73422695026222,0,"chi","I",1000,500,0.5,0,0,0,FALSE,0,FALSE,0.6,"leave-d",200,0.5,1e+05,TRUE,535
9.99999999999999,0,0,0,10.3874650843871,7.64891966295435,13.1260105058199,12.2896777773709,7.98789365982047,16.5914618949213,10.037142951366,0,11.5552149084221,0,"chi","I",1000,500,0.5,0,0,0,FALSE,0,FALSE,0.6,"leave-d",200,0.5,1e+05,TRUE,535
9.99999999999999,0,0,0,10.3874650843871,7.64891966295435,13.1260105058199,8.68090617967328,4.45634513057664,12.9054672287699,10.037142951366,0,8.61320080697777,0,"chi","I",1000,500,0.5,0,0,0,FALSE,0,FALSE,0.6,"leave-d",200,0.5,1e+05,TRUE,535
9.99999999999999,0,0,0,10.3874650843871,7.64891966295435,13.1260105058199,5.8247413778093,2.43876936808607,9.21071338753253,10.037142951366,0,5.15476910743299,0,"chi","I",1000,500,0.5,0,0,0,FALSE,0,FALSE,0.6,"leave-d",200,0.5,1e+05,TRUE,535
9.99999999999999,0,0,0,10.3874650843871,7.64891966295435,13.1260105058199,7.84753311339735,3.76438904786497,11.9306771789297,10.037142951366,0,7.63077207256666,0,"chi","I",1000,500,0.5,0,0,0,FALSE,0,FALSE,0.6,"leave-d",200,0.5,1e+05,TRUE,535
9.99999999999999,0,0,0,10.3874650843871,7.64891966295435,13.1260105058199,13.7745412062446,9.80353454274136,17.7455478697478,10.037142951366,0,12.8518627128564,0,"chi","I",1000,500,0.5,0,0,0,FALSE,0,FALSE,0.6,"leave-d",200,0.5,1e+05,TRUE,535
9.99999999999999,0,0,0,10.3874650843871,7.64891966295435,13.1260105058199,11.845153671506,7.8166868758948,15.8736204671172,10.037142951366,0,11.8861843729003,0,"chi","I",1000,500,0.5,0,0,0,FALSE,0,FALSE,0.6,"leave-d",200,0.5,1e+05,TRUE,535
9.99999999999999,0,0,0,10.3874650843871,7.64891966295435,13.1260105058199,19.2016508808907,14.4221700222972,23.9811317394843,10.037142951366,0,17.7912771099858,0,"chi","I",1000,500,0.5,0,0,0,FALSE,0,FALSE,0.6,"leave-d",200,0.5,1e+05,TRUE,535
9.99999999999999,0,0,0,10.3874650843871,7.64891966295435,13.1260105058199,5.08965111221572,1.20749726657264,8.97180495785879,10.037142951366,0,4.26953323924191,0,"chi","I",1000,500,0.5,0,0,0,FALSE,0,FALSE,0.6,"leave-d",200,0.5,1e+05,TRUE,535
9.99999999999999,0,0,0,10.3874650843871,7.64891966295435,13.1260105058199,14.9970463754112,10.4141557845336,19.5799369662887,10.037142951366,0,16.1596887653075,0,"chi","I",1000,500,0.5,0,0,0,FALSE,0,FALSE,0.6,"leave-d",200,0.5,1e+05,TRUE,535
9.99999999999999,0,0,0,10.3874650843871,7.64891966295435,13.1260105058199,13.6847405338569,8.95865190103981,18.410829166674,10.037142951366,0,13.4990702967519,0,"chi","I",1000,500,0.5,0,0,0,FALSE,0,FALSE,0.6,"leave-d",200,0.5,1e+05,TRUE,535
9.99999999999999,0,0,0,10.3874650843871,7.64891966295435,13.1260105058199,11.7137141432039,7.46134089093777,15.96608739547,10.037142951366,0,11.2372654702245,0,"chi","I",1000,500,0.5,0,0,0,FALSE,0,FALSE,0.6,"leave-d",200,0.5,1e+05,TRUE,535
9.99999999999999,0,0,0,10.3874650843871,7.64891966295435,13.1260105058199,10.0968943272294,6.15419068769159,14.0395979667672,10.037142951366,0,9.52231570244206,0,"chi","I",1000,500,0.5,0,0,0,FALSE,0,FALSE,0.6,"leave-d",200,0.5,1e+05,TRUE,535
9.99999999999999,0,0,0,10.3874650843871,7.64891966295435,13.1260105058199,13.9421036855312,9.17583961294456,18.7083677581178,10.037142951366,0,13.1716439258783,0,"chi","I",1000,500,0.5,0,0,0,FALSE,0,FALSE,0.6,"leave-d",200,0.5,1e+05,TRUE,535
9.99999999999999,0,0,0,10.3874650843871,7.64891966295435,13.1260105058199,8.8746180155166,4.79155405794277,12.9576819730904,10.037142951366,0,8.49858033867583,0,"chi","I",1000,500,0.5,0,0,0,FALSE,0,FALSE,0.6,"leave-d",200,0.5,1e+05,TRUE,535
9.99999999999999,0,0,0,10.3874650843871,7.64891966295435,13.1260105058199,10.6444739097209,6.52737176213023,14.7615760573116,10.037142951366,0,10.4983597785063,0,"chi","I",1000,500,0.5,0,0,0,FALSE,0,FALSE,0.6,"leave-d",200,0.5,1e+05,TRUE,535
9.99999999999999,0,0,0,10.3874650843871,7.64891966295435,13.1260105058199,10.9377577658955,7.11505773368384,14.7604577981072,10.037142951366,0,10.3019722782962,0,"chi","I",1000,500,0.5,0,0,0,FALSE,0,FALSE,0.6,"leave-d",200,0.5,1e+05,TRUE,535
9.99999999999999,0,0,0,10.3874650843871,7.64891966295435,13.1260105058199,11.5880258629469,7.25325321214583,15.922798513748,10.037142951366,0,11.4165408928789,0,"chi","I",1000,500,0.5,0,0,0,FALSE,0,FALSE,0.6,"leave-d",200,0.5,1e+05,TRUE,535
9.99999999999999,0,0,0,10.3874650843871,7.64891966295435,13.1260105058199,6.37241816088252,2.5099269037175,10.2349094180475,10.037142951366,0,5.42007025761068,0,"chi","I",1000,500,0.5,0,0,0,FALSE,0,FALSE,0.6,"leave-d",200,0.5,1e+05,TRUE,535
9.99999999999999,0,0,0,10.3874650843871,7.64891966295435,13.1260105058199,6.60372662979663,2.61448185262759,10.5929714069657,10.037142951366,0,5.95465749099521,0,"chi","I",1000,500,0.5,0,0,0,FALSE,0,FALSE,0.6,"leave-d",200,0.5,1e+05,TRUE,535
