"var_main_effect","var_inter_effect","cov_main_inter_effect","var_total_effect","GCTA_main","GCTA_inter","sub_GCTA_main","sub_GCTA_inter","GCTA_main.1","GCTA_inter.1","sub_GCTA_main.1","sub_GCTA_inter.1","x_dist","structure","p","n","main_fixed_var","main_random_var","inter_fixed_var","inter_random_var","interact","decor","combine","pro","bs","n_sub","rho_e","emp_n","inter_std","i"
10,0,0,0,9.44678765552786,0,9.29344521028831,0,9.44678765552786,0,9.29344521028831,0,"normal","I",500,2000,0.5,0,0,0,0,FALSE,FALSE,0.5,"leave-d",200,0.5,1e+05,TRUE,49
10,0,0,0,9.44678765552786,0,9.73005236858632,0,9.44678765552786,0,9.73005236858632,0,"normal","I",500,2000,0.5,0,0,0,0,FALSE,FALSE,0.5,"leave-d",200,0.5,1e+05,TRUE,49
10,0,0,0,9.44678765552786,0,9.42177569823032,0,9.44678765552786,0,9.42177569823032,0,"normal","I",500,2000,0.5,0,0,0,0,FALSE,FALSE,0.5,"leave-d",200,0.5,1e+05,TRUE,49
10,0,0,0,9.44678765552786,0,9.88816629482578,0,9.44678765552786,0,9.88816629482578,0,"normal","I",500,2000,0.5,0,0,0,0,FALSE,FALSE,0.5,"leave-d",200,0.5,1e+05,TRUE,49
10,0,0,0,9.44678765552786,0,9.87981511074259,0,9.44678765552786,0,9.87981511074259,0,"normal","I",500,2000,0.5,0,0,0,0,FALSE,FALSE,0.5,"leave-d",200,0.5,1e+05,TRUE,49
10,0,0,0,9.44678765552786,0,10.5359974291002,0,9.44678765552786,0,10.5359974291002,0,"normal","I",500,2000,0.5,0,0,0,0,FALSE,FALSE,0.5,"leave-d",200,0.5,1e+05,TRUE,49
10,0,0,0,9.44678765552786,0,9.75217804463087,0,9.44678765552786,0,9.75217804463087,0,"normal","I",500,2000,0.5,0,0,0,0,FALSE,FALSE,0.5,"leave-d",200,0.5,1e+05,TRUE,49
10,0,0,0,9.44678765552786,0,8.17456382637931,0,9.44678765552786,0,8.17456382637931,0,"normal","I",500,2000,0.5,0,0,0,0,FALSE,FALSE,0.5,"leave-d",200,0.5,1e+05,TRUE,49
10,0,0,0,9.44678765552786,0,8.03422253867304,0,9.44678765552786,0,8.03422253867304,0,"normal","I",500,2000,0.5,0,0,0,0,FALSE,FALSE,0.5,"leave-d",200,0.5,1e+05,TRUE,49
10,0,0,0,9.44678765552786,0,9.47471746512775,0,9.44678765552786,0,9.47471746512775,0,"normal","I",500,2000,0.5,0,0,0,0,FALSE,FALSE,0.5,"leave-d",200,0.5,1e+05,TRUE,49
10,0,0,0,9.44678765552786,0,9.57570825160285,0,9.44678765552786,0,9.57570825160285,0,"normal","I",500,2000,0.5,0,0,0,0,FALSE,FALSE,0.5,"leave-d",200,0.5,1e+05,TRUE,49
10,0,0,0,9.44678765552786,0,9.90660153192726,0,9.44678765552786,0,9.90660153192726,0,"normal","I",500,2000,0.5,0,0,0,0,FALSE,FALSE,0.5,"leave-d",200,0.5,1e+05,TRUE,49
10,0,0,0,9.44678765552786,0,9.84027722032148,0,9.44678765552786,0,9.84027722032148,0,"normal","I",500,2000,0.5,0,0,0,0,FALSE,FALSE,0.5,"leave-d",200,0.5,1e+05,TRUE,49
10,0,0,0,9.44678765552786,0,10.542223964629,0,9.44678765552786,0,10.542223964629,0,"normal","I",500,2000,0.5,0,0,0,0,FALSE,FALSE,0.5,"leave-d",200,0.5,1e+05,TRUE,49
10,0,0,0,9.44678765552786,0,9.23446577638043,0,9.44678765552786,0,9.23446577638043,0,"normal","I",500,2000,0.5,0,0,0,0,FALSE,FALSE,0.5,"leave-d",200,0.5,1e+05,TRUE,49
10,0,0,0,9.44678765552786,0,9.85729713433267,0,9.44678765552786,0,9.85729713433267,0,"normal","I",500,2000,0.5,0,0,0,0,FALSE,FALSE,0.5,"leave-d",200,0.5,1e+05,TRUE,49
10,0,0,0,9.44678765552786,0,9.83011626864127,0,9.44678765552786,0,9.83011626864127,0,"normal","I",500,2000,0.5,0,0,0,0,FALSE,FALSE,0.5,"leave-d",200,0.5,1e+05,TRUE,49
10,0,0,0,9.44678765552786,0,8.58682050447702,0,9.44678765552786,0,8.58682050447702,0,"normal","I",500,2000,0.5,0,0,0,0,FALSE,FALSE,0.5,"leave-d",200,0.5,1e+05,TRUE,49
10,0,0,0,9.44678765552786,0,9.91490832565522,0,9.44678765552786,0,9.91490832565522,0,"normal","I",500,2000,0.5,0,0,0,0,FALSE,FALSE,0.5,"leave-d",200,0.5,1e+05,TRUE,49
10,0,0,0,9.44678765552786,0,9.80327650297516,0,9.44678765552786,0,9.80327650297516,0,"normal","I",500,2000,0.5,0,0,0,0,FALSE,FALSE,0.5,"leave-d",200,0.5,1e+05,TRUE,49
10,0,0,0,9.44678765552786,0,9.63554043739157,0,9.44678765552786,0,9.63554043739157,0,"normal","I",500,2000,0.5,0,0,0,0,FALSE,FALSE,0.5,"leave-d",200,0.5,1e+05,TRUE,49
10,0,0,0,9.44678765552786,0,8.94443037072761,0,9.44678765552786,0,8.94443037072761,0,"normal","I",500,2000,0.5,0,0,0,0,FALSE,FALSE,0.5,"leave-d",200,0.5,1e+05,TRUE,49
10,0,0,0,9.44678765552786,0,8.95524108783507,0,9.44678765552786,0,8.95524108783507,0,"normal","I",500,2000,0.5,0,0,0,0,FALSE,FALSE,0.5,"leave-d",200,0.5,1e+05,TRUE,49
10,0,0,0,9.44678765552786,0,8.85240418167257,0,9.44678765552786,0,8.85240418167257,0,"normal","I",500,2000,0.5,0,0,0,0,FALSE,FALSE,0.5,"leave-d",200,0.5,1e+05,TRUE,49
10,0,0,0,9.44678765552786,0,8.62754154454099,0,9.44678765552786,0,8.62754154454099,0,"normal","I",500,2000,0.5,0,0,0,0,FALSE,FALSE,0.5,"leave-d",200,0.5,1e+05,TRUE,49
10,0,0,0,9.44678765552786,0,9.32965366527529,0,9.44678765552786,0,9.32965366527529,0,"normal","I",500,2000,0.5,0,0,0,0,FALSE,FALSE,0.5,"leave-d",200,0.5,1e+05,TRUE,49
10,0,0,0,9.44678765552786,0,10.7315942258737,0,9.44678765552786,0,10.7315942258737,0,"normal","I",500,2000,0.5,0,0,0,0,FALSE,FALSE,0.5,"leave-d",200,0.5,1e+05,TRUE,49
10,0,0,0,9.44678765552786,0,8.63087935751808,0,9.44678765552786,0,8.63087935751808,0,"normal","I",500,2000,0.5,0,0,0,0,FALSE,FALSE,0.5,"leave-d",200,0.5,1e+05,TRUE,49
10,0,0,0,9.44678765552786,0,9.85462149561903,0,9.44678765552786,0,9.85462149561903,0,"normal","I",500,2000,0.5,0,0,0,0,FALSE,FALSE,0.5,"leave-d",200,0.5,1e+05,TRUE,49
10,0,0,0,9.44678765552786,0,9.80232787510814,0,9.44678765552786,0,9.80232787510814,0,"normal","I",500,2000,0.5,0,0,0,0,FALSE,FALSE,0.5,"leave-d",200,0.5,1e+05,TRUE,49
10,0,0,0,9.44678765552786,0,10.635090831132,0,9.44678765552786,0,10.635090831132,0,"normal","I",500,2000,0.5,0,0,0,0,FALSE,FALSE,0.5,"leave-d",200,0.5,1e+05,TRUE,49
10,0,0,0,9.44678765552786,0,9.3932798512699,0,9.44678765552786,0,9.3932798512699,0,"normal","I",500,2000,0.5,0,0,0,0,FALSE,FALSE,0.5,"leave-d",200,0.5,1e+05,TRUE,49
10,0,0,0,9.44678765552786,0,9.2987788725108,0,9.44678765552786,0,9.2987788725108,0,"normal","I",500,2000,0.5,0,0,0,0,FALSE,FALSE,0.5,"leave-d",200,0.5,1e+05,TRUE,49
10,0,0,0,9.44678765552786,0,9.74630495048038,0,9.44678765552786,0,9.74630495048038,0,"normal","I",500,2000,0.5,0,0,0,0,FALSE,FALSE,0.5,"leave-d",200,0.5,1e+05,TRUE,49
10,0,0,0,9.44678765552786,0,9.02668466254836,0,9.44678765552786,0,9.02668466254836,0,"normal","I",500,2000,0.5,0,0,0,0,FALSE,FALSE,0.5,"leave-d",200,0.5,1e+05,TRUE,49
10,0,0,0,9.44678765552786,0,9.94699088139987,0,9.44678765552786,0,9.94699088139987,0,"normal","I",500,2000,0.5,0,0,0,0,FALSE,FALSE,0.5,"leave-d",200,0.5,1e+05,TRUE,49
10,0,0,0,9.44678765552786,0,10.1844865707327,0,9.44678765552786,0,10.1844865707327,0,"normal","I",500,2000,0.5,0,0,0,0,FALSE,FALSE,0.5,"leave-d",200,0.5,1e+05,TRUE,49
10,0,0,0,9.44678765552786,0,9.73942110414104,0,9.44678765552786,0,9.73942110414104,0,"normal","I",500,2000,0.5,0,0,0,0,FALSE,FALSE,0.5,"leave-d",200,0.5,1e+05,TRUE,49
10,0,0,0,9.44678765552786,0,8.96401817134103,0,9.44678765552786,0,8.96401817134103,0,"normal","I",500,2000,0.5,0,0,0,0,FALSE,FALSE,0.5,"leave-d",200,0.5,1e+05,TRUE,49
10,0,0,0,9.44678765552786,0,9.77231528113728,0,9.44678765552786,0,9.77231528113728,0,"normal","I",500,2000,0.5,0,0,0,0,FALSE,FALSE,0.5,"leave-d",200,0.5,1e+05,TRUE,49
10,0,0,0,9.44678765552786,0,10.7445923564411,0,9.44678765552786,0,10.7445923564411,0,"normal","I",500,2000,0.5,0,0,0,0,FALSE,FALSE,0.5,"leave-d",200,0.5,1e+05,TRUE,49
10,0,0,0,9.44678765552786,0,8.90167841810305,0,9.44678765552786,0,8.90167841810305,0,"normal","I",500,2000,0.5,0,0,0,0,FALSE,FALSE,0.5,"leave-d",200,0.5,1e+05,TRUE,49
10,0,0,0,9.44678765552786,0,9.43369401144102,0,9.44678765552786,0,9.43369401144102,0,"normal","I",500,2000,0.5,0,0,0,0,FALSE,FALSE,0.5,"leave-d",200,0.5,1e+05,TRUE,49
10,0,0,0,9.44678765552786,0,10.3853455369166,0,9.44678765552786,0,10.3853455369166,0,"normal","I",500,2000,0.5,0,0,0,0,FALSE,FALSE,0.5,"leave-d",200,0.5,1e+05,TRUE,49
10,0,0,0,9.44678765552786,0,8.92356082805913,0,9.44678765552786,0,8.92356082805913,0,"normal","I",500,2000,0.5,0,0,0,0,FALSE,FALSE,0.5,"leave-d",200,0.5,1e+05,TRUE,49
10,0,0,0,9.44678765552786,0,8.83406322585505,0,9.44678765552786,0,8.83406322585505,0,"normal","I",500,2000,0.5,0,0,0,0,FALSE,FALSE,0.5,"leave-d",200,0.5,1e+05,TRUE,49
10,0,0,0,9.44678765552786,0,9.38627202710559,0,9.44678765552786,0,9.38627202710559,0,"normal","I",500,2000,0.5,0,0,0,0,FALSE,FALSE,0.5,"leave-d",200,0.5,1e+05,TRUE,49
10,0,0,0,9.44678765552786,0,9.6501302674261,0,9.44678765552786,0,9.6501302674261,0,"normal","I",500,2000,0.5,0,0,0,0,FALSE,FALSE,0.5,"leave-d",200,0.5,1e+05,TRUE,49
10,0,0,0,9.44678765552786,0,9.54747466111516,0,9.44678765552786,0,9.54747466111516,0,"normal","I",500,2000,0.5,0,0,0,0,FALSE,FALSE,0.5,"leave-d",200,0.5,1e+05,TRUE,49
10,0,0,0,9.44678765552786,0,9.85168049754294,0,9.44678765552786,0,9.85168049754294,0,"normal","I",500,2000,0.5,0,0,0,0,FALSE,FALSE,0.5,"leave-d",200,0.5,1e+05,TRUE,49
10,0,0,0,9.44678765552786,0,9.351925491888,0,9.44678765552786,0,9.351925491888,0,"normal","I",500,2000,0.5,0,0,0,0,FALSE,FALSE,0.5,"leave-d",200,0.5,1e+05,TRUE,49
10,0,0,0,9.44678765552786,0,8.9943365697759,0,9.44678765552786,0,8.9943365697759,0,"normal","I",500,2000,0.5,0,0,0,0,FALSE,FALSE,0.5,"leave-d",200,0.5,1e+05,TRUE,49
10,0,0,0,9.44678765552786,0,9.54224761052794,0,9.44678765552786,0,9.54224761052794,0,"normal","I",500,2000,0.5,0,0,0,0,FALSE,FALSE,0.5,"leave-d",200,0.5,1e+05,TRUE,49
10,0,0,0,9.44678765552786,0,9.07106525553714,0,9.44678765552786,0,9.07106525553714,0,"normal","I",500,2000,0.5,0,0,0,0,FALSE,FALSE,0.5,"leave-d",200,0.5,1e+05,TRUE,49
10,0,0,0,9.44678765552786,0,10.276234189551,0,9.44678765552786,0,10.276234189551,0,"normal","I",500,2000,0.5,0,0,0,0,FALSE,FALSE,0.5,"leave-d",200,0.5,1e+05,TRUE,49
10,0,0,0,9.44678765552786,0,10.016193578712,0,9.44678765552786,0,10.016193578712,0,"normal","I",500,2000,0.5,0,0,0,0,FALSE,FALSE,0.5,"leave-d",200,0.5,1e+05,TRUE,49
10,0,0,0,9.44678765552786,0,9.39345202397282,0,9.44678765552786,0,9.39345202397282,0,"normal","I",500,2000,0.5,0,0,0,0,FALSE,FALSE,0.5,"leave-d",200,0.5,1e+05,TRUE,49
10,0,0,0,9.44678765552786,0,8.94772342916266,0,9.44678765552786,0,8.94772342916266,0,"normal","I",500,2000,0.5,0,0,0,0,FALSE,FALSE,0.5,"leave-d",200,0.5,1e+05,TRUE,49
10,0,0,0,9.44678765552786,0,9.83293584780642,0,9.44678765552786,0,9.83293584780642,0,"normal","I",500,2000,0.5,0,0,0,0,FALSE,FALSE,0.5,"leave-d",200,0.5,1e+05,TRUE,49
10,0,0,0,9.44678765552786,0,9.39565711834968,0,9.44678765552786,0,9.39565711834968,0,"normal","I",500,2000,0.5,0,0,0,0,FALSE,FALSE,0.5,"leave-d",200,0.5,1e+05,TRUE,49
10,0,0,0,9.44678765552786,0,8.74397088546191,0,9.44678765552786,0,8.74397088546191,0,"normal","I",500,2000,0.5,0,0,0,0,FALSE,FALSE,0.5,"leave-d",200,0.5,1e+05,TRUE,49
10,0,0,0,9.44678765552786,0,10.1681733525302,0,9.44678765552786,0,10.1681733525302,0,"normal","I",500,2000,0.5,0,0,0,0,FALSE,FALSE,0.5,"leave-d",200,0.5,1e+05,TRUE,49
10,0,0,0,9.44678765552786,0,9.42883304567945,0,9.44678765552786,0,9.42883304567945,0,"normal","I",500,2000,0.5,0,0,0,0,FALSE,FALSE,0.5,"leave-d",200,0.5,1e+05,TRUE,49
10,0,0,0,9.44678765552786,0,9.79088829100448,0,9.44678765552786,0,9.79088829100448,0,"normal","I",500,2000,0.5,0,0,0,0,FALSE,FALSE,0.5,"leave-d",200,0.5,1e+05,TRUE,49
10,0,0,0,9.44678765552786,0,9.40244887902909,0,9.44678765552786,0,9.40244887902909,0,"normal","I",500,2000,0.5,0,0,0,0,FALSE,FALSE,0.5,"leave-d",200,0.5,1e+05,TRUE,49
10,0,0,0,9.44678765552786,0,8.99502341964588,0,9.44678765552786,0,8.99502341964588,0,"normal","I",500,2000,0.5,0,0,0,0,FALSE,FALSE,0.5,"leave-d",200,0.5,1e+05,TRUE,49
10,0,0,0,9.44678765552786,0,10.2990946216436,0,9.44678765552786,0,10.2990946216436,0,"normal","I",500,2000,0.5,0,0,0,0,FALSE,FALSE,0.5,"leave-d",200,0.5,1e+05,TRUE,49
10,0,0,0,9.44678765552786,0,9.57208896686164,0,9.44678765552786,0,9.57208896686164,0,"normal","I",500,2000,0.5,0,0,0,0,FALSE,FALSE,0.5,"leave-d",200,0.5,1e+05,TRUE,49
10,0,0,0,9.44678765552786,0,10.0650298870444,0,9.44678765552786,0,10.0650298870444,0,"normal","I",500,2000,0.5,0,0,0,0,FALSE,FALSE,0.5,"leave-d",200,0.5,1e+05,TRUE,49
10,0,0,0,9.44678765552786,0,9.29966015672029,0,9.44678765552786,0,9.29966015672029,0,"normal","I",500,2000,0.5,0,0,0,0,FALSE,FALSE,0.5,"leave-d",200,0.5,1e+05,TRUE,49
10,0,0,0,9.44678765552786,0,8.72326032639933,0,9.44678765552786,0,8.72326032639933,0,"normal","I",500,2000,0.5,0,0,0,0,FALSE,FALSE,0.5,"leave-d",200,0.5,1e+05,TRUE,49
10,0,0,0,9.44678765552786,0,10.3418442009724,0,9.44678765552786,0,10.3418442009724,0,"normal","I",500,2000,0.5,0,0,0,0,FALSE,FALSE,0.5,"leave-d",200,0.5,1e+05,TRUE,49
10,0,0,0,9.44678765552786,0,8.8240590202429,0,9.44678765552786,0,8.8240590202429,0,"normal","I",500,2000,0.5,0,0,0,0,FALSE,FALSE,0.5,"leave-d",200,0.5,1e+05,TRUE,49
10,0,0,0,9.44678765552786,0,9.71041376669855,0,9.44678765552786,0,9.71041376669855,0,"normal","I",500,2000,0.5,0,0,0,0,FALSE,FALSE,0.5,"leave-d",200,0.5,1e+05,TRUE,49
10,0,0,0,9.44678765552786,0,10.2200479740303,0,9.44678765552786,0,10.2200479740303,0,"normal","I",500,2000,0.5,0,0,0,0,FALSE,FALSE,0.5,"leave-d",200,0.5,1e+05,TRUE,49
10,0,0,0,9.44678765552786,0,10.6070812884323,0,9.44678765552786,0,10.6070812884323,0,"normal","I",500,2000,0.5,0,0,0,0,FALSE,FALSE,0.5,"leave-d",200,0.5,1e+05,TRUE,49
10,0,0,0,9.44678765552786,0,9.16286672954524,0,9.44678765552786,0,9.16286672954524,0,"normal","I",500,2000,0.5,0,0,0,0,FALSE,FALSE,0.5,"leave-d",200,0.5,1e+05,TRUE,49
10,0,0,0,9.44678765552786,0,9.41252340335203,0,9.44678765552786,0,9.41252340335203,0,"normal","I",500,2000,0.5,0,0,0,0,FALSE,FALSE,0.5,"leave-d",200,0.5,1e+05,TRUE,49
10,0,0,0,9.44678765552786,0,10.0618309293626,0,9.44678765552786,0,10.0618309293626,0,"normal","I",500,2000,0.5,0,0,0,0,FALSE,FALSE,0.5,"leave-d",200,0.5,1e+05,TRUE,49
10,0,0,0,9.44678765552786,0,10.1642650803645,0,9.44678765552786,0,10.1642650803645,0,"normal","I",500,2000,0.5,0,0,0,0,FALSE,FALSE,0.5,"leave-d",200,0.5,1e+05,TRUE,49
10,0,0,0,9.44678765552786,0,8.87395792924123,0,9.44678765552786,0,8.87395792924123,0,"normal","I",500,2000,0.5,0,0,0,0,FALSE,FALSE,0.5,"leave-d",200,0.5,1e+05,TRUE,49
10,0,0,0,9.44678765552786,0,10.0797634296691,0,9.44678765552786,0,10.0797634296691,0,"normal","I",500,2000,0.5,0,0,0,0,FALSE,FALSE,0.5,"leave-d",200,0.5,1e+05,TRUE,49
10,0,0,0,9.44678765552786,0,9.80221567126758,0,9.44678765552786,0,9.80221567126758,0,"normal","I",500,2000,0.5,0,0,0,0,FALSE,FALSE,0.5,"leave-d",200,0.5,1e+05,TRUE,49
10,0,0,0,9.44678765552786,0,9.49074576681687,0,9.44678765552786,0,9.49074576681687,0,"normal","I",500,2000,0.5,0,0,0,0,FALSE,FALSE,0.5,"leave-d",200,0.5,1e+05,TRUE,49
10,0,0,0,9.44678765552786,0,10.1421485340078,0,9.44678765552786,0,10.1421485340078,0,"normal","I",500,2000,0.5,0,0,0,0,FALSE,FALSE,0.5,"leave-d",200,0.5,1e+05,TRUE,49
10,0,0,0,9.44678765552786,0,10.1390978955464,0,9.44678765552786,0,10.1390978955464,0,"normal","I",500,2000,0.5,0,0,0,0,FALSE,FALSE,0.5,"leave-d",200,0.5,1e+05,TRUE,49
10,0,0,0,9.44678765552786,0,9.93199388041495,0,9.44678765552786,0,9.93199388041495,0,"normal","I",500,2000,0.5,0,0,0,0,FALSE,FALSE,0.5,"leave-d",200,0.5,1e+05,TRUE,49
10,0,0,0,9.44678765552786,0,9.41288359376773,0,9.44678765552786,0,9.41288359376773,0,"normal","I",500,2000,0.5,0,0,0,0,FALSE,FALSE,0.5,"leave-d",200,0.5,1e+05,TRUE,49
10,0,0,0,9.44678765552786,0,10.1200176839174,0,9.44678765552786,0,10.1200176839174,0,"normal","I",500,2000,0.5,0,0,0,0,FALSE,FALSE,0.5,"leave-d",200,0.5,1e+05,TRUE,49
10,0,0,0,9.44678765552786,0,9.38457257049005,0,9.44678765552786,0,9.38457257049005,0,"normal","I",500,2000,0.5,0,0,0,0,FALSE,FALSE,0.5,"leave-d",200,0.5,1e+05,TRUE,49
10,0,0,0,9.44678765552786,0,8.74361205159574,0,9.44678765552786,0,8.74361205159574,0,"normal","I",500,2000,0.5,0,0,0,0,FALSE,FALSE,0.5,"leave-d",200,0.5,1e+05,TRUE,49
10,0,0,0,9.44678765552786,0,8.59901960402952,0,9.44678765552786,0,8.59901960402952,0,"normal","I",500,2000,0.5,0,0,0,0,FALSE,FALSE,0.5,"leave-d",200,0.5,1e+05,TRUE,49
10,0,0,0,9.44678765552786,0,9.84265627727996,0,9.44678765552786,0,9.84265627727996,0,"normal","I",500,2000,0.5,0,0,0,0,FALSE,FALSE,0.5,"leave-d",200,0.5,1e+05,TRUE,49
10,0,0,0,9.44678765552786,0,8.80460286325689,0,9.44678765552786,0,8.80460286325689,0,"normal","I",500,2000,0.5,0,0,0,0,FALSE,FALSE,0.5,"leave-d",200,0.5,1e+05,TRUE,49
10,0,0,0,9.44678765552786,0,10.464290245855,0,9.44678765552786,0,10.464290245855,0,"normal","I",500,2000,0.5,0,0,0,0,FALSE,FALSE,0.5,"leave-d",200,0.5,1e+05,TRUE,49
10,0,0,0,9.44678765552786,0,10.2066248545332,0,9.44678765552786,0,10.2066248545332,0,"normal","I",500,2000,0.5,0,0,0,0,FALSE,FALSE,0.5,"leave-d",200,0.5,1e+05,TRUE,49
10,0,0,0,9.44678765552786,0,10.3351413228643,0,9.44678765552786,0,10.3351413228643,0,"normal","I",500,2000,0.5,0,0,0,0,FALSE,FALSE,0.5,"leave-d",200,0.5,1e+05,TRUE,49
10,0,0,0,9.44678765552786,0,10.2466057663488,0,9.44678765552786,0,10.2466057663488,0,"normal","I",500,2000,0.5,0,0,0,0,FALSE,FALSE,0.5,"leave-d",200,0.5,1e+05,TRUE,49
10,0,0,0,9.44678765552786,0,9.84360261477438,0,9.44678765552786,0,9.84360261477438,0,"normal","I",500,2000,0.5,0,0,0,0,FALSE,FALSE,0.5,"leave-d",200,0.5,1e+05,TRUE,49
10,0,0,0,9.44678765552786,0,8.97729055979929,0,9.44678765552786,0,8.97729055979929,0,"normal","I",500,2000,0.5,0,0,0,0,FALSE,FALSE,0.5,"leave-d",200,0.5,1e+05,TRUE,49
10,0,0,0,9.44678765552786,0,9.6431550315933,0,9.44678765552786,0,9.6431550315933,0,"normal","I",500,2000,0.5,0,0,0,0,FALSE,FALSE,0.5,"leave-d",200,0.5,1e+05,TRUE,49
10,0,0,0,9.44678765552786,0,9.88326679232422,0,9.44678765552786,0,9.88326679232422,0,"normal","I",500,2000,0.5,0,0,0,0,FALSE,FALSE,0.5,"leave-d",200,0.5,1e+05,TRUE,49
10,0,0,0,9.44678765552786,0,9.16766608699455,0,9.44678765552786,0,9.16766608699455,0,"normal","I",500,2000,0.5,0,0,0,0,FALSE,FALSE,0.5,"leave-d",200,0.5,1e+05,TRUE,49
10,0,0,0,9.44678765552786,0,10.1571087167382,0,9.44678765552786,0,10.1571087167382,0,"normal","I",500,2000,0.5,0,0,0,0,FALSE,FALSE,0.5,"leave-d",200,0.5,1e+05,TRUE,49
10,0,0,0,9.44678765552786,0,9.83393208457978,0,9.44678765552786,0,9.83393208457978,0,"normal","I",500,2000,0.5,0,0,0,0,FALSE,FALSE,0.5,"leave-d",200,0.5,1e+05,TRUE,49
10,0,0,0,9.44678765552786,0,9.24777584637743,0,9.44678765552786,0,9.24777584637743,0,"normal","I",500,2000,0.5,0,0,0,0,FALSE,FALSE,0.5,"leave-d",200,0.5,1e+05,TRUE,49
10,0,0,0,9.44678765552786,0,9.79521984555737,0,9.44678765552786,0,9.79521984555737,0,"normal","I",500,2000,0.5,0,0,0,0,FALSE,FALSE,0.5,"leave-d",200,0.5,1e+05,TRUE,49
10,0,0,0,9.44678765552786,0,10.0348945688769,0,9.44678765552786,0,10.0348945688769,0,"normal","I",500,2000,0.5,0,0,0,0,FALSE,FALSE,0.5,"leave-d",200,0.5,1e+05,TRUE,49
10,0,0,0,9.44678765552786,0,9.2178215276682,0,9.44678765552786,0,9.2178215276682,0,"normal","I",500,2000,0.5,0,0,0,0,FALSE,FALSE,0.5,"leave-d",200,0.5,1e+05,TRUE,49
10,0,0,0,9.44678765552786,0,9.11099713452129,0,9.44678765552786,0,9.11099713452129,0,"normal","I",500,2000,0.5,0,0,0,0,FALSE,FALSE,0.5,"leave-d",200,0.5,1e+05,TRUE,49
10,0,0,0,9.44678765552786,0,8.99333347369046,0,9.44678765552786,0,8.99333347369046,0,"normal","I",500,2000,0.5,0,0,0,0,FALSE,FALSE,0.5,"leave-d",200,0.5,1e+05,TRUE,49
10,0,0,0,9.44678765552786,0,9.89781402009971,0,9.44678765552786,0,9.89781402009971,0,"normal","I",500,2000,0.5,0,0,0,0,FALSE,FALSE,0.5,"leave-d",200,0.5,1e+05,TRUE,49
10,0,0,0,9.44678765552786,0,8.77819694245751,0,9.44678765552786,0,8.77819694245751,0,"normal","I",500,2000,0.5,0,0,0,0,FALSE,FALSE,0.5,"leave-d",200,0.5,1e+05,TRUE,49
10,0,0,0,9.44678765552786,0,8.55149667485309,0,9.44678765552786,0,8.55149667485309,0,"normal","I",500,2000,0.5,0,0,0,0,FALSE,FALSE,0.5,"leave-d",200,0.5,1e+05,TRUE,49
10,0,0,0,9.44678765552786,0,10.6045356732094,0,9.44678765552786,0,10.6045356732094,0,"normal","I",500,2000,0.5,0,0,0,0,FALSE,FALSE,0.5,"leave-d",200,0.5,1e+05,TRUE,49
10,0,0,0,9.44678765552786,0,11.1177802477068,0,9.44678765552786,0,11.1177802477068,0,"normal","I",500,2000,0.5,0,0,0,0,FALSE,FALSE,0.5,"leave-d",200,0.5,1e+05,TRUE,49
10,0,0,0,9.44678765552786,0,9.15080464556238,0,9.44678765552786,0,9.15080464556238,0,"normal","I",500,2000,0.5,0,0,0,0,FALSE,FALSE,0.5,"leave-d",200,0.5,1e+05,TRUE,49
10,0,0,0,9.44678765552786,0,9.05217427866015,0,9.44678765552786,0,9.05217427866015,0,"normal","I",500,2000,0.5,0,0,0,0,FALSE,FALSE,0.5,"leave-d",200,0.5,1e+05,TRUE,49
10,0,0,0,9.44678765552786,0,9.09176884468565,0,9.44678765552786,0,9.09176884468565,0,"normal","I",500,2000,0.5,0,0,0,0,FALSE,FALSE,0.5,"leave-d",200,0.5,1e+05,TRUE,49
10,0,0,0,9.44678765552786,0,9.50212803251696,0,9.44678765552786,0,9.50212803251696,0,"normal","I",500,2000,0.5,0,0,0,0,FALSE,FALSE,0.5,"leave-d",200,0.5,1e+05,TRUE,49
10,0,0,0,9.44678765552786,0,9.9379204640818,0,9.44678765552786,0,9.9379204640818,0,"normal","I",500,2000,0.5,0,0,0,0,FALSE,FALSE,0.5,"leave-d",200,0.5,1e+05,TRUE,49
10,0,0,0,9.44678765552786,0,9.36650797466641,0,9.44678765552786,0,9.36650797466641,0,"normal","I",500,2000,0.5,0,0,0,0,FALSE,FALSE,0.5,"leave-d",200,0.5,1e+05,TRUE,49
10,0,0,0,9.44678765552786,0,9.68533995701832,0,9.44678765552786,0,9.68533995701832,0,"normal","I",500,2000,0.5,0,0,0,0,FALSE,FALSE,0.5,"leave-d",200,0.5,1e+05,TRUE,49
10,0,0,0,9.44678765552786,0,9.10594993433782,0,9.44678765552786,0,9.10594993433782,0,"normal","I",500,2000,0.5,0,0,0,0,FALSE,FALSE,0.5,"leave-d",200,0.5,1e+05,TRUE,49
10,0,0,0,9.44678765552786,0,8.36390162853876,0,9.44678765552786,0,8.36390162853876,0,"normal","I",500,2000,0.5,0,0,0,0,FALSE,FALSE,0.5,"leave-d",200,0.5,1e+05,TRUE,49
10,0,0,0,9.44678765552786,0,10.8654649208128,0,9.44678765552786,0,10.8654649208128,0,"normal","I",500,2000,0.5,0,0,0,0,FALSE,FALSE,0.5,"leave-d",200,0.5,1e+05,TRUE,49
10,0,0,0,9.44678765552786,0,9.07684784801863,0,9.44678765552786,0,9.07684784801863,0,"normal","I",500,2000,0.5,0,0,0,0,FALSE,FALSE,0.5,"leave-d",200,0.5,1e+05,TRUE,49
10,0,0,0,9.44678765552786,0,9.50262287078198,0,9.44678765552786,0,9.50262287078198,0,"normal","I",500,2000,0.5,0,0,0,0,FALSE,FALSE,0.5,"leave-d",200,0.5,1e+05,TRUE,49
10,0,0,0,9.44678765552786,0,10.3608151616108,0,9.44678765552786,0,10.3608151616108,0,"normal","I",500,2000,0.5,0,0,0,0,FALSE,FALSE,0.5,"leave-d",200,0.5,1e+05,TRUE,49
10,0,0,0,9.44678765552786,0,9.17791353836354,0,9.44678765552786,0,9.17791353836354,0,"normal","I",500,2000,0.5,0,0,0,0,FALSE,FALSE,0.5,"leave-d",200,0.5,1e+05,TRUE,49
10,0,0,0,9.44678765552786,0,8.9561464214913,0,9.44678765552786,0,8.9561464214913,0,"normal","I",500,2000,0.5,0,0,0,0,FALSE,FALSE,0.5,"leave-d",200,0.5,1e+05,TRUE,49
10,0,0,0,9.44678765552786,0,9.55521147380428,0,9.44678765552786,0,9.55521147380428,0,"normal","I",500,2000,0.5,0,0,0,0,FALSE,FALSE,0.5,"leave-d",200,0.5,1e+05,TRUE,49
10,0,0,0,9.44678765552786,0,8.54330293280478,0,9.44678765552786,0,8.54330293280478,0,"normal","I",500,2000,0.5,0,0,0,0,FALSE,FALSE,0.5,"leave-d",200,0.5,1e+05,TRUE,49
10,0,0,0,9.44678765552786,0,10.0763024018615,0,9.44678765552786,0,10.0763024018615,0,"normal","I",500,2000,0.5,0,0,0,0,FALSE,FALSE,0.5,"leave-d",200,0.5,1e+05,TRUE,49
10,0,0,0,9.44678765552786,0,10.0233587148843,0,9.44678765552786,0,10.0233587148843,0,"normal","I",500,2000,0.5,0,0,0,0,FALSE,FALSE,0.5,"leave-d",200,0.5,1e+05,TRUE,49
10,0,0,0,9.44678765552786,0,9.35845654253642,0,9.44678765552786,0,9.35845654253642,0,"normal","I",500,2000,0.5,0,0,0,0,FALSE,FALSE,0.5,"leave-d",200,0.5,1e+05,TRUE,49
10,0,0,0,9.44678765552786,0,10.3828327781708,0,9.44678765552786,0,10.3828327781708,0,"normal","I",500,2000,0.5,0,0,0,0,FALSE,FALSE,0.5,"leave-d",200,0.5,1e+05,TRUE,49
10,0,0,0,9.44678765552786,0,9.465035103732,0,9.44678765552786,0,9.465035103732,0,"normal","I",500,2000,0.5,0,0,0,0,FALSE,FALSE,0.5,"leave-d",200,0.5,1e+05,TRUE,49
10,0,0,0,9.44678765552786,0,10.3205314180759,0,9.44678765552786,0,10.3205314180759,0,"normal","I",500,2000,0.5,0,0,0,0,FALSE,FALSE,0.5,"leave-d",200,0.5,1e+05,TRUE,49
10,0,0,0,9.44678765552786,0,8.79316575024875,0,9.44678765552786,0,8.79316575024875,0,"normal","I",500,2000,0.5,0,0,0,0,FALSE,FALSE,0.5,"leave-d",200,0.5,1e+05,TRUE,49
10,0,0,0,9.44678765552786,0,9.85436084246862,0,9.44678765552786,0,9.85436084246862,0,"normal","I",500,2000,0.5,0,0,0,0,FALSE,FALSE,0.5,"leave-d",200,0.5,1e+05,TRUE,49
10,0,0,0,9.44678765552786,0,9.5959465784009,0,9.44678765552786,0,9.5959465784009,0,"normal","I",500,2000,0.5,0,0,0,0,FALSE,FALSE,0.5,"leave-d",200,0.5,1e+05,TRUE,49
10,0,0,0,9.44678765552786,0,8.60175493544812,0,9.44678765552786,0,8.60175493544812,0,"normal","I",500,2000,0.5,0,0,0,0,FALSE,FALSE,0.5,"leave-d",200,0.5,1e+05,TRUE,49
10,0,0,0,9.44678765552786,0,9.52773613650955,0,9.44678765552786,0,9.52773613650955,0,"normal","I",500,2000,0.5,0,0,0,0,FALSE,FALSE,0.5,"leave-d",200,0.5,1e+05,TRUE,49
10,0,0,0,9.44678765552786,0,9.72837845590923,0,9.44678765552786,0,9.72837845590923,0,"normal","I",500,2000,0.5,0,0,0,0,FALSE,FALSE,0.5,"leave-d",200,0.5,1e+05,TRUE,49
10,0,0,0,9.44678765552786,0,8.66978889671434,0,9.44678765552786,0,8.66978889671434,0,"normal","I",500,2000,0.5,0,0,0,0,FALSE,FALSE,0.5,"leave-d",200,0.5,1e+05,TRUE,49
10,0,0,0,9.44678765552786,0,9.83780135502007,0,9.44678765552786,0,9.83780135502007,0,"normal","I",500,2000,0.5,0,0,0,0,FALSE,FALSE,0.5,"leave-d",200,0.5,1e+05,TRUE,49
10,0,0,0,9.44678765552786,0,9.94751922902466,0,9.44678765552786,0,9.94751922902466,0,"normal","I",500,2000,0.5,0,0,0,0,FALSE,FALSE,0.5,"leave-d",200,0.5,1e+05,TRUE,49
10,0,0,0,9.44678765552786,0,10.5628173169087,0,9.44678765552786,0,10.5628173169087,0,"normal","I",500,2000,0.5,0,0,0,0,FALSE,FALSE,0.5,"leave-d",200,0.5,1e+05,TRUE,49
10,0,0,0,9.44678765552786,0,10.7481454372606,0,9.44678765552786,0,10.7481454372606,0,"normal","I",500,2000,0.5,0,0,0,0,FALSE,FALSE,0.5,"leave-d",200,0.5,1e+05,TRUE,49
10,0,0,0,9.44678765552786,0,10.761068907762,0,9.44678765552786,0,10.761068907762,0,"normal","I",500,2000,0.5,0,0,0,0,FALSE,FALSE,0.5,"leave-d",200,0.5,1e+05,TRUE,49
10,0,0,0,9.44678765552786,0,9.59834890776013,0,9.44678765552786,0,9.59834890776013,0,"normal","I",500,2000,0.5,0,0,0,0,FALSE,FALSE,0.5,"leave-d",200,0.5,1e+05,TRUE,49
10,0,0,0,9.44678765552786,0,9.35721783175211,0,9.44678765552786,0,9.35721783175211,0,"normal","I",500,2000,0.5,0,0,0,0,FALSE,FALSE,0.5,"leave-d",200,0.5,1e+05,TRUE,49
10,0,0,0,9.44678765552786,0,10.8247069027287,0,9.44678765552786,0,10.8247069027287,0,"normal","I",500,2000,0.5,0,0,0,0,FALSE,FALSE,0.5,"leave-d",200,0.5,1e+05,TRUE,49
10,0,0,0,9.44678765552786,0,9.20831743058981,0,9.44678765552786,0,9.20831743058981,0,"normal","I",500,2000,0.5,0,0,0,0,FALSE,FALSE,0.5,"leave-d",200,0.5,1e+05,TRUE,49
10,0,0,0,9.44678765552786,0,10.2956306746772,0,9.44678765552786,0,10.2956306746772,0,"normal","I",500,2000,0.5,0,0,0,0,FALSE,FALSE,0.5,"leave-d",200,0.5,1e+05,TRUE,49
10,0,0,0,9.44678765552786,0,9.78878455988547,0,9.44678765552786,0,9.78878455988547,0,"normal","I",500,2000,0.5,0,0,0,0,FALSE,FALSE,0.5,"leave-d",200,0.5,1e+05,TRUE,49
10,0,0,0,9.44678765552786,0,9.2787710358258,0,9.44678765552786,0,9.2787710358258,0,"normal","I",500,2000,0.5,0,0,0,0,FALSE,FALSE,0.5,"leave-d",200,0.5,1e+05,TRUE,49
10,0,0,0,9.44678765552786,0,10.0938774874195,0,9.44678765552786,0,10.0938774874195,0,"normal","I",500,2000,0.5,0,0,0,0,FALSE,FALSE,0.5,"leave-d",200,0.5,1e+05,TRUE,49
10,0,0,0,9.44678765552786,0,8.32864277418401,0,9.44678765552786,0,8.32864277418401,0,"normal","I",500,2000,0.5,0,0,0,0,FALSE,FALSE,0.5,"leave-d",200,0.5,1e+05,TRUE,49
10,0,0,0,9.44678765552786,0,9.06615827014246,0,9.44678765552786,0,9.06615827014246,0,"normal","I",500,2000,0.5,0,0,0,0,FALSE,FALSE,0.5,"leave-d",200,0.5,1e+05,TRUE,49
10,0,0,0,9.44678765552786,0,9.79424951183409,0,9.44678765552786,0,9.79424951183409,0,"normal","I",500,2000,0.5,0,0,0,0,FALSE,FALSE,0.5,"leave-d",200,0.5,1e+05,TRUE,49
10,0,0,0,9.44678765552786,0,8.57014515220165,0,9.44678765552786,0,8.57014515220165,0,"normal","I",500,2000,0.5,0,0,0,0,FALSE,FALSE,0.5,"leave-d",200,0.5,1e+05,TRUE,49
10,0,0,0,9.44678765552786,0,9.83557677178691,0,9.44678765552786,0,9.83557677178691,0,"normal","I",500,2000,0.5,0,0,0,0,FALSE,FALSE,0.5,"leave-d",200,0.5,1e+05,TRUE,49
10,0,0,0,9.44678765552786,0,9.01829725036679,0,9.44678765552786,0,9.01829725036679,0,"normal","I",500,2000,0.5,0,0,0,0,FALSE,FALSE,0.5,"leave-d",200,0.5,1e+05,TRUE,49
10,0,0,0,9.44678765552786,0,9.53627241535765,0,9.44678765552786,0,9.53627241535765,0,"normal","I",500,2000,0.5,0,0,0,0,FALSE,FALSE,0.5,"leave-d",200,0.5,1e+05,TRUE,49
10,0,0,0,9.44678765552786,0,8.63591905419481,0,9.44678765552786,0,8.63591905419481,0,"normal","I",500,2000,0.5,0,0,0,0,FALSE,FALSE,0.5,"leave-d",200,0.5,1e+05,TRUE,49
10,0,0,0,9.44678765552786,0,7.90561634841653,0,9.44678765552786,0,7.90561634841653,0,"normal","I",500,2000,0.5,0,0,0,0,FALSE,FALSE,0.5,"leave-d",200,0.5,1e+05,TRUE,49
10,0,0,0,9.44678765552786,0,8.96640930144897,0,9.44678765552786,0,8.96640930144897,0,"normal","I",500,2000,0.5,0,0,0,0,FALSE,FALSE,0.5,"leave-d",200,0.5,1e+05,TRUE,49
10,0,0,0,9.44678765552786,0,10.7964207534516,0,9.44678765552786,0,10.7964207534516,0,"normal","I",500,2000,0.5,0,0,0,0,FALSE,FALSE,0.5,"leave-d",200,0.5,1e+05,TRUE,49
10,0,0,0,9.44678765552786,0,10.3525846571292,0,9.44678765552786,0,10.3525846571292,0,"normal","I",500,2000,0.5,0,0,0,0,FALSE,FALSE,0.5,"leave-d",200,0.5,1e+05,TRUE,49
10,0,0,0,9.44678765552786,0,9.5181206504962,0,9.44678765552786,0,9.5181206504962,0,"normal","I",500,2000,0.5,0,0,0,0,FALSE,FALSE,0.5,"leave-d",200,0.5,1e+05,TRUE,49
10,0,0,0,9.44678765552786,0,8.83211628391142,0,9.44678765552786,0,8.83211628391142,0,"normal","I",500,2000,0.5,0,0,0,0,FALSE,FALSE,0.5,"leave-d",200,0.5,1e+05,TRUE,49
10,0,0,0,9.44678765552786,0,8.51313203612627,0,9.44678765552786,0,8.51313203612627,0,"normal","I",500,2000,0.5,0,0,0,0,FALSE,FALSE,0.5,"leave-d",200,0.5,1e+05,TRUE,49
10,0,0,0,9.44678765552786,0,9.08706493372325,0,9.44678765552786,0,9.08706493372325,0,"normal","I",500,2000,0.5,0,0,0,0,FALSE,FALSE,0.5,"leave-d",200,0.5,1e+05,TRUE,49
10,0,0,0,9.44678765552786,0,9.15621526789657,0,9.44678765552786,0,9.15621526789657,0,"normal","I",500,2000,0.5,0,0,0,0,FALSE,FALSE,0.5,"leave-d",200,0.5,1e+05,TRUE,49
10,0,0,0,9.44678765552786,0,10.2678235824894,0,9.44678765552786,0,10.2678235824894,0,"normal","I",500,2000,0.5,0,0,0,0,FALSE,FALSE,0.5,"leave-d",200,0.5,1e+05,TRUE,49
10,0,0,0,9.44678765552786,0,8.27857570831756,0,9.44678765552786,0,8.27857570831756,0,"normal","I",500,2000,0.5,0,0,0,0,FALSE,FALSE,0.5,"leave-d",200,0.5,1e+05,TRUE,49
10,0,0,0,9.44678765552786,0,10.3747345735111,0,9.44678765552786,0,10.3747345735111,0,"normal","I",500,2000,0.5,0,0,0,0,FALSE,FALSE,0.5,"leave-d",200,0.5,1e+05,TRUE,49
10,0,0,0,9.44678765552786,0,8.79027797703599,0,9.44678765552786,0,8.79027797703599,0,"normal","I",500,2000,0.5,0,0,0,0,FALSE,FALSE,0.5,"leave-d",200,0.5,1e+05,TRUE,49
10,0,0,0,9.44678765552786,0,10.4719602012315,0,9.44678765552786,0,10.4719602012315,0,"normal","I",500,2000,0.5,0,0,0,0,FALSE,FALSE,0.5,"leave-d",200,0.5,1e+05,TRUE,49
10,0,0,0,9.44678765552786,0,8.77804922199205,0,9.44678765552786,0,8.77804922199205,0,"normal","I",500,2000,0.5,0,0,0,0,FALSE,FALSE,0.5,"leave-d",200,0.5,1e+05,TRUE,49
10,0,0,0,9.44678765552786,0,9.0287426478547,0,9.44678765552786,0,9.0287426478547,0,"normal","I",500,2000,0.5,0,0,0,0,FALSE,FALSE,0.5,"leave-d",200,0.5,1e+05,TRUE,49
10,0,0,0,9.44678765552786,0,9.80803345752814,0,9.44678765552786,0,9.80803345752814,0,"normal","I",500,2000,0.5,0,0,0,0,FALSE,FALSE,0.5,"leave-d",200,0.5,1e+05,TRUE,49
10,0,0,0,9.44678765552786,0,10.2103530346895,0,9.44678765552786,0,10.2103530346895,0,"normal","I",500,2000,0.5,0,0,0,0,FALSE,FALSE,0.5,"leave-d",200,0.5,1e+05,TRUE,49
10,0,0,0,9.44678765552786,0,9.79785704633997,0,9.44678765552786,0,9.79785704633997,0,"normal","I",500,2000,0.5,0,0,0,0,FALSE,FALSE,0.5,"leave-d",200,0.5,1e+05,TRUE,49
10,0,0,0,9.44678765552786,0,8.95456342963723,0,9.44678765552786,0,8.95456342963723,0,"normal","I",500,2000,0.5,0,0,0,0,FALSE,FALSE,0.5,"leave-d",200,0.5,1e+05,TRUE,49
10,0,0,0,9.44678765552786,0,9.4879137566774,0,9.44678765552786,0,9.4879137566774,0,"normal","I",500,2000,0.5,0,0,0,0,FALSE,FALSE,0.5,"leave-d",200,0.5,1e+05,TRUE,49
10,0,0,0,9.44678765552786,0,11.7597460890045,0,9.44678765552786,0,11.7597460890045,0,"normal","I",500,2000,0.5,0,0,0,0,FALSE,FALSE,0.5,"leave-d",200,0.5,1e+05,TRUE,49
10,0,0,0,9.44678765552786,0,10.0272249788634,0,9.44678765552786,0,10.0272249788634,0,"normal","I",500,2000,0.5,0,0,0,0,FALSE,FALSE,0.5,"leave-d",200,0.5,1e+05,TRUE,49
10,0,0,0,9.44678765552786,0,9.68952516367182,0,9.44678765552786,0,9.68952516367182,0,"normal","I",500,2000,0.5,0,0,0,0,FALSE,FALSE,0.5,"leave-d",200,0.5,1e+05,TRUE,49
10,0,0,0,9.44678765552786,0,9.65815156190768,0,9.44678765552786,0,9.65815156190768,0,"normal","I",500,2000,0.5,0,0,0,0,FALSE,FALSE,0.5,"leave-d",200,0.5,1e+05,TRUE,49
10,0,0,0,9.44678765552786,0,9.16576752131469,0,9.44678765552786,0,9.16576752131469,0,"normal","I",500,2000,0.5,0,0,0,0,FALSE,FALSE,0.5,"leave-d",200,0.5,1e+05,TRUE,49
10,0,0,0,9.44678765552786,0,8.88936357409465,0,9.44678765552786,0,8.88936357409465,0,"normal","I",500,2000,0.5,0,0,0,0,FALSE,FALSE,0.5,"leave-d",200,0.5,1e+05,TRUE,49
10,0,0,0,9.44678765552786,0,10.0883133694555,0,9.44678765552786,0,10.0883133694555,0,"normal","I",500,2000,0.5,0,0,0,0,FALSE,FALSE,0.5,"leave-d",200,0.5,1e+05,TRUE,49
10,0,0,0,9.44678765552786,0,9.16130920666121,0,9.44678765552786,0,9.16130920666121,0,"normal","I",500,2000,0.5,0,0,0,0,FALSE,FALSE,0.5,"leave-d",200,0.5,1e+05,TRUE,49
10,0,0,0,9.44678765552786,0,9.61546306597035,0,9.44678765552786,0,9.61546306597035,0,"normal","I",500,2000,0.5,0,0,0,0,FALSE,FALSE,0.5,"leave-d",200,0.5,1e+05,TRUE,49
10,0,0,0,9.44678765552786,0,10.2549916649394,0,9.44678765552786,0,10.2549916649394,0,"normal","I",500,2000,0.5,0,0,0,0,FALSE,FALSE,0.5,"leave-d",200,0.5,1e+05,TRUE,49
10,0,0,0,9.44678765552786,0,10.3764835825494,0,9.44678765552786,0,10.3764835825494,0,"normal","I",500,2000,0.5,0,0,0,0,FALSE,FALSE,0.5,"leave-d",200,0.5,1e+05,TRUE,49
10,0,0,0,9.44678765552786,0,9.85497381238577,0,9.44678765552786,0,9.85497381238577,0,"normal","I",500,2000,0.5,0,0,0,0,FALSE,FALSE,0.5,"leave-d",200,0.5,1e+05,TRUE,49
