"var_main_effect","var_inter_effect","cov_main_inter_effect","var_total_effect","GCTA_main","GCTA_inter","sub_GCTA_main","sub_GCTA_inter","GCTA_main.1","GCTA_inter.1","sub_GCTA_main.1","sub_GCTA_inter.1","x_dist","structure","p","n","main_fixed_var","main_random_var","inter_fixed_var","inter_random_var","interact","decor","combine","pro","bs","n_sub","rho_e","emp_n","inter_std","i"
10,0,0,0,10.0127650392956,0,10.6616145766441,0,10.0127650392956,0,10.6616145766441,0,"normal","I",500,2000,0.5,0,0,0,0,FALSE,FALSE,0.5,"leave-d",200,0.5,1e+05,TRUE,211
10,0,0,0,10.0127650392956,0,9.18297837673882,0,10.0127650392956,0,9.18297837673882,0,"normal","I",500,2000,0.5,0,0,0,0,FALSE,FALSE,0.5,"leave-d",200,0.5,1e+05,TRUE,211
10,0,0,0,10.0127650392956,0,9.54280480807374,0,10.0127650392956,0,9.54280480807374,0,"normal","I",500,2000,0.5,0,0,0,0,FALSE,FALSE,0.5,"leave-d",200,0.5,1e+05,TRUE,211
10,0,0,0,10.0127650392956,0,11.2658068406157,0,10.0127650392956,0,11.2658068406157,0,"normal","I",500,2000,0.5,0,0,0,0,FALSE,FALSE,0.5,"leave-d",200,0.5,1e+05,TRUE,211
10,0,0,0,10.0127650392956,0,10.2744232068783,0,10.0127650392956,0,10.2744232068783,0,"normal","I",500,2000,0.5,0,0,0,0,FALSE,FALSE,0.5,"leave-d",200,0.5,1e+05,TRUE,211
10,0,0,0,10.0127650392956,0,10.0214774526028,0,10.0127650392956,0,10.0214774526028,0,"normal","I",500,2000,0.5,0,0,0,0,FALSE,FALSE,0.5,"leave-d",200,0.5,1e+05,TRUE,211
10,0,0,0,10.0127650392956,0,10.5355988327455,0,10.0127650392956,0,10.5355988327455,0,"normal","I",500,2000,0.5,0,0,0,0,FALSE,FALSE,0.5,"leave-d",200,0.5,1e+05,TRUE,211
10,0,0,0,10.0127650392956,0,10.6359686545924,0,10.0127650392956,0,10.6359686545924,0,"normal","I",500,2000,0.5,0,0,0,0,FALSE,FALSE,0.5,"leave-d",200,0.5,1e+05,TRUE,211
10,0,0,0,10.0127650392956,0,10.6134235358965,0,10.0127650392956,0,10.6134235358965,0,"normal","I",500,2000,0.5,0,0,0,0,FALSE,FALSE,0.5,"leave-d",200,0.5,1e+05,TRUE,211
10,0,0,0,10.0127650392956,0,10.1280149308522,0,10.0127650392956,0,10.1280149308522,0,"normal","I",500,2000,0.5,0,0,0,0,FALSE,FALSE,0.5,"leave-d",200,0.5,1e+05,TRUE,211
10,0,0,0,10.0127650392956,0,9.89611135653224,0,10.0127650392956,0,9.89611135653224,0,"normal","I",500,2000,0.5,0,0,0,0,FALSE,FALSE,0.5,"leave-d",200,0.5,1e+05,TRUE,211
10,0,0,0,10.0127650392956,0,10.2285685281763,0,10.0127650392956,0,10.2285685281763,0,"normal","I",500,2000,0.5,0,0,0,0,FALSE,FALSE,0.5,"leave-d",200,0.5,1e+05,TRUE,211
10,0,0,0,10.0127650392956,0,9.43121624248178,0,10.0127650392956,0,9.43121624248178,0,"normal","I",500,2000,0.5,0,0,0,0,FALSE,FALSE,0.5,"leave-d",200,0.5,1e+05,TRUE,211
10,0,0,0,10.0127650392956,0,8.831267672789,0,10.0127650392956,0,8.831267672789,0,"normal","I",500,2000,0.5,0,0,0,0,FALSE,FALSE,0.5,"leave-d",200,0.5,1e+05,TRUE,211
10,0,0,0,10.0127650392956,0,9.89293974618345,0,10.0127650392956,0,9.89293974618345,0,"normal","I",500,2000,0.5,0,0,0,0,FALSE,FALSE,0.5,"leave-d",200,0.5,1e+05,TRUE,211
10,0,0,0,10.0127650392956,0,9.80262555879722,0,10.0127650392956,0,9.80262555879722,0,"normal","I",500,2000,0.5,0,0,0,0,FALSE,FALSE,0.5,"leave-d",200,0.5,1e+05,TRUE,211
10,0,0,0,10.0127650392956,0,10.0279845384409,0,10.0127650392956,0,10.0279845384409,0,"normal","I",500,2000,0.5,0,0,0,0,FALSE,FALSE,0.5,"leave-d",200,0.5,1e+05,TRUE,211
10,0,0,0,10.0127650392956,0,10.0706394423559,0,10.0127650392956,0,10.0706394423559,0,"normal","I",500,2000,0.5,0,0,0,0,FALSE,FALSE,0.5,"leave-d",200,0.5,1e+05,TRUE,211
10,0,0,0,10.0127650392956,0,9.49496535565529,0,10.0127650392956,0,9.49496535565529,0,"normal","I",500,2000,0.5,0,0,0,0,FALSE,FALSE,0.5,"leave-d",200,0.5,1e+05,TRUE,211
10,0,0,0,10.0127650392956,0,10.4708200029941,0,10.0127650392956,0,10.4708200029941,0,"normal","I",500,2000,0.5,0,0,0,0,FALSE,FALSE,0.5,"leave-d",200,0.5,1e+05,TRUE,211
10,0,0,0,10.0127650392956,0,10.0077628113989,0,10.0127650392956,0,10.0077628113989,0,"normal","I",500,2000,0.5,0,0,0,0,FALSE,FALSE,0.5,"leave-d",200,0.5,1e+05,TRUE,211
10,0,0,0,10.0127650392956,0,11.1088752089837,0,10.0127650392956,0,11.1088752089837,0,"normal","I",500,2000,0.5,0,0,0,0,FALSE,FALSE,0.5,"leave-d",200,0.5,1e+05,TRUE,211
10,0,0,0,10.0127650392956,0,9.34879647504593,0,10.0127650392956,0,9.34879647504593,0,"normal","I",500,2000,0.5,0,0,0,0,FALSE,FALSE,0.5,"leave-d",200,0.5,1e+05,TRUE,211
10,0,0,0,10.0127650392956,0,9.27994097872307,0,10.0127650392956,0,9.27994097872307,0,"normal","I",500,2000,0.5,0,0,0,0,FALSE,FALSE,0.5,"leave-d",200,0.5,1e+05,TRUE,211
10,0,0,0,10.0127650392956,0,10.3807379504477,0,10.0127650392956,0,10.3807379504477,0,"normal","I",500,2000,0.5,0,0,0,0,FALSE,FALSE,0.5,"leave-d",200,0.5,1e+05,TRUE,211
10,0,0,0,10.0127650392956,0,9.91852749746155,0,10.0127650392956,0,9.91852749746155,0,"normal","I",500,2000,0.5,0,0,0,0,FALSE,FALSE,0.5,"leave-d",200,0.5,1e+05,TRUE,211
10,0,0,0,10.0127650392956,0,10.1062561782555,0,10.0127650392956,0,10.1062561782555,0,"normal","I",500,2000,0.5,0,0,0,0,FALSE,FALSE,0.5,"leave-d",200,0.5,1e+05,TRUE,211
10,0,0,0,10.0127650392956,0,10.3617609426139,0,10.0127650392956,0,10.3617609426139,0,"normal","I",500,2000,0.5,0,0,0,0,FALSE,FALSE,0.5,"leave-d",200,0.5,1e+05,TRUE,211
10,0,0,0,10.0127650392956,0,10.3922547981111,0,10.0127650392956,0,10.3922547981111,0,"normal","I",500,2000,0.5,0,0,0,0,FALSE,FALSE,0.5,"leave-d",200,0.5,1e+05,TRUE,211
10,0,0,0,10.0127650392956,0,10.2477653886198,0,10.0127650392956,0,10.2477653886198,0,"normal","I",500,2000,0.5,0,0,0,0,FALSE,FALSE,0.5,"leave-d",200,0.5,1e+05,TRUE,211
10,0,0,0,10.0127650392956,0,10.0579122993592,0,10.0127650392956,0,10.0579122993592,0,"normal","I",500,2000,0.5,0,0,0,0,FALSE,FALSE,0.5,"leave-d",200,0.5,1e+05,TRUE,211
10,0,0,0,10.0127650392956,0,10.5541843591076,0,10.0127650392956,0,10.5541843591076,0,"normal","I",500,2000,0.5,0,0,0,0,FALSE,FALSE,0.5,"leave-d",200,0.5,1e+05,TRUE,211
10,0,0,0,10.0127650392956,0,10.2554383155909,0,10.0127650392956,0,10.2554383155909,0,"normal","I",500,2000,0.5,0,0,0,0,FALSE,FALSE,0.5,"leave-d",200,0.5,1e+05,TRUE,211
10,0,0,0,10.0127650392956,0,10.2796773739989,0,10.0127650392956,0,10.2796773739989,0,"normal","I",500,2000,0.5,0,0,0,0,FALSE,FALSE,0.5,"leave-d",200,0.5,1e+05,TRUE,211
10,0,0,0,10.0127650392956,0,9.78722677709756,0,10.0127650392956,0,9.78722677709756,0,"normal","I",500,2000,0.5,0,0,0,0,FALSE,FALSE,0.5,"leave-d",200,0.5,1e+05,TRUE,211
10,0,0,0,10.0127650392956,0,10.0799794710876,0,10.0127650392956,0,10.0799794710876,0,"normal","I",500,2000,0.5,0,0,0,0,FALSE,FALSE,0.5,"leave-d",200,0.5,1e+05,TRUE,211
10,0,0,0,10.0127650392956,0,9.58729208354328,0,10.0127650392956,0,9.58729208354328,0,"normal","I",500,2000,0.5,0,0,0,0,FALSE,FALSE,0.5,"leave-d",200,0.5,1e+05,TRUE,211
10,0,0,0,10.0127650392956,0,10.2130597732951,0,10.0127650392956,0,10.2130597732951,0,"normal","I",500,2000,0.5,0,0,0,0,FALSE,FALSE,0.5,"leave-d",200,0.5,1e+05,TRUE,211
10,0,0,0,10.0127650392956,0,9.71567692195205,0,10.0127650392956,0,9.71567692195205,0,"normal","I",500,2000,0.5,0,0,0,0,FALSE,FALSE,0.5,"leave-d",200,0.5,1e+05,TRUE,211
10,0,0,0,10.0127650392956,0,10.3509513507272,0,10.0127650392956,0,10.3509513507272,0,"normal","I",500,2000,0.5,0,0,0,0,FALSE,FALSE,0.5,"leave-d",200,0.5,1e+05,TRUE,211
10,0,0,0,10.0127650392956,0,10.9249020844168,0,10.0127650392956,0,10.9249020844168,0,"normal","I",500,2000,0.5,0,0,0,0,FALSE,FALSE,0.5,"leave-d",200,0.5,1e+05,TRUE,211
10,0,0,0,10.0127650392956,0,9.45606649705928,0,10.0127650392956,0,9.45606649705928,0,"normal","I",500,2000,0.5,0,0,0,0,FALSE,FALSE,0.5,"leave-d",200,0.5,1e+05,TRUE,211
10,0,0,0,10.0127650392956,0,9.79271896083094,0,10.0127650392956,0,9.79271896083094,0,"normal","I",500,2000,0.5,0,0,0,0,FALSE,FALSE,0.5,"leave-d",200,0.5,1e+05,TRUE,211
10,0,0,0,10.0127650392956,0,9.90876013299563,0,10.0127650392956,0,9.90876013299563,0,"normal","I",500,2000,0.5,0,0,0,0,FALSE,FALSE,0.5,"leave-d",200,0.5,1e+05,TRUE,211
10,0,0,0,10.0127650392956,0,9.33960926278446,0,10.0127650392956,0,9.33960926278446,0,"normal","I",500,2000,0.5,0,0,0,0,FALSE,FALSE,0.5,"leave-d",200,0.5,1e+05,TRUE,211
10,0,0,0,10.0127650392956,0,9.99419965863247,0,10.0127650392956,0,9.99419965863247,0,"normal","I",500,2000,0.5,0,0,0,0,FALSE,FALSE,0.5,"leave-d",200,0.5,1e+05,TRUE,211
10,0,0,0,10.0127650392956,0,10.0835050267373,0,10.0127650392956,0,10.0835050267373,0,"normal","I",500,2000,0.5,0,0,0,0,FALSE,FALSE,0.5,"leave-d",200,0.5,1e+05,TRUE,211
10,0,0,0,10.0127650392956,0,10.1600176178034,0,10.0127650392956,0,10.1600176178034,0,"normal","I",500,2000,0.5,0,0,0,0,FALSE,FALSE,0.5,"leave-d",200,0.5,1e+05,TRUE,211
10,0,0,0,10.0127650392956,0,10.3601241130635,0,10.0127650392956,0,10.3601241130635,0,"normal","I",500,2000,0.5,0,0,0,0,FALSE,FALSE,0.5,"leave-d",200,0.5,1e+05,TRUE,211
10,0,0,0,10.0127650392956,0,9.80314480216927,0,10.0127650392956,0,9.80314480216927,0,"normal","I",500,2000,0.5,0,0,0,0,FALSE,FALSE,0.5,"leave-d",200,0.5,1e+05,TRUE,211
10,0,0,0,10.0127650392956,0,9.87005345629739,0,10.0127650392956,0,9.87005345629739,0,"normal","I",500,2000,0.5,0,0,0,0,FALSE,FALSE,0.5,"leave-d",200,0.5,1e+05,TRUE,211
10,0,0,0,10.0127650392956,0,10.2958832889728,0,10.0127650392956,0,10.2958832889728,0,"normal","I",500,2000,0.5,0,0,0,0,FALSE,FALSE,0.5,"leave-d",200,0.5,1e+05,TRUE,211
10,0,0,0,10.0127650392956,0,11.5501837649466,0,10.0127650392956,0,11.5501837649466,0,"normal","I",500,2000,0.5,0,0,0,0,FALSE,FALSE,0.5,"leave-d",200,0.5,1e+05,TRUE,211
10,0,0,0,10.0127650392956,0,9.00954644421015,0,10.0127650392956,0,9.00954644421015,0,"normal","I",500,2000,0.5,0,0,0,0,FALSE,FALSE,0.5,"leave-d",200,0.5,1e+05,TRUE,211
10,0,0,0,10.0127650392956,0,10.9816357698911,0,10.0127650392956,0,10.9816357698911,0,"normal","I",500,2000,0.5,0,0,0,0,FALSE,FALSE,0.5,"leave-d",200,0.5,1e+05,TRUE,211
10,0,0,0,10.0127650392956,0,10.1836812734056,0,10.0127650392956,0,10.1836812734056,0,"normal","I",500,2000,0.5,0,0,0,0,FALSE,FALSE,0.5,"leave-d",200,0.5,1e+05,TRUE,211
10,0,0,0,10.0127650392956,0,10.5511887474167,0,10.0127650392956,0,10.5511887474167,0,"normal","I",500,2000,0.5,0,0,0,0,FALSE,FALSE,0.5,"leave-d",200,0.5,1e+05,TRUE,211
10,0,0,0,10.0127650392956,0,11.0187271350843,0,10.0127650392956,0,11.0187271350843,0,"normal","I",500,2000,0.5,0,0,0,0,FALSE,FALSE,0.5,"leave-d",200,0.5,1e+05,TRUE,211
10,0,0,0,10.0127650392956,0,9.48567894691295,0,10.0127650392956,0,9.48567894691295,0,"normal","I",500,2000,0.5,0,0,0,0,FALSE,FALSE,0.5,"leave-d",200,0.5,1e+05,TRUE,211
10,0,0,0,10.0127650392956,0,9.66419787316793,0,10.0127650392956,0,9.66419787316793,0,"normal","I",500,2000,0.5,0,0,0,0,FALSE,FALSE,0.5,"leave-d",200,0.5,1e+05,TRUE,211
10,0,0,0,10.0127650392956,0,10.055213245919,0,10.0127650392956,0,10.055213245919,0,"normal","I",500,2000,0.5,0,0,0,0,FALSE,FALSE,0.5,"leave-d",200,0.5,1e+05,TRUE,211
10,0,0,0,10.0127650392956,0,10.0681998423974,0,10.0127650392956,0,10.0681998423974,0,"normal","I",500,2000,0.5,0,0,0,0,FALSE,FALSE,0.5,"leave-d",200,0.5,1e+05,TRUE,211
10,0,0,0,10.0127650392956,0,9.08983159211349,0,10.0127650392956,0,9.08983159211349,0,"normal","I",500,2000,0.5,0,0,0,0,FALSE,FALSE,0.5,"leave-d",200,0.5,1e+05,TRUE,211
10,0,0,0,10.0127650392956,0,10.3454270871904,0,10.0127650392956,0,10.3454270871904,0,"normal","I",500,2000,0.5,0,0,0,0,FALSE,FALSE,0.5,"leave-d",200,0.5,1e+05,TRUE,211
10,0,0,0,10.0127650392956,0,10.3607264372909,0,10.0127650392956,0,10.3607264372909,0,"normal","I",500,2000,0.5,0,0,0,0,FALSE,FALSE,0.5,"leave-d",200,0.5,1e+05,TRUE,211
10,0,0,0,10.0127650392956,0,11.3392261964553,0,10.0127650392956,0,11.3392261964553,0,"normal","I",500,2000,0.5,0,0,0,0,FALSE,FALSE,0.5,"leave-d",200,0.5,1e+05,TRUE,211
10,0,0,0,10.0127650392956,0,10.9498274475301,0,10.0127650392956,0,10.9498274475301,0,"normal","I",500,2000,0.5,0,0,0,0,FALSE,FALSE,0.5,"leave-d",200,0.5,1e+05,TRUE,211
10,0,0,0,10.0127650392956,0,11.3424717717227,0,10.0127650392956,0,11.3424717717227,0,"normal","I",500,2000,0.5,0,0,0,0,FALSE,FALSE,0.5,"leave-d",200,0.5,1e+05,TRUE,211
10,0,0,0,10.0127650392956,0,10.5800259911819,0,10.0127650392956,0,10.5800259911819,0,"normal","I",500,2000,0.5,0,0,0,0,FALSE,FALSE,0.5,"leave-d",200,0.5,1e+05,TRUE,211
10,0,0,0,10.0127650392956,0,8.978604867537,0,10.0127650392956,0,8.978604867537,0,"normal","I",500,2000,0.5,0,0,0,0,FALSE,FALSE,0.5,"leave-d",200,0.5,1e+05,TRUE,211
10,0,0,0,10.0127650392956,0,9.87373994678022,0,10.0127650392956,0,9.87373994678022,0,"normal","I",500,2000,0.5,0,0,0,0,FALSE,FALSE,0.5,"leave-d",200,0.5,1e+05,TRUE,211
10,0,0,0,10.0127650392956,0,8.96933002321303,0,10.0127650392956,0,8.96933002321303,0,"normal","I",500,2000,0.5,0,0,0,0,FALSE,FALSE,0.5,"leave-d",200,0.5,1e+05,TRUE,211
10,0,0,0,10.0127650392956,0,11.2725861743241,0,10.0127650392956,0,11.2725861743241,0,"normal","I",500,2000,0.5,0,0,0,0,FALSE,FALSE,0.5,"leave-d",200,0.5,1e+05,TRUE,211
10,0,0,0,10.0127650392956,0,10.9922028379931,0,10.0127650392956,0,10.9922028379931,0,"normal","I",500,2000,0.5,0,0,0,0,FALSE,FALSE,0.5,"leave-d",200,0.5,1e+05,TRUE,211
10,0,0,0,10.0127650392956,0,10.7243687010956,0,10.0127650392956,0,10.7243687010956,0,"normal","I",500,2000,0.5,0,0,0,0,FALSE,FALSE,0.5,"leave-d",200,0.5,1e+05,TRUE,211
10,0,0,0,10.0127650392956,0,9.34525312422081,0,10.0127650392956,0,9.34525312422081,0,"normal","I",500,2000,0.5,0,0,0,0,FALSE,FALSE,0.5,"leave-d",200,0.5,1e+05,TRUE,211
10,0,0,0,10.0127650392956,0,9.76051155876909,0,10.0127650392956,0,9.76051155876909,0,"normal","I",500,2000,0.5,0,0,0,0,FALSE,FALSE,0.5,"leave-d",200,0.5,1e+05,TRUE,211
10,0,0,0,10.0127650392956,0,8.77536178605571,0,10.0127650392956,0,8.77536178605571,0,"normal","I",500,2000,0.5,0,0,0,0,FALSE,FALSE,0.5,"leave-d",200,0.5,1e+05,TRUE,211
10,0,0,0,10.0127650392956,0,10.2562887882968,0,10.0127650392956,0,10.2562887882968,0,"normal","I",500,2000,0.5,0,0,0,0,FALSE,FALSE,0.5,"leave-d",200,0.5,1e+05,TRUE,211
10,0,0,0,10.0127650392956,0,9.85644286926366,0,10.0127650392956,0,9.85644286926366,0,"normal","I",500,2000,0.5,0,0,0,0,FALSE,FALSE,0.5,"leave-d",200,0.5,1e+05,TRUE,211
10,0,0,0,10.0127650392956,0,10.1709169053791,0,10.0127650392956,0,10.1709169053791,0,"normal","I",500,2000,0.5,0,0,0,0,FALSE,FALSE,0.5,"leave-d",200,0.5,1e+05,TRUE,211
10,0,0,0,10.0127650392956,0,9.42409915022842,0,10.0127650392956,0,9.42409915022842,0,"normal","I",500,2000,0.5,0,0,0,0,FALSE,FALSE,0.5,"leave-d",200,0.5,1e+05,TRUE,211
10,0,0,0,10.0127650392956,0,9.96727133338958,0,10.0127650392956,0,9.96727133338958,0,"normal","I",500,2000,0.5,0,0,0,0,FALSE,FALSE,0.5,"leave-d",200,0.5,1e+05,TRUE,211
10,0,0,0,10.0127650392956,0,10.4358864689902,0,10.0127650392956,0,10.4358864689902,0,"normal","I",500,2000,0.5,0,0,0,0,FALSE,FALSE,0.5,"leave-d",200,0.5,1e+05,TRUE,211
10,0,0,0,10.0127650392956,0,11.5692877861646,0,10.0127650392956,0,11.5692877861646,0,"normal","I",500,2000,0.5,0,0,0,0,FALSE,FALSE,0.5,"leave-d",200,0.5,1e+05,TRUE,211
10,0,0,0,10.0127650392956,0,9.28377178071915,0,10.0127650392956,0,9.28377178071915,0,"normal","I",500,2000,0.5,0,0,0,0,FALSE,FALSE,0.5,"leave-d",200,0.5,1e+05,TRUE,211
10,0,0,0,10.0127650392956,0,10.0062177505307,0,10.0127650392956,0,10.0062177505307,0,"normal","I",500,2000,0.5,0,0,0,0,FALSE,FALSE,0.5,"leave-d",200,0.5,1e+05,TRUE,211
10,0,0,0,10.0127650392956,0,9.56422692635629,0,10.0127650392956,0,9.56422692635629,0,"normal","I",500,2000,0.5,0,0,0,0,FALSE,FALSE,0.5,"leave-d",200,0.5,1e+05,TRUE,211
10,0,0,0,10.0127650392956,0,10.1141768961094,0,10.0127650392956,0,10.1141768961094,0,"normal","I",500,2000,0.5,0,0,0,0,FALSE,FALSE,0.5,"leave-d",200,0.5,1e+05,TRUE,211
10,0,0,0,10.0127650392956,0,9.65385794247643,0,10.0127650392956,0,9.65385794247643,0,"normal","I",500,2000,0.5,0,0,0,0,FALSE,FALSE,0.5,"leave-d",200,0.5,1e+05,TRUE,211
10,0,0,0,10.0127650392956,0,10.0741835940839,0,10.0127650392956,0,10.0741835940839,0,"normal","I",500,2000,0.5,0,0,0,0,FALSE,FALSE,0.5,"leave-d",200,0.5,1e+05,TRUE,211
10,0,0,0,10.0127650392956,0,8.31625566041325,0,10.0127650392956,0,8.31625566041325,0,"normal","I",500,2000,0.5,0,0,0,0,FALSE,FALSE,0.5,"leave-d",200,0.5,1e+05,TRUE,211
10,0,0,0,10.0127650392956,0,10.4014897818191,0,10.0127650392956,0,10.4014897818191,0,"normal","I",500,2000,0.5,0,0,0,0,FALSE,FALSE,0.5,"leave-d",200,0.5,1e+05,TRUE,211
10,0,0,0,10.0127650392956,0,9.83875012477413,0,10.0127650392956,0,9.83875012477413,0,"normal","I",500,2000,0.5,0,0,0,0,FALSE,FALSE,0.5,"leave-d",200,0.5,1e+05,TRUE,211
10,0,0,0,10.0127650392956,0,9.47279862849956,0,10.0127650392956,0,9.47279862849956,0,"normal","I",500,2000,0.5,0,0,0,0,FALSE,FALSE,0.5,"leave-d",200,0.5,1e+05,TRUE,211
10,0,0,0,10.0127650392956,0,10.8978291629901,0,10.0127650392956,0,10.8978291629901,0,"normal","I",500,2000,0.5,0,0,0,0,FALSE,FALSE,0.5,"leave-d",200,0.5,1e+05,TRUE,211
10,0,0,0,10.0127650392956,0,9.41343785461348,0,10.0127650392956,0,9.41343785461348,0,"normal","I",500,2000,0.5,0,0,0,0,FALSE,FALSE,0.5,"leave-d",200,0.5,1e+05,TRUE,211
10,0,0,0,10.0127650392956,0,10.2741898157153,0,10.0127650392956,0,10.2741898157153,0,"normal","I",500,2000,0.5,0,0,0,0,FALSE,FALSE,0.5,"leave-d",200,0.5,1e+05,TRUE,211
10,0,0,0,10.0127650392956,0,9.62043408552785,0,10.0127650392956,0,9.62043408552785,0,"normal","I",500,2000,0.5,0,0,0,0,FALSE,FALSE,0.5,"leave-d",200,0.5,1e+05,TRUE,211
10,0,0,0,10.0127650392956,0,9.74333474909599,0,10.0127650392956,0,9.74333474909599,0,"normal","I",500,2000,0.5,0,0,0,0,FALSE,FALSE,0.5,"leave-d",200,0.5,1e+05,TRUE,211
10,0,0,0,10.0127650392956,0,9.81394478475839,0,10.0127650392956,0,9.81394478475839,0,"normal","I",500,2000,0.5,0,0,0,0,FALSE,FALSE,0.5,"leave-d",200,0.5,1e+05,TRUE,211
10,0,0,0,10.0127650392956,0,10.2721885349784,0,10.0127650392956,0,10.2721885349784,0,"normal","I",500,2000,0.5,0,0,0,0,FALSE,FALSE,0.5,"leave-d",200,0.5,1e+05,TRUE,211
10,0,0,0,10.0127650392956,0,9.63464182219475,0,10.0127650392956,0,9.63464182219475,0,"normal","I",500,2000,0.5,0,0,0,0,FALSE,FALSE,0.5,"leave-d",200,0.5,1e+05,TRUE,211
10,0,0,0,10.0127650392956,0,10.6406949924073,0,10.0127650392956,0,10.6406949924073,0,"normal","I",500,2000,0.5,0,0,0,0,FALSE,FALSE,0.5,"leave-d",200,0.5,1e+05,TRUE,211
10,0,0,0,10.0127650392956,0,10.7400625875545,0,10.0127650392956,0,10.7400625875545,0,"normal","I",500,2000,0.5,0,0,0,0,FALSE,FALSE,0.5,"leave-d",200,0.5,1e+05,TRUE,211
10,0,0,0,10.0127650392956,0,9.48771068051419,0,10.0127650392956,0,9.48771068051419,0,"normal","I",500,2000,0.5,0,0,0,0,FALSE,FALSE,0.5,"leave-d",200,0.5,1e+05,TRUE,211
10,0,0,0,10.0127650392956,0,9.8894424412388,0,10.0127650392956,0,9.8894424412388,0,"normal","I",500,2000,0.5,0,0,0,0,FALSE,FALSE,0.5,"leave-d",200,0.5,1e+05,TRUE,211
10,0,0,0,10.0127650392956,0,10.2711370687463,0,10.0127650392956,0,10.2711370687463,0,"normal","I",500,2000,0.5,0,0,0,0,FALSE,FALSE,0.5,"leave-d",200,0.5,1e+05,TRUE,211
10,0,0,0,10.0127650392956,0,10.5378867401936,0,10.0127650392956,0,10.5378867401936,0,"normal","I",500,2000,0.5,0,0,0,0,FALSE,FALSE,0.5,"leave-d",200,0.5,1e+05,TRUE,211
10,0,0,0,10.0127650392956,0,9.80798842552008,0,10.0127650392956,0,9.80798842552008,0,"normal","I",500,2000,0.5,0,0,0,0,FALSE,FALSE,0.5,"leave-d",200,0.5,1e+05,TRUE,211
10,0,0,0,10.0127650392956,0,8.85597617982957,0,10.0127650392956,0,8.85597617982957,0,"normal","I",500,2000,0.5,0,0,0,0,FALSE,FALSE,0.5,"leave-d",200,0.5,1e+05,TRUE,211
10,0,0,0,10.0127650392956,0,9.44320482353317,0,10.0127650392956,0,9.44320482353317,0,"normal","I",500,2000,0.5,0,0,0,0,FALSE,FALSE,0.5,"leave-d",200,0.5,1e+05,TRUE,211
10,0,0,0,10.0127650392956,0,10.8672029006451,0,10.0127650392956,0,10.8672029006451,0,"normal","I",500,2000,0.5,0,0,0,0,FALSE,FALSE,0.5,"leave-d",200,0.5,1e+05,TRUE,211
10,0,0,0,10.0127650392956,0,8.66242721849912,0,10.0127650392956,0,8.66242721849912,0,"normal","I",500,2000,0.5,0,0,0,0,FALSE,FALSE,0.5,"leave-d",200,0.5,1e+05,TRUE,211
10,0,0,0,10.0127650392956,0,10.3564784393975,0,10.0127650392956,0,10.3564784393975,0,"normal","I",500,2000,0.5,0,0,0,0,FALSE,FALSE,0.5,"leave-d",200,0.5,1e+05,TRUE,211
10,0,0,0,10.0127650392956,0,10.6352275115811,0,10.0127650392956,0,10.6352275115811,0,"normal","I",500,2000,0.5,0,0,0,0,FALSE,FALSE,0.5,"leave-d",200,0.5,1e+05,TRUE,211
10,0,0,0,10.0127650392956,0,10.5572519380057,0,10.0127650392956,0,10.5572519380057,0,"normal","I",500,2000,0.5,0,0,0,0,FALSE,FALSE,0.5,"leave-d",200,0.5,1e+05,TRUE,211
10,0,0,0,10.0127650392956,0,10.7667282993938,0,10.0127650392956,0,10.7667282993938,0,"normal","I",500,2000,0.5,0,0,0,0,FALSE,FALSE,0.5,"leave-d",200,0.5,1e+05,TRUE,211
10,0,0,0,10.0127650392956,0,10.257116239845,0,10.0127650392956,0,10.257116239845,0,"normal","I",500,2000,0.5,0,0,0,0,FALSE,FALSE,0.5,"leave-d",200,0.5,1e+05,TRUE,211
10,0,0,0,10.0127650392956,0,8.70027526809631,0,10.0127650392956,0,8.70027526809631,0,"normal","I",500,2000,0.5,0,0,0,0,FALSE,FALSE,0.5,"leave-d",200,0.5,1e+05,TRUE,211
10,0,0,0,10.0127650392956,0,10.1640390907212,0,10.0127650392956,0,10.1640390907212,0,"normal","I",500,2000,0.5,0,0,0,0,FALSE,FALSE,0.5,"leave-d",200,0.5,1e+05,TRUE,211
10,0,0,0,10.0127650392956,0,10.7613982850245,0,10.0127650392956,0,10.7613982850245,0,"normal","I",500,2000,0.5,0,0,0,0,FALSE,FALSE,0.5,"leave-d",200,0.5,1e+05,TRUE,211
10,0,0,0,10.0127650392956,0,9.84419760300992,0,10.0127650392956,0,9.84419760300992,0,"normal","I",500,2000,0.5,0,0,0,0,FALSE,FALSE,0.5,"leave-d",200,0.5,1e+05,TRUE,211
10,0,0,0,10.0127650392956,0,9.47084269329917,0,10.0127650392956,0,9.47084269329917,0,"normal","I",500,2000,0.5,0,0,0,0,FALSE,FALSE,0.5,"leave-d",200,0.5,1e+05,TRUE,211
10,0,0,0,10.0127650392956,0,9.82556407985913,0,10.0127650392956,0,9.82556407985913,0,"normal","I",500,2000,0.5,0,0,0,0,FALSE,FALSE,0.5,"leave-d",200,0.5,1e+05,TRUE,211
10,0,0,0,10.0127650392956,0,10.6781685982582,0,10.0127650392956,0,10.6781685982582,0,"normal","I",500,2000,0.5,0,0,0,0,FALSE,FALSE,0.5,"leave-d",200,0.5,1e+05,TRUE,211
10,0,0,0,10.0127650392956,0,11.4124394983004,0,10.0127650392956,0,11.4124394983004,0,"normal","I",500,2000,0.5,0,0,0,0,FALSE,FALSE,0.5,"leave-d",200,0.5,1e+05,TRUE,211
10,0,0,0,10.0127650392956,0,9.84305254472467,0,10.0127650392956,0,9.84305254472467,0,"normal","I",500,2000,0.5,0,0,0,0,FALSE,FALSE,0.5,"leave-d",200,0.5,1e+05,TRUE,211
10,0,0,0,10.0127650392956,0,8.509383936644,0,10.0127650392956,0,8.509383936644,0,"normal","I",500,2000,0.5,0,0,0,0,FALSE,FALSE,0.5,"leave-d",200,0.5,1e+05,TRUE,211
10,0,0,0,10.0127650392956,0,9.17853446038658,0,10.0127650392956,0,9.17853446038658,0,"normal","I",500,2000,0.5,0,0,0,0,FALSE,FALSE,0.5,"leave-d",200,0.5,1e+05,TRUE,211
10,0,0,0,10.0127650392956,0,9.99677118873386,0,10.0127650392956,0,9.99677118873386,0,"normal","I",500,2000,0.5,0,0,0,0,FALSE,FALSE,0.5,"leave-d",200,0.5,1e+05,TRUE,211
10,0,0,0,10.0127650392956,0,9.03321260139237,0,10.0127650392956,0,9.03321260139237,0,"normal","I",500,2000,0.5,0,0,0,0,FALSE,FALSE,0.5,"leave-d",200,0.5,1e+05,TRUE,211
10,0,0,0,10.0127650392956,0,8.77054401704086,0,10.0127650392956,0,8.77054401704086,0,"normal","I",500,2000,0.5,0,0,0,0,FALSE,FALSE,0.5,"leave-d",200,0.5,1e+05,TRUE,211
10,0,0,0,10.0127650392956,0,10.997660545756,0,10.0127650392956,0,10.997660545756,0,"normal","I",500,2000,0.5,0,0,0,0,FALSE,FALSE,0.5,"leave-d",200,0.5,1e+05,TRUE,211
10,0,0,0,10.0127650392956,0,11.0303320577986,0,10.0127650392956,0,11.0303320577986,0,"normal","I",500,2000,0.5,0,0,0,0,FALSE,FALSE,0.5,"leave-d",200,0.5,1e+05,TRUE,211
10,0,0,0,10.0127650392956,0,10.0153274545766,0,10.0127650392956,0,10.0153274545766,0,"normal","I",500,2000,0.5,0,0,0,0,FALSE,FALSE,0.5,"leave-d",200,0.5,1e+05,TRUE,211
10,0,0,0,10.0127650392956,0,9.1352486575751,0,10.0127650392956,0,9.1352486575751,0,"normal","I",500,2000,0.5,0,0,0,0,FALSE,FALSE,0.5,"leave-d",200,0.5,1e+05,TRUE,211
10,0,0,0,10.0127650392956,0,9.67396104546467,0,10.0127650392956,0,9.67396104546467,0,"normal","I",500,2000,0.5,0,0,0,0,FALSE,FALSE,0.5,"leave-d",200,0.5,1e+05,TRUE,211
10,0,0,0,10.0127650392956,0,10.2928959424898,0,10.0127650392956,0,10.2928959424898,0,"normal","I",500,2000,0.5,0,0,0,0,FALSE,FALSE,0.5,"leave-d",200,0.5,1e+05,TRUE,211
10,0,0,0,10.0127650392956,0,10.1653004526307,0,10.0127650392956,0,10.1653004526307,0,"normal","I",500,2000,0.5,0,0,0,0,FALSE,FALSE,0.5,"leave-d",200,0.5,1e+05,TRUE,211
10,0,0,0,10.0127650392956,0,11.7038434647917,0,10.0127650392956,0,11.7038434647917,0,"normal","I",500,2000,0.5,0,0,0,0,FALSE,FALSE,0.5,"leave-d",200,0.5,1e+05,TRUE,211
10,0,0,0,10.0127650392956,0,10.3434548055656,0,10.0127650392956,0,10.3434548055656,0,"normal","I",500,2000,0.5,0,0,0,0,FALSE,FALSE,0.5,"leave-d",200,0.5,1e+05,TRUE,211
10,0,0,0,10.0127650392956,0,10.4257992459732,0,10.0127650392956,0,10.4257992459732,0,"normal","I",500,2000,0.5,0,0,0,0,FALSE,FALSE,0.5,"leave-d",200,0.5,1e+05,TRUE,211
10,0,0,0,10.0127650392956,0,10.1571146113382,0,10.0127650392956,0,10.1571146113382,0,"normal","I",500,2000,0.5,0,0,0,0,FALSE,FALSE,0.5,"leave-d",200,0.5,1e+05,TRUE,211
10,0,0,0,10.0127650392956,0,9.50167181582959,0,10.0127650392956,0,9.50167181582959,0,"normal","I",500,2000,0.5,0,0,0,0,FALSE,FALSE,0.5,"leave-d",200,0.5,1e+05,TRUE,211
10,0,0,0,10.0127650392956,0,10.4732828196673,0,10.0127650392956,0,10.4732828196673,0,"normal","I",500,2000,0.5,0,0,0,0,FALSE,FALSE,0.5,"leave-d",200,0.5,1e+05,TRUE,211
10,0,0,0,10.0127650392956,0,10.7694575956235,0,10.0127650392956,0,10.7694575956235,0,"normal","I",500,2000,0.5,0,0,0,0,FALSE,FALSE,0.5,"leave-d",200,0.5,1e+05,TRUE,211
10,0,0,0,10.0127650392956,0,9.32729091304825,0,10.0127650392956,0,9.32729091304825,0,"normal","I",500,2000,0.5,0,0,0,0,FALSE,FALSE,0.5,"leave-d",200,0.5,1e+05,TRUE,211
10,0,0,0,10.0127650392956,0,10.6668994851909,0,10.0127650392956,0,10.6668994851909,0,"normal","I",500,2000,0.5,0,0,0,0,FALSE,FALSE,0.5,"leave-d",200,0.5,1e+05,TRUE,211
10,0,0,0,10.0127650392956,0,11.7356839009499,0,10.0127650392956,0,11.7356839009499,0,"normal","I",500,2000,0.5,0,0,0,0,FALSE,FALSE,0.5,"leave-d",200,0.5,1e+05,TRUE,211
10,0,0,0,10.0127650392956,0,10.219813648952,0,10.0127650392956,0,10.219813648952,0,"normal","I",500,2000,0.5,0,0,0,0,FALSE,FALSE,0.5,"leave-d",200,0.5,1e+05,TRUE,211
10,0,0,0,10.0127650392956,0,11.2982586198991,0,10.0127650392956,0,11.2982586198991,0,"normal","I",500,2000,0.5,0,0,0,0,FALSE,FALSE,0.5,"leave-d",200,0.5,1e+05,TRUE,211
10,0,0,0,10.0127650392956,0,9.68653284811626,0,10.0127650392956,0,9.68653284811626,0,"normal","I",500,2000,0.5,0,0,0,0,FALSE,FALSE,0.5,"leave-d",200,0.5,1e+05,TRUE,211
10,0,0,0,10.0127650392956,0,9.60524539179319,0,10.0127650392956,0,9.60524539179319,0,"normal","I",500,2000,0.5,0,0,0,0,FALSE,FALSE,0.5,"leave-d",200,0.5,1e+05,TRUE,211
10,0,0,0,10.0127650392956,0,9.18772544730563,0,10.0127650392956,0,9.18772544730563,0,"normal","I",500,2000,0.5,0,0,0,0,FALSE,FALSE,0.5,"leave-d",200,0.5,1e+05,TRUE,211
10,0,0,0,10.0127650392956,0,10.6652578295566,0,10.0127650392956,0,10.6652578295566,0,"normal","I",500,2000,0.5,0,0,0,0,FALSE,FALSE,0.5,"leave-d",200,0.5,1e+05,TRUE,211
10,0,0,0,10.0127650392956,0,9.52539436252873,0,10.0127650392956,0,9.52539436252873,0,"normal","I",500,2000,0.5,0,0,0,0,FALSE,FALSE,0.5,"leave-d",200,0.5,1e+05,TRUE,211
10,0,0,0,10.0127650392956,0,10.6913967741099,0,10.0127650392956,0,10.6913967741099,0,"normal","I",500,2000,0.5,0,0,0,0,FALSE,FALSE,0.5,"leave-d",200,0.5,1e+05,TRUE,211
10,0,0,0,10.0127650392956,0,9.96520759592522,0,10.0127650392956,0,9.96520759592522,0,"normal","I",500,2000,0.5,0,0,0,0,FALSE,FALSE,0.5,"leave-d",200,0.5,1e+05,TRUE,211
10,0,0,0,10.0127650392956,0,9.13689883649063,0,10.0127650392956,0,9.13689883649063,0,"normal","I",500,2000,0.5,0,0,0,0,FALSE,FALSE,0.5,"leave-d",200,0.5,1e+05,TRUE,211
10,0,0,0,10.0127650392956,0,10.1682799313687,0,10.0127650392956,0,10.1682799313687,0,"normal","I",500,2000,0.5,0,0,0,0,FALSE,FALSE,0.5,"leave-d",200,0.5,1e+05,TRUE,211
10,0,0,0,10.0127650392956,0,10.3503583564015,0,10.0127650392956,0,10.3503583564015,0,"normal","I",500,2000,0.5,0,0,0,0,FALSE,FALSE,0.5,"leave-d",200,0.5,1e+05,TRUE,211
10,0,0,0,10.0127650392956,0,10.6786835014233,0,10.0127650392956,0,10.6786835014233,0,"normal","I",500,2000,0.5,0,0,0,0,FALSE,FALSE,0.5,"leave-d",200,0.5,1e+05,TRUE,211
10,0,0,0,10.0127650392956,0,8.59000752374667,0,10.0127650392956,0,8.59000752374667,0,"normal","I",500,2000,0.5,0,0,0,0,FALSE,FALSE,0.5,"leave-d",200,0.5,1e+05,TRUE,211
10,0,0,0,10.0127650392956,0,10.9517933038902,0,10.0127650392956,0,10.9517933038902,0,"normal","I",500,2000,0.5,0,0,0,0,FALSE,FALSE,0.5,"leave-d",200,0.5,1e+05,TRUE,211
10,0,0,0,10.0127650392956,0,9.90503582675766,0,10.0127650392956,0,9.90503582675766,0,"normal","I",500,2000,0.5,0,0,0,0,FALSE,FALSE,0.5,"leave-d",200,0.5,1e+05,TRUE,211
10,0,0,0,10.0127650392956,0,10.232345296344,0,10.0127650392956,0,10.232345296344,0,"normal","I",500,2000,0.5,0,0,0,0,FALSE,FALSE,0.5,"leave-d",200,0.5,1e+05,TRUE,211
10,0,0,0,10.0127650392956,0,9.48256517913138,0,10.0127650392956,0,9.48256517913138,0,"normal","I",500,2000,0.5,0,0,0,0,FALSE,FALSE,0.5,"leave-d",200,0.5,1e+05,TRUE,211
10,0,0,0,10.0127650392956,0,8.50025348609733,0,10.0127650392956,0,8.50025348609733,0,"normal","I",500,2000,0.5,0,0,0,0,FALSE,FALSE,0.5,"leave-d",200,0.5,1e+05,TRUE,211
10,0,0,0,10.0127650392956,0,9.14184794093785,0,10.0127650392956,0,9.14184794093785,0,"normal","I",500,2000,0.5,0,0,0,0,FALSE,FALSE,0.5,"leave-d",200,0.5,1e+05,TRUE,211
10,0,0,0,10.0127650392956,0,10.309102971248,0,10.0127650392956,0,10.309102971248,0,"normal","I",500,2000,0.5,0,0,0,0,FALSE,FALSE,0.5,"leave-d",200,0.5,1e+05,TRUE,211
10,0,0,0,10.0127650392956,0,9.31199828030001,0,10.0127650392956,0,9.31199828030001,0,"normal","I",500,2000,0.5,0,0,0,0,FALSE,FALSE,0.5,"leave-d",200,0.5,1e+05,TRUE,211
10,0,0,0,10.0127650392956,0,8.71258846606185,0,10.0127650392956,0,8.71258846606185,0,"normal","I",500,2000,0.5,0,0,0,0,FALSE,FALSE,0.5,"leave-d",200,0.5,1e+05,TRUE,211
10,0,0,0,10.0127650392956,0,9.29540591202112,0,10.0127650392956,0,9.29540591202112,0,"normal","I",500,2000,0.5,0,0,0,0,FALSE,FALSE,0.5,"leave-d",200,0.5,1e+05,TRUE,211
10,0,0,0,10.0127650392956,0,10.2378924138737,0,10.0127650392956,0,10.2378924138737,0,"normal","I",500,2000,0.5,0,0,0,0,FALSE,FALSE,0.5,"leave-d",200,0.5,1e+05,TRUE,211
10,0,0,0,10.0127650392956,0,8.93773300440035,0,10.0127650392956,0,8.93773300440035,0,"normal","I",500,2000,0.5,0,0,0,0,FALSE,FALSE,0.5,"leave-d",200,0.5,1e+05,TRUE,211
10,0,0,0,10.0127650392956,0,11.1851784555363,0,10.0127650392956,0,11.1851784555363,0,"normal","I",500,2000,0.5,0,0,0,0,FALSE,FALSE,0.5,"leave-d",200,0.5,1e+05,TRUE,211
10,0,0,0,10.0127650392956,0,10.2371661476369,0,10.0127650392956,0,10.2371661476369,0,"normal","I",500,2000,0.5,0,0,0,0,FALSE,FALSE,0.5,"leave-d",200,0.5,1e+05,TRUE,211
10,0,0,0,10.0127650392956,0,10.3394576635519,0,10.0127650392956,0,10.3394576635519,0,"normal","I",500,2000,0.5,0,0,0,0,FALSE,FALSE,0.5,"leave-d",200,0.5,1e+05,TRUE,211
10,0,0,0,10.0127650392956,0,9.70298595539658,0,10.0127650392956,0,9.70298595539658,0,"normal","I",500,2000,0.5,0,0,0,0,FALSE,FALSE,0.5,"leave-d",200,0.5,1e+05,TRUE,211
10,0,0,0,10.0127650392956,0,9.78200244365365,0,10.0127650392956,0,9.78200244365365,0,"normal","I",500,2000,0.5,0,0,0,0,FALSE,FALSE,0.5,"leave-d",200,0.5,1e+05,TRUE,211
10,0,0,0,10.0127650392956,0,10.3333967113763,0,10.0127650392956,0,10.3333967113763,0,"normal","I",500,2000,0.5,0,0,0,0,FALSE,FALSE,0.5,"leave-d",200,0.5,1e+05,TRUE,211
10,0,0,0,10.0127650392956,0,10.3361543619371,0,10.0127650392956,0,10.3361543619371,0,"normal","I",500,2000,0.5,0,0,0,0,FALSE,FALSE,0.5,"leave-d",200,0.5,1e+05,TRUE,211
10,0,0,0,10.0127650392956,0,10.1222311737332,0,10.0127650392956,0,10.1222311737332,0,"normal","I",500,2000,0.5,0,0,0,0,FALSE,FALSE,0.5,"leave-d",200,0.5,1e+05,TRUE,211
10,0,0,0,10.0127650392956,0,10.2873710792392,0,10.0127650392956,0,10.2873710792392,0,"normal","I",500,2000,0.5,0,0,0,0,FALSE,FALSE,0.5,"leave-d",200,0.5,1e+05,TRUE,211
10,0,0,0,10.0127650392956,0,9.43267238250607,0,10.0127650392956,0,9.43267238250607,0,"normal","I",500,2000,0.5,0,0,0,0,FALSE,FALSE,0.5,"leave-d",200,0.5,1e+05,TRUE,211
10,0,0,0,10.0127650392956,0,9.9300924304933,0,10.0127650392956,0,9.9300924304933,0,"normal","I",500,2000,0.5,0,0,0,0,FALSE,FALSE,0.5,"leave-d",200,0.5,1e+05,TRUE,211
10,0,0,0,10.0127650392956,0,9.85783261393108,0,10.0127650392956,0,9.85783261393108,0,"normal","I",500,2000,0.5,0,0,0,0,FALSE,FALSE,0.5,"leave-d",200,0.5,1e+05,TRUE,211
10,0,0,0,10.0127650392956,0,10.2410978154267,0,10.0127650392956,0,10.2410978154267,0,"normal","I",500,2000,0.5,0,0,0,0,FALSE,FALSE,0.5,"leave-d",200,0.5,1e+05,TRUE,211
10,0,0,0,10.0127650392956,0,10.9012264088193,0,10.0127650392956,0,10.9012264088193,0,"normal","I",500,2000,0.5,0,0,0,0,FALSE,FALSE,0.5,"leave-d",200,0.5,1e+05,TRUE,211
10,0,0,0,10.0127650392956,0,10.7969563855848,0,10.0127650392956,0,10.7969563855848,0,"normal","I",500,2000,0.5,0,0,0,0,FALSE,FALSE,0.5,"leave-d",200,0.5,1e+05,TRUE,211
10,0,0,0,10.0127650392956,0,9.57391984952409,0,10.0127650392956,0,9.57391984952409,0,"normal","I",500,2000,0.5,0,0,0,0,FALSE,FALSE,0.5,"leave-d",200,0.5,1e+05,TRUE,211
10,0,0,0,10.0127650392956,0,10.0012677870352,0,10.0127650392956,0,10.0012677870352,0,"normal","I",500,2000,0.5,0,0,0,0,FALSE,FALSE,0.5,"leave-d",200,0.5,1e+05,TRUE,211
10,0,0,0,10.0127650392956,0,9.34445106185485,0,10.0127650392956,0,9.34445106185485,0,"normal","I",500,2000,0.5,0,0,0,0,FALSE,FALSE,0.5,"leave-d",200,0.5,1e+05,TRUE,211
10,0,0,0,10.0127650392956,0,11.4068088933481,0,10.0127650392956,0,11.4068088933481,0,"normal","I",500,2000,0.5,0,0,0,0,FALSE,FALSE,0.5,"leave-d",200,0.5,1e+05,TRUE,211
10,0,0,0,10.0127650392956,0,10.3308752851859,0,10.0127650392956,0,10.3308752851859,0,"normal","I",500,2000,0.5,0,0,0,0,FALSE,FALSE,0.5,"leave-d",200,0.5,1e+05,TRUE,211
10,0,0,0,10.0127650392956,0,10.9757778624175,0,10.0127650392956,0,10.9757778624175,0,"normal","I",500,2000,0.5,0,0,0,0,FALSE,FALSE,0.5,"leave-d",200,0.5,1e+05,TRUE,211
10,0,0,0,10.0127650392956,0,10.5832610925698,0,10.0127650392956,0,10.5832610925698,0,"normal","I",500,2000,0.5,0,0,0,0,FALSE,FALSE,0.5,"leave-d",200,0.5,1e+05,TRUE,211
10,0,0,0,10.0127650392956,0,9.1011421781776,0,10.0127650392956,0,9.1011421781776,0,"normal","I",500,2000,0.5,0,0,0,0,FALSE,FALSE,0.5,"leave-d",200,0.5,1e+05,TRUE,211
10,0,0,0,10.0127650392956,0,9.56917809265892,0,10.0127650392956,0,9.56917809265892,0,"normal","I",500,2000,0.5,0,0,0,0,FALSE,FALSE,0.5,"leave-d",200,0.5,1e+05,TRUE,211
