"var_main_effect","var_inter_effect","cov_main_inter_effect","var_total_effect","EigenPrism_total","EigenPrism_CI1","EigenPrism_CI2","sub_EigenPrism_total","sub_EigenPrism_CI1","sub_EigenPrism_CI2","GCTA_total","GCTA_inter","prop_total","prop_inter","sub_GCTA_total","sub_GCTA_inter","sub_prop_total","sub_prop_inter","x_dist","structure","p","n","main_fixed_var","main_random_var","inter_fixed_var","inter_random_var","decor","interact","combine","pro","n_sub","inter_std","sigma_main_approx","i"
97.6235073018283,13.6424799507282,-0.175385414843728,110.915216422869,119.968299357559,102.953041834982,136.983556880136,117.78885481408,92.991483905209,142.586225722952,110.588733850216,0,110.611497910644,0,109.172898919354,0,0,0,"chi","I",33,1000,0.5,0,0.1,0,FALSE,0,TRUE,0.5,200,TRUE,0.0024794110518174,64
97.6235073018283,13.6424799507282,-0.175385414843728,110.915216422869,119.968299357559,102.953041834982,136.983556880136,106.137203233742,84.6150071386237,127.659399328861,110.588733850216,0,110.611497910644,0,98.0133201579559,0,0,0,"chi","I",33,1000,0.5,0,0.1,0,FALSE,0,TRUE,0.5,200,TRUE,0.0024794110518174,64
97.6235073018283,13.6424799507282,-0.175385414843728,110.915216422869,119.968299357559,102.953041834982,136.983556880136,115.000392203073,90.5515083029262,139.449276103219,110.588733850216,0,110.611497910644,0,108.680574533377,0,0,0,"chi","I",33,1000,0.5,0,0.1,0,FALSE,0,TRUE,0.5,200,TRUE,0.0024794110518174,64
97.6235073018283,13.6424799507282,-0.175385414843728,110.915216422869,119.968299357559,102.953041834982,136.983556880136,116.148733990744,91.6895585062332,140.607909475255,110.588733850216,0,110.611497910644,0,111.664259910577,0,142.477335302288,0,"chi","I",33,1000,0.5,0,0.1,0,FALSE,0,TRUE,0.5,200,TRUE,0.0024794110518174,64
97.6235073018283,13.6424799507282,-0.175385414843728,110.915216422869,119.968299357559,102.953041834982,136.983556880136,111.14339060562,87.6612298487213,134.625551362519,110.588733850216,0,110.611497910644,0,106.975060138242,0,0,0,"chi","I",33,1000,0.5,0,0.1,0,FALSE,0,TRUE,0.5,200,TRUE,0.0024794110518174,64
97.6235073018283,13.6424799507282,-0.175385414843728,110.915216422869,119.968299357559,102.953041834982,136.983556880136,104.780630676668,81.8601413127585,127.701120040577,110.588733850216,0,110.611497910644,0,102.440069084645,0,0,0,"chi","I",33,1000,0.5,0,0.1,0,FALSE,0,TRUE,0.5,200,TRUE,0.0024794110518174,64
97.6235073018283,13.6424799507282,-0.175385414843728,110.915216422869,119.968299357559,102.953041834982,136.983556880136,97.4522740782366,76.62887809401,118.275670062463,110.588733850216,0,110.611497910644,0,105.913612467541,0,0,0,"chi","I",33,1000,0.5,0,0.1,0,FALSE,0,TRUE,0.5,200,TRUE,0.0024794110518174,64
97.6235073018283,13.6424799507282,-0.175385414843728,110.915216422869,119.968299357559,102.953041834982,136.983556880136,105.029878143622,82.690276661192,127.369479626053,110.588733850216,0,110.611497910644,0,101.429438254988,0,0,0,"chi","I",33,1000,0.5,0,0.1,0,FALSE,0,TRUE,0.5,200,TRUE,0.0024794110518174,64
97.6235073018283,13.6424799507282,-0.175385414843728,110.915216422869,119.968299357559,102.953041834982,136.983556880136,104.218627338491,82.0063255637521,126.43092911323,110.588733850216,0,110.611497910644,0,111.267537032314,0,0,0,"chi","I",33,1000,0.5,0,0.1,0,FALSE,0,TRUE,0.5,200,TRUE,0.0024794110518174,64
97.6235073018283,13.6424799507282,-0.175385414843728,110.915216422869,119.968299357559,102.953041834982,136.983556880136,95.4351638486301,75.4653963035788,115.404931393681,110.588733850216,0,110.611497910644,0,95.1130188973385,0,117.392430267437,0,"chi","I",33,1000,0.5,0,0.1,0,FALSE,0,TRUE,0.5,200,TRUE,0.0024794110518174,64
97.6235073018283,13.6424799507282,-0.175385414843728,110.915216422869,119.968299357559,102.953041834982,136.983556880136,110.676542135092,85.8474150116644,135.50566925852,110.588733850216,0,110.611497910644,0,107.339124479572,0,0,0,"chi","I",33,1000,0.5,0,0.1,0,FALSE,0,TRUE,0.5,200,TRUE,0.0024794110518174,64
97.6235073018283,13.6424799507282,-0.175385414843728,110.915216422869,119.968299357559,102.953041834982,136.983556880136,107.12348102427,83.9136655833625,130.333296465178,110.588733850216,0,110.611497910644,0,106.842733261596,0,0,0,"chi","I",33,1000,0.5,0,0.1,0,FALSE,0,TRUE,0.5,200,TRUE,0.0024794110518174,64
97.6235073018283,13.6424799507282,-0.175385414843728,110.915216422869,119.968299357559,102.953041834982,136.983556880136,113.964965058119,88.3399960876712,139.589934028568,110.588733850216,0,110.611497910644,0,107.643686531212,0,0,0,"chi","I",33,1000,0.5,0,0.1,0,FALSE,0,TRUE,0.5,200,TRUE,0.0024794110518174,64
97.6235073018283,13.6424799507282,-0.175385414843728,110.915216422869,119.968299357559,102.953041834982,136.983556880136,110.404182351148,87.2923876550646,133.515977047231,110.588733850216,0,110.611497910644,0,106.39754011985,0,0,0,"chi","I",33,1000,0.5,0,0.1,0,FALSE,0,TRUE,0.5,200,TRUE,0.0024794110518174,64
97.6235073018283,13.6424799507282,-0.175385414843728,110.915216422869,119.968299357559,102.953041834982,136.983556880136,121.977846847713,97.5187257799366,146.43696791549,110.588733850216,0,110.611497910644,0,121.749781047738,0,143.160359731227,0,"chi","I",33,1000,0.5,0,0.1,0,FALSE,0,TRUE,0.5,200,TRUE,0.0024794110518174,64
97.6235073018283,13.6424799507282,-0.175385414843728,110.915216422869,119.968299357559,102.953041834982,136.983556880136,101.964242792846,79.3200282961733,124.608457289518,110.588733850216,0,110.611497910644,0,101.909986240402,0,0,0,"chi","I",33,1000,0.5,0,0.1,0,FALSE,0,TRUE,0.5,200,TRUE,0.0024794110518174,64
97.6235073018283,13.6424799507282,-0.175385414843728,110.915216422869,119.968299357559,102.953041834982,136.983556880136,120.927808537175,96.4179633468801,145.43765372747,110.588733850216,0,110.611497910644,0,122.239359417148,0,0,0,"chi","I",33,1000,0.5,0,0.1,0,FALSE,0,TRUE,0.5,200,TRUE,0.0024794110518174,64
97.6235073018283,13.6424799507282,-0.175385414843728,110.915216422869,119.968299357559,102.953041834982,136.983556880136,114.733984979156,92.1905359862854,137.277433972026,110.588733850216,0,110.611497910644,0,118.363541704116,0,132.506354237868,0,"chi","I",33,1000,0.5,0,0.1,0,FALSE,0,TRUE,0.5,200,TRUE,0.0024794110518174,64
97.6235073018283,13.6424799507282,-0.175385414843728,110.915216422869,119.968299357559,102.953041834982,136.983556880136,112.982557478402,90.1361262783744,135.828988678431,110.588733850216,0,110.611497910644,0,115.882987881949,0,133.76611210997,0,"chi","I",33,1000,0.5,0,0.1,0,FALSE,0,TRUE,0.5,200,TRUE,0.0024794110518174,64
97.6235073018283,13.6424799507282,-0.175385414843728,110.915216422869,119.968299357559,102.953041834982,136.983556880136,107.680497396991,85.6418816551348,129.719113138848,110.588733850216,0,110.611497910644,0,109.387865019118,0,0,0,"chi","I",33,1000,0.5,0,0.1,0,FALSE,0,TRUE,0.5,200,TRUE,0.0024794110518174,64
97.6235073018283,13.6424799507282,-0.175385414843728,110.915216422869,119.968299357559,102.953041834982,136.983556880136,105.108626849392,83.1889782579315,127.028275440853,110.588733850216,0,110.611497910644,0,101.479410983108,0,0,0,"chi","I",33,1000,0.5,0,0.1,0,FALSE,0,TRUE,0.5,200,TRUE,0.0024794110518174,64
97.6235073018283,13.6424799507282,-0.175385414843728,110.915216422869,119.968299357559,102.953041834982,136.983556880136,102.432061724236,79.3351005288899,125.529022919582,110.588733850216,0,110.611497910644,0,104.734731022801,0,135.759093108736,0,"chi","I",33,1000,0.5,0,0.1,0,FALSE,0,TRUE,0.5,200,TRUE,0.0024794110518174,64
97.6235073018283,13.6424799507282,-0.175385414843728,110.915216422869,119.968299357559,102.953041834982,136.983556880136,115.389315562187,90.6753867022854,140.103244422089,110.588733850216,0,110.611497910644,0,110.802668931984,0,145.180043552541,0,"chi","I",33,1000,0.5,0,0.1,0,FALSE,0,TRUE,0.5,200,TRUE,0.0024794110518174,64
97.6235073018283,13.6424799507282,-0.175385414843728,110.915216422869,119.968299357559,102.953041834982,136.983556880136,112.482257662708,88.6185956844024,136.345919641014,110.588733850216,0,110.611497910644,0,109.698665864459,0,139.310089174992,0,"chi","I",33,1000,0.5,0,0.1,0,FALSE,0,TRUE,0.5,200,TRUE,0.0024794110518174,64
97.6235073018283,13.6424799507282,-0.175385414843728,110.915216422869,119.968299357559,102.953041834982,136.983556880136,110.523131248552,87.2866595173746,133.75960297973,110.588733850216,0,110.611497910644,0,106.502470238917,0,0,0,"chi","I",33,1000,0.5,0,0.1,0,FALSE,0,TRUE,0.5,200,TRUE,0.0024794110518174,64
97.6235073018283,13.6424799507282,-0.175385414843728,110.915216422869,119.968299357559,102.953041834982,136.983556880136,127.352842907008,101.070237393484,153.635448420533,110.588733850216,0,110.611497910644,0,124.365804296717,0,NA,NA,"chi","I",33,1000,0.5,0,0.1,0,FALSE,0,TRUE,0.5,200,TRUE,0.0024794110518174,64
97.6235073018283,13.6424799507282,-0.175385414843728,110.915216422869,119.968299357559,102.953041834982,136.983556880136,126.125379366149,99.2469803244566,153.003778407841,110.588733850216,0,110.611497910644,0,121.068954402487,0,156.718873652801,0,"chi","I",33,1000,0.5,0,0.1,0,FALSE,0,TRUE,0.5,200,TRUE,0.0024794110518174,64
97.6235073018283,13.6424799507282,-0.175385414843728,110.915216422869,119.968299357559,102.953041834982,136.983556880136,114.918835816006,90.6200384940736,139.217633137939,110.588733850216,0,110.611497910644,0,112.593817198002,0,142.117915017801,0,"chi","I",33,1000,0.5,0,0.1,0,FALSE,0,TRUE,0.5,200,TRUE,0.0024794110518174,64
97.6235073018283,13.6424799507282,-0.175385414843728,110.915216422869,119.968299357559,102.953041834982,136.983556880136,114.794037799246,90.3478205767401,139.240255021753,110.588733850216,0,110.611497910644,0,117.162806542789,0,143.31495732974,0,"chi","I",33,1000,0.5,0,0.1,0,FALSE,0,TRUE,0.5,200,TRUE,0.0024794110518174,64
97.6235073018283,13.6424799507282,-0.175385414843728,110.915216422869,119.968299357559,102.953041834982,136.983556880136,110.191127519547,87.9648678799482,132.417387159145,110.588733850216,0,110.611497910644,0,107.872800922278,0,0,0,"chi","I",33,1000,0.5,0,0.1,0,FALSE,0,TRUE,0.5,200,TRUE,0.0024794110518174,64
97.6235073018283,13.6424799507282,-0.175385414843728,110.915216422869,119.968299357559,102.953041834982,136.983556880136,125.366387443321,99.693348677844,151.039426208798,110.588733850216,0,110.611497910644,0,120.955219680769,0,0,0,"chi","I",33,1000,0.5,0,0.1,0,FALSE,0,TRUE,0.5,200,TRUE,0.0024794110518174,64
97.6235073018283,13.6424799507282,-0.175385414843728,110.915216422869,119.968299357559,102.953041834982,136.983556880136,110.021061888948,86.1788965436863,133.86322723421,110.588733850216,0,110.611497910644,0,106.633762515892,0,139.439970691092,0,"chi","I",33,1000,0.5,0,0.1,0,FALSE,0,TRUE,0.5,200,TRUE,0.0024794110518174,64
97.6235073018283,13.6424799507282,-0.175385414843728,110.915216422869,119.968299357559,102.953041834982,136.983556880136,113.292682509634,89.507608358957,137.077756660312,110.588733850216,0,110.611497910644,0,106.212659404275,0,0,0,"chi","I",33,1000,0.5,0,0.1,0,FALSE,0,TRUE,0.5,200,TRUE,0.0024794110518174,64
97.6235073018283,13.6424799507282,-0.175385414843728,110.915216422869,119.968299357559,102.953041834982,136.983556880136,105.710620617349,83.9824597762312,127.438781458466,110.588733850216,0,110.611497910644,0,107.773653582081,0,126.973425414451,0,"chi","I",33,1000,0.5,0,0.1,0,FALSE,0,TRUE,0.5,200,TRUE,0.0024794110518174,64
97.6235073018283,13.6424799507282,-0.175385414843728,110.915216422869,119.968299357559,102.953041834982,136.983556880136,116.933158667776,93.4703533535628,140.395963981988,110.588733850216,0,110.611497910644,0,112.872392296887,0,0,0,"chi","I",33,1000,0.5,0,0.1,0,FALSE,0,TRUE,0.5,200,TRUE,0.0024794110518174,64
97.6235073018283,13.6424799507282,-0.175385414843728,110.915216422869,119.968299357559,102.953041834982,136.983556880136,117.236306350071,92.5120349105276,141.960577789615,110.588733850216,0,110.611497910644,0,117.776144120922,0,0,0,"chi","I",33,1000,0.5,0,0.1,0,FALSE,0,TRUE,0.5,200,TRUE,0.0024794110518174,64
97.6235073018283,13.6424799507282,-0.175385414843728,110.915216422869,119.968299357559,102.953041834982,136.983556880136,117.036923658097,93.3580894851048,140.715757831089,110.588733850216,0,110.611497910644,0,106.909844976745,0,0,0,"chi","I",33,1000,0.5,0,0.1,0,FALSE,0,TRUE,0.5,200,TRUE,0.0024794110518174,64
97.6235073018283,13.6424799507282,-0.175385414843728,110.915216422869,119.968299357559,102.953041834982,136.983556880136,116.162597600533,91.8841455407491,140.441049660317,110.588733850216,0,110.611497910644,0,107.160420307465,0,0,0,"chi","I",33,1000,0.5,0,0.1,0,FALSE,0,TRUE,0.5,200,TRUE,0.0024794110518174,64
97.6235073018283,13.6424799507282,-0.175385414843728,110.915216422869,119.968299357559,102.953041834982,136.983556880136,102.314424028594,79.937041476615,124.691806580573,110.588733850216,0,110.611497910644,0,101.896520680417,0,0,0,"chi","I",33,1000,0.5,0,0.1,0,FALSE,0,TRUE,0.5,200,TRUE,0.0024794110518174,64
97.6235073018283,13.6424799507282,-0.175385414843728,110.915216422869,119.968299357559,102.953041834982,136.983556880136,129.096956607445,102.095767341162,156.098145873728,110.588733850216,0,110.611497910644,0,118.523008226459,0,0,0,"chi","I",33,1000,0.5,0,0.1,0,FALSE,0,TRUE,0.5,200,TRUE,0.0024794110518174,64
97.6235073018283,13.6424799507282,-0.175385414843728,110.915216422869,119.968299357559,102.953041834982,136.983556880136,115.452712728076,91.5016365947423,139.403788861409,110.588733850216,0,110.611497910644,0,107.217635005459,0,0,0,"chi","I",33,1000,0.5,0,0.1,0,FALSE,0,TRUE,0.5,200,TRUE,0.0024794110518174,64
97.6235073018283,13.6424799507282,-0.175385414843728,110.915216422869,119.968299357559,102.953041834982,136.983556880136,115.399428770071,91.0569277019199,139.741929838221,110.588733850216,0,110.611497910644,0,114.769960269819,0,142.334324996191,0,"chi","I",33,1000,0.5,0,0.1,0,FALSE,0,TRUE,0.5,200,TRUE,0.0024794110518174,64
97.6235073018283,13.6424799507282,-0.175385414843728,110.915216422869,119.968299357559,102.953041834982,136.983556880136,111.241509202408,89.0930538892342,133.389964515581,110.588733850216,0,110.611497910644,0,112.304337558718,0,0,0,"chi","I",33,1000,0.5,0,0.1,0,FALSE,0,TRUE,0.5,200,TRUE,0.0024794110518174,64
97.6235073018283,13.6424799507282,-0.175385414843728,110.915216422869,119.968299357559,102.953041834982,136.983556880136,98.5069114218142,77.9264668643352,119.087355979293,110.588733850216,0,110.611497910644,0,110.781543074413,0,121.047473059326,0,"chi","I",33,1000,0.5,0,0.1,0,FALSE,0,TRUE,0.5,200,TRUE,0.0024794110518174,64
97.6235073018283,13.6424799507282,-0.175385414843728,110.915216422869,119.968299357559,102.953041834982,136.983556880136,123.521642263115,97.4677766875468,149.575507838683,110.588733850216,0,110.611497910644,0,121.22176469634,0,152.693992136637,0,"chi","I",33,1000,0.5,0,0.1,0,FALSE,0,TRUE,0.5,200,TRUE,0.0024794110518174,64
97.6235073018283,13.6424799507282,-0.175385414843728,110.915216422869,119.968299357559,102.953041834982,136.983556880136,113.656565222931,91.3733978011146,135.939732644747,110.588733850216,0,110.611497910644,0,114.553792153721,0,130.229198474072,0,"chi","I",33,1000,0.5,0,0.1,0,FALSE,0,TRUE,0.5,200,TRUE,0.0024794110518174,64
97.6235073018283,13.6424799507282,-0.175385414843728,110.915216422869,119.968299357559,102.953041834982,136.983556880136,130.738756837471,103.279384005627,158.198129669315,110.588733850216,0,110.611497910644,0,120.048087770528,0,0,0,"chi","I",33,1000,0.5,0,0.1,0,FALSE,0,TRUE,0.5,200,TRUE,0.0024794110518174,64
97.6235073018283,13.6424799507282,-0.175385414843728,110.915216422869,119.968299357559,102.953041834982,136.983556880136,118.316761732807,93.339161931359,143.294361534256,110.588733850216,0,110.611497910644,0,112.334197484722,0,145.960836822049,0,"chi","I",33,1000,0.5,0,0.1,0,FALSE,0,TRUE,0.5,200,TRUE,0.0024794110518174,64
97.6235073018283,13.6424799507282,-0.175385414843728,110.915216422869,119.968299357559,102.953041834982,136.983556880136,106.221822032457,83.624211269144,128.81943279577,110.588733850216,0,110.611497910644,0,103.658539255237,0,132.459413528704,0,"chi","I",33,1000,0.5,0,0.1,0,FALSE,0,TRUE,0.5,200,TRUE,0.0024794110518174,64
97.6235073018283,13.6424799507282,-0.175385414843728,110.915216422869,119.968299357559,102.953041834982,136.983556880136,110.325840875046,86.3928246995264,134.258857050565,110.588733850216,0,110.611497910644,0,110.219152662828,0,0,0,"chi","I",33,1000,0.5,0,0.1,0,FALSE,0,TRUE,0.5,200,TRUE,0.0024794110518174,64
97.6235073018283,13.6424799507282,-0.175385414843728,110.915216422869,119.968299357559,102.953041834982,136.983556880136,120.520152986839,95.2451505900397,145.795155383638,110.588733850216,0,110.611497910644,0,112.432980284362,0,0,0,"chi","I",33,1000,0.5,0,0.1,0,FALSE,0,TRUE,0.5,200,TRUE,0.0024794110518174,64
97.6235073018283,13.6424799507282,-0.175385414843728,110.915216422869,119.968299357559,102.953041834982,136.983556880136,107.016233115982,83.5522336555271,130.480232576436,110.588733850216,0,110.611497910644,0,104.379486654232,0,137.562639760388,0,"chi","I",33,1000,0.5,0,0.1,0,FALSE,0,TRUE,0.5,200,TRUE,0.0024794110518174,64
97.6235073018283,13.6424799507282,-0.175385414843728,110.915216422869,119.968299357559,102.953041834982,136.983556880136,114.606517383628,90.2167801697097,138.996254597546,110.588733850216,0,110.611497910644,0,113.667337088242,0,0,0,"chi","I",33,1000,0.5,0,0.1,0,FALSE,0,TRUE,0.5,200,TRUE,0.0024794110518174,64
97.6235073018283,13.6424799507282,-0.175385414843728,110.915216422869,119.968299357559,102.953041834982,136.983556880136,109.128434891069,85.7483566194406,132.508513162697,110.588733850216,0,110.611497910644,0,109.176804985802,0,0,0,"chi","I",33,1000,0.5,0,0.1,0,FALSE,0,TRUE,0.5,200,TRUE,0.0024794110518174,64
97.6235073018283,13.6424799507282,-0.175385414843728,110.915216422869,119.968299357559,102.953041834982,136.983556880136,108.991391058842,86.5065203274213,131.476261790264,110.588733850216,0,110.611497910644,0,105.587351342887,0,132.05133029907,0,"chi","I",33,1000,0.5,0,0.1,0,FALSE,0,TRUE,0.5,200,TRUE,0.0024794110518174,64
97.6235073018283,13.6424799507282,-0.175385414843728,110.915216422869,119.968299357559,102.953041834982,136.983556880136,118.212065474888,93.1345205410531,143.289610408723,110.588733850216,0,110.611497910644,0,110.711507368956,0,146.809314936017,0,"chi","I",33,1000,0.5,0,0.1,0,FALSE,0,TRUE,0.5,200,TRUE,0.0024794110518174,64
97.6235073018283,13.6424799507282,-0.175385414843728,110.915216422869,119.968299357559,102.953041834982,136.983556880136,128.147063809225,101.984972624728,154.309154993722,110.588733850216,0,110.611497910644,0,113.824887825338,0,0,0,"chi","I",33,1000,0.5,0,0.1,0,FALSE,0,TRUE,0.5,200,TRUE,0.0024794110518174,64
97.6235073018283,13.6424799507282,-0.175385414843728,110.915216422869,119.968299357559,102.953041834982,136.983556880136,119.312479427257,94.9555491963762,143.669409658137,110.588733850216,0,110.611497910644,0,126.204946030371,0,0,0,"chi","I",33,1000,0.5,0,0.1,0,FALSE,0,TRUE,0.5,200,TRUE,0.0024794110518174,64
97.6235073018283,13.6424799507282,-0.175385414843728,110.915216422869,119.968299357559,102.953041834982,136.983556880136,106.850252576683,84.8147796406577,128.885725512709,110.588733850216,0,110.611497910644,0,110.174182904657,0,0,0,"chi","I",33,1000,0.5,0,0.1,0,FALSE,0,TRUE,0.5,200,TRUE,0.0024794110518174,64
97.6235073018283,13.6424799507282,-0.175385414843728,110.915216422869,119.968299357559,102.953041834982,136.983556880136,113.648554054418,89.7664571780678,137.530650930769,110.588733850216,0,110.611497910644,0,113.482816914456,0,0,0,"chi","I",33,1000,0.5,0,0.1,0,FALSE,0,TRUE,0.5,200,TRUE,0.0024794110518174,64
97.6235073018283,13.6424799507282,-0.175385414843728,110.915216422869,119.968299357559,102.953041834982,136.983556880136,104.768092417517,82.6939359937523,126.842248841281,110.588733850216,0,110.611497910644,0,99.0571214890649,0,129.238495953847,0,"chi","I",33,1000,0.5,0,0.1,0,FALSE,0,TRUE,0.5,200,TRUE,0.0024794110518174,64
97.6235073018283,13.6424799507282,-0.175385414843728,110.915216422869,119.968299357559,102.953041834982,136.983556880136,112.936530633317,88.4131527290947,137.459908537539,110.588733850216,0,110.611497910644,0,108.278322728791,0,0,0,"chi","I",33,1000,0.5,0,0.1,0,FALSE,0,TRUE,0.5,200,TRUE,0.0024794110518174,64
97.6235073018283,13.6424799507282,-0.175385414843728,110.915216422869,119.968299357559,102.953041834982,136.983556880136,124.446602226766,98.5450887510509,150.34811570248,110.588733850216,0,110.611497910644,0,116.72166791717,0,152.003269758565,0,"chi","I",33,1000,0.5,0,0.1,0,FALSE,0,TRUE,0.5,200,TRUE,0.0024794110518174,64
97.6235073018283,13.6424799507282,-0.175385414843728,110.915216422869,119.968299357559,102.953041834982,136.983556880136,118.652381394486,96.2247808504155,141.079981938557,110.588733850216,0,110.611497910644,0,116.202659461012,0,0,0,"chi","I",33,1000,0.5,0,0.1,0,FALSE,0,TRUE,0.5,200,TRUE,0.0024794110518174,64
97.6235073018283,13.6424799507282,-0.175385414843728,110.915216422869,119.968299357559,102.953041834982,136.983556880136,124.520594985457,98.3039042691016,150.737285701813,110.588733850216,0,110.611497910644,0,118.471738859687,0,0,0,"chi","I",33,1000,0.5,0,0.1,0,FALSE,0,TRUE,0.5,200,TRUE,0.0024794110518174,64
97.6235073018283,13.6424799507282,-0.175385414843728,110.915216422869,119.968299357559,102.953041834982,136.983556880136,119.591756934316,94.5748771819244,144.608636686707,110.588733850216,0,110.611497910644,0,114.24890576064,0,0,0,"chi","I",33,1000,0.5,0,0.1,0,FALSE,0,TRUE,0.5,200,TRUE,0.0024794110518174,64
97.6235073018283,13.6424799507282,-0.175385414843728,110.915216422869,119.968299357559,102.953041834982,136.983556880136,116.581366849873,92.367293934525,140.79543976522,110.588733850216,0,110.611497910644,0,108.495324383158,0,0,0,"chi","I",33,1000,0.5,0,0.1,0,FALSE,0,TRUE,0.5,200,TRUE,0.0024794110518174,64
97.6235073018283,13.6424799507282,-0.175385414843728,110.915216422869,119.968299357559,102.953041834982,136.983556880136,110.185944469156,85.4580606853121,134.913828253,110.588733850216,0,110.611497910644,0,107.591325097876,0,0,0,"chi","I",33,1000,0.5,0,0.1,0,FALSE,0,TRUE,0.5,200,TRUE,0.0024794110518174,64
97.6235073018283,13.6424799507282,-0.175385414843728,110.915216422869,119.968299357559,102.953041834982,136.983556880136,105.410813141891,81.6187891887622,129.202837095019,110.588733850216,0,110.611497910644,0,106.040881529864,0,139.216711593259,0,"chi","I",33,1000,0.5,0,0.1,0,FALSE,0,TRUE,0.5,200,TRUE,0.0024794110518174,64
97.6235073018283,13.6424799507282,-0.175385414843728,110.915216422869,119.968299357559,102.953041834982,136.983556880136,118.069860158062,93.1052017826965,143.034518533428,110.588733850216,0,110.611497910644,0,112.434708001324,0,0,0,"chi","I",33,1000,0.5,0,0.1,0,FALSE,0,TRUE,0.5,200,TRUE,0.0024794110518174,64
97.6235073018283,13.6424799507282,-0.175385414843728,110.915216422869,119.968299357559,102.953041834982,136.983556880136,116.362045239661,92.8756336114813,139.84845686784,110.588733850216,0,110.611497910644,0,106.826074837769,0,137.196222893869,0,"chi","I",33,1000,0.5,0,0.1,0,FALSE,0,TRUE,0.5,200,TRUE,0.0024794110518174,64
97.6235073018283,13.6424799507282,-0.175385414843728,110.915216422869,119.968299357559,102.953041834982,136.983556880136,122.067138887969,97.6080576553748,146.526220120564,110.588733850216,0,110.611497910644,0,121.258088113258,0,143.333844448534,0,"chi","I",33,1000,0.5,0,0.1,0,FALSE,0,TRUE,0.5,200,TRUE,0.0024794110518174,64
97.6235073018283,13.6424799507282,-0.175385414843728,110.915216422869,119.968299357559,102.953041834982,136.983556880136,110.007993028774,86.5512244636984,133.464761593849,110.588733850216,0,110.611497910644,0,110.382479247372,0,0,0,"chi","I",33,1000,0.5,0,0.1,0,FALSE,0,TRUE,0.5,200,TRUE,0.0024794110518174,64
97.6235073018283,13.6424799507282,-0.175385414843728,110.915216422869,119.968299357559,102.953041834982,136.983556880136,104.56912749814,81.9062970488296,127.231957947451,110.588733850216,0,110.611497910644,0,106.646195972458,0,132.837649470296,0,"chi","I",33,1000,0.5,0,0.1,0,FALSE,0,TRUE,0.5,200,TRUE,0.0024794110518174,64
97.6235073018283,13.6424799507282,-0.175385414843728,110.915216422869,119.968299357559,102.953041834982,136.983556880136,115.976661557827,91.696935877494,140.25638723816,110.588733850216,0,110.611497910644,0,110.772159155743,0,0,0,"chi","I",33,1000,0.5,0,0.1,0,FALSE,0,TRUE,0.5,200,TRUE,0.0024794110518174,64
97.6235073018283,13.6424799507282,-0.175385414843728,110.915216422869,119.968299357559,102.953041834982,136.983556880136,116.085304858146,92.7421175267503,139.428492189542,110.588733850216,0,110.611497910644,0,119.073527032405,0,136.833230330456,0,"chi","I",33,1000,0.5,0,0.1,0,FALSE,0,TRUE,0.5,200,TRUE,0.0024794110518174,64
97.6235073018283,13.6424799507282,-0.175385414843728,110.915216422869,119.968299357559,102.953041834982,136.983556880136,110.701980374544,86.2994934243006,135.104467324787,110.588733850216,0,110.611497910644,0,105.581974321916,0,143.505320826516,0,"chi","I",33,1000,0.5,0,0.1,0,FALSE,0,TRUE,0.5,200,TRUE,0.0024794110518174,64
97.6235073018283,13.6424799507282,-0.175385414843728,110.915216422869,119.968299357559,102.953041834982,136.983556880136,125.682726297415,99.723235478558,151.642217116272,110.588733850216,0,110.611497910644,0,113.156163804576,0,151.796965609966,0,"chi","I",33,1000,0.5,0,0.1,0,FALSE,0,TRUE,0.5,200,TRUE,0.0024794110518174,64
97.6235073018283,13.6424799507282,-0.175385414843728,110.915216422869,119.968299357559,102.953041834982,136.983556880136,111.588646804424,87.9315432442788,135.245750364569,110.588733850216,0,110.611497910644,0,108.079858759491,0,138.879669075135,0,"chi","I",33,1000,0.5,0,0.1,0,FALSE,0,TRUE,0.5,200,TRUE,0.0024794110518174,64
97.6235073018283,13.6424799507282,-0.175385414843728,110.915216422869,119.968299357559,102.953041834982,136.983556880136,105.094645470963,81.9465487901458,128.24274215178,110.588733850216,0,110.611497910644,0,105.047113628836,0,0,0,"chi","I",33,1000,0.5,0,0.1,0,FALSE,0,TRUE,0.5,200,TRUE,0.0024794110518174,64
97.6235073018283,13.6424799507282,-0.175385414843728,110.915216422869,119.968299357559,102.953041834982,136.983556880136,114.404706995423,91.5652688628154,137.244145128031,110.588733850216,0,110.611497910644,0,112.656734861195,0,133.360115191264,0,"chi","I",33,1000,0.5,0,0.1,0,FALSE,0,TRUE,0.5,200,TRUE,0.0024794110518174,64
97.6235073018283,13.6424799507282,-0.175385414843728,110.915216422869,119.968299357559,102.953041834982,136.983556880136,125.960881898606,99.6889252891566,152.232838508056,110.588733850216,0,110.611497910644,0,117.357038819455,0,154.68927983758,0,"chi","I",33,1000,0.5,0,0.1,0,FALSE,0,TRUE,0.5,200,TRUE,0.0024794110518174,64
97.6235073018283,13.6424799507282,-0.175385414843728,110.915216422869,119.968299357559,102.953041834982,136.983556880136,126.565340900643,99.1498371322076,153.980844669078,110.588733850216,0,110.611497910644,0,125.61931914555,0,0,0,"chi","I",33,1000,0.5,0,0.1,0,FALSE,0,TRUE,0.5,200,TRUE,0.0024794110518174,64
97.6235073018283,13.6424799507282,-0.175385414843728,110.915216422869,119.968299357559,102.953041834982,136.983556880136,122.645032934268,98.2101143401401,147.079951528396,110.588733850216,0,110.611497910644,0,113.152251921167,0,0,0,"chi","I",33,1000,0.5,0,0.1,0,FALSE,0,TRUE,0.5,200,TRUE,0.0024794110518174,64
97.6235073018283,13.6424799507282,-0.175385414843728,110.915216422869,119.968299357559,102.953041834982,136.983556880136,120.92100716858,94.966491007602,146.875523329558,110.588733850216,0,110.611497910644,0,119.356318641924,0,0,0,"chi","I",33,1000,0.5,0,0.1,0,FALSE,0,TRUE,0.5,200,TRUE,0.0024794110518174,64
97.6235073018283,13.6424799507282,-0.175385414843728,110.915216422869,119.968299357559,102.953041834982,136.983556880136,116.448285563386,90.9576429831119,141.938928143661,110.588733850216,0,110.611497910644,0,112.90326086551,0,NA,NA,"chi","I",33,1000,0.5,0,0.1,0,FALSE,0,TRUE,0.5,200,TRUE,0.0024794110518174,64
97.6235073018283,13.6424799507282,-0.175385414843728,110.915216422869,119.968299357559,102.953041834982,136.983556880136,126.052427252638,99.8420122250045,152.262842280272,110.588733850216,0,110.611497910644,0,117.494275054909,0,153.373950520479,0,"chi","I",33,1000,0.5,0,0.1,0,FALSE,0,TRUE,0.5,200,TRUE,0.0024794110518174,64
97.6235073018283,13.6424799507282,-0.175385414843728,110.915216422869,119.968299357559,102.953041834982,136.983556880136,107.230787989786,84.3151626132847,130.146413366288,110.588733850216,0,110.611497910644,0,104.210113436861,0,NA,NA,"chi","I",33,1000,0.5,0,0.1,0,FALSE,0,TRUE,0.5,200,TRUE,0.0024794110518174,64
97.6235073018283,13.6424799507282,-0.175385414843728,110.915216422869,119.968299357559,102.953041834982,136.983556880136,111.778322281376,88.735422723781,134.821221838971,110.588733850216,0,110.611497910644,0,108.277904490467,0,0,0,"chi","I",33,1000,0.5,0,0.1,0,FALSE,0,TRUE,0.5,200,TRUE,0.0024794110518174,64
97.6235073018283,13.6424799507282,-0.175385414843728,110.915216422869,119.968299357559,102.953041834982,136.983556880136,118.609338112555,93.0824344447763,144.136241780334,110.588733850216,0,110.611497910644,0,120.385228086848,0,NA,NA,"chi","I",33,1000,0.5,0,0.1,0,FALSE,0,TRUE,0.5,200,TRUE,0.0024794110518174,64
97.6235073018283,13.6424799507282,-0.175385414843728,110.915216422869,119.968299357559,102.953041834982,136.983556880136,111.914963341065,87.2976952214717,136.532231460657,110.588733850216,0,110.611497910644,0,110.051680501311,0,0,0,"chi","I",33,1000,0.5,0,0.1,0,FALSE,0,TRUE,0.5,200,TRUE,0.0024794110518174,64
97.6235073018283,13.6424799507282,-0.175385414843728,110.915216422869,119.968299357559,102.953041834982,136.983556880136,120.482027249147,94.7939894324295,146.170065065865,110.588733850216,0,110.611497910644,0,117.876247287423,0,151.634551654728,0,"chi","I",33,1000,0.5,0,0.1,0,FALSE,0,TRUE,0.5,200,TRUE,0.0024794110518174,64
97.6235073018283,13.6424799507282,-0.175385414843728,110.915216422869,119.968299357559,102.953041834982,136.983556880136,127.167563232949,100.576717425179,153.758409040719,110.588733850216,0,110.611497910644,0,120.84560064522,0,0,0,"chi","I",33,1000,0.5,0,0.1,0,FALSE,0,TRUE,0.5,200,TRUE,0.0024794110518174,64
97.6235073018283,13.6424799507282,-0.175385414843728,110.915216422869,119.968299357559,102.953041834982,136.983556880136,120.35132152271,95.2593306635986,145.443312381821,110.588733850216,0,110.611497910644,0,108.454511391816,0,147.051245871147,0,"chi","I",33,1000,0.5,0,0.1,0,FALSE,0,TRUE,0.5,200,TRUE,0.0024794110518174,64
97.6235073018283,13.6424799507282,-0.175385414843728,110.915216422869,119.968299357559,102.953041834982,136.983556880136,118.318085025433,92.8601750770708,143.775994973794,110.588733850216,0,110.611497910644,0,110.298191024556,0,NA,NA,"chi","I",33,1000,0.5,0,0.1,0,FALSE,0,TRUE,0.5,200,TRUE,0.0024794110518174,64
97.6235073018283,13.6424799507282,-0.175385414843728,110.915216422869,119.968299357559,102.953041834982,136.983556880136,118.983919014949,93.3627833612807,144.605054668618,110.588733850216,0,110.611497910644,0,118.105782201226,0,0,0,"chi","I",33,1000,0.5,0,0.1,0,FALSE,0,TRUE,0.5,200,TRUE,0.0024794110518174,64
97.6235073018283,13.6424799507282,-0.175385414843728,110.915216422869,119.968299357559,102.953041834982,136.983556880136,114.392669402703,90.6652586837532,138.120080121653,110.588733850216,0,110.611497910644,0,104.475940326051,0,139.204008813243,0,"chi","I",33,1000,0.5,0,0.1,0,FALSE,0,TRUE,0.5,200,TRUE,0.0024794110518174,64
97.6235073018283,13.6424799507282,-0.175385414843728,110.915216422869,119.968299357559,102.953041834982,136.983556880136,115.620153903524,90.4985212977752,140.741786509272,110.588733850216,0,110.611497910644,0,116.246776254515,0,0,0,"chi","I",33,1000,0.5,0,0.1,0,FALSE,0,TRUE,0.5,200,TRUE,0.0024794110518174,64
97.6235073018283,13.6424799507282,-0.175385414843728,110.915216422869,119.968299357559,102.953041834982,136.983556880136,106.950517442065,84.9120292693673,128.989005614763,110.588733850216,0,110.611497910644,0,103.390669601752,0,0,0,"chi","I",33,1000,0.5,0,0.1,0,FALSE,0,TRUE,0.5,200,TRUE,0.0024794110518174,64
97.6235073018283,13.6424799507282,-0.175385414843728,110.915216422869,119.968299357559,102.953041834982,136.983556880136,106.57343999563,83.5527386759672,129.594141315293,110.588733850216,0,110.611497910644,0,104.827047685038,0,135.177592745862,0,"chi","I",33,1000,0.5,0,0.1,0,FALSE,0,TRUE,0.5,200,TRUE,0.0024794110518174,64
97.6235073018283,13.6424799507282,-0.175385414843728,110.915216422869,119.968299357559,102.953041834982,136.983556880136,104.90506922757,83.2618108700518,126.548327585087,110.588733850216,0,110.611497910644,0,103.575398854753,0,126.962558428668,0,"chi","I",33,1000,0.5,0,0.1,0,FALSE,0,TRUE,0.5,200,TRUE,0.0024794110518174,64
97.6235073018283,13.6424799507282,-0.175385414843728,110.915216422869,119.968299357559,102.953041834982,136.983556880136,97.208962386544,76.080069218596,118.337855554492,110.588733850216,0,110.611497910644,0,95.7391049451895,0,123.762666182352,0,"chi","I",33,1000,0.5,0,0.1,0,FALSE,0,TRUE,0.5,200,TRUE,0.0024794110518174,64
97.6235073018283,13.6424799507282,-0.175385414843728,110.915216422869,119.968299357559,102.953041834982,136.983556880136,119.061246107458,93.3935098589099,144.728982356006,110.588733850216,0,110.611497910644,0,115.893853076614,0,0,0,"chi","I",33,1000,0.5,0,0.1,0,FALSE,0,TRUE,0.5,200,TRUE,0.0024794110518174,64
97.6235073018283,13.6424799507282,-0.175385414843728,110.915216422869,119.968299357559,102.953041834982,136.983556880136,106.06490470902,83.174176032606,128.955633385433,110.588733850216,0,110.611497910644,0,102.240253774014,0,134.263120753144,0,"chi","I",33,1000,0.5,0,0.1,0,FALSE,0,TRUE,0.5,200,TRUE,0.0024794110518174,64
97.6235073018283,13.6424799507282,-0.175385414843728,110.915216422869,119.968299357559,102.953041834982,136.983556880136,116.236588481507,92.5645703811855,139.908606581829,110.588733850216,0,110.611497910644,0,115.376278081327,0,138.432151160008,0,"chi","I",33,1000,0.5,0,0.1,0,FALSE,0,TRUE,0.5,200,TRUE,0.0024794110518174,64
97.6235073018283,13.6424799507282,-0.175385414843728,110.915216422869,119.968299357559,102.953041834982,136.983556880136,112.744986876698,87.9411687325884,137.548805020808,110.588733850216,0,110.611497910644,0,108.671004888382,0,145.235902886056,0,"chi","I",33,1000,0.5,0,0.1,0,FALSE,0,TRUE,0.5,200,TRUE,0.0024794110518174,64
97.6235073018283,13.6424799507282,-0.175385414843728,110.915216422869,119.968299357559,102.953041834982,136.983556880136,120.504114166511,94.7642998451447,146.243928487878,110.588733850216,0,110.611497910644,0,115.232068980073,0,0,0,"chi","I",33,1000,0.5,0,0.1,0,FALSE,0,TRUE,0.5,200,TRUE,0.0024794110518174,64
97.6235073018283,13.6424799507282,-0.175385414843728,110.915216422869,119.968299357559,102.953041834982,136.983556880136,117.770202882776,93.5304028952649,142.010002870287,110.588733850216,0,110.611497910644,0,115.256399778858,0,0,0,"chi","I",33,1000,0.5,0,0.1,0,FALSE,0,TRUE,0.5,200,TRUE,0.0024794110518174,64
97.6235073018283,13.6424799507282,-0.175385414843728,110.915216422869,119.968299357559,102.953041834982,136.983556880136,124.855648937585,98.6260218723689,151.085276002801,110.588733850216,0,110.611497910644,0,119.865929905764,0,153.476428922417,0,"chi","I",33,1000,0.5,0,0.1,0,FALSE,0,TRUE,0.5,200,TRUE,0.0024794110518174,64
97.6235073018283,13.6424799507282,-0.175385414843728,110.915216422869,119.968299357559,102.953041834982,136.983556880136,107.541373156417,84.5983322669683,130.484414045865,110.588733850216,0,110.611497910644,0,111.628378523547,0,134.211669871325,0,"chi","I",33,1000,0.5,0,0.1,0,FALSE,0,TRUE,0.5,200,TRUE,0.0024794110518174,64
97.6235073018283,13.6424799507282,-0.175385414843728,110.915216422869,119.968299357559,102.953041834982,136.983556880136,113.764992526745,89.5573729273805,137.972612126109,110.588733850216,0,110.611497910644,0,113.503856084278,0,0,0,"chi","I",33,1000,0.5,0,0.1,0,FALSE,0,TRUE,0.5,200,TRUE,0.0024794110518174,64
97.6235073018283,13.6424799507282,-0.175385414843728,110.915216422869,119.968299357559,102.953041834982,136.983556880136,112.205248409918,88.1837142422917,136.226782577545,110.588733850216,0,110.611497910644,0,108.609477411306,0,NA,NA,"chi","I",33,1000,0.5,0,0.1,0,FALSE,0,TRUE,0.5,200,TRUE,0.0024794110518174,64
97.6235073018283,13.6424799507282,-0.175385414843728,110.915216422869,119.968299357559,102.953041834982,136.983556880136,115.529966625479,90.4712805487144,140.588652702243,110.588733850216,0,110.611497910644,0,110.45186465872,0,0,0,"chi","I",33,1000,0.5,0,0.1,0,FALSE,0,TRUE,0.5,200,TRUE,0.0024794110518174,64
97.6235073018283,13.6424799507282,-0.175385414843728,110.915216422869,119.968299357559,102.953041834982,136.983556880136,114.856449957518,89.5813775741314,140.131522340905,110.588733850216,0,110.611497910644,0,116.086942997309,0,149.074763990048,0,"chi","I",33,1000,0.5,0,0.1,0,FALSE,0,TRUE,0.5,200,TRUE,0.0024794110518174,64
97.6235073018283,13.6424799507282,-0.175385414843728,110.915216422869,119.968299357559,102.953041834982,136.983556880136,114.955507417881,90.9606620633859,138.950352772377,110.588733850216,0,110.611497910644,0,107.025847683607,0,0,0,"chi","I",33,1000,0.5,0,0.1,0,FALSE,0,TRUE,0.5,200,TRUE,0.0024794110518174,64
97.6235073018283,13.6424799507282,-0.175385414843728,110.915216422869,119.968299357559,102.953041834982,136.983556880136,119.637581637051,94.0399073249921,145.235255949109,110.588733850216,0,110.611497910644,0,112.603332568737,0,0,0,"chi","I",33,1000,0.5,0,0.1,0,FALSE,0,TRUE,0.5,200,TRUE,0.0024794110518174,64
97.6235073018283,13.6424799507282,-0.175385414843728,110.915216422869,119.968299357559,102.953041834982,136.983556880136,121.356132768781,96.4802408018502,146.232024735712,110.588733850216,0,110.611497910644,0,113.927413789496,0,0,0,"chi","I",33,1000,0.5,0,0.1,0,FALSE,0,TRUE,0.5,200,TRUE,0.0024794110518174,64
97.6235073018283,13.6424799507282,-0.175385414843728,110.915216422869,119.968299357559,102.953041834982,136.983556880136,108.970780653055,86.6998485417317,131.241712764379,110.588733850216,0,110.611497910644,0,112.166699032928,0,130.655964113187,0,"chi","I",33,1000,0.5,0,0.1,0,FALSE,0,TRUE,0.5,200,TRUE,0.0024794110518174,64
97.6235073018283,13.6424799507282,-0.175385414843728,110.915216422869,119.968299357559,102.953041834982,136.983556880136,105.153688391585,82.6774407877904,127.629935995379,110.588733850216,0,110.611497910644,0,101.569585358745,0,131.395824628401,0,"chi","I",33,1000,0.5,0,0.1,0,FALSE,0,TRUE,0.5,200,TRUE,0.0024794110518174,64
97.6235073018283,13.6424799507282,-0.175385414843728,110.915216422869,119.968299357559,102.953041834982,136.983556880136,101.489860567585,79.3880987033616,123.591622431808,110.588733850216,0,110.611497910644,0,98.3976606013359,0,129.418775007166,0,"chi","I",33,1000,0.5,0,0.1,0,FALSE,0,TRUE,0.5,200,TRUE,0.0024794110518174,64
97.6235073018283,13.6424799507282,-0.175385414843728,110.915216422869,119.968299357559,102.953041834982,136.983556880136,110.781385462592,86.897354887124,134.66541603806,110.588733850216,0,110.611497910644,0,109.535645657995,0,140.202537898512,0,"chi","I",33,1000,0.5,0,0.1,0,FALSE,0,TRUE,0.5,200,TRUE,0.0024794110518174,64
97.6235073018283,13.6424799507282,-0.175385414843728,110.915216422869,119.968299357559,102.953041834982,136.983556880136,109.236560242766,85.2494284835658,133.223692001967,110.588733850216,0,110.611497910644,0,102.473377756213,0,140.143631908052,0,"chi","I",33,1000,0.5,0,0.1,0,FALSE,0,TRUE,0.5,200,TRUE,0.0024794110518174,64
97.6235073018283,13.6424799507282,-0.175385414843728,110.915216422869,119.968299357559,102.953041834982,136.983556880136,94.6930649437136,73.3960163809683,115.990113506459,110.588733850216,0,110.611497910644,0,94.1814423633979,0,124.425898550829,0,"chi","I",33,1000,0.5,0,0.1,0,FALSE,0,TRUE,0.5,200,TRUE,0.0024794110518174,64
97.6235073018283,13.6424799507282,-0.175385414843728,110.915216422869,119.968299357559,102.953041834982,136.983556880136,104.870906193654,81.4126794181739,128.329132969133,110.588733850216,0,110.611497910644,0,105.724405755684,0,137.392069085097,0,"chi","I",33,1000,0.5,0,0.1,0,FALSE,0,TRUE,0.5,200,TRUE,0.0024794110518174,64
97.6235073018283,13.6424799507282,-0.175385414843728,110.915216422869,119.968299357559,102.953041834982,136.983556880136,125.121089939767,98.2792407152105,151.962939164323,110.588733850216,0,110.611497910644,0,124.15946164502,0,0,0,"chi","I",33,1000,0.5,0,0.1,0,FALSE,0,TRUE,0.5,200,TRUE,0.0024794110518174,64
97.6235073018283,13.6424799507282,-0.175385414843728,110.915216422869,119.968299357559,102.953041834982,136.983556880136,105.152422019895,82.7544981070291,127.55034593276,110.588733850216,0,110.611497910644,0,102.814484091774,0,0,0,"chi","I",33,1000,0.5,0,0.1,0,FALSE,0,TRUE,0.5,200,TRUE,0.0024794110518174,64
97.6235073018283,13.6424799507282,-0.175385414843728,110.915216422869,119.968299357559,102.953041834982,136.983556880136,113.052750415246,88.8522852269383,137.253215603554,110.588733850216,0,110.611497910644,0,105.405138565563,0,141.880776399298,0,"chi","I",33,1000,0.5,0,0.1,0,FALSE,0,TRUE,0.5,200,TRUE,0.0024794110518174,64
97.6235073018283,13.6424799507282,-0.175385414843728,110.915216422869,119.968299357559,102.953041834982,136.983556880136,113.643721334498,89.9705198245014,137.316922844495,110.588733850216,0,110.611497910644,0,113.200834613065,0,0,0,"chi","I",33,1000,0.5,0,0.1,0,FALSE,0,TRUE,0.5,200,TRUE,0.0024794110518174,64
97.6235073018283,13.6424799507282,-0.175385414843728,110.915216422869,119.968299357559,102.953041834982,136.983556880136,119.867544574337,94.2706828582755,145.464406290399,110.588733850216,0,110.611497910644,0,114.599455797606,0,0,0,"chi","I",33,1000,0.5,0,0.1,0,FALSE,0,TRUE,0.5,200,TRUE,0.0024794110518174,64
97.6235073018283,13.6424799507282,-0.175385414843728,110.915216422869,119.968299357559,102.953041834982,136.983556880136,122.365238600652,95.9109900178759,148.819487183429,110.588733850216,0,110.611497910644,0,122.603497128516,0,154.55208324472,0,"chi","I",33,1000,0.5,0,0.1,0,FALSE,0,TRUE,0.5,200,TRUE,0.0024794110518174,64
97.6235073018283,13.6424799507282,-0.175385414843728,110.915216422869,119.968299357559,102.953041834982,136.983556880136,119.278879307779,94.0411254656562,144.516633149902,110.588733850216,0,110.611497910644,0,122.187259070439,0,146.220313089251,0,"chi","I",33,1000,0.5,0,0.1,0,FALSE,0,TRUE,0.5,200,TRUE,0.0024794110518174,64
97.6235073018283,13.6424799507282,-0.175385414843728,110.915216422869,119.968299357559,102.953041834982,136.983556880136,111.607616610241,88.7072948027723,134.507938417709,110.588733850216,0,110.611497910644,0,110.270617913135,0,0,0,"chi","I",33,1000,0.5,0,0.1,0,FALSE,0,TRUE,0.5,200,TRUE,0.0024794110518174,64
97.6235073018283,13.6424799507282,-0.175385414843728,110.915216422869,119.968299357559,102.953041834982,136.983556880136,99.4426099835135,78.5025655464939,120.382654420533,110.588733850216,0,110.611497910644,0,99.1506242110411,0,0,0,"chi","I",33,1000,0.5,0,0.1,0,FALSE,0,TRUE,0.5,200,TRUE,0.0024794110518174,64
97.6235073018283,13.6424799507282,-0.175385414843728,110.915216422869,119.968299357559,102.953041834982,136.983556880136,114.57420745893,91.1292835446435,138.019131373216,110.588733850216,0,110.611497910644,0,116.314824505344,0,137.097740618261,0,"chi","I",33,1000,0.5,0,0.1,0,FALSE,0,TRUE,0.5,200,TRUE,0.0024794110518174,64
97.6235073018283,13.6424799507282,-0.175385414843728,110.915216422869,119.968299357559,102.953041834982,136.983556880136,106.41785238833,83.2709765509065,129.564728225753,110.588733850216,0,110.611497910644,0,105.956159345841,0,135.813057771726,0,"chi","I",33,1000,0.5,0,0.1,0,FALSE,0,TRUE,0.5,200,TRUE,0.0024794110518174,64
97.6235073018283,13.6424799507282,-0.175385414843728,110.915216422869,119.968299357559,102.953041834982,136.983556880136,115.079574553927,90.8303327000164,139.328816407837,110.588733850216,0,110.611497910644,0,123.753737986814,0,141.652110983961,0,"chi","I",33,1000,0.5,0,0.1,0,FALSE,0,TRUE,0.5,200,TRUE,0.0024794110518174,64
97.6235073018283,13.6424799507282,-0.175385414843728,110.915216422869,119.968299357559,102.953041834982,136.983556880136,125.390282721071,98.9698616183196,151.810703823823,110.588733850216,0,110.611497910644,0,116.070943963915,0,154.663925365687,0,"chi","I",33,1000,0.5,0,0.1,0,FALSE,0,TRUE,0.5,200,TRUE,0.0024794110518174,64
97.6235073018283,13.6424799507282,-0.175385414843728,110.915216422869,119.968299357559,102.953041834982,136.983556880136,120.610510658815,94.2827398107681,146.938281506862,110.588733850216,0,110.611497910644,0,113.972271450999,0,0,0,"chi","I",33,1000,0.5,0,0.1,0,FALSE,0,TRUE,0.5,200,TRUE,0.0024794110518174,64
97.6235073018283,13.6424799507282,-0.175385414843728,110.915216422869,119.968299357559,102.953041834982,136.983556880136,110.456669577244,86.7451613810415,134.168177773446,110.588733850216,0,110.611497910644,0,105.103008302402,0,0,0,"chi","I",33,1000,0.5,0,0.1,0,FALSE,0,TRUE,0.5,200,TRUE,0.0024794110518174,64
97.6235073018283,13.6424799507282,-0.175385414843728,110.915216422869,119.968299357559,102.953041834982,136.983556880136,115.348959266285,90.7143898246509,139.983528707918,110.588733850216,0,110.611497910644,0,115.652198432495,0,0,0,"chi","I",33,1000,0.5,0,0.1,0,FALSE,0,TRUE,0.5,200,TRUE,0.0024794110518174,64
97.6235073018283,13.6424799507282,-0.175385414843728,110.915216422869,119.968299357559,102.953041834982,136.983556880136,107.646287560086,85.0405470240107,130.252028096162,110.588733850216,0,110.611497910644,0,106.543442370188,0,0,0,"chi","I",33,1000,0.5,0,0.1,0,FALSE,0,TRUE,0.5,200,TRUE,0.0024794110518174,64
97.6235073018283,13.6424799507282,-0.175385414843728,110.915216422869,119.968299357559,102.953041834982,136.983556880136,113.415545232354,90.5503499612417,136.280740503466,110.588733850216,0,110.611497910644,0,119.239286259776,0,0,0,"chi","I",33,1000,0.5,0,0.1,0,FALSE,0,TRUE,0.5,200,TRUE,0.0024794110518174,64
97.6235073018283,13.6424799507282,-0.175385414843728,110.915216422869,119.968299357559,102.953041834982,136.983556880136,115.334396054633,90.5323095131895,140.136482596076,110.588733850216,0,110.611497910644,0,113.51673766882,0,144.881150291626,0,"chi","I",33,1000,0.5,0,0.1,0,FALSE,0,TRUE,0.5,200,TRUE,0.0024794110518174,64
97.6235073018283,13.6424799507282,-0.175385414843728,110.915216422869,119.968299357559,102.953041834982,136.983556880136,124.620005535656,97.9952833069469,151.244727764365,110.588733850216,0,110.611497910644,0,120.011148960158,0,0,0,"chi","I",33,1000,0.5,0,0.1,0,FALSE,0,TRUE,0.5,200,TRUE,0.0024794110518174,64
97.6235073018283,13.6424799507282,-0.175385414843728,110.915216422869,119.968299357559,102.953041834982,136.983556880136,105.255500236511,82.6299128075984,127.881087665423,110.588733850216,0,110.611497910644,0,100.696597431135,0,0,0,"chi","I",33,1000,0.5,0,0.1,0,FALSE,0,TRUE,0.5,200,TRUE,0.0024794110518174,64
97.6235073018283,13.6424799507282,-0.175385414843728,110.915216422869,119.968299357559,102.953041834982,136.983556880136,116.325460941098,92.8102094934189,139.840712388778,110.588733850216,0,110.611497910644,0,110.157435615614,0,137.135485235624,0,"chi","I",33,1000,0.5,0,0.1,0,FALSE,0,TRUE,0.5,200,TRUE,0.0024794110518174,64
97.6235073018283,13.6424799507282,-0.175385414843728,110.915216422869,119.968299357559,102.953041834982,136.983556880136,119.647856769652,94.073620925896,145.222092613408,110.588733850216,0,110.611497910644,0,117.729333774154,0,0,0,"chi","I",33,1000,0.5,0,0.1,0,FALSE,0,TRUE,0.5,200,TRUE,0.0024794110518174,64
97.6235073018283,13.6424799507282,-0.175385414843728,110.915216422869,119.968299357559,102.953041834982,136.983556880136,136.461561960283,109.373673849694,163.549450070872,110.588733850216,0,110.611497910644,0,131.534096599738,0,159.29995667718,0,"chi","I",33,1000,0.5,0,0.1,0,FALSE,0,TRUE,0.5,200,TRUE,0.0024794110518174,64
97.6235073018283,13.6424799507282,-0.175385414843728,110.915216422869,119.968299357559,102.953041834982,136.983556880136,117.655271719661,93.6259771171748,141.684566322147,110.588733850216,0,110.611497910644,0,120.151866395053,0,0,0,"chi","I",33,1000,0.5,0,0.1,0,FALSE,0,TRUE,0.5,200,TRUE,0.0024794110518174,64
97.6235073018283,13.6424799507282,-0.175385414843728,110.915216422869,119.968299357559,102.953041834982,136.983556880136,116.112975094827,90.6967762389669,141.529173950687,110.588733850216,0,110.611497910644,0,117.371173109957,0,0,0,"chi","I",33,1000,0.5,0,0.1,0,FALSE,0,TRUE,0.5,200,TRUE,0.0024794110518174,64
97.6235073018283,13.6424799507282,-0.175385414843728,110.915216422869,119.968299357559,102.953041834982,136.983556880136,130.522705647381,102.983906243515,158.061505051247,110.588733850216,0,110.611497910644,0,126.200502344603,0,0,0,"chi","I",33,1000,0.5,0,0.1,0,FALSE,0,TRUE,0.5,200,TRUE,0.0024794110518174,64
97.6235073018283,13.6424799507282,-0.175385414843728,110.915216422869,119.968299357559,102.953041834982,136.983556880136,117.293861129636,92.8001816050786,141.787540654194,110.588733850216,0,110.611497910644,0,110.882713651475,0,0,0,"chi","I",33,1000,0.5,0,0.1,0,FALSE,0,TRUE,0.5,200,TRUE,0.0024794110518174,64
97.6235073018283,13.6424799507282,-0.175385414843728,110.915216422869,119.968299357559,102.953041834982,136.983556880136,118.488702870905,94.0403283084996,142.937077433311,110.588733850216,0,110.611497910644,0,116.008704767115,0,0,0,"chi","I",33,1000,0.5,0,0.1,0,FALSE,0,TRUE,0.5,200,TRUE,0.0024794110518174,64
97.6235073018283,13.6424799507282,-0.175385414843728,110.915216422869,119.968299357559,102.953041834982,136.983556880136,111.329295600508,87.5772232924622,135.081367908554,110.588733850216,0,110.611497910644,0,108.148518108645,0,0,0,"chi","I",33,1000,0.5,0,0.1,0,FALSE,0,TRUE,0.5,200,TRUE,0.0024794110518174,64
97.6235073018283,13.6424799507282,-0.175385414843728,110.915216422869,119.968299357559,102.953041834982,136.983556880136,105.412636174889,80.4093466568291,130.415925692949,110.588733850216,0,110.611497910644,0,104.013048849437,0,146.606380301832,0,"chi","I",33,1000,0.5,0,0.1,0,FALSE,0,TRUE,0.5,200,TRUE,0.0024794110518174,64
97.6235073018283,13.6424799507282,-0.175385414843728,110.915216422869,119.968299357559,102.953041834982,136.983556880136,129.3303274768,101.625062722357,157.035592231243,110.588733850216,0,110.611497910644,0,119.648748681394,0,0,0,"chi","I",33,1000,0.5,0,0.1,0,FALSE,0,TRUE,0.5,200,TRUE,0.0024794110518174,64
97.6235073018283,13.6424799507282,-0.175385414843728,110.915216422869,119.968299357559,102.953041834982,136.983556880136,115.116050986839,91.5691528617574,138.662949111921,110.588733850216,0,110.611497910644,0,111.784180300705,0,0,0,"chi","I",33,1000,0.5,0,0.1,0,FALSE,0,TRUE,0.5,200,TRUE,0.0024794110518174,64
97.6235073018283,13.6424799507282,-0.175385414843728,110.915216422869,119.968299357559,102.953041834982,136.983556880136,100.176969798619,77.4501264854445,122.903813111793,110.588733850216,0,110.611497910644,0,100.256452129716,0,133.317259007129,0,"chi","I",33,1000,0.5,0,0.1,0,FALSE,0,TRUE,0.5,200,TRUE,0.0024794110518174,64
97.6235073018283,13.6424799507282,-0.175385414843728,110.915216422869,119.968299357559,102.953041834982,136.983556880136,122.835120669248,97.5073371615725,148.162904176923,110.588733850216,0,110.611497910644,0,122.578398079801,0,0,0,"chi","I",33,1000,0.5,0,0.1,0,FALSE,0,TRUE,0.5,200,TRUE,0.0024794110518174,64
97.6235073018283,13.6424799507282,-0.175385414843728,110.915216422869,119.968299357559,102.953041834982,136.983556880136,120.757321260888,96.2029421122661,145.311700409511,110.588733850216,0,110.611497910644,0,117.909136007155,0,0,0,"chi","I",33,1000,0.5,0,0.1,0,FALSE,0,TRUE,0.5,200,TRUE,0.0024794110518174,64
97.6235073018283,13.6424799507282,-0.175385414843728,110.915216422869,119.968299357559,102.953041834982,136.983556880136,108.834265986038,87.0106211335377,130.657910838539,110.588733850216,0,110.611497910644,0,106.108806120558,0,0,0,"chi","I",33,1000,0.5,0,0.1,0,FALSE,0,TRUE,0.5,200,TRUE,0.0024794110518174,64
97.6235073018283,13.6424799507282,-0.175385414843728,110.915216422869,119.968299357559,102.953041834982,136.983556880136,117.168074200394,92.2640822506383,142.07206615015,110.588733850216,0,110.611497910644,0,110.308487079243,0,145.866107395309,0,"chi","I",33,1000,0.5,0,0.1,0,FALSE,0,TRUE,0.5,200,TRUE,0.0024794110518174,64
97.6235073018283,13.6424799507282,-0.175385414843728,110.915216422869,119.968299357559,102.953041834982,136.983556880136,105.98360104146,82.6738474248816,129.293354658038,110.588733850216,0,110.611497910644,0,108.611135352722,0,136.405611442876,0,"chi","I",33,1000,0.5,0,0.1,0,FALSE,0,TRUE,0.5,200,TRUE,0.0024794110518174,64
97.6235073018283,13.6424799507282,-0.175385414843728,110.915216422869,119.968299357559,102.953041834982,136.983556880136,108.010420925066,84.4386005204165,131.582241329715,110.588733850216,0,110.611497910644,0,99.4776690629803,0,137.719258876527,0,"chi","I",33,1000,0.5,0,0.1,0,FALSE,0,TRUE,0.5,200,TRUE,0.0024794110518174,64
97.6235073018283,13.6424799507282,-0.175385414843728,110.915216422869,119.968299357559,102.953041834982,136.983556880136,112.056228139975,86.8563007229427,137.256155557008,110.588733850216,0,110.611497910644,0,107.957369802769,0,0,0,"chi","I",33,1000,0.5,0,0.1,0,FALSE,0,TRUE,0.5,200,TRUE,0.0024794110518174,64
97.6235073018283,13.6424799507282,-0.175385414843728,110.915216422869,119.968299357559,102.953041834982,136.983556880136,115.343111305493,91.6101991966018,139.076023414385,110.588733850216,0,110.611497910644,0,114.440651800928,0,0,0,"chi","I",33,1000,0.5,0,0.1,0,FALSE,0,TRUE,0.5,200,TRUE,0.0024794110518174,64
97.6235073018283,13.6424799507282,-0.175385414843728,110.915216422869,119.968299357559,102.953041834982,136.983556880136,113.959692307025,90.4446120366207,137.474772577429,110.588733850216,0,110.611497910644,0,110.252571593348,0,0,0,"chi","I",33,1000,0.5,0,0.1,0,FALSE,0,TRUE,0.5,200,TRUE,0.0024794110518174,64
97.6235073018283,13.6424799507282,-0.175385414843728,110.915216422869,119.968299357559,102.953041834982,136.983556880136,106.340636820883,84.0055722312616,128.675701410504,110.588733850216,0,110.611497910644,0,104.45040983432,0,130.877951960561,0,"chi","I",33,1000,0.5,0,0.1,0,FALSE,0,TRUE,0.5,200,TRUE,0.0024794110518174,64
97.6235073018283,13.6424799507282,-0.175385414843728,110.915216422869,119.968299357559,102.953041834982,136.983556880136,124.897348722237,97.537580460769,152.257116983705,110.588733850216,0,110.611497910644,0,118.826255531694,0,160.127698879053,0,"chi","I",33,1000,0.5,0,0.1,0,FALSE,0,TRUE,0.5,200,TRUE,0.0024794110518174,64
97.6235073018283,13.6424799507282,-0.175385414843728,110.915216422869,119.968299357559,102.953041834982,136.983556880136,113.421447131655,89.178647190842,137.664247072468,110.588733850216,0,110.611497910644,0,113.182548194262,0,0,0,"chi","I",33,1000,0.5,0,0.1,0,FALSE,0,TRUE,0.5,200,TRUE,0.0024794110518174,64
97.6235073018283,13.6424799507282,-0.175385414843728,110.915216422869,119.968299357559,102.953041834982,136.983556880136,110.435369016668,87.5344862242912,133.336251809044,110.588733850216,0,110.611497910644,0,112.221521275911,0,134.502797231642,0,"chi","I",33,1000,0.5,0,0.1,0,FALSE,0,TRUE,0.5,200,TRUE,0.0024794110518174,64
97.6235073018283,13.6424799507282,-0.175385414843728,110.915216422869,119.968299357559,102.953041834982,136.983556880136,122.395056477745,97.8933565514336,146.896756404057,110.588733850216,0,110.611497910644,0,116.300151876801,0,143.460999641884,0,"chi","I",33,1000,0.5,0,0.1,0,FALSE,0,TRUE,0.5,200,TRUE,0.0024794110518174,64
97.6235073018283,13.6424799507282,-0.175385414843728,110.915216422869,119.968299357559,102.953041834982,136.983556880136,100.549403944782,78.3255585743253,122.77324931524,110.588733850216,0,110.611497910644,0,99.9942574594216,0,0,0,"chi","I",33,1000,0.5,0,0.1,0,FALSE,0,TRUE,0.5,200,TRUE,0.0024794110518174,64
97.6235073018283,13.6424799507282,-0.175385414843728,110.915216422869,119.968299357559,102.953041834982,136.983556880136,108.463250036015,85.7250043866635,131.201495685367,110.588733850216,0,110.611497910644,0,106.700136377041,0,0,0,"chi","I",33,1000,0.5,0,0.1,0,FALSE,0,TRUE,0.5,200,TRUE,0.0024794110518174,64
97.6235073018283,13.6424799507282,-0.175385414843728,110.915216422869,119.968299357559,102.953041834982,136.983556880136,112.227649666608,88.0254548276012,136.429844505614,110.588733850216,0,110.611497910644,0,108.15549191937,0,0,0,"chi","I",33,1000,0.5,0,0.1,0,FALSE,0,TRUE,0.5,200,TRUE,0.0024794110518174,64
97.6235073018283,13.6424799507282,-0.175385414843728,110.915216422869,119.968299357559,102.953041834982,136.983556880136,111.701493889162,88.413730813073,134.989256965251,110.588733850216,0,110.611497910644,0,114.229196887386,0,135.84607796726,0,"chi","I",33,1000,0.5,0,0.1,0,FALSE,0,TRUE,0.5,200,TRUE,0.0024794110518174,64
97.6235073018283,13.6424799507282,-0.175385414843728,110.915216422869,119.968299357559,102.953041834982,136.983556880136,111.683721459867,87.6267678940031,135.740675025732,110.588733850216,0,110.611497910644,0,106.796436794227,0,0,0,"chi","I",33,1000,0.5,0,0.1,0,FALSE,0,TRUE,0.5,200,TRUE,0.0024794110518174,64
97.6235073018283,13.6424799507282,-0.175385414843728,110.915216422869,119.968299357559,102.953041834982,136.983556880136,120.217240534334,94.0870928141419,146.347388254526,110.588733850216,0,110.611497910644,0,113.20119210473,0,0,0,"chi","I",33,1000,0.5,0,0.1,0,FALSE,0,TRUE,0.5,200,TRUE,0.0024794110518174,64
97.6235073018283,13.6424799507282,-0.175385414843728,110.915216422869,119.968299357559,102.953041834982,136.983556880136,115.147043027715,91.9125256826934,138.381560372737,110.588733850216,0,110.611497910644,0,104.173187531328,0,NA,NA,"chi","I",33,1000,0.5,0,0.1,0,FALSE,0,TRUE,0.5,200,TRUE,0.0024794110518174,64
97.6235073018283,13.6424799507282,-0.175385414843728,110.915216422869,119.968299357559,102.953041834982,136.983556880136,112.200745447102,88.8842867237878,135.517204170416,110.588733850216,0,110.611497910644,0,117.846048058874,0,0,0,"chi","I",33,1000,0.5,0,0.1,0,FALSE,0,TRUE,0.5,200,TRUE,0.0024794110518174,64
97.6235073018283,13.6424799507282,-0.175385414843728,110.915216422869,119.968299357559,102.953041834982,136.983556880136,108.463237072486,84.5085160381608,132.417958106811,110.588733850216,0,110.611497910644,0,104.757706897429,0,140.780805959487,0,"chi","I",33,1000,0.5,0,0.1,0,FALSE,0,TRUE,0.5,200,TRUE,0.0024794110518174,64
97.6235073018283,13.6424799507282,-0.175385414843728,110.915216422869,119.968299357559,102.953041834982,136.983556880136,120.794253906741,96.0303236303886,145.558184183092,110.588733850216,0,110.611497910644,0,114.178224103524,0,0,0,"chi","I",33,1000,0.5,0,0.1,0,FALSE,0,TRUE,0.5,200,TRUE,0.0024794110518174,64
97.6235073018283,13.6424799507282,-0.175385414843728,110.915216422869,119.968299357559,102.953041834982,136.983556880136,130.661423566149,103.746090982645,157.576756149654,110.588733850216,0,110.611497910644,0,127.251948369025,0,157.368354263288,0,"chi","I",33,1000,0.5,0,0.1,0,FALSE,0,TRUE,0.5,200,TRUE,0.0024794110518174,64
97.6235073018283,13.6424799507282,-0.175385414843728,110.915216422869,119.968299357559,102.953041834982,136.983556880136,116.609809355718,91.4217607012174,141.797858010218,110.588733850216,0,110.611497910644,0,112.591316945561,0,146.506312811556,0,"chi","I",33,1000,0.5,0,0.1,0,FALSE,0,TRUE,0.5,200,TRUE,0.0024794110518174,64
97.6235073018283,13.6424799507282,-0.175385414843728,110.915216422869,119.968299357559,102.953041834982,136.983556880136,130.880052226237,103.182159932224,158.57794452025,110.588733850216,0,110.611497910644,0,124.11251125627,0,162.67037726496,0,"chi","I",33,1000,0.5,0,0.1,0,FALSE,0,TRUE,0.5,200,TRUE,0.0024794110518174,64
97.6235073018283,13.6424799507282,-0.175385414843728,110.915216422869,119.968299357559,102.953041834982,136.983556880136,105.731596932094,81.4891254211248,129.974068443062,110.588733850216,0,110.611497910644,0,113.412782475258,0,NA,NA,"chi","I",33,1000,0.5,0,0.1,0,FALSE,0,TRUE,0.5,200,TRUE,0.0024794110518174,64
97.6235073018283,13.6424799507282,-0.175385414843728,110.915216422869,119.968299357559,102.953041834982,136.983556880136,115.950350554641,92.1790721080394,139.721629001242,110.588733850216,0,110.611497910644,0,108.807528533339,0,140.494711255979,0,"chi","I",33,1000,0.5,0,0.1,0,FALSE,0,TRUE,0.5,200,TRUE,0.0024794110518174,64
97.6235073018283,13.6424799507282,-0.175385414843728,110.915216422869,119.968299357559,102.953041834982,136.983556880136,117.074459379428,93.1389857407019,141.009933018154,110.588733850216,0,110.611497910644,0,116.745643308324,0,140.862336931937,0,"chi","I",33,1000,0.5,0,0.1,0,FALSE,0,TRUE,0.5,200,TRUE,0.0024794110518174,64
97.6235073018283,13.6424799507282,-0.175385414843728,110.915216422869,119.968299357559,102.953041834982,136.983556880136,108.17872341882,86.1397881074118,130.217658730228,110.588733850216,0,110.611497910644,0,110.008919818817,0,129.737431209254,0,"chi","I",33,1000,0.5,0,0.1,0,FALSE,0,TRUE,0.5,200,TRUE,0.0024794110518174,64
97.6235073018283,13.6424799507282,-0.175385414843728,110.915216422869,119.968299357559,102.953041834982,136.983556880136,107.524542165494,84.010482957941,131.038601373047,110.588733850216,0,110.611497910644,0,116.251913775487,0,0,0,"chi","I",33,1000,0.5,0,0.1,0,FALSE,0,TRUE,0.5,200,TRUE,0.0024794110518174,64
97.6235073018283,13.6424799507282,-0.175385414843728,110.915216422869,119.968299357559,102.953041834982,136.983556880136,100.157331972302,79.2677271239623,121.046936820642,110.588733850216,0,110.611497910644,0,103.092870554889,0,0,0,"chi","I",33,1000,0.5,0,0.1,0,FALSE,0,TRUE,0.5,200,TRUE,0.0024794110518174,64
97.6235073018283,13.6424799507282,-0.175385414843728,110.915216422869,119.968299357559,102.953041834982,136.983556880136,110.834221537463,86.6301393022576,135.038303772668,110.588733850216,0,110.611497910644,0,106.853976884641,0,141.74587798846,0,"chi","I",33,1000,0.5,0,0.1,0,FALSE,0,TRUE,0.5,200,TRUE,0.0024794110518174,64
97.6235073018283,13.6424799507282,-0.175385414843728,110.915216422869,119.968299357559,102.953041834982,136.983556880136,104.623382511967,81.82615995373,127.420605070203,110.588733850216,0,110.611497910644,0,106.985818536773,0,0,0,"chi","I",33,1000,0.5,0,0.1,0,FALSE,0,TRUE,0.5,200,TRUE,0.0024794110518174,64
97.6235073018283,13.6424799507282,-0.175385414843728,110.915216422869,119.968299357559,102.953041834982,136.983556880136,117.502361595159,93.8272331364957,141.177490053823,110.588733850216,0,110.611497910644,0,112.924108422777,0,0,0,"chi","I",33,1000,0.5,0,0.1,0,FALSE,0,TRUE,0.5,200,TRUE,0.0024794110518174,64
97.6235073018283,13.6424799507282,-0.175385414843728,110.915216422869,119.968299357559,102.953041834982,136.983556880136,117.120139959576,93.0444096690472,141.195870250105,110.588733850216,0,110.611497910644,0,113.625508483959,0,0,0,"chi","I",33,1000,0.5,0,0.1,0,FALSE,0,TRUE,0.5,200,TRUE,0.0024794110518174,64
97.6235073018283,13.6424799507282,-0.175385414843728,110.915216422869,119.968299357559,102.953041834982,136.983556880136,114.879590916033,90.7589327796516,139.000249052414,110.588733850216,0,110.611497910644,0,114.895813117145,0,140.661733679443,0,"chi","I",33,1000,0.5,0,0.1,0,FALSE,0,TRUE,0.5,200,TRUE,0.0024794110518174,64
97.6235073018283,13.6424799507282,-0.175385414843728,110.915216422869,119.968299357559,102.953041834982,136.983556880136,112.901450388847,88.7155713318922,137.087329445802,110.588733850216,0,110.611497910644,0,105.327257451875,0,0,0,"chi","I",33,1000,0.5,0,0.1,0,FALSE,0,TRUE,0.5,200,TRUE,0.0024794110518174,64
97.6235073018283,13.6424799507282,-0.175385414843728,110.915216422869,119.968299357559,102.953041834982,136.983556880136,109.173734625998,86.7215226800994,131.625946571897,110.588733850216,0,110.611497910644,0,103.30482510624,0,131.752234505488,0,"chi","I",33,1000,0.5,0,0.1,0,FALSE,0,TRUE,0.5,200,TRUE,0.0024794110518174,64
97.6235073018283,13.6424799507282,-0.175385414843728,110.915216422869,119.968299357559,102.953041834982,136.983556880136,112.440474090384,89.7851063336226,135.095841847145,110.588733850216,0,110.611497910644,0,112.7939552247,0,132.570726545252,0,"chi","I",33,1000,0.5,0,0.1,0,FALSE,0,TRUE,0.5,200,TRUE,0.0024794110518174,64
97.6235073018283,13.6424799507282,-0.175385414843728,110.915216422869,119.968299357559,102.953041834982,136.983556880136,113.68238930616,89.2901053587106,138.074673253609,110.588733850216,0,110.611497910644,0,113.480349116387,0,0,0,"chi","I",33,1000,0.5,0,0.1,0,FALSE,0,TRUE,0.5,200,TRUE,0.0024794110518174,64
