"var_main_effect","var_inter_effect","cov_main_inter_effect","var_total_effect","EigenPrism_main","EigenPrism_CI1","EigenPrism_CI2","sub_EigenPrism_main","sub_EigenPrism_CI1","sub_EigenPrism_CI2","GCTA_main","GCTA_inter","prop_main","prop_inter","sub_GCTA_main","sub_GCTA_inter","sub_prop_main","sub_prop_inter","x_dist","structure","p","n","main_fixed_var","main_random_var","inter_fixed_var","inter_random_var","decor","interact","combine","pro","n_sub","inter_std","sigma_main_approx","i"
39.9391014221924,0,0,39.9391014221924,108.379362549301,78.9445603123168,137.814164786285,107.640763247288,80.8440544167828,134.437472077792,94.0376670259259,0,42.9571437987189,0,91.7233008555795,0,32.1069125198925,0,"chi","un",33,528,0.5,0,0,0,FALSE,0,FALSE,0.5,200,TRUE,0.00225743825825325,69
39.9391014221924,0,0,39.9391014221924,108.379362549301,78.9445603123168,137.814164786285,NA,NA,NA,94.0376670259259,0,42.9571437987189,0,71.7134884995531,0,32.4588576352612,0,"chi","un",33,528,0.5,0,0,0,FALSE,0,FALSE,0.5,200,TRUE,0.00225743825825325,69
39.9391014221924,0,0,39.9391014221924,108.379362549301,78.9445603123168,137.814164786285,104.217837336773,75.7422988994542,132.693375774092,94.0376670259259,0,42.9571437987189,0,88.5538359527599,0,36.8888307238954,0,"chi","un",33,528,0.5,0,0,0,FALSE,0,FALSE,0.5,200,TRUE,0.00225743825825325,69
39.9391014221924,0,0,39.9391014221924,108.379362549301,78.9445603123168,137.814164786285,NA,NA,NA,94.0376670259259,0,42.9571437987189,0,87.1652092514957,0,51.5768472579153,0,"chi","un",33,528,0.5,0,0,0,FALSE,0,FALSE,0.5,200,TRUE,0.00225743825825325,69
39.9391014221924,0,0,39.9391014221924,108.379362549301,78.9445603123168,137.814164786285,NA,NA,NA,94.0376670259259,0,42.9571437987189,0,81.0040665338779,0,47.4315608880999,0,"chi","un",33,528,0.5,0,0,0,FALSE,0,FALSE,0.5,200,TRUE,0.00225743825825325,69
39.9391014221924,0,0,39.9391014221924,108.379362549301,78.9445603123168,137.814164786285,NA,NA,NA,94.0376670259259,0,42.9571437987189,0,97.3281280126552,0,47.2542147107326,0,"chi","un",33,528,0.5,0,0,0,FALSE,0,FALSE,0.5,200,TRUE,0.00225743825825325,69
39.9391014221924,0,0,39.9391014221924,108.379362549301,78.9445603123168,137.814164786285,110.777630937842,75.8376786821617,145.717583193522,94.0376670259259,0,42.9571437987189,0,97.6399940655882,0,48.8971459255852,0,"chi","un",33,528,0.5,0,0,0,FALSE,0,FALSE,0.5,200,TRUE,0.00225743825825325,69
39.9391014221924,0,0,39.9391014221924,108.379362549301,78.9445603123168,137.814164786285,136.202375911387,95.039263609479,177.365488213294,94.0376670259259,0,42.9571437987189,0,122.334519517882,0,58.6964812642092,0,"chi","un",33,528,0.5,0,0,0,FALSE,0,FALSE,0.5,200,TRUE,0.00225743825825325,69
39.9391014221924,0,0,39.9391014221924,108.379362549301,78.9445603123168,137.814164786285,NA,NA,NA,94.0376670259259,0,42.9571437987189,0,80.0637927519313,0,45.8306885756801,0,"chi","un",33,528,0.5,0,0,0,FALSE,0,FALSE,0.5,200,TRUE,0.00225743825825325,69
39.9391014221924,0,0,39.9391014221924,108.379362549301,78.9445603123168,137.814164786285,NA,NA,NA,94.0376670259259,0,42.9571437987189,0,84.1019567712496,0,35.8777116816574,0,"chi","un",33,528,0.5,0,0,0,FALSE,0,FALSE,0.5,200,TRUE,0.00225743825825325,69
39.9391014221924,0,0,39.9391014221924,108.379362549301,78.9445603123168,137.814164786285,89.4808872564647,68.0377420871613,110.924032425768,94.0376670259259,0,42.9571437987189,0,74.652732792101,0,24.8379375611392,0,"chi","un",33,528,0.5,0,0,0,FALSE,0,FALSE,0.5,200,TRUE,0.00225743825825325,69
39.9391014221924,0,0,39.9391014221924,108.379362549301,78.9445603123168,137.814164786285,NA,NA,NA,94.0376670259259,0,42.9571437987189,0,110.772780789439,0,49.3552600793614,0,"chi","un",33,528,0.5,0,0,0,FALSE,0,FALSE,0.5,200,TRUE,0.00225743825825325,69
39.9391014221924,0,0,39.9391014221924,108.379362549301,78.9445603123168,137.814164786285,NA,NA,NA,94.0376670259259,0,42.9571437987189,0,84.3201589239712,0,33.5838151357815,0,"chi","un",33,528,0.5,0,0,0,FALSE,0,FALSE,0.5,200,TRUE,0.00225743825825325,69
39.9391014221924,0,0,39.9391014221924,108.379362549301,78.9445603123168,137.814164786285,NA,NA,NA,94.0376670259259,0,42.9571437987189,0,75.8617726155042,0,47.1759127323352,0,"chi","un",33,528,0.5,0,0,0,FALSE,0,FALSE,0.5,200,TRUE,0.00225743825825325,69
39.9391014221924,0,0,39.9391014221924,108.379362549301,78.9445603123168,137.814164786285,NA,NA,NA,94.0376670259259,0,42.9571437987189,0,77.1563694502485,0,48.3309874459261,0,"chi","un",33,528,0.5,0,0,0,FALSE,0,FALSE,0.5,200,TRUE,0.00225743825825325,69
39.9391014221924,0,0,39.9391014221924,108.379362549301,78.9445603123168,137.814164786285,101.736626482642,73.6447045634533,129.828548401831,94.0376670259259,0,42.9571437987189,0,94.6252753839023,0,37.4505704091281,0,"chi","un",33,528,0.5,0,0,0,FALSE,0,FALSE,0.5,200,TRUE,0.00225743825825325,69
39.9391014221924,0,0,39.9391014221924,108.379362549301,78.9445603123168,137.814164786285,101.047644594035,72.7953000328304,129.299989155239,94.0376670259259,0,42.9571437987189,0,90.2556564032291,0,35.2169470456078,0,"chi","un",33,528,0.5,0,0,0,FALSE,0,FALSE,0.5,200,TRUE,0.00225743825825325,69
39.9391014221924,0,0,39.9391014221924,108.379362549301,78.9445603123168,137.814164786285,87.599342311712,55.9615513235586,119.237133299865,94.0376670259259,0,42.9571437987189,0,73.8841373426341,0,43.6481912652913,0,"chi","un",33,528,0.5,0,0,0,FALSE,0,FALSE,0.5,200,TRUE,0.00225743825825325,69
39.9391014221924,0,0,39.9391014221924,108.379362549301,78.9445603123168,137.814164786285,NA,NA,NA,94.0376670259259,0,42.9571437987189,0,90.5964874149767,0,39.498299850132,0,"chi","un",33,528,0.5,0,0,0,FALSE,0,FALSE,0.5,200,TRUE,0.00225743825825325,69
39.9391014221924,0,0,39.9391014221924,108.379362549301,78.9445603123168,137.814164786285,92.067030419268,63.4644376494303,120.669623189106,94.0376670259259,0,42.9571437987189,0,75.6375086190463,0,34.6192263207268,0,"chi","un",33,528,0.5,0,0,0,FALSE,0,FALSE,0.5,200,TRUE,0.00225743825825325,69
39.9391014221924,0,0,39.9391014221924,108.379362549301,78.9445603123168,137.814164786285,NA,NA,NA,94.0376670259259,0,42.9571437987189,0,111.174431583106,0,52.960015974495,0,"chi","un",33,528,0.5,0,0,0,FALSE,0,FALSE,0.5,200,TRUE,0.00225743825825325,69
39.9391014221924,0,0,39.9391014221924,108.379362549301,78.9445603123168,137.814164786285,121.254255736992,82.0883982403525,160.420113233631,94.0376670259259,0,42.9571437987189,0,104.745025466063,0,56.5618506145203,0,"chi","un",33,528,0.5,0,0,0,FALSE,0,FALSE,0.5,200,TRUE,0.00225743825825325,69
39.9391014221924,0,0,39.9391014221924,108.379362549301,78.9445603123168,137.814164786285,NA,NA,NA,94.0376670259259,0,42.9571437987189,0,84.8416786061102,0,30.9694247215206,0,"chi","un",33,528,0.5,0,0,0,FALSE,0,FALSE,0.5,200,TRUE,0.00225743825825325,69
39.9391014221924,0,0,39.9391014221924,108.379362549301,78.9445603123168,137.814164786285,NA,NA,NA,94.0376670259259,0,42.9571437987189,0,85.3719011711692,0,37.5013048954499,0,"chi","un",33,528,0.5,0,0,0,FALSE,0,FALSE,0.5,200,TRUE,0.00225743825825325,69
39.9391014221924,0,0,39.9391014221924,108.379362549301,78.9445603123168,137.814164786285,NA,NA,NA,94.0376670259259,0,42.9571437987189,0,62.861579086512,0,29.2340068244733,0,"chi","un",33,528,0.5,0,0,0,FALSE,0,FALSE,0.5,200,TRUE,0.00225743825825325,69
39.9391014221924,0,0,39.9391014221924,108.379362549301,78.9445603123168,137.814164786285,NA,NA,NA,94.0376670259259,0,42.9571437987189,0,98.9781688092431,0,53.3412228992959,0,"chi","un",33,528,0.5,0,0,0,FALSE,0,FALSE,0.5,200,TRUE,0.00225743825825325,69
39.9391014221924,0,0,39.9391014221924,108.379362549301,78.9445603123168,137.814164786285,NA,NA,NA,94.0376670259259,0,42.9571437987189,0,94.6029565673689,0,48.2427358249162,0,"chi","un",33,528,0.5,0,0,0,FALSE,0,FALSE,0.5,200,TRUE,0.00225743825825325,69
39.9391014221924,0,0,39.9391014221924,108.379362549301,78.9445603123168,137.814164786285,95.3850050236923,67.9238178648575,122.846192182527,94.0376670259259,0,42.9571437987189,0,80.7936338364205,0,34.3853454094644,0,"chi","un",33,528,0.5,0,0,0,FALSE,0,FALSE,0.5,200,TRUE,0.00225743825825325,69
39.9391014221924,0,0,39.9391014221924,108.379362549301,78.9445603123168,137.814164786285,NA,NA,NA,94.0376670259259,0,42.9571437987189,0,119.360241181853,0,56.7102793085099,0,"chi","un",33,528,0.5,0,0,0,FALSE,0,FALSE,0.5,200,TRUE,0.00225743825825325,69
39.9391014221924,0,0,39.9391014221924,108.379362549301,78.9445603123168,137.814164786285,NA,NA,NA,94.0376670259259,0,42.9571437987189,0,99.4578374166092,0,51.790835379351,0,"chi","un",33,528,0.5,0,0,0,FALSE,0,FALSE,0.5,200,TRUE,0.00225743825825325,69
39.9391014221924,0,0,39.9391014221924,108.379362549301,78.9445603123168,137.814164786285,101.527106473097,62.1652352743106,140.888977671884,94.0376670259259,0,42.9571437987189,0,86.0906447114826,0,56.0519558763416,0,"chi","un",33,528,0.5,0,0,0,FALSE,0,FALSE,0.5,200,TRUE,0.00225743825825325,69
39.9391014221924,0,0,39.9391014221924,108.379362549301,78.9445603123168,137.814164786285,NA,NA,NA,94.0376670259259,0,42.9571437987189,0,94.4980017344671,0,48.3454427637732,0,"chi","un",33,528,0.5,0,0,0,FALSE,0,FALSE,0.5,200,TRUE,0.00225743825825325,69
39.9391014221924,0,0,39.9391014221924,108.379362549301,78.9445603123168,137.814164786285,103.335895878154,70.9577375918373,135.714054164472,94.0376670259259,0,42.9571437987189,0,89.1493636267238,0,44.808523758429,0,"chi","un",33,528,0.5,0,0,0,FALSE,0,FALSE,0.5,200,TRUE,0.00225743825825325,69
39.9391014221924,0,0,39.9391014221924,108.379362549301,78.9445603123168,137.814164786285,NA,NA,NA,94.0376670259259,0,42.9571437987189,0,82.9572484337163,0,42.0570373285887,0,"chi","un",33,528,0.5,0,0,0,FALSE,0,FALSE,0.5,200,TRUE,0.00225743825825325,69
39.9391014221924,0,0,39.9391014221924,108.379362549301,78.9445603123168,137.814164786285,NA,NA,NA,94.0376670259259,0,42.9571437987189,0,64.1426809725947,0,27.7551997412409,0,"chi","un",33,528,0.5,0,0,0,FALSE,0,FALSE,0.5,200,TRUE,0.00225743825825325,69
39.9391014221924,0,0,39.9391014221924,108.379362549301,78.9445603123168,137.814164786285,122.923934133369,86.1019644016655,159.745903865073,94.0376670259259,0,42.9571437987189,0,104.243582954625,0,50.8263335325666,0,"chi","un",33,528,0.5,0,0,0,FALSE,0,FALSE,0.5,200,TRUE,0.00225743825825325,69
39.9391014221924,0,0,39.9391014221924,108.379362549301,78.9445603123168,137.814164786285,NA,NA,NA,94.0376670259259,0,42.9571437987189,0,119.502670776328,0,58.2206657405496,0,"chi","un",33,528,0.5,0,0,0,FALSE,0,FALSE,0.5,200,TRUE,0.00225743825825325,69
39.9391014221924,0,0,39.9391014221924,108.379362549301,78.9445603123168,137.814164786285,NA,NA,NA,94.0376670259259,0,42.9571437987189,0,97.8750817342053,0,53.6051386267058,0,"chi","un",33,528,0.5,0,0,0,FALSE,0,FALSE,0.5,200,TRUE,0.00225743825825325,69
39.9391014221924,0,0,39.9391014221924,108.379362549301,78.9445603123168,137.814164786285,NA,NA,NA,94.0376670259259,0,42.9571437987189,0,100.416140246559,0,52.6895209409917,0,"chi","un",33,528,0.5,0,0,0,FALSE,0,FALSE,0.5,200,TRUE,0.00225743825825325,69
39.9391014221924,0,0,39.9391014221924,108.379362549301,78.9445603123168,137.814164786285,NA,NA,NA,94.0376670259259,0,42.9571437987189,0,96.1015587168587,0,47.7287383403094,0,"chi","un",33,528,0.5,0,0,0,FALSE,0,FALSE,0.5,200,TRUE,0.00225743825825325,69
39.9391014221924,0,0,39.9391014221924,108.379362549301,78.9445603123168,137.814164786285,NA,NA,NA,94.0376670259259,0,42.9571437987189,0,76.3402694525193,0,29.1702413636529,0,"chi","un",33,528,0.5,0,0,0,FALSE,0,FALSE,0.5,200,TRUE,0.00225743825825325,69
39.9391014221924,0,0,39.9391014221924,108.379362549301,78.9445603123168,137.814164786285,NA,NA,NA,94.0376670259259,0,42.9571437987189,0,91.2177985200348,0,46.5501316586513,0,"chi","un",33,528,0.5,0,0,0,FALSE,0,FALSE,0.5,200,TRUE,0.00225743825825325,69
39.9391014221924,0,0,39.9391014221924,108.379362549301,78.9445603123168,137.814164786285,NA,NA,NA,94.0376670259259,0,42.9571437987189,0,106.359637815885,0,58.3282801364378,0,"chi","un",33,528,0.5,0,0,0,FALSE,0,FALSE,0.5,200,TRUE,0.00225743825825325,69
39.9391014221924,0,0,39.9391014221924,108.379362549301,78.9445603123168,137.814164786285,NA,NA,NA,94.0376670259259,0,42.9571437987189,0,94.066801868448,0,49.3216073032555,0,"chi","un",33,528,0.5,0,0,0,FALSE,0,FALSE,0.5,200,TRUE,0.00225743825825325,69
39.9391014221924,0,0,39.9391014221924,108.379362549301,78.9445603123168,137.814164786285,86.3482476520759,61.8314726338852,110.865022670267,94.0376670259259,0,42.9571437987189,0,74.8852076820869,0,31.9322541317344,0,"chi","un",33,528,0.5,0,0,0,FALSE,0,FALSE,0.5,200,TRUE,0.00225743825825325,69
39.9391014221924,0,0,39.9391014221924,108.379362549301,78.9445603123168,137.814164786285,64.2380217867199,44.8477138528036,83.6283297206361,94.0376670259259,0,42.9571437987189,0,51.1367345364757,0,21.7474843747761,0,"chi","un",33,528,0.5,0,0,0,FALSE,0,FALSE,0.5,200,TRUE,0.00225743825825325,69
39.9391014221924,0,0,39.9391014221924,108.379362549301,78.9445603123168,137.814164786285,110.999337395317,80.5317635235157,141.466911267119,94.0376670259259,0,42.9571437987189,0,95.7717343035455,0,40.762223847162,0,"chi","un",33,528,0.5,0,0,0,FALSE,0,FALSE,0.5,200,TRUE,0.00225743825825325,69
39.9391014221924,0,0,39.9391014221924,108.379362549301,78.9445603123168,137.814164786285,NA,NA,NA,94.0376670259259,0,42.9571437987189,0,70.4233325705536,0,26.0526216388329,0,"chi","un",33,528,0.5,0,0,0,FALSE,0,FALSE,0.5,200,TRUE,0.00225743825825325,69
39.9391014221924,0,0,39.9391014221924,108.379362549301,78.9445603123168,137.814164786285,NA,NA,NA,94.0376670259259,0,42.9571437987189,0,87.8406912414722,0,36.0251688849543,0,"chi","un",33,528,0.5,0,0,0,FALSE,0,FALSE,0.5,200,TRUE,0.00225743825825325,69
39.9391014221924,0,0,39.9391014221924,108.379362549301,78.9445603123168,137.814164786285,NA,NA,NA,94.0376670259259,0,42.9571437987189,0,46.9284676495374,0,26.3152637437971,0,"chi","un",33,528,0.5,0,0,0,FALSE,0,FALSE,0.5,200,TRUE,0.00225743825825325,69
39.9391014221924,0,0,39.9391014221924,108.379362549301,78.9445603123168,137.814164786285,NA,NA,NA,94.0376670259259,0,42.9571437987189,0,124.284144037973,0,58.1139523234073,0,"chi","un",33,528,0.5,0,0,0,FALSE,0,FALSE,0.5,200,TRUE,0.00225743825825325,69
39.9391014221924,0,0,39.9391014221924,108.379362549301,78.9445603123168,137.814164786285,NA,NA,NA,94.0376670259259,0,42.9571437987189,0,95.0671662100844,0,48.2406507033045,0,"chi","un",33,528,0.5,0,0,0,FALSE,0,FALSE,0.5,200,TRUE,0.00225743825825325,69
39.9391014221924,0,0,39.9391014221924,108.379362549301,78.9445603123168,137.814164786285,NA,NA,NA,94.0376670259259,0,42.9571437987189,0,97.2259605942701,0,37.9928329130125,0,"chi","un",33,528,0.5,0,0,0,FALSE,0,FALSE,0.5,200,TRUE,0.00225743825825325,69
39.9391014221924,0,0,39.9391014221924,108.379362549301,78.9445603123168,137.814164786285,NA,NA,NA,94.0376670259259,0,42.9571437987189,0,97.7594981828677,0,50.0424258547299,0,"chi","un",33,528,0.5,0,0,0,FALSE,0,FALSE,0.5,200,TRUE,0.00225743825825325,69
39.9391014221924,0,0,39.9391014221924,108.379362549301,78.9445603123168,137.814164786285,91.2253854632648,63.9710251948124,118.479745731717,94.0376670259259,0,42.9571437987189,0,73.8414347039987,0,34.0785264070418,0,"chi","un",33,528,0.5,0,0,0,FALSE,0,FALSE,0.5,200,TRUE,0.00225743825825325,69
39.9391014221924,0,0,39.9391014221924,108.379362549301,78.9445603123168,137.814164786285,NA,NA,NA,94.0376670259259,0,42.9571437987189,0,86.0896332382309,0,36.9923861790427,0,"chi","un",33,528,0.5,0,0,0,FALSE,0,FALSE,0.5,200,TRUE,0.00225743825825325,69
39.9391014221924,0,0,39.9391014221924,108.379362549301,78.9445603123168,137.814164786285,NA,NA,NA,94.0376670259259,0,42.9571437987189,0,97.0823544240976,0,53.7402564602204,0,"chi","un",33,528,0.5,0,0,0,FALSE,0,FALSE,0.5,200,TRUE,0.00225743825825325,69
39.9391014221924,0,0,39.9391014221924,108.379362549301,78.9445603123168,137.814164786285,NA,NA,NA,94.0376670259259,0,42.9571437987189,0,78.401823796001,0,42.2943086856538,0,"chi","un",33,528,0.5,0,0,0,FALSE,0,FALSE,0.5,200,TRUE,0.00225743825825325,69
39.9391014221924,0,0,39.9391014221924,108.379362549301,78.9445603123168,137.814164786285,NA,NA,NA,94.0376670259259,0,42.9571437987189,0,107.203053854903,0,59.4394185121933,0,"chi","un",33,528,0.5,0,0,0,FALSE,0,FALSE,0.5,200,TRUE,0.00225743825825325,69
39.9391014221924,0,0,39.9391014221924,108.379362549301,78.9445603123168,137.814164786285,NA,NA,NA,94.0376670259259,0,42.9571437987189,0,79.1423771739413,0,38.0294926760534,0,"chi","un",33,528,0.5,0,0,0,FALSE,0,FALSE,0.5,200,TRUE,0.00225743825825325,69
39.9391014221924,0,0,39.9391014221924,108.379362549301,78.9445603123168,137.814164786285,NA,NA,NA,94.0376670259259,0,42.9571437987189,0,63.0899217379109,0,26.5561231494152,0,"chi","un",33,528,0.5,0,0,0,FALSE,0,FALSE,0.5,200,TRUE,0.00225743825825325,69
39.9391014221924,0,0,39.9391014221924,108.379362549301,78.9445603123168,137.814164786285,127.442095021205,85.1957729249296,169.688417117481,94.0376670259259,0,42.9571437987189,0,112.532302916165,0,59.3164930121446,0,"chi","un",33,528,0.5,0,0,0,FALSE,0,FALSE,0.5,200,TRUE,0.00225743825825325,69
39.9391014221924,0,0,39.9391014221924,108.379362549301,78.9445603123168,137.814164786285,NA,NA,NA,94.0376670259259,0,42.9571437987189,0,77.2917715484179,0,37.1960059732095,0,"chi","un",33,528,0.5,0,0,0,FALSE,0,FALSE,0.5,200,TRUE,0.00225743825825325,69
39.9391014221924,0,0,39.9391014221924,108.379362549301,78.9445603123168,137.814164786285,NA,NA,NA,94.0376670259259,0,42.9571437987189,0,88.2994556057322,0,44.3735133646972,0,"chi","un",33,528,0.5,0,0,0,FALSE,0,FALSE,0.5,200,TRUE,0.00225743825825325,69
39.9391014221924,0,0,39.9391014221924,108.379362549301,78.9445603123168,137.814164786285,101.879399806623,66.4467073459811,137.312092267264,94.0376670259259,0,42.9571437987189,0,87.5641710729042,0,49.4125513448163,0,"chi","un",33,528,0.5,0,0,0,FALSE,0,FALSE,0.5,200,TRUE,0.00225743825825325,69
39.9391014221924,0,0,39.9391014221924,108.379362549301,78.9445603123168,137.814164786285,NA,NA,NA,94.0376670259259,0,42.9571437987189,0,105.327632355632,0,56.2541452318611,0,"chi","un",33,528,0.5,0,0,0,FALSE,0,FALSE,0.5,200,TRUE,0.00225743825825325,69
39.9391014221924,0,0,39.9391014221924,108.379362549301,78.9445603123168,137.814164786285,87.1749551282076,62.3740144896118,111.975895766803,94.0376670259259,0,42.9571437987189,0,72.0998136829073,0,30.9759650168906,0,"chi","un",33,528,0.5,0,0,0,FALSE,0,FALSE,0.5,200,TRUE,0.00225743825825325,69
39.9391014221924,0,0,39.9391014221924,108.379362549301,78.9445603123168,137.814164786285,NA,NA,NA,94.0376670259259,0,42.9571437987189,0,73.0185712267957,0,29.9732792966219,0,"chi","un",33,528,0.5,0,0,0,FALSE,0,FALSE,0.5,200,TRUE,0.00225743825825325,69
39.9391014221924,0,0,39.9391014221924,108.379362549301,78.9445603123168,137.814164786285,NA,NA,NA,94.0376670259259,0,42.9571437987189,0,90.4627655527813,0,53.815388362518,0,"chi","un",33,528,0.5,0,0,0,FALSE,0,FALSE,0.5,200,TRUE,0.00225743825825325,69
39.9391014221924,0,0,39.9391014221924,108.379362549301,78.9445603123168,137.814164786285,NA,NA,NA,94.0376670259259,0,42.9571437987189,0,122.525617015846,0,58.3315765954856,0,"chi","un",33,528,0.5,0,0,0,FALSE,0,FALSE,0.5,200,TRUE,0.00225743825825325,69
39.9391014221924,0,0,39.9391014221924,108.379362549301,78.9445603123168,137.814164786285,NA,NA,NA,94.0376670259259,0,42.9571437987189,0,97.8282230454726,0,44.0636755470457,0,"chi","un",33,528,0.5,0,0,0,FALSE,0,FALSE,0.5,200,TRUE,0.00225743825825325,69
39.9391014221924,0,0,39.9391014221924,108.379362549301,78.9445603123168,137.814164786285,NA,NA,NA,94.0376670259259,0,42.9571437987189,0,82.1742822647888,0,36.4461652470251,0,"chi","un",33,528,0.5,0,0,0,FALSE,0,FALSE,0.5,200,TRUE,0.00225743825825325,69
39.9391014221924,0,0,39.9391014221924,108.379362549301,78.9445603123168,137.814164786285,104.219388852354,74.2524339254076,134.1863437793,94.0376670259259,0,42.9571437987189,0,86.9605395865892,0,38.1966677453683,0,"chi","un",33,528,0.5,0,0,0,FALSE,0,FALSE,0.5,200,TRUE,0.00225743825825325,69
39.9391014221924,0,0,39.9391014221924,108.379362549301,78.9445603123168,137.814164786285,NA,NA,NA,94.0376670259259,0,42.9571437987189,0,91.0478363203976,0,36.7878378627782,0,"chi","un",33,528,0.5,0,0,0,FALSE,0,FALSE,0.5,200,TRUE,0.00225743825825325,69
39.9391014221924,0,0,39.9391014221924,108.379362549301,78.9445603123168,137.814164786285,NA,NA,NA,94.0376670259259,0,42.9571437987189,0,59.1378956701321,0,32.7441771117284,0,"chi","un",33,528,0.5,0,0,0,FALSE,0,FALSE,0.5,200,TRUE,0.00225743825825325,69
39.9391014221924,0,0,39.9391014221924,108.379362549301,78.9445603123168,137.814164786285,89.555078535089,61.5886525798904,117.521504490288,94.0376670259259,0,42.9571437987189,0,75.0324474676768,0,36.6310670920499,0,"chi","un",33,528,0.5,0,0,0,FALSE,0,FALSE,0.5,200,TRUE,0.00225743825825325,69
39.9391014221924,0,0,39.9391014221924,108.379362549301,78.9445603123168,137.814164786285,101.668083355917,75.772697378021,127.563469333813,94.0376670259259,0,42.9571437987189,0,89.3854915374519,0,31.1621916163006,0,"chi","un",33,528,0.5,0,0,0,FALSE,0,FALSE,0.5,200,TRUE,0.00225743825825325,69
39.9391014221924,0,0,39.9391014221924,108.379362549301,78.9445603123168,137.814164786285,134.211326634218,94.6035548025348,173.819098465901,94.0376670259259,0,42.9571437987189,0,135.65190727415,0,56.0941802090596,0,"chi","un",33,528,0.5,0,0,0,FALSE,0,FALSE,0.5,200,TRUE,0.00225743825825325,69
39.9391014221924,0,0,39.9391014221924,108.379362549301,78.9445603123168,137.814164786285,NA,NA,NA,94.0376670259259,0,42.9571437987189,0,123.315950143121,0,52.1329237737454,0,"chi","un",33,528,0.5,0,0,0,FALSE,0,FALSE,0.5,200,TRUE,0.00225743825825325,69
39.9391014221924,0,0,39.9391014221924,108.379362549301,78.9445603123168,137.814164786285,87.9269570446622,64.8163519058322,111.037562183492,94.0376670259259,0,42.9571437987189,0,70.0403852438481,0,27.5489069152288,0,"chi","un",33,528,0.5,0,0,0,FALSE,0,FALSE,0.5,200,TRUE,0.00225743825825325,69
39.9391014221924,0,0,39.9391014221924,108.379362549301,78.9445603123168,137.814164786285,95.1705437748684,68.5149385349946,121.826149014742,94.0376670259259,0,42.9571437987189,0,81.7162586015185,0,34.3350309728039,0,"chi","un",33,528,0.5,0,0,0,FALSE,0,FALSE,0.5,200,TRUE,0.00225743825825325,69
39.9391014221924,0,0,39.9391014221924,108.379362549301,78.9445603123168,137.814164786285,102.360132298969,70.1591760129519,134.561088584985,94.0376670259259,0,42.9571437987189,0,82.763580182311,0,42.1541021436181,0,"chi","un",33,528,0.5,0,0,0,FALSE,0,FALSE,0.5,200,TRUE,0.00225743825825325,69
39.9391014221924,0,0,39.9391014221924,108.379362549301,78.9445603123168,137.814164786285,NA,NA,NA,94.0376670259259,0,42.9571437987189,0,110.166716619095,0,35.2114772999208,0,"chi","un",33,528,0.5,0,0,0,FALSE,0,FALSE,0.5,200,TRUE,0.00225743825825325,69
39.9391014221924,0,0,39.9391014221924,108.379362549301,78.9445603123168,137.814164786285,NA,NA,NA,94.0376670259259,0,42.9571437987189,0,118.213401591294,0,42.3067348130441,0,"chi","un",33,528,0.5,0,0,0,FALSE,0,FALSE,0.5,200,TRUE,0.00225743825825325,69
39.9391014221924,0,0,39.9391014221924,108.379362549301,78.9445603123168,137.814164786285,NA,NA,NA,94.0376670259259,0,42.9571437987189,0,92.2588724829014,0,49.765529192571,0,"chi","un",33,528,0.5,0,0,0,FALSE,0,FALSE,0.5,200,TRUE,0.00225743825825325,69
39.9391014221924,0,0,39.9391014221924,108.379362549301,78.9445603123168,137.814164786285,NA,NA,NA,94.0376670259259,0,42.9571437987189,0,84.6392441621863,0,35.7425007735208,0,"chi","un",33,528,0.5,0,0,0,FALSE,0,FALSE,0.5,200,TRUE,0.00225743825825325,69
39.9391014221924,0,0,39.9391014221924,108.379362549301,78.9445603123168,137.814164786285,NA,NA,NA,94.0376670259259,0,42.9571437987189,0,98.4404734907298,0,49.042948655834,0,"chi","un",33,528,0.5,0,0,0,FALSE,0,FALSE,0.5,200,TRUE,0.00225743825825325,69
39.9391014221924,0,0,39.9391014221924,108.379362549301,78.9445603123168,137.814164786285,NA,NA,NA,94.0376670259259,0,42.9571437987189,0,101.540548774129,0,49.7927547772132,0,"chi","un",33,528,0.5,0,0,0,FALSE,0,FALSE,0.5,200,TRUE,0.00225743825825325,69
39.9391014221924,0,0,39.9391014221924,108.379362549301,78.9445603123168,137.814164786285,NA,NA,NA,94.0376670259259,0,42.9571437987189,0,110.431834606018,0,55.8884676823448,0,"chi","un",33,528,0.5,0,0,0,FALSE,0,FALSE,0.5,200,TRUE,0.00225743825825325,69
39.9391014221924,0,0,39.9391014221924,108.379362549301,78.9445603123168,137.814164786285,NA,NA,NA,94.0376670259259,0,42.9571437987189,0,78.7408332744971,0,34.3178595412324,0,"chi","un",33,528,0.5,0,0,0,FALSE,0,FALSE,0.5,200,TRUE,0.00225743825825325,69
39.9391014221924,0,0,39.9391014221924,108.379362549301,78.9445603123168,137.814164786285,NA,NA,NA,94.0376670259259,0,42.9571437987189,0,81.0975810392696,0,35.7492394672695,0,"chi","un",33,528,0.5,0,0,0,FALSE,0,FALSE,0.5,200,TRUE,0.00225743825825325,69
39.9391014221924,0,0,39.9391014221924,108.379362549301,78.9445603123168,137.814164786285,NA,NA,NA,94.0376670259259,0,42.9571437987189,0,81.3437014702746,0,35.5354619814722,0,"chi","un",33,528,0.5,0,0,0,FALSE,0,FALSE,0.5,200,TRUE,0.00225743825825325,69
39.9391014221924,0,0,39.9391014221924,108.379362549301,78.9445603123168,137.814164786285,117.889496880926,82.1235772729718,153.65541648888,94.0376670259259,0,42.9571437987189,0,103.312032605208,0,49.0464945178802,0,"chi","un",33,528,0.5,0,0,0,FALSE,0,FALSE,0.5,200,TRUE,0.00225743825825325,69
39.9391014221924,0,0,39.9391014221924,108.379362549301,78.9445603123168,137.814164786285,NA,NA,NA,94.0376670259259,0,42.9571437987189,0,65.1156087379209,0,32.7540241720753,0,"chi","un",33,528,0.5,0,0,0,FALSE,0,FALSE,0.5,200,TRUE,0.00225743825825325,69
39.9391014221924,0,0,39.9391014221924,108.379362549301,78.9445603123168,137.814164786285,83.3705156112144,55.2383278539666,111.502703368462,94.0376670259259,0,42.9571437987189,0,65.8997646828597,0,35.2280845621725,0,"chi","un",33,528,0.5,0,0,0,FALSE,0,FALSE,0.5,200,TRUE,0.00225743825825325,69
39.9391014221924,0,0,39.9391014221924,108.379362549301,78.9445603123168,137.814164786285,101.112669621892,74.1761877214787,128.049151522305,94.0376670259259,0,42.9571437987189,0,87.2721480262035,0,33.3524902948562,0,"chi","un",33,528,0.5,0,0,0,FALSE,0,FALSE,0.5,200,TRUE,0.00225743825825325,69
39.9391014221924,0,0,39.9391014221924,108.379362549301,78.9445603123168,137.814164786285,120.16097284964,81.0564768180841,159.265468881196,94.0376670259259,0,42.9571437987189,0,109.355664451636,0,55.4236455085295,0,"chi","un",33,528,0.5,0,0,0,FALSE,0,FALSE,0.5,200,TRUE,0.00225743825825325,69
39.9391014221924,0,0,39.9391014221924,108.379362549301,78.9445603123168,137.814164786285,NA,NA,NA,94.0376670259259,0,42.9571437987189,0,62.6791940183764,0,32.5450500632617,0,"chi","un",33,528,0.5,0,0,0,FALSE,0,FALSE,0.5,200,TRUE,0.00225743825825325,69
39.9391014221924,0,0,39.9391014221924,108.379362549301,78.9445603123168,137.814164786285,NA,NA,NA,94.0376670259259,0,42.9571437987189,0,74.2955256258617,0,40.1740676244895,0,"chi","un",33,528,0.5,0,0,0,FALSE,0,FALSE,0.5,200,TRUE,0.00225743825825325,69
39.9391014221924,0,0,39.9391014221924,108.379362549301,78.9445603123168,137.814164786285,82.8297887585682,61.3488922607168,104.31068525642,94.0376670259259,0,42.9571437987189,0,67.1005460971342,0,24.8910722034736,0,"chi","un",33,528,0.5,0,0,0,FALSE,0,FALSE,0.5,200,TRUE,0.00225743825825325,69
39.9391014221924,0,0,39.9391014221924,108.379362549301,78.9445603123168,137.814164786285,101.433903412272,68.2814213254227,134.586385499121,94.0376670259259,0,42.9571437987189,0,88.955000619342,0,46.755042610391,0,"chi","un",33,528,0.5,0,0,0,FALSE,0,FALSE,0.5,200,TRUE,0.00225743825825325,69
39.9391014221924,0,0,39.9391014221924,108.379362549301,78.9445603123168,137.814164786285,NA,NA,NA,94.0376670259259,0,42.9571437987189,0,49.2731497509413,0,29.1878549440439,0,"chi","un",33,528,0.5,0,0,0,FALSE,0,FALSE,0.5,200,TRUE,0.00225743825825325,69
39.9391014221924,0,0,39.9391014221924,108.379362549301,78.9445603123168,137.814164786285,NA,NA,NA,94.0376670259259,0,42.9571437987189,0,86.2283079796076,0,31.9716541426815,0,"chi","un",33,528,0.5,0,0,0,FALSE,0,FALSE,0.5,200,TRUE,0.00225743825825325,69
39.9391014221924,0,0,39.9391014221924,108.379362549301,78.9445603123168,137.814164786285,NA,NA,NA,94.0376670259259,0,42.9571437987189,0,52.8329436485837,0,24.9923518383387,0,"chi","un",33,528,0.5,0,0,0,FALSE,0,FALSE,0.5,200,TRUE,0.00225743825825325,69
39.9391014221924,0,0,39.9391014221924,108.379362549301,78.9445603123168,137.814164786285,116.119108121811,81.7696579450094,150.468558298613,94.0376670259259,0,42.9571437987189,0,107.997958741739,0,49.7260076228783,0,"chi","un",33,528,0.5,0,0,0,FALSE,0,FALSE,0.5,200,TRUE,0.00225743825825325,69
39.9391014221924,0,0,39.9391014221924,108.379362549301,78.9445603123168,137.814164786285,119.800902141887,83.9185097351649,155.68329454861,94.0376670259259,0,42.9571437987189,0,109.710297892933,0,51.9173959469375,0,"chi","un",33,528,0.5,0,0,0,FALSE,0,FALSE,0.5,200,TRUE,0.00225743825825325,69
39.9391014221924,0,0,39.9391014221924,108.379362549301,78.9445603123168,137.814164786285,90.784044953851,65.3017929562105,116.266296951491,94.0376670259259,0,42.9571437987189,0,77.5967332423451,0,32.7212690247352,0,"chi","un",33,528,0.5,0,0,0,FALSE,0,FALSE,0.5,200,TRUE,0.00225743825825325,69
39.9391014221924,0,0,39.9391014221924,108.379362549301,78.9445603123168,137.814164786285,NA,NA,NA,94.0376670259259,0,42.9571437987189,0,124.269107218712,0,61.3123883775067,0,"chi","un",33,528,0.5,0,0,0,FALSE,0,FALSE,0.5,200,TRUE,0.00225743825825325,69
39.9391014221924,0,0,39.9391014221924,108.379362549301,78.9445603123168,137.814164786285,NA,NA,NA,94.0376670259259,0,42.9571437987189,0,91.4265695507705,0,50.2698095123194,0,"chi","un",33,528,0.5,0,0,0,FALSE,0,FALSE,0.5,200,TRUE,0.00225743825825325,69
39.9391014221924,0,0,39.9391014221924,108.379362549301,78.9445603123168,137.814164786285,88.5971290099278,61.1710895406567,116.023168479199,94.0376670259259,0,42.9571437987189,0,76.0707439917319,0,33.3105290024394,0,"chi","un",33,528,0.5,0,0,0,FALSE,0,FALSE,0.5,200,TRUE,0.00225743825825325,69
39.9391014221924,0,0,39.9391014221924,108.379362549301,78.9445603123168,137.814164786285,NA,NA,NA,94.0376670259259,0,42.9571437987189,0,112.202639567285,0,58.1258143559188,0,"chi","un",33,528,0.5,0,0,0,FALSE,0,FALSE,0.5,200,TRUE,0.00225743825825325,69
39.9391014221924,0,0,39.9391014221924,108.379362549301,78.9445603123168,137.814164786285,105.717979546169,77.6613830979666,133.774575994371,94.0376670259259,0,42.9571437987189,0,92.9669412627081,0,36.6582859906581,0,"chi","un",33,528,0.5,0,0,0,FALSE,0,FALSE,0.5,200,TRUE,0.00225743825825325,69
39.9391014221924,0,0,39.9391014221924,108.379362549301,78.9445603123168,137.814164786285,NA,NA,NA,94.0376670259259,0,42.9571437987189,0,117.693697269199,0,58.6633458471902,0,"chi","un",33,528,0.5,0,0,0,FALSE,0,FALSE,0.5,200,TRUE,0.00225743825825325,69
39.9391014221924,0,0,39.9391014221924,108.379362549301,78.9445603123168,137.814164786285,96.9642467816477,64.7776501724046,129.150843390891,94.0376670259259,0,42.9571437987189,0,84.4315358890088,0,44.3784072180859,0,"chi","un",33,528,0.5,0,0,0,FALSE,0,FALSE,0.5,200,TRUE,0.00225743825825325,69
39.9391014221924,0,0,39.9391014221924,108.379362549301,78.9445603123168,137.814164786285,108.85905035248,73.0348005169963,144.683300187964,94.0376670259259,0,42.9571437987189,0,95.8791914156959,0,49.8050693141715,0,"chi","un",33,528,0.5,0,0,0,FALSE,0,FALSE,0.5,200,TRUE,0.00225743825825325,69
39.9391014221924,0,0,39.9391014221924,108.379362549301,78.9445603123168,137.814164786285,NA,NA,NA,94.0376670259259,0,42.9571437987189,0,109.383775802953,0,50.5647535989391,0,"chi","un",33,528,0.5,0,0,0,FALSE,0,FALSE,0.5,200,TRUE,0.00225743825825325,69
39.9391014221924,0,0,39.9391014221924,108.379362549301,78.9445603123168,137.814164786285,125.31198773834,85.8610789207345,164.762896555945,94.0376670259259,0,42.9571437987189,0,111.854168013997,0,54.368430981621,0,"chi","un",33,528,0.5,0,0,0,FALSE,0,FALSE,0.5,200,TRUE,0.00225743825825325,69
39.9391014221924,0,0,39.9391014221924,108.379362549301,78.9445603123168,137.814164786285,117.034220595646,81.7899042929409,152.27853689835,94.0376670259259,0,42.9571437987189,0,103.811406094286,0,48.7391117293004,0,"chi","un",33,528,0.5,0,0,0,FALSE,0,FALSE,0.5,200,TRUE,0.00225743825825325,69
39.9391014221924,0,0,39.9391014221924,108.379362549301,78.9445603123168,137.814164786285,NA,NA,NA,94.0376670259259,0,42.9571437987189,0,112.596703329736,0,58.2989328506254,0,"chi","un",33,528,0.5,0,0,0,FALSE,0,FALSE,0.5,200,TRUE,0.00225743825825325,69
39.9391014221924,0,0,39.9391014221924,108.379362549301,78.9445603123168,137.814164786285,NA,NA,NA,94.0376670259259,0,42.9571437987189,0,90.7911185743105,0,50.0048906735506,0,"chi","un",33,528,0.5,0,0,0,FALSE,0,FALSE,0.5,200,TRUE,0.00225743825825325,69
39.9391014221924,0,0,39.9391014221924,108.379362549301,78.9445603123168,137.814164786285,NA,NA,NA,94.0376670259259,0,42.9571437987189,0,97.8134210392772,0,47.1967564619078,0,"chi","un",33,528,0.5,0,0,0,FALSE,0,FALSE,0.5,200,TRUE,0.00225743825825325,69
39.9391014221924,0,0,39.9391014221924,108.379362549301,78.9445603123168,137.814164786285,115.941246212323,76.5543169371005,155.328175487546,94.0376670259259,0,42.9571437987189,0,101.596807204229,0,55.8271991529394,0,"chi","un",33,528,0.5,0,0,0,FALSE,0,FALSE,0.5,200,TRUE,0.00225743825825325,69
39.9391014221924,0,0,39.9391014221924,108.379362549301,78.9445603123168,137.814164786285,112.143682530295,79.9430756436408,144.344289416948,94.0376670259259,0,42.9571437987189,0,100.894809540117,0,43.2900660361511,0,"chi","un",33,528,0.5,0,0,0,FALSE,0,FALSE,0.5,200,TRUE,0.00225743825825325,69
39.9391014221924,0,0,39.9391014221924,108.379362549301,78.9445603123168,137.814164786285,NA,NA,NA,94.0376670259259,0,42.9571437987189,0,100.696612255533,0,50.900125917722,0,"chi","un",33,528,0.5,0,0,0,FALSE,0,FALSE,0.5,200,TRUE,0.00225743825825325,69
39.9391014221924,0,0,39.9391014221924,108.379362549301,78.9445603123168,137.814164786285,131.683468521076,89.6644948887102,173.702442153442,94.0376670259259,0,42.9571437987189,0,118.324952063139,0,60.7014127982157,0,"chi","un",33,528,0.5,0,0,0,FALSE,0,FALSE,0.5,200,TRUE,0.00225743825825325,69
39.9391014221924,0,0,39.9391014221924,108.379362549301,78.9445603123168,137.814164786285,NA,NA,NA,94.0376670259259,0,42.9571437987189,0,92.2507266704059,0,50.8394101398014,0,"chi","un",33,528,0.5,0,0,0,FALSE,0,FALSE,0.5,200,TRUE,0.00225743825825325,69
39.9391014221924,0,0,39.9391014221924,108.379362549301,78.9445603123168,137.814164786285,68.285253066678,44.3050688538394,92.2654372795165,94.0376670259259,0,42.9571437987189,0,55.3298738572617,0,28.8774195368782,0,"chi","un",33,528,0.5,0,0,0,FALSE,0,FALSE,0.5,200,TRUE,0.00225743825825325,69
39.9391014221924,0,0,39.9391014221924,108.379362549301,78.9445603123168,137.814164786285,NA,NA,NA,94.0376670259259,0,42.9571437987189,0,80.4264720894172,0,37.0982129264512,0,"chi","un",33,528,0.5,0,0,0,FALSE,0,FALSE,0.5,200,TRUE,0.00225743825825325,69
39.9391014221924,0,0,39.9391014221924,108.379362549301,78.9445603123168,137.814164786285,NA,NA,NA,94.0376670259259,0,42.9571437987189,0,72.8186951957909,0,35.4311238874701,0,"chi","un",33,528,0.5,0,0,0,FALSE,0,FALSE,0.5,200,TRUE,0.00225743825825325,69
39.9391014221924,0,0,39.9391014221924,108.379362549301,78.9445603123168,137.814164786285,NA,NA,NA,94.0376670259259,0,42.9571437987189,0,105.886270444417,0,55.3737029880408,0,"chi","un",33,528,0.5,0,0,0,FALSE,0,FALSE,0.5,200,TRUE,0.00225743825825325,69
39.9391014221924,0,0,39.9391014221924,108.379362549301,78.9445603123168,137.814164786285,NA,NA,NA,94.0376670259259,0,42.9571437987189,0,81.6900046979562,0,32.9644180187983,0,"chi","un",33,528,0.5,0,0,0,FALSE,0,FALSE,0.5,200,TRUE,0.00225743825825325,69
39.9391014221924,0,0,39.9391014221924,108.379362549301,78.9445603123168,137.814164786285,NA,NA,NA,94.0376670259259,0,42.9571437987189,0,108.344968676588,0,39.5558127937025,0,"chi","un",33,528,0.5,0,0,0,FALSE,0,FALSE,0.5,200,TRUE,0.00225743825825325,69
39.9391014221924,0,0,39.9391014221924,108.379362549301,78.9445603123168,137.814164786285,NA,NA,NA,94.0376670259259,0,42.9571437987189,0,90.2053475400138,0,39.6031175440098,0,"chi","un",33,528,0.5,0,0,0,FALSE,0,FALSE,0.5,200,TRUE,0.00225743825825325,69
39.9391014221924,0,0,39.9391014221924,108.379362549301,78.9445603123168,137.814164786285,NA,NA,NA,94.0376670259259,0,42.9571437987189,0,102.570844060176,0,50.1715256245571,0,"chi","un",33,528,0.5,0,0,0,FALSE,0,FALSE,0.5,200,TRUE,0.00225743825825325,69
39.9391014221924,0,0,39.9391014221924,108.379362549301,78.9445603123168,137.814164786285,112.020110682266,86.4119965996179,137.628224764913,94.0376670259259,0,42.9571437987189,0,100.691113626496,0,30.5445949171423,0,"chi","un",33,528,0.5,0,0,0,FALSE,0,FALSE,0.5,200,TRUE,0.00225743825825325,69
39.9391014221924,0,0,39.9391014221924,108.379362549301,78.9445603123168,137.814164786285,NA,NA,NA,94.0376670259259,0,42.9571437987189,0,58.323917523252,0,29.9954634616002,0,"chi","un",33,528,0.5,0,0,0,FALSE,0,FALSE,0.5,200,TRUE,0.00225743825825325,69
39.9391014221924,0,0,39.9391014221924,108.379362549301,78.9445603123168,137.814164786285,NA,NA,NA,94.0376670259259,0,42.9571437987189,0,92.2376172881078,0,27.6368925181861,0,"chi","un",33,528,0.5,0,0,0,FALSE,0,FALSE,0.5,200,TRUE,0.00225743825825325,69
39.9391014221924,0,0,39.9391014221924,108.379362549301,78.9445603123168,137.814164786285,NA,NA,NA,94.0376670259259,0,42.9571437987189,0,102.753449161259,0,43.0536418832823,0,"chi","un",33,528,0.5,0,0,0,FALSE,0,FALSE,0.5,200,TRUE,0.00225743825825325,69
39.9391014221924,0,0,39.9391014221924,108.379362549301,78.9445603123168,137.814164786285,77.4775955382324,55.7756902557144,99.1795008207503,94.0376670259259,0,42.9571437987189,0,61.0666217682079,0,25.0389539600893,0,"chi","un",33,528,0.5,0,0,0,FALSE,0,FALSE,0.5,200,TRUE,0.00225743825825325,69
39.9391014221924,0,0,39.9391014221924,108.379362549301,78.9445603123168,137.814164786285,105.692695721299,71.1099613717485,140.275430070849,94.0376670259259,0,42.9571437987189,0,87.4525209408559,0,47.7336182273102,0,"chi","un",33,528,0.5,0,0,0,FALSE,0,FALSE,0.5,200,TRUE,0.00225743825825325,69
39.9391014221924,0,0,39.9391014221924,108.379362549301,78.9445603123168,137.814164786285,80.4164496840365,57.4392836543925,103.39361571368,94.0376670259259,0,42.9571437987189,0,65.6281294669051,0,28.5614137327266,0,"chi","un",33,528,0.5,0,0,0,FALSE,0,FALSE,0.5,200,TRUE,0.00225743825825325,69
39.9391014221924,0,0,39.9391014221924,108.379362549301,78.9445603123168,137.814164786285,NA,NA,NA,94.0376670259259,0,42.9571437987189,0,89.1649540558369,0,45.5042046364869,0,"chi","un",33,528,0.5,0,0,0,FALSE,0,FALSE,0.5,200,TRUE,0.00225743825825325,69
39.9391014221924,0,0,39.9391014221924,108.379362549301,78.9445603123168,137.814164786285,NA,NA,NA,94.0376670259259,0,42.9571437987189,0,113.270744747784,0,37.3509241582923,0,"chi","un",33,528,0.5,0,0,0,FALSE,0,FALSE,0.5,200,TRUE,0.00225743825825325,69
39.9391014221924,0,0,39.9391014221924,108.379362549301,78.9445603123168,137.814164786285,NA,NA,NA,94.0376670259259,0,42.9571437987189,0,51.7994284366974,0,20.9541843422793,0,"chi","un",33,528,0.5,0,0,0,FALSE,0,FALSE,0.5,200,TRUE,0.00225743825825325,69
39.9391014221924,0,0,39.9391014221924,108.379362549301,78.9445603123168,137.814164786285,NA,NA,NA,94.0376670259259,0,42.9571437987189,0,81.4319213179684,0,34.1370488772252,0,"chi","un",33,528,0.5,0,0,0,FALSE,0,FALSE,0.5,200,TRUE,0.00225743825825325,69
39.9391014221924,0,0,39.9391014221924,108.379362549301,78.9445603123168,137.814164786285,NA,NA,NA,94.0376670259259,0,42.9571437987189,0,97.7935476866897,0,51.5926540987173,0,"chi","un",33,528,0.5,0,0,0,FALSE,0,FALSE,0.5,200,TRUE,0.00225743825825325,69
39.9391014221924,0,0,39.9391014221924,108.379362549301,78.9445603123168,137.814164786285,NA,NA,NA,94.0376670259259,0,42.9571437987189,0,112.028210930612,0,50.552498770784,0,"chi","un",33,528,0.5,0,0,0,FALSE,0,FALSE,0.5,200,TRUE,0.00225743825825325,69
39.9391014221924,0,0,39.9391014221924,108.379362549301,78.9445603123168,137.814164786285,107.192945657046,69.1218775762817,145.264013737811,94.0376670259259,0,42.9571437987189,0,92.7706203443989,0,53.5768985257329,0,"chi","un",33,528,0.5,0,0,0,FALSE,0,FALSE,0.5,200,TRUE,0.00225743825825325,69
39.9391014221924,0,0,39.9391014221924,108.379362549301,78.9445603123168,137.814164786285,NA,NA,NA,94.0376670259259,0,42.9571437987189,0,127.556195967559,0,52.8048209970655,0,"chi","un",33,528,0.5,0,0,0,FALSE,0,FALSE,0.5,200,TRUE,0.00225743825825325,69
39.9391014221924,0,0,39.9391014221924,108.379362549301,78.9445603123168,137.814164786285,NA,NA,NA,94.0376670259259,0,42.9571437987189,0,99.1205619798209,0,38.0748740974668,0,"chi","un",33,528,0.5,0,0,0,FALSE,0,FALSE,0.5,200,TRUE,0.00225743825825325,69
39.9391014221924,0,0,39.9391014221924,108.379362549301,78.9445603123168,137.814164786285,NA,NA,NA,94.0376670259259,0,42.9571437987189,0,93.6946391629202,0,59.2070847299517,0,"chi","un",33,528,0.5,0,0,0,FALSE,0,FALSE,0.5,200,TRUE,0.00225743825825325,69
39.9391014221924,0,0,39.9391014221924,108.379362549301,78.9445603123168,137.814164786285,NA,NA,NA,94.0376670259259,0,42.9571437987189,0,87.3579013548556,0,49.5845191981011,0,"chi","un",33,528,0.5,0,0,0,FALSE,0,FALSE,0.5,200,TRUE,0.00225743825825325,69
39.9391014221924,0,0,39.9391014221924,108.379362549301,78.9445603123168,137.814164786285,NA,NA,NA,94.0376670259259,0,42.9571437987189,0,97.4428775808105,0,39.2993454011631,0,"chi","un",33,528,0.5,0,0,0,FALSE,0,FALSE,0.5,200,TRUE,0.00225743825825325,69
39.9391014221924,0,0,39.9391014221924,108.379362549301,78.9445603123168,137.814164786285,NA,NA,NA,94.0376670259259,0,42.9571437987189,0,98.1631047475575,0,42.358135330583,0,"chi","un",33,528,0.5,0,0,0,FALSE,0,FALSE,0.5,200,TRUE,0.00225743825825325,69
39.9391014221924,0,0,39.9391014221924,108.379362549301,78.9445603123168,137.814164786285,NA,NA,NA,94.0376670259259,0,42.9571437987189,0,82.8764176619166,0,53.8241469282306,0,"chi","un",33,528,0.5,0,0,0,FALSE,0,FALSE,0.5,200,TRUE,0.00225743825825325,69
39.9391014221924,0,0,39.9391014221924,108.379362549301,78.9445603123168,137.814164786285,NA,NA,NA,94.0376670259259,0,42.9571437987189,0,90.0106752364756,0,47.721058908264,0,"chi","un",33,528,0.5,0,0,0,FALSE,0,FALSE,0.5,200,TRUE,0.00225743825825325,69
39.9391014221924,0,0,39.9391014221924,108.379362549301,78.9445603123168,137.814164786285,NA,NA,NA,94.0376670259259,0,42.9571437987189,0,113.346554717008,0,55.4216120765436,0,"chi","un",33,528,0.5,0,0,0,FALSE,0,FALSE,0.5,200,TRUE,0.00225743825825325,69
39.9391014221924,0,0,39.9391014221924,108.379362549301,78.9445603123168,137.814164786285,NA,NA,NA,94.0376670259259,0,42.9571437987189,0,109.287822521929,0,44.1635487150088,0,"chi","un",33,528,0.5,0,0,0,FALSE,0,FALSE,0.5,200,TRUE,0.00225743825825325,69
39.9391014221924,0,0,39.9391014221924,108.379362549301,78.9445603123168,137.814164786285,75.8623514737427,53.8121954111301,97.9125075363554,94.0376670259259,0,42.9571437987189,0,61.7854599921982,0,26.9842141729762,0,"chi","un",33,528,0.5,0,0,0,FALSE,0,FALSE,0.5,200,TRUE,0.00225743825825325,69
39.9391014221924,0,0,39.9391014221924,108.379362549301,78.9445603123168,137.814164786285,134.216755610415,91.2871395783377,177.146371642493,94.0376670259259,0,42.9571437987189,0,120.697619742193,0,60.4464069643195,0,"chi","un",33,528,0.5,0,0,0,FALSE,0,FALSE,0.5,200,TRUE,0.00225743825825325,69
39.9391014221924,0,0,39.9391014221924,108.379362549301,78.9445603123168,137.814164786285,113.384275304947,80.6792980367424,146.089252573152,94.0376670259259,0,42.9571437987189,0,108.862130762067,0,48.1323970625639,0,"chi","un",33,528,0.5,0,0,0,FALSE,0,FALSE,0.5,200,TRUE,0.00225743825825325,69
39.9391014221924,0,0,39.9391014221924,108.379362549301,78.9445603123168,137.814164786285,83.7587496623843,52.9746373075676,114.542862017201,94.0376670259259,0,42.9571437987189,0,71.5830419442167,0,41.2928394263676,0,"chi","un",33,528,0.5,0,0,0,FALSE,0,FALSE,0.5,200,TRUE,0.00225743825825325,69
39.9391014221924,0,0,39.9391014221924,108.379362549301,78.9445603123168,137.814164786285,103.448070165205,70.9714194069617,135.924720923448,94.0376670259259,0,42.9571437987189,0,92.2100636186037,0,44.0894341678182,0,"chi","un",33,528,0.5,0,0,0,FALSE,0,FALSE,0.5,200,TRUE,0.00225743825825325,69
39.9391014221924,0,0,39.9391014221924,108.379362549301,78.9445603123168,137.814164786285,NA,NA,NA,94.0376670259259,0,42.9571437987189,0,87.9122248353499,0,31.6252454639612,0,"chi","un",33,528,0.5,0,0,0,FALSE,0,FALSE,0.5,200,TRUE,0.00225743825825325,69
39.9391014221924,0,0,39.9391014221924,108.379362549301,78.9445603123168,137.814164786285,80.0014779046377,54.2792459621897,105.723709847086,94.0376670259259,0,42.9571437987189,0,65.1189872703049,0,31.8069307666005,0,"chi","un",33,528,0.5,0,0,0,FALSE,0,FALSE,0.5,200,TRUE,0.00225743825825325,69
39.9391014221924,0,0,39.9391014221924,108.379362549301,78.9445603123168,137.814164786285,NA,NA,NA,94.0376670259259,0,42.9571437987189,0,83.1113649202538,0,32.6348120796945,0,"chi","un",33,528,0.5,0,0,0,FALSE,0,FALSE,0.5,200,TRUE,0.00225743825825325,69
39.9391014221924,0,0,39.9391014221924,108.379362549301,78.9445603123168,137.814164786285,119.470103994398,82.7118638581388,156.228344130658,94.0376670259259,0,42.9571437987189,0,102.492180991456,0,52.7686484679475,0,"chi","un",33,528,0.5,0,0,0,FALSE,0,FALSE,0.5,200,TRUE,0.00225743825825325,69
39.9391014221924,0,0,39.9391014221924,108.379362549301,78.9445603123168,137.814164786285,NA,NA,NA,94.0376670259259,0,42.9571437987189,0,91.2616259949515,0,40.5604360555198,0,"chi","un",33,528,0.5,0,0,0,FALSE,0,FALSE,0.5,200,TRUE,0.00225743825825325,69
39.9391014221924,0,0,39.9391014221924,108.379362549301,78.9445603123168,137.814164786285,NA,NA,NA,94.0376670259259,0,42.9571437987189,0,110.139097041478,0,53.8701245171669,0,"chi","un",33,528,0.5,0,0,0,FALSE,0,FALSE,0.5,200,TRUE,0.00225743825825325,69
39.9391014221924,0,0,39.9391014221924,108.379362549301,78.9445603123168,137.814164786285,NA,NA,NA,94.0376670259259,0,42.9571437987189,0,100.137874069558,0,57.0536316537121,0,"chi","un",33,528,0.5,0,0,0,FALSE,0,FALSE,0.5,200,TRUE,0.00225743825825325,69
39.9391014221924,0,0,39.9391014221924,108.379362549301,78.9445603123168,137.814164786285,109.693509355346,70.9292230947544,148.457795615937,94.0376670259259,0,42.9571437987189,0,95.9188032932286,0,54.1286076293042,0,"chi","un",33,528,0.5,0,0,0,FALSE,0,FALSE,0.5,200,TRUE,0.00225743825825325,69
39.9391014221924,0,0,39.9391014221924,108.379362549301,78.9445603123168,137.814164786285,NA,NA,NA,94.0376670259259,0,42.9571437987189,0,110.866858012598,0,54.9285533519784,0,"chi","un",33,528,0.5,0,0,0,FALSE,0,FALSE,0.5,200,TRUE,0.00225743825825325,69
39.9391014221924,0,0,39.9391014221924,108.379362549301,78.9445603123168,137.814164786285,NA,NA,NA,94.0376670259259,0,42.9571437987189,0,119.61108558017,0,56.2109101910846,0,"chi","un",33,528,0.5,0,0,0,FALSE,0,FALSE,0.5,200,TRUE,0.00225743825825325,69
39.9391014221924,0,0,39.9391014221924,108.379362549301,78.9445603123168,137.814164786285,NA,NA,NA,94.0376670259259,0,42.9571437987189,0,90.7799714512914,0,40.0972520160369,0,"chi","un",33,528,0.5,0,0,0,FALSE,0,FALSE,0.5,200,TRUE,0.00225743825825325,69
39.9391014221924,0,0,39.9391014221924,108.379362549301,78.9445603123168,137.814164786285,NA,NA,NA,94.0376670259259,0,42.9571437987189,0,147.579742732503,0,55.9824346246577,0,"chi","un",33,528,0.5,0,0,0,FALSE,0,FALSE,0.5,200,TRUE,0.00225743825825325,69
39.9391014221924,0,0,39.9391014221924,108.379362549301,78.9445603123168,137.814164786285,NA,NA,NA,94.0376670259259,0,42.9571437987189,0,91.7973306353702,0,39.9707840611682,0,"chi","un",33,528,0.5,0,0,0,FALSE,0,FALSE,0.5,200,TRUE,0.00225743825825325,69
39.9391014221924,0,0,39.9391014221924,108.379362549301,78.9445603123168,137.814164786285,NA,NA,NA,94.0376670259259,0,42.9571437987189,0,89.9895583784816,0,35.2032301565783,0,"chi","un",33,528,0.5,0,0,0,FALSE,0,FALSE,0.5,200,TRUE,0.00225743825825325,69
39.9391014221924,0,0,39.9391014221924,108.379362549301,78.9445603123168,137.814164786285,NA,NA,NA,94.0376670259259,0,42.9571437987189,0,64.226004774887,0,26.6611133081924,0,"chi","un",33,528,0.5,0,0,0,FALSE,0,FALSE,0.5,200,TRUE,0.00225743825825325,69
39.9391014221924,0,0,39.9391014221924,108.379362549301,78.9445603123168,137.814164786285,118.406737059017,79.0978040363624,157.715670081671,94.0376670259259,0,42.9571437987189,0,104.027314370076,0,55.8863487419014,0,"chi","un",33,528,0.5,0,0,0,FALSE,0,FALSE,0.5,200,TRUE,0.00225743825825325,69
39.9391014221924,0,0,39.9391014221924,108.379362549301,78.9445603123168,137.814164786285,83.550491704194,59.7198524422149,107.381130966173,94.0376670259259,0,42.9571437987189,0,68.8767113364222,0,31.0779680118748,0,"chi","un",33,528,0.5,0,0,0,FALSE,0,FALSE,0.5,200,TRUE,0.00225743825825325,69
39.9391014221924,0,0,39.9391014221924,108.379362549301,78.9445603123168,137.814164786285,107.187329385402,68.4184260879035,145.9562326829,94.0376670259259,0,42.9571437987189,0,93.5583994425447,0,54.8697237148666,0,"chi","un",33,528,0.5,0,0,0,FALSE,0,FALSE,0.5,200,TRUE,0.00225743825825325,69
39.9391014221924,0,0,39.9391014221924,108.379362549301,78.9445603123168,137.814164786285,116.272665603553,79.5108075678423,153.034523639264,94.0376670259259,0,42.9571437987189,0,103.612918064172,0,51.7993058143512,0,"chi","un",33,528,0.5,0,0,0,FALSE,0,FALSE,0.5,200,TRUE,0.00225743825825325,69
39.9391014221924,0,0,39.9391014221924,108.379362549301,78.9445603123168,137.814164786285,107.635797726165,68.3898563863271,146.881739066003,94.0376670259259,0,42.9571437987189,0,89.8135326796451,0,52.1543672344138,0,"chi","un",33,528,0.5,0,0,0,FALSE,0,FALSE,0.5,200,TRUE,0.00225743825825325,69
39.9391014221924,0,0,39.9391014221924,108.379362549301,78.9445603123168,137.814164786285,NA,NA,NA,94.0376670259259,0,42.9571437987189,0,85.781084643377,0,53.9285628529506,0,"chi","un",33,528,0.5,0,0,0,FALSE,0,FALSE,0.5,200,TRUE,0.00225743825825325,69
39.9391014221924,0,0,39.9391014221924,108.379362549301,78.9445603123168,137.814164786285,NA,NA,NA,94.0376670259259,0,42.9571437987189,0,90.1235620473237,0,49.7835862441088,0,"chi","un",33,528,0.5,0,0,0,FALSE,0,FALSE,0.5,200,TRUE,0.00225743825825325,69
39.9391014221924,0,0,39.9391014221924,108.379362549301,78.9445603123168,137.814164786285,NA,NA,NA,94.0376670259259,0,42.9571437987189,0,81.9142097631546,0,32.9081278588127,0,"chi","un",33,528,0.5,0,0,0,FALSE,0,FALSE,0.5,200,TRUE,0.00225743825825325,69
39.9391014221924,0,0,39.9391014221924,108.379362549301,78.9445603123168,137.814164786285,NA,NA,NA,94.0376670259259,0,42.9571437987189,0,85.0175111853137,0,48.5649160249703,0,"chi","un",33,528,0.5,0,0,0,FALSE,0,FALSE,0.5,200,TRUE,0.00225743825825325,69
39.9391014221924,0,0,39.9391014221924,108.379362549301,78.9445603123168,137.814164786285,117.200248611114,79.0695526082964,155.330944613932,94.0376670259259,0,42.9571437987189,0,103.560573989596,0,51.0976954953078,0,"chi","un",33,528,0.5,0,0,0,FALSE,0,FALSE,0.5,200,TRUE,0.00225743825825325,69
39.9391014221924,0,0,39.9391014221924,108.379362549301,78.9445603123168,137.814164786285,122.31761976026,87.9089302084291,156.726309312091,94.0376670259259,0,42.9571437987189,0,107.062548718852,0,45.866208854758,0,"chi","un",33,528,0.5,0,0,0,FALSE,0,FALSE,0.5,200,TRUE,0.00225743825825325,69
39.9391014221924,0,0,39.9391014221924,108.379362549301,78.9445603123168,137.814164786285,112.802315824712,73.8779836088147,151.72664804061,94.0376670259259,0,42.9571437987189,0,100.340083883091,0,56.2671698248972,0,"chi","un",33,528,0.5,0,0,0,FALSE,0,FALSE,0.5,200,TRUE,0.00225743825825325,69
39.9391014221924,0,0,39.9391014221924,108.379362549301,78.9445603123168,137.814164786285,115.893798852101,75.4971838909246,156.290413813278,94.0376670259259,0,42.9571437987189,0,99.8955897679289,0,57.8230195008602,0,"chi","un",33,528,0.5,0,0,0,FALSE,0,FALSE,0.5,200,TRUE,0.00225743825825325,69
39.9391014221924,0,0,39.9391014221924,108.379362549301,78.9445603123168,137.814164786285,NA,NA,NA,94.0376670259259,0,42.9571437987189,0,90.272322412093,0,50.1025287127699,0,"chi","un",33,528,0.5,0,0,0,FALSE,0,FALSE,0.5,200,TRUE,0.00225743825825325,69
39.9391014221924,0,0,39.9391014221924,108.379362549301,78.9445603123168,137.814164786285,NA,NA,NA,94.0376670259259,0,42.9571437987189,0,103.077880311495,0,39.6281750656156,0,"chi","un",33,528,0.5,0,0,0,FALSE,0,FALSE,0.5,200,TRUE,0.00225743825825325,69
39.9391014221924,0,0,39.9391014221924,108.379362549301,78.9445603123168,137.814164786285,NA,NA,NA,94.0376670259259,0,42.9571437987189,0,108.08142922154,0,54.5087897315039,0,"chi","un",33,528,0.5,0,0,0,FALSE,0,FALSE,0.5,200,TRUE,0.00225743825825325,69
39.9391014221924,0,0,39.9391014221924,108.379362549301,78.9445603123168,137.814164786285,NA,NA,NA,94.0376670259259,0,42.9571437987189,0,90.7741882765366,0,46.5096494627474,0,"chi","un",33,528,0.5,0,0,0,FALSE,0,FALSE,0.5,200,TRUE,0.00225743825825325,69
39.9391014221924,0,0,39.9391014221924,108.379362549301,78.9445603123168,137.814164786285,NA,NA,NA,94.0376670259259,0,42.9571437987189,0,67.5258306325706,0,33.412820179353,0,"chi","un",33,528,0.5,0,0,0,FALSE,0,FALSE,0.5,200,TRUE,0.00225743825825325,69
39.9391014221924,0,0,39.9391014221924,108.379362549301,78.9445603123168,137.814164786285,NA,NA,NA,94.0376670259259,0,42.9571437987189,0,107.279346793697,0,61.6934124633697,0,"chi","un",33,528,0.5,0,0,0,FALSE,0,FALSE,0.5,200,TRUE,0.00225743825825325,69
39.9391014221924,0,0,39.9391014221924,108.379362549301,78.9445603123168,137.814164786285,NA,NA,NA,94.0376670259259,0,42.9571437987189,0,82.2502544010159,0,36.782221793624,0,"chi","un",33,528,0.5,0,0,0,FALSE,0,FALSE,0.5,200,TRUE,0.00225743825825325,69
39.9391014221924,0,0,39.9391014221924,108.379362549301,78.9445603123168,137.814164786285,NA,NA,NA,94.0376670259259,0,42.9571437987189,0,84.7418580601753,0,48.0191360746205,0,"chi","un",33,528,0.5,0,0,0,FALSE,0,FALSE,0.5,200,TRUE,0.00225743825825325,69
39.9391014221924,0,0,39.9391014221924,108.379362549301,78.9445603123168,137.814164786285,NA,NA,NA,94.0376670259259,0,42.9571437987189,0,79.4677877362519,0,28.59778418289,0,"chi","un",33,528,0.5,0,0,0,FALSE,0,FALSE,0.5,200,TRUE,0.00225743825825325,69
