"var_main_effect","var_inter_effect","cov_main_inter_effect","var_total_effect","EigenPrism_main","EigenPrism_CI1","EigenPrism_CI2","sub_EigenPrism_main","sub_EigenPrism_CI1","sub_EigenPrism_CI2","GCTA_main","GCTA_inter","sub_GCTA_main","sub_GCTA_inter","x_dist","structure","p","n","main_fixed_var","main_random_var","inter_fixed_var","inter_random_var","decor","interact","combine","pro","bs","n_sub","rho_e","emp_n","inter_std","i"
10,0,0,0,12.4977670485581,9.51467985494993,15.4808542421662,14.271585333639,9.59568740050123,18.9474832667769,12.2210671374983,0,13.4022519422772,0,"normal","I",1000,500,0.5,0,0,0,FALSE,0,FALSE,0.6,"leave-d",200,0.5,1e+05,TRUE,115
10,0,0,0,12.4977670485581,9.51467985494993,15.4808542421662,11.3402897320863,6.82182515081269,15.85875431336,12.2210671374983,0,11.0413380534053,0,"normal","I",1000,500,0.5,0,0,0,FALSE,0,FALSE,0.6,"leave-d",200,0.5,1e+05,TRUE,115
10,0,0,0,12.4977670485581,9.51467985494993,15.4808542421662,15.0647582037076,10.1729580745668,19.9565583328485,12.2210671374983,0,13.8847740488006,0,"normal","I",1000,500,0.5,0,0,0,FALSE,0,FALSE,0.6,"leave-d",200,0.5,1e+05,TRUE,115
10,0,0,0,12.4977670485581,9.51467985494993,15.4808542421662,15.1295115014967,10.5497446225399,19.7092783804535,12.2210671374983,0,15.4786594286899,0,"normal","I",1000,500,0.5,0,0,0,FALSE,0,FALSE,0.6,"leave-d",200,0.5,1e+05,TRUE,115
10,0,0,0,12.4977670485581,9.51467985494993,15.4808542421662,11.9356324685253,7.60302486241699,16.2682400746336,12.2210671374983,0,11.5340480721214,0,"normal","I",1000,500,0.5,0,0,0,FALSE,0,FALSE,0.6,"leave-d",200,0.5,1e+05,TRUE,115
10,0,0,0,12.4977670485581,9.51467985494993,15.4808542421662,14.4705006618691,9.83757553039309,19.1034257933451,12.2210671374983,0,13.8370705642203,0,"normal","I",1000,500,0.5,0,0,0,FALSE,0,FALSE,0.6,"leave-d",200,0.5,1e+05,TRUE,115
10,0,0,0,12.4977670485581,9.51467985494993,15.4808542421662,14.9012158783495,10.387772475059,19.4146592816399,12.2210671374983,0,15.130784170182,0,"normal","I",1000,500,0.5,0,0,0,FALSE,0,FALSE,0.6,"leave-d",200,0.5,1e+05,TRUE,115
10,0,0,0,12.4977670485581,9.51467985494993,15.4808542421662,14.9269436681583,10.1893202403233,19.6645670959932,12.2210671374983,0,14.449840754593,0,"normal","I",1000,500,0.5,0,0,0,FALSE,0,FALSE,0.6,"leave-d",200,0.5,1e+05,TRUE,115
10,0,0,0,12.4977670485581,9.51467985494993,15.4808542421662,14.6985062814296,10.0006375060934,19.3963750567659,12.2210671374983,0,14.4629921998034,0,"normal","I",1000,500,0.5,0,0,0,FALSE,0,FALSE,0.6,"leave-d",200,0.5,1e+05,TRUE,115
10,0,0,0,12.4977670485581,9.51467985494993,15.4808542421662,18.4865461719271,13.8831063994287,23.0899859444255,12.2210671374983,0,18.0150684898904,0,"normal","I",1000,500,0.5,0,0,0,FALSE,0,FALSE,0.6,"leave-d",200,0.5,1e+05,TRUE,115
10,0,0,0,12.4977670485581,9.51467985494993,15.4808542421662,10.292572258265,6.06336001674284,14.5217844997872,12.2210671374983,0,9.89681256179315,0,"normal","I",1000,500,0.5,0,0,0,FALSE,0,FALSE,0.6,"leave-d",200,0.5,1e+05,TRUE,115
10,0,0,0,12.4977670485581,9.51467985494993,15.4808542421662,17.3061424731732,12.6767060158384,21.935578930508,12.2210671374983,0,16.1739587371518,0,"normal","I",1000,500,0.5,0,0,0,FALSE,0,FALSE,0.6,"leave-d",200,0.5,1e+05,TRUE,115
10,0,0,0,12.4977670485581,9.51467985494993,15.4808542421662,10.2958260615633,5.87342473397843,14.7182273891482,12.2210671374983,0,10.1087273091553,0,"normal","I",1000,500,0.5,0,0,0,FALSE,0,FALSE,0.6,"leave-d",200,0.5,1e+05,TRUE,115
10,0,0,0,12.4977670485581,9.51467985494993,15.4808542421662,10.2056480778601,5.89544959345409,14.5158465622661,12.2210671374983,0,10.1766220037655,0,"normal","I",1000,500,0.5,0,0,0,FALSE,0,FALSE,0.6,"leave-d",200,0.5,1e+05,TRUE,115
10,0,0,0,12.4977670485581,9.51467985494993,15.4808542421662,12.6405212133193,8.18830811226553,17.0927343143731,12.2210671374983,0,12.2382503082402,0,"normal","I",1000,500,0.5,0,0,0,FALSE,0,FALSE,0.6,"leave-d",200,0.5,1e+05,TRUE,115
10,0,0,0,12.4977670485581,9.51467985494993,15.4808542421662,11.2772777624762,6.61866148520132,15.9358940397512,12.2210671374983,0,10.9063913466899,0,"normal","I",1000,500,0.5,0,0,0,FALSE,0,FALSE,0.6,"leave-d",200,0.5,1e+05,TRUE,115
10,0,0,0,12.4977670485581,9.51467985494993,15.4808542421662,13.5157227603911,9.08778539387565,17.9436601269066,12.2210671374983,0,12.6668349924821,0,"normal","I",1000,500,0.5,0,0,0,FALSE,0,FALSE,0.6,"leave-d",200,0.5,1e+05,TRUE,115
10,0,0,0,12.4977670485581,9.51467985494993,15.4808542421662,14.3473089973581,9.79089414257843,18.9037238521378,12.2210671374983,0,13.164660553894,0,"normal","I",1000,500,0.5,0,0,0,FALSE,0,FALSE,0.6,"leave-d",200,0.5,1e+05,TRUE,115
10,0,0,0,12.4977670485581,9.51467985494993,15.4808542421662,14.6117945503616,10.4822263860728,18.7413627146504,12.2210671374983,0,13.6477431653804,0,"normal","I",1000,500,0.5,0,0,0,FALSE,0,FALSE,0.6,"leave-d",200,0.5,1e+05,TRUE,115
10,0,0,0,12.4977670485581,9.51467985494993,15.4808542421662,14.3224776010772,9.84844148092556,18.7965137212289,12.2210671374983,0,15.3505295155406,0,"normal","I",1000,500,0.5,0,0,0,FALSE,0,FALSE,0.6,"leave-d",200,0.5,1e+05,TRUE,115
10,0,0,0,12.4977670485581,9.51467985494993,15.4808542421662,13.9475692148202,9.45747915886107,18.4376592707794,12.2210671374983,0,13.1259612919162,0,"normal","I",1000,500,0.5,0,0,0,FALSE,0,FALSE,0.6,"leave-d",200,0.5,1e+05,TRUE,115
10,0,0,0,12.4977670485581,9.51467985494993,15.4808542421662,16.887403357065,12.3117484798589,21.463058234271,12.2210671374983,0,15.5484740867063,0,"normal","I",1000,500,0.5,0,0,0,FALSE,0,FALSE,0.6,"leave-d",200,0.5,1e+05,TRUE,115
10,0,0,0,12.4977670485581,9.51467985494993,15.4808542421662,10.4209866370412,6.17119298051045,14.6707802935719,12.2210671374983,0,10.0433102799915,0,"normal","I",1000,500,0.5,0,0,0,FALSE,0,FALSE,0.6,"leave-d",200,0.5,1e+05,TRUE,115
10,0,0,0,12.4977670485581,9.51467985494993,15.4808542421662,16.6231470376433,12.1415426420427,21.1047514332439,12.2210671374983,0,17.1017891848822,0,"normal","I",1000,500,0.5,0,0,0,FALSE,0,FALSE,0.6,"leave-d",200,0.5,1e+05,TRUE,115
10,0,0,0,12.4977670485581,9.51467985494993,15.4808542421662,14.5068967818479,10.003836895733,19.0099566679629,12.2210671374983,0,14.5149941950331,0,"normal","I",1000,500,0.5,0,0,0,FALSE,0,FALSE,0.6,"leave-d",200,0.5,1e+05,TRUE,115
10,0,0,0,12.4977670485581,9.51467985494993,15.4808542421662,11.6288687362788,7.4022487753131,15.8554886972444,12.2210671374983,0,11.4420642056541,0,"normal","I",1000,500,0.5,0,0,0,FALSE,0,FALSE,0.6,"leave-d",200,0.5,1e+05,TRUE,115
10,0,0,0,12.4977670485581,9.51467985494993,15.4808542421662,19.3937734493256,14.545266358196,24.2422805404551,12.2210671374983,0,17.6759402469797,0,"normal","I",1000,500,0.5,0,0,0,FALSE,0,FALSE,0.6,"leave-d",200,0.5,1e+05,TRUE,115
10,0,0,0,12.4977670485581,9.51467985494993,15.4808542421662,13.9510024192929,9.22157121998656,18.6804336185993,12.2210671374983,0,13.338051231773,0,"normal","I",1000,500,0.5,0,0,0,FALSE,0,FALSE,0.6,"leave-d",200,0.5,1e+05,TRUE,115
10,0,0,0,12.4977670485581,9.51467985494993,15.4808542421662,13.7674117889451,9.13101858840644,18.4038049894837,12.2210671374983,0,13.1529596621158,0,"normal","I",1000,500,0.5,0,0,0,FALSE,0,FALSE,0.6,"leave-d",200,0.5,1e+05,TRUE,115
10,0,0,0,12.4977670485581,9.51467985494993,15.4808542421662,12.6897537071097,8.23398996314308,17.1455174510764,12.2210671374983,0,12.4155134625081,0,"normal","I",1000,500,0.5,0,0,0,FALSE,0,FALSE,0.6,"leave-d",200,0.5,1e+05,TRUE,115
10,0,0,0,12.4977670485581,9.51467985494993,15.4808542421662,11.6305478115094,7.31434938414271,15.946746238876,12.2210671374983,0,11.1303939850873,0,"normal","I",1000,500,0.5,0,0,0,FALSE,0,FALSE,0.6,"leave-d",200,0.5,1e+05,TRUE,115
10,0,0,0,12.4977670485581,9.51467985494993,15.4808542421662,11.9676373765975,7.47484946766373,16.4604252855312,12.2210671374983,0,11.3842973306988,0,"normal","I",1000,500,0.5,0,0,0,FALSE,0,FALSE,0.6,"leave-d",200,0.5,1e+05,TRUE,115
10,0,0,0,12.4977670485581,9.51467985494993,15.4808542421662,13.6840416257245,9.19270867942461,18.1753745720243,12.2210671374983,0,13.1303123540946,0,"normal","I",1000,500,0.5,0,0,0,FALSE,0,FALSE,0.6,"leave-d",200,0.5,1e+05,TRUE,115
10,0,0,0,12.4977670485581,9.51467985494993,15.4808542421662,12.9285787210733,8.4916618836787,17.3654955584679,12.2210671374983,0,13.1616942688109,0,"normal","I",1000,500,0.5,0,0,0,FALSE,0,FALSE,0.6,"leave-d",200,0.5,1e+05,TRUE,115
10,0,0,0,12.4977670485581,9.51467985494993,15.4808542421662,14.4491440970805,9.82606019780837,19.0722279963526,12.2210671374983,0,13.5389464902574,0,"normal","I",1000,500,0.5,0,0,0,FALSE,0,FALSE,0.6,"leave-d",200,0.5,1e+05,TRUE,115
10,0,0,0,12.4977670485581,9.51467985494993,15.4808542421662,14.5905680250895,9.85800200199193,19.3231340481871,12.2210671374983,0,14.1509441100605,0,"normal","I",1000,500,0.5,0,0,0,FALSE,0,FALSE,0.6,"leave-d",200,0.5,1e+05,TRUE,115
10,0,0,0,12.4977670485581,9.51467985494993,15.4808542421662,12.4373078453349,7.89255474072412,16.9820609499458,12.2210671374983,0,11.9147923845842,0,"normal","I",1000,500,0.5,0,0,0,FALSE,0,FALSE,0.6,"leave-d",200,0.5,1e+05,TRUE,115
10,0,0,0,12.4977670485581,9.51467985494993,15.4808542421662,17.1969214441459,12.6540427230765,21.7398001652154,12.2210671374983,0,15.3785719189453,0,"normal","I",1000,500,0.5,0,0,0,FALSE,0,FALSE,0.6,"leave-d",200,0.5,1e+05,TRUE,115
10,0,0,0,12.4977670485581,9.51467985494993,15.4808542421662,17.5422175823539,12.7247022107182,22.3597329539897,12.2210671374983,0,16.8901727554726,0,"normal","I",1000,500,0.5,0,0,0,FALSE,0,FALSE,0.6,"leave-d",200,0.5,1e+05,TRUE,115
10,0,0,0,12.4977670485581,9.51467985494993,15.4808542421662,16.3126841336617,11.7698070535914,20.855561213732,12.2210671374983,0,14.4825693384744,0,"normal","I",1000,500,0.5,0,0,0,FALSE,0,FALSE,0.6,"leave-d",200,0.5,1e+05,TRUE,115
10,0,0,0,12.4977670485581,9.51467985494993,15.4808542421662,17.9943844938432,13.116036287181,22.8727327005054,12.2210671374983,0,18.121253399156,0,"normal","I",1000,500,0.5,0,0,0,FALSE,0,FALSE,0.6,"leave-d",200,0.5,1e+05,TRUE,115
10,0,0,0,12.4977670485581,9.51467985494993,15.4808542421662,14.2038950814417,9.71782953455879,18.6899606283247,12.2210671374983,0,14.2463267853671,0,"normal","I",1000,500,0.5,0,0,0,FALSE,0,FALSE,0.6,"leave-d",200,0.5,1e+05,TRUE,115
10,0,0,0,12.4977670485581,9.51467985494993,15.4808542421662,14.6997222456905,10.0181479782076,19.3812965131733,12.2210671374983,0,14.4994214455264,0,"normal","I",1000,500,0.5,0,0,0,FALSE,0,FALSE,0.6,"leave-d",200,0.5,1e+05,TRUE,115
10,0,0,0,12.4977670485581,9.51467985494993,15.4808542421662,13.7036612900851,9.15226678160014,18.25505579857,12.2210671374983,0,13.5759922034952,0,"normal","I",1000,500,0.5,0,0,0,FALSE,0,FALSE,0.6,"leave-d",200,0.5,1e+05,TRUE,115
10,0,0,0,12.4977670485581,9.51467985494993,15.4808542421662,15.5143368559385,10.6444831677877,20.3841905440893,12.2210671374983,0,14.6644630854625,0,"normal","I",1000,500,0.5,0,0,0,FALSE,0,FALSE,0.6,"leave-d",200,0.5,1e+05,TRUE,115
10,0,0,0,12.4977670485581,9.51467985494993,15.4808542421662,16.0723192573519,11.7799015297127,20.364736984991,12.2210671374983,0,14.5076829085551,0,"normal","I",1000,500,0.5,0,0,0,FALSE,0,FALSE,0.6,"leave-d",200,0.5,1e+05,TRUE,115
10,0,0,0,12.4977670485581,9.51467985494993,15.4808542421662,13.2963151889243,8.73112965567077,17.8615007221778,12.2210671374983,0,12.5169348037614,0,"normal","I",1000,500,0.5,0,0,0,FALSE,0,FALSE,0.6,"leave-d",200,0.5,1e+05,TRUE,115
10,0,0,0,12.4977670485581,9.51467985494993,15.4808542421662,7.97106341709711,3.55222882358827,12.3898980106059,12.2210671374983,0,8.31146103146158,0,"normal","I",1000,500,0.5,0,0,0,FALSE,0,FALSE,0.6,"leave-d",200,0.5,1e+05,TRUE,115
10,0,0,0,12.4977670485581,9.51467985494993,15.4808542421662,13.5926145003964,9.18876637405217,17.9964626267407,12.2210671374983,0,13.1386497430136,0,"normal","I",1000,500,0.5,0,0,0,FALSE,0,FALSE,0.6,"leave-d",200,0.5,1e+05,TRUE,115
10,0,0,0,12.4977670485581,9.51467985494993,15.4808542421662,12.2685379460029,7.99101964304712,16.5460562489586,12.2210671374983,0,11.8615900421796,0,"normal","I",1000,500,0.5,0,0,0,FALSE,0,FALSE,0.6,"leave-d",200,0.5,1e+05,TRUE,115
10,0,0,0,12.4977670485581,9.51467985494993,15.4808542421662,12.3680358330022,7.93200375579386,16.8040679102106,12.2210671374983,0,11.8289681293515,0,"normal","I",1000,500,0.5,0,0,0,FALSE,0,FALSE,0.6,"leave-d",200,0.5,1e+05,TRUE,115
10,0,0,0,12.4977670485581,9.51467985494993,15.4808542421662,16.5224265901502,12.1345232362937,20.9103299440068,12.2210671374983,0,17.2974229816933,0,"normal","I",1000,500,0.5,0,0,0,FALSE,0,FALSE,0.6,"leave-d",200,0.5,1e+05,TRUE,115
10,0,0,0,12.4977670485581,9.51467985494993,15.4808542421662,12.7723615519215,8.44260481813676,17.1021182857063,12.2210671374983,0,12.7574192599456,0,"normal","I",1000,500,0.5,0,0,0,FALSE,0,FALSE,0.6,"leave-d",200,0.5,1e+05,TRUE,115
10,0,0,0,12.4977670485581,9.51467985494993,15.4808542421662,15.6514287931695,11.3557459041753,19.9471116821638,12.2210671374983,0,15.0643665751285,0,"normal","I",1000,500,0.5,0,0,0,FALSE,0,FALSE,0.6,"leave-d",200,0.5,1e+05,TRUE,115
10,0,0,0,12.4977670485581,9.51467985494993,15.4808542421662,14.4703464676568,9.97829938785694,18.9623935474566,12.2210671374983,0,13.3864401463621,0,"normal","I",1000,500,0.5,0,0,0,FALSE,0,FALSE,0.6,"leave-d",200,0.5,1e+05,TRUE,115
10,0,0,0,12.4977670485581,9.51467985494993,15.4808542421662,17.8954881290928,12.5801811110065,23.2107951471791,12.2210671374983,0,17.6560296058906,0,"normal","I",1000,500,0.5,0,0,0,FALSE,0,FALSE,0.6,"leave-d",200,0.5,1e+05,TRUE,115
10,0,0,0,12.4977670485581,9.51467985494993,15.4808542421662,12.8671140241707,8.06171425034846,17.672513797993,12.2210671374983,0,12.4376995002696,0,"normal","I",1000,500,0.5,0,0,0,FALSE,0,FALSE,0.6,"leave-d",200,0.5,1e+05,TRUE,115
10,0,0,0,12.4977670485581,9.51467985494993,15.4808542421662,14.9384928638216,10.6353305194518,19.2416552081914,12.2210671374983,0,14.4658420351833,0,"normal","I",1000,500,0.5,0,0,0,FALSE,0,FALSE,0.6,"leave-d",200,0.5,1e+05,TRUE,115
10,0,0,0,12.4977670485581,9.51467985494993,15.4808542421662,11.0281792181709,6.37241582654374,15.6839426097981,12.2210671374983,0,11.0259337382529,0,"normal","I",1000,500,0.5,0,0,0,FALSE,0,FALSE,0.6,"leave-d",200,0.5,1e+05,TRUE,115
10,0,0,0,12.4977670485581,9.51467985494993,15.4808542421662,19.482137807878,14.299251499703,24.665024116053,12.2210671374983,0,18.0938054511017,0,"normal","I",1000,500,0.5,0,0,0,FALSE,0,FALSE,0.6,"leave-d",200,0.5,1e+05,TRUE,115
10,0,0,0,12.4977670485581,9.51467985494993,15.4808542421662,13.8826672539262,9.0201843076086,18.7451502002438,12.2210671374983,0,13.3613666561106,0,"normal","I",1000,500,0.5,0,0,0,FALSE,0,FALSE,0.6,"leave-d",200,0.5,1e+05,TRUE,115
10,0,0,0,12.4977670485581,9.51467985494993,15.4808542421662,11.3870401644347,7.1161021001524,15.657978228717,12.2210671374983,0,11.0363390546378,0,"normal","I",1000,500,0.5,0,0,0,FALSE,0,FALSE,0.6,"leave-d",200,0.5,1e+05,TRUE,115
10,0,0,0,12.4977670485581,9.51467985494993,15.4808542421662,18.8887766686527,14.4826570784274,23.2948962588779,12.2210671374983,0,16.9815083477708,0,"normal","I",1000,500,0.5,0,0,0,FALSE,0,FALSE,0.6,"leave-d",200,0.5,1e+05,TRUE,115
10,0,0,0,12.4977670485581,9.51467985494993,15.4808542421662,17.1332251028418,12.7184948470436,21.54795535864,12.2210671374983,0,16.0215297666163,0,"normal","I",1000,500,0.5,0,0,0,FALSE,0,FALSE,0.6,"leave-d",200,0.5,1e+05,TRUE,115
10,0,0,0,12.4977670485581,9.51467985494993,15.4808542421662,12.8736995697504,8.25223238644235,17.4951667530585,12.2210671374983,0,12.3449663910496,0,"normal","I",1000,500,0.5,0,0,0,FALSE,0,FALSE,0.6,"leave-d",200,0.5,1e+05,TRUE,115
10,0,0,0,12.4977670485581,9.51467985494993,15.4808542421662,14.9474938179193,10.345339811101,19.5496478247376,12.2210671374983,0,15.7305090367067,0,"normal","I",1000,500,0.5,0,0,0,FALSE,0,FALSE,0.6,"leave-d",200,0.5,1e+05,TRUE,115
10,0,0,0,12.4977670485581,9.51467985494993,15.4808542421662,12.2753011908941,8.19800039731712,16.3526019844711,12.2210671374983,0,12.4748068184837,0,"normal","I",1000,500,0.5,0,0,0,FALSE,0,FALSE,0.6,"leave-d",200,0.5,1e+05,TRUE,115
10,0,0,0,12.4977670485581,9.51467985494993,15.4808542421662,9.99698734376391,5.61646256886846,14.3775121186594,12.2210671374983,0,9.90353542745242,0,"normal","I",1000,500,0.5,0,0,0,FALSE,0,FALSE,0.6,"leave-d",200,0.5,1e+05,TRUE,115
10,0,0,0,12.4977670485581,9.51467985494993,15.4808542421662,14.359387115686,10.014108177779,18.7046660535931,12.2210671374983,0,13.4149800608166,0,"normal","I",1000,500,0.5,0,0,0,FALSE,0,FALSE,0.6,"leave-d",200,0.5,1e+05,TRUE,115
10,0,0,0,12.4977670485581,9.51467985494993,15.4808542421662,17.6769428818187,12.7356765323551,22.6182092312823,12.2210671374983,0,15.8447879288471,0,"normal","I",1000,500,0.5,0,0,0,FALSE,0,FALSE,0.6,"leave-d",200,0.5,1e+05,TRUE,115
10,0,0,0,12.4977670485581,9.51467985494993,15.4808542421662,17.2770185668017,12.4176703599318,22.1363667736716,12.2210671374983,0,15.8633175749984,0,"normal","I",1000,500,0.5,0,0,0,FALSE,0,FALSE,0.6,"leave-d",200,0.5,1e+05,TRUE,115
10,0,0,0,12.4977670485581,9.51467985494993,15.4808542421662,13.4205534120869,8.75632629525684,18.0847805289169,12.2210671374983,0,13.1527646960378,0,"normal","I",1000,500,0.5,0,0,0,FALSE,0,FALSE,0.6,"leave-d",200,0.5,1e+05,TRUE,115
10,0,0,0,12.4977670485581,9.51467985494993,15.4808542421662,11.1629917800535,7.00096985945078,15.3250137006561,12.2210671374983,0,10.7729965552982,0,"normal","I",1000,500,0.5,0,0,0,FALSE,0,FALSE,0.6,"leave-d",200,0.5,1e+05,TRUE,115
10,0,0,0,12.4977670485581,9.51467985494993,15.4808542421662,12.8558010452249,8.46583961661665,17.2457624738331,12.2210671374983,0,12.8564628640165,0,"normal","I",1000,500,0.5,0,0,0,FALSE,0,FALSE,0.6,"leave-d",200,0.5,1e+05,TRUE,115
10,0,0,0,12.4977670485581,9.51467985494993,15.4808542421662,17.7433816264871,12.9413020308346,22.5454612221395,12.2210671374983,0,16.6318888328398,0,"normal","I",1000,500,0.5,0,0,0,FALSE,0,FALSE,0.6,"leave-d",200,0.5,1e+05,TRUE,115
10,0,0,0,12.4977670485581,9.51467985494993,15.4808542421662,15.8596049036148,11.2929552298307,20.4262545773988,12.2210671374983,0,15.1725097513204,0,"normal","I",1000,500,0.5,0,0,0,FALSE,0,FALSE,0.6,"leave-d",200,0.5,1e+05,TRUE,115
10,0,0,0,12.4977670485581,9.51467985494993,15.4808542421662,13.0898165659033,8.50095001851214,17.6786831132945,12.2210671374983,0,12.6150760545532,0,"normal","I",1000,500,0.5,0,0,0,FALSE,0,FALSE,0.6,"leave-d",200,0.5,1e+05,TRUE,115
10,0,0,0,12.4977670485581,9.51467985494993,15.4808542421662,14.6128653825687,10.0409156640997,19.1848151010377,12.2210671374983,0,14.8255110792003,0,"normal","I",1000,500,0.5,0,0,0,FALSE,0,FALSE,0.6,"leave-d",200,0.5,1e+05,TRUE,115
10,0,0,0,12.4977670485581,9.51467985494993,15.4808542421662,15.5340437576985,10.894415144864,20.173672370533,12.2210671374983,0,15.2873950810568,0,"normal","I",1000,500,0.5,0,0,0,FALSE,0,FALSE,0.6,"leave-d",200,0.5,1e+05,TRUE,115
10,0,0,0,12.4977670485581,9.51467985494993,15.4808542421662,16.4489076010579,11.7475750624666,21.1502401396492,12.2210671374983,0,15.4302462721087,0,"normal","I",1000,500,0.5,0,0,0,FALSE,0,FALSE,0.6,"leave-d",200,0.5,1e+05,TRUE,115
10,0,0,0,12.4977670485581,9.51467985494993,15.4808542421662,11.8939837658833,7.85529458557869,15.9326729461879,12.2210671374983,0,11.9526648155638,0,"normal","I",1000,500,0.5,0,0,0,FALSE,0,FALSE,0.6,"leave-d",200,0.5,1e+05,TRUE,115
10,0,0,0,12.4977670485581,9.51467985494993,15.4808542421662,13.3020823808873,9.09774395713452,17.50642080464,12.2210671374983,0,12.4986890518725,0,"normal","I",1000,500,0.5,0,0,0,FALSE,0,FALSE,0.6,"leave-d",200,0.5,1e+05,TRUE,115
10,0,0,0,12.4977670485581,9.51467985494993,15.4808542421662,16.1839095808348,11.6203197827442,20.7474993789253,12.2210671374983,0,14.6680462560964,0,"normal","I",1000,500,0.5,0,0,0,FALSE,0,FALSE,0.6,"leave-d",200,0.5,1e+05,TRUE,115
10,0,0,0,12.4977670485581,9.51467985494993,15.4808542421662,13.0526716372641,8.3164021128685,17.7889411616598,12.2210671374983,0,12.6205173819134,0,"normal","I",1000,500,0.5,0,0,0,FALSE,0,FALSE,0.6,"leave-d",200,0.5,1e+05,TRUE,115
10,0,0,0,12.4977670485581,9.51467985494993,15.4808542421662,14.1780373236859,9.90945324219198,18.4466214051798,12.2210671374983,0,14.0895588317637,0,"normal","I",1000,500,0.5,0,0,0,FALSE,0,FALSE,0.6,"leave-d",200,0.5,1e+05,TRUE,115
10,0,0,0,12.4977670485581,9.51467985494993,15.4808542421662,13.8397437029023,9.37960433399284,18.2998830718117,12.2210671374983,0,12.8880453267789,0,"normal","I",1000,500,0.5,0,0,0,FALSE,0,FALSE,0.6,"leave-d",200,0.5,1e+05,TRUE,115
10,0,0,0,12.4977670485581,9.51467985494993,15.4808542421662,11.1945808633589,7.02894503116423,15.3602166955535,12.2210671374983,0,10.7219644979253,0,"normal","I",1000,500,0.5,0,0,0,FALSE,0,FALSE,0.6,"leave-d",200,0.5,1e+05,TRUE,115
10,0,0,0,12.4977670485581,9.51467985494993,15.4808542421662,16.2990925629832,11.6584447563155,20.9397403696509,12.2210671374983,0,15.6591441698067,0,"normal","I",1000,500,0.5,0,0,0,FALSE,0,FALSE,0.6,"leave-d",200,0.5,1e+05,TRUE,115
10,0,0,0,12.4977670485581,9.51467985494993,15.4808542421662,16.5017173344305,12.2065964499839,20.7968382188771,12.2210671374983,0,15.8719798097801,0,"normal","I",1000,500,0.5,0,0,0,FALSE,0,FALSE,0.6,"leave-d",200,0.5,1e+05,TRUE,115
10,0,0,0,12.4977670485581,9.51467985494993,15.4808542421662,11.9973206734901,7.73195253140109,16.2626888155791,12.2210671374983,0,11.8849295934991,0,"normal","I",1000,500,0.5,0,0,0,FALSE,0,FALSE,0.6,"leave-d",200,0.5,1e+05,TRUE,115
10,0,0,0,12.4977670485581,9.51467985494993,15.4808542421662,11.6719538099846,7.0426096250147,16.3012979949544,12.2210671374983,0,11.159600283638,0,"normal","I",1000,500,0.5,0,0,0,FALSE,0,FALSE,0.6,"leave-d",200,0.5,1e+05,TRUE,115
10,0,0,0,12.4977670485581,9.51467985494993,15.4808542421662,14.054166475939,9.58592794866791,18.52240500321,12.2210671374983,0,13.5568152813427,0,"normal","I",1000,500,0.5,0,0,0,FALSE,0,FALSE,0.6,"leave-d",200,0.5,1e+05,TRUE,115
10,0,0,0,12.4977670485581,9.51467985494993,15.4808542421662,12.0980467756225,7.58689702461193,16.609196526633,12.2210671374983,0,11.6931396612793,0,"normal","I",1000,500,0.5,0,0,0,FALSE,0,FALSE,0.6,"leave-d",200,0.5,1e+05,TRUE,115
10,0,0,0,12.4977670485581,9.51467985494993,15.4808542421662,17.2802582959109,12.4879088594875,22.0726077323344,12.2210671374983,0,16.0488049126101,0,"normal","I",1000,500,0.5,0,0,0,FALSE,0,FALSE,0.6,"leave-d",200,0.5,1e+05,TRUE,115
10,0,0,0,12.4977670485581,9.51467985494993,15.4808542421662,10.7065580697954,6.56453572016508,14.8485804194258,12.2210671374983,0,10.4162343411893,0,"normal","I",1000,500,0.5,0,0,0,FALSE,0,FALSE,0.6,"leave-d",200,0.5,1e+05,TRUE,115
10,0,0,0,12.4977670485581,9.51467985494993,15.4808542421662,14.2366923204517,9.86764337493987,18.6057412659636,12.2210671374983,0,13.3978410214297,0,"normal","I",1000,500,0.5,0,0,0,FALSE,0,FALSE,0.6,"leave-d",200,0.5,1e+05,TRUE,115
10,0,0,0,12.4977670485581,9.51467985494993,15.4808542421662,13.8530619234432,9.35520513937891,18.3509187075076,12.2210671374983,0,13.3459646150531,0,"normal","I",1000,500,0.5,0,0,0,FALSE,0,FALSE,0.6,"leave-d",200,0.5,1e+05,TRUE,115
10,0,0,0,12.4977670485581,9.51467985494993,15.4808542421662,13.625940338449,8.90565014348792,18.34623053341,12.2210671374983,0,13.3602266415968,0,"normal","I",1000,500,0.5,0,0,0,FALSE,0,FALSE,0.6,"leave-d",200,0.5,1e+05,TRUE,115
10,0,0,0,12.4977670485581,9.51467985494993,15.4808542421662,16.5163808894364,12.1814143035641,20.8513474753087,12.2210671374983,0,15.4332799471431,0,"normal","I",1000,500,0.5,0,0,0,FALSE,0,FALSE,0.6,"leave-d",200,0.5,1e+05,TRUE,115
10,0,0,0,12.4977670485581,9.51467985494993,15.4808542421662,13.9432432567333,9.27148695641128,18.6149995570554,12.2210671374983,0,12.8878283759935,0,"normal","I",1000,500,0.5,0,0,0,FALSE,0,FALSE,0.6,"leave-d",200,0.5,1e+05,TRUE,115
10,0,0,0,12.4977670485581,9.51467985494993,15.4808542421662,14.1298784647176,9.66307966239132,18.596677267044,12.2210671374983,0,13.6359348236503,0,"normal","I",1000,500,0.5,0,0,0,FALSE,0,FALSE,0.6,"leave-d",200,0.5,1e+05,TRUE,115
10,0,0,0,12.4977670485581,9.51467985494993,15.4808542421662,13.5126626741889,8.92630885371783,18.0990164946599,12.2210671374983,0,12.8456235084883,0,"normal","I",1000,500,0.5,0,0,0,FALSE,0,FALSE,0.6,"leave-d",200,0.5,1e+05,TRUE,115
10,0,0,0,12.4977670485581,9.51467985494993,15.4808542421662,13.7307920516965,9.15690603603076,18.3046780673621,12.2210671374983,0,13.0721755217102,0,"normal","I",1000,500,0.5,0,0,0,FALSE,0,FALSE,0.6,"leave-d",200,0.5,1e+05,TRUE,115
10,0,0,0,12.4977670485581,9.51467985494993,15.4808542421662,11.6505463763225,7.37978884521292,15.9213039074321,12.2210671374983,0,11.3226693205968,0,"normal","I",1000,500,0.5,0,0,0,FALSE,0,FALSE,0.6,"leave-d",200,0.5,1e+05,TRUE,115
10,0,0,0,12.4977670485581,9.51467985494993,15.4808542421662,13.3410177104503,9.05868560215752,17.6233498187431,12.2210671374983,0,13.0993823279595,0,"normal","I",1000,500,0.5,0,0,0,FALSE,0,FALSE,0.6,"leave-d",200,0.5,1e+05,TRUE,115
10,0,0,0,12.4977670485581,9.51467985494993,15.4808542421662,9.44431940295224,5.03160596036474,13.8570328455397,12.2210671374983,0,9.48186889252488,0,"normal","I",1000,500,0.5,0,0,0,FALSE,0,FALSE,0.6,"leave-d",200,0.5,1e+05,TRUE,115
10,0,0,0,12.4977670485581,9.51467985494993,15.4808542421662,12.1887926161164,7.6080598718047,16.7695253604282,12.2210671374983,0,11.3316695677274,0,"normal","I",1000,500,0.5,0,0,0,FALSE,0,FALSE,0.6,"leave-d",200,0.5,1e+05,TRUE,115
10,0,0,0,12.4977670485581,9.51467985494993,15.4808542421662,13.6461346946048,9.10558226458802,18.1866871246215,12.2210671374983,0,12.6884660278175,0,"normal","I",1000,500,0.5,0,0,0,FALSE,0,FALSE,0.6,"leave-d",200,0.5,1e+05,TRUE,115
10,0,0,0,12.4977670485581,9.51467985494993,15.4808542421662,16.3494769148306,11.7789063534808,20.9200474761804,12.2210671374983,0,14.8329256189754,0,"normal","I",1000,500,0.5,0,0,0,FALSE,0,FALSE,0.6,"leave-d",200,0.5,1e+05,TRUE,115
10,0,0,0,12.4977670485581,9.51467985494993,15.4808542421662,18.4471173203117,13.7402109172591,23.1540237233642,12.2210671374983,0,17.9416309968954,0,"normal","I",1000,500,0.5,0,0,0,FALSE,0,FALSE,0.6,"leave-d",200,0.5,1e+05,TRUE,115
10,0,0,0,12.4977670485581,9.51467985494993,15.4808542421662,7.35605800648603,2.7226484469655,11.9894675660066,12.2210671374983,0,7.54836119165955,0,"normal","I",1000,500,0.5,0,0,0,FALSE,0,FALSE,0.6,"leave-d",200,0.5,1e+05,TRUE,115
10,0,0,0,12.4977670485581,9.51467985494993,15.4808542421662,15.0014663496466,10.3098426818338,19.6930900174595,12.2210671374983,0,14.0150415449366,0,"normal","I",1000,500,0.5,0,0,0,FALSE,0,FALSE,0.6,"leave-d",200,0.5,1e+05,TRUE,115
10,0,0,0,12.4977670485581,9.51467985494993,15.4808542421662,10.9122737436442,6.29117806356884,15.5333694237195,12.2210671374983,0,10.5644674234557,0,"normal","I",1000,500,0.5,0,0,0,FALSE,0,FALSE,0.6,"leave-d",200,0.5,1e+05,TRUE,115
10,0,0,0,12.4977670485581,9.51467985494993,15.4808542421662,13.5626732620342,8.92275926636947,18.2025872576989,12.2210671374983,0,13.0615286716647,0,"normal","I",1000,500,0.5,0,0,0,FALSE,0,FALSE,0.6,"leave-d",200,0.5,1e+05,TRUE,115
10,0,0,0,12.4977670485581,9.51467985494993,15.4808542421662,12.667428943309,7.83938748499372,17.4954704016243,12.2210671374983,0,12.0481479929974,0,"normal","I",1000,500,0.5,0,0,0,FALSE,0,FALSE,0.6,"leave-d",200,0.5,1e+05,TRUE,115
10,0,0,0,12.4977670485581,9.51467985494993,15.4808542421662,18.4558763325004,13.811418910722,23.1003337542789,12.2210671374983,0,17.3183878744752,0,"normal","I",1000,500,0.5,0,0,0,FALSE,0,FALSE,0.6,"leave-d",200,0.5,1e+05,TRUE,115
10,0,0,0,12.4977670485581,9.51467985494993,15.4808542421662,14.162736580292,9.39638103418055,18.9290921264035,12.2210671374983,0,13.6578476676336,0,"normal","I",1000,500,0.5,0,0,0,FALSE,0,FALSE,0.6,"leave-d",200,0.5,1e+05,TRUE,115
10,0,0,0,12.4977670485581,9.51467985494993,15.4808542421662,11.869579160943,7.34809199812774,16.3910663237582,12.2210671374983,0,11.3081875961312,0,"normal","I",1000,500,0.5,0,0,0,FALSE,0,FALSE,0.6,"leave-d",200,0.5,1e+05,TRUE,115
10,0,0,0,12.4977670485581,9.51467985494993,15.4808542421662,14.2194423545397,9.38941378620842,19.0494709228711,12.2210671374983,0,13.1838670542873,0,"normal","I",1000,500,0.5,0,0,0,FALSE,0,FALSE,0.6,"leave-d",200,0.5,1e+05,TRUE,115
10,0,0,0,12.4977670485581,9.51467985494993,15.4808542421662,10.4285540958882,5.99547102227398,14.8616371695024,12.2210671374983,0,10.4454995088931,0,"normal","I",1000,500,0.5,0,0,0,FALSE,0,FALSE,0.6,"leave-d",200,0.5,1e+05,TRUE,115
10,0,0,0,12.4977670485581,9.51467985494993,15.4808542421662,15.5813907366161,10.9660232259279,20.1967582473044,12.2210671374983,0,14.4369978623326,0,"normal","I",1000,500,0.5,0,0,0,FALSE,0,FALSE,0.6,"leave-d",200,0.5,1e+05,TRUE,115
10,0,0,0,12.4977670485581,9.51467985494993,15.4808542421662,11.8078824490523,7.53898050737296,16.0767843907317,12.2210671374983,0,11.4499840186308,0,"normal","I",1000,500,0.5,0,0,0,FALSE,0,FALSE,0.6,"leave-d",200,0.5,1e+05,TRUE,115
10,0,0,0,12.4977670485581,9.51467985494993,15.4808542421662,13.8235529953471,8.86400310661315,18.783102884081,12.2210671374983,0,13.2709918171766,0,"normal","I",1000,500,0.5,0,0,0,FALSE,0,FALSE,0.6,"leave-d",200,0.5,1e+05,TRUE,115
10,0,0,0,12.4977670485581,9.51467985494993,15.4808542421662,14.7295617381212,10.3157534552895,19.1433700209528,12.2210671374983,0,14.731384417229,0,"normal","I",1000,500,0.5,0,0,0,FALSE,0,FALSE,0.6,"leave-d",200,0.5,1e+05,TRUE,115
10,0,0,0,12.4977670485581,9.51467985494993,15.4808542421662,11.9922049375837,7.20963420848467,16.7747756666827,12.2210671374983,0,11.7725916522815,0,"normal","I",1000,500,0.5,0,0,0,FALSE,0,FALSE,0.6,"leave-d",200,0.5,1e+05,TRUE,115
10,0,0,0,12.4977670485581,9.51467985494993,15.4808542421662,10.2756357126812,6.12655737136392,14.4247140539985,12.2210671374983,0,10.2107909164602,0,"normal","I",1000,500,0.5,0,0,0,FALSE,0,FALSE,0.6,"leave-d",200,0.5,1e+05,TRUE,115
10,0,0,0,12.4977670485581,9.51467985494993,15.4808542421662,11.6413694498481,7.30549137509205,15.9772475246041,12.2210671374983,0,11.4300085519331,0,"normal","I",1000,500,0.5,0,0,0,FALSE,0,FALSE,0.6,"leave-d",200,0.5,1e+05,TRUE,115
10,0,0,0,12.4977670485581,9.51467985494993,15.4808542421662,14.1836488997712,9.69907341443734,18.668224385105,12.2210671374983,0,13.6447085603345,0,"normal","I",1000,500,0.5,0,0,0,FALSE,0,FALSE,0.6,"leave-d",200,0.5,1e+05,TRUE,115
10,0,0,0,12.4977670485581,9.51467985494993,15.4808542421662,16.211672947447,11.4932722585334,20.9300736363607,12.2210671374983,0,15.2658367782609,0,"normal","I",1000,500,0.5,0,0,0,FALSE,0,FALSE,0.6,"leave-d",200,0.5,1e+05,TRUE,115
10,0,0,0,12.4977670485581,9.51467985494993,15.4808542421662,16.5523355879653,12.2163210478281,20.8883501281025,12.2210671374983,0,15.576527648873,0,"normal","I",1000,500,0.5,0,0,0,FALSE,0,FALSE,0.6,"leave-d",200,0.5,1e+05,TRUE,115
10,0,0,0,12.4977670485581,9.51467985494993,15.4808542421662,12.2722764291602,7.88185991845604,16.6626929398644,12.2210671374983,0,11.7550478106412,0,"normal","I",1000,500,0.5,0,0,0,FALSE,0,FALSE,0.6,"leave-d",200,0.5,1e+05,TRUE,115
10,0,0,0,12.4977670485581,9.51467985494993,15.4808542421662,15.5199285206986,10.7237913208607,20.3160657205365,12.2210671374983,0,15.4974614055547,0,"normal","I",1000,500,0.5,0,0,0,FALSE,0,FALSE,0.6,"leave-d",200,0.5,1e+05,TRUE,115
10,0,0,0,12.4977670485581,9.51467985494993,15.4808542421662,15.2292577267218,10.352254616768,20.1062608366756,12.2210671374983,0,14.5907581644153,0,"normal","I",1000,500,0.5,0,0,0,FALSE,0,FALSE,0.6,"leave-d",200,0.5,1e+05,TRUE,115
10,0,0,0,12.4977670485581,9.51467985494993,15.4808542421662,14.9829263965902,10.4257189117534,19.540133881427,12.2210671374983,0,14.0308302459175,0,"normal","I",1000,500,0.5,0,0,0,FALSE,0,FALSE,0.6,"leave-d",200,0.5,1e+05,TRUE,115
10,0,0,0,12.4977670485581,9.51467985494993,15.4808542421662,13.9980429714261,9.41696693912904,18.5791190037231,12.2210671374983,0,14.7733401017034,0,"normal","I",1000,500,0.5,0,0,0,FALSE,0,FALSE,0.6,"leave-d",200,0.5,1e+05,TRUE,115
10,0,0,0,12.4977670485581,9.51467985494993,15.4808542421662,13.8057374176371,9.32060530011115,18.290869535163,12.2210671374983,0,13.380996470472,0,"normal","I",1000,500,0.5,0,0,0,FALSE,0,FALSE,0.6,"leave-d",200,0.5,1e+05,TRUE,115
10,0,0,0,12.4977670485581,9.51467985494993,15.4808542421662,12.9605751251339,8.5246348452347,17.3965154050331,12.2210671374983,0,12.2761873468855,0,"normal","I",1000,500,0.5,0,0,0,FALSE,0,FALSE,0.6,"leave-d",200,0.5,1e+05,TRUE,115
10,0,0,0,12.4977670485581,9.51467985494993,15.4808542421662,11.7247730871132,7.07775901010724,16.3717871641191,12.2210671374983,0,11.40042762855,0,"normal","I",1000,500,0.5,0,0,0,FALSE,0,FALSE,0.6,"leave-d",200,0.5,1e+05,TRUE,115
10,0,0,0,12.4977670485581,9.51467985494993,15.4808542421662,12.4815788486885,8.11711217387448,16.8460455235025,12.2210671374983,0,12.1167208139222,0,"normal","I",1000,500,0.5,0,0,0,FALSE,0,FALSE,0.6,"leave-d",200,0.5,1e+05,TRUE,115
10,0,0,0,12.4977670485581,9.51467985494993,15.4808542421662,12.102573998867,7.69111088644087,16.514037111293,12.2210671374983,0,11.9955165704247,0,"normal","I",1000,500,0.5,0,0,0,FALSE,0,FALSE,0.6,"leave-d",200,0.5,1e+05,TRUE,115
10,0,0,0,12.4977670485581,9.51467985494993,15.4808542421662,9.20706757471106,4.90621945859082,13.5079156908313,12.2210671374983,0,8.95611314122143,0,"normal","I",1000,500,0.5,0,0,0,FALSE,0,FALSE,0.6,"leave-d",200,0.5,1e+05,TRUE,115
10,0,0,0,12.4977670485581,9.51467985494993,15.4808542421662,14.5783206336623,10.1863342723155,18.9703069950091,12.2210671374983,0,14.2104486873881,0,"normal","I",1000,500,0.5,0,0,0,FALSE,0,FALSE,0.6,"leave-d",200,0.5,1e+05,TRUE,115
10,0,0,0,12.4977670485581,9.51467985494993,15.4808542421662,18.5418544035448,13.6554518167181,23.4282569903714,12.2210671374983,0,17.5699675814357,0,"normal","I",1000,500,0.5,0,0,0,FALSE,0,FALSE,0.6,"leave-d",200,0.5,1e+05,TRUE,115
10,0,0,0,12.4977670485581,9.51467985494993,15.4808542421662,13.202863422692,8.53246390732945,17.8732629380546,12.2210671374983,0,12.8640805217612,0,"normal","I",1000,500,0.5,0,0,0,FALSE,0,FALSE,0.6,"leave-d",200,0.5,1e+05,TRUE,115
10,0,0,0,12.4977670485581,9.51467985494993,15.4808542421662,20.1295924792019,15.2937704455547,24.9654145128491,12.2210671374983,0,18.3661944813541,0,"normal","I",1000,500,0.5,0,0,0,FALSE,0,FALSE,0.6,"leave-d",200,0.5,1e+05,TRUE,115
10,0,0,0,12.4977670485581,9.51467985494993,15.4808542421662,12.2446414682802,7.87232134156945,16.616961594991,12.2210671374983,0,11.7418584944186,0,"normal","I",1000,500,0.5,0,0,0,FALSE,0,FALSE,0.6,"leave-d",200,0.5,1e+05,TRUE,115
10,0,0,0,12.4977670485581,9.51467985494993,15.4808542421662,7.88918897675873,3.06206664575313,12.7163113077643,12.2210671374983,0,8.43053724338032,0,"normal","I",1000,500,0.5,0,0,0,FALSE,0,FALSE,0.6,"leave-d",200,0.5,1e+05,TRUE,115
10,0,0,0,12.4977670485581,9.51467985494993,15.4808542421662,14.8263090522086,9.93218109761564,19.7204370068016,12.2210671374983,0,13.7310432985316,0,"normal","I",1000,500,0.5,0,0,0,FALSE,0,FALSE,0.6,"leave-d",200,0.5,1e+05,TRUE,115
10,0,0,0,12.4977670485581,9.51467985494993,15.4808542421662,15.5354475890012,11.0178430516694,20.0530521263331,12.2210671374983,0,15.4695173315699,0,"normal","I",1000,500,0.5,0,0,0,FALSE,0,FALSE,0.6,"leave-d",200,0.5,1e+05,TRUE,115
10,0,0,0,12.4977670485581,9.51467985494993,15.4808542421662,10.2939087959505,5.87608301543233,14.7117345764686,12.2210671374983,0,9.89868501645414,0,"normal","I",1000,500,0.5,0,0,0,FALSE,0,FALSE,0.6,"leave-d",200,0.5,1e+05,TRUE,115
10,0,0,0,12.4977670485581,9.51467985494993,15.4808542421662,17.0269371850478,12.4039518948689,21.6499224752267,12.2210671374983,0,18.2361095650991,0,"normal","I",1000,500,0.5,0,0,0,FALSE,0,FALSE,0.6,"leave-d",200,0.5,1e+05,TRUE,115
10,0,0,0,12.4977670485581,9.51467985494993,15.4808542421662,12.9341811490543,8.756361105708,17.1120011924006,12.2210671374983,0,12.5463042340721,0,"normal","I",1000,500,0.5,0,0,0,FALSE,0,FALSE,0.6,"leave-d",200,0.5,1e+05,TRUE,115
10,0,0,0,12.4977670485581,9.51467985494993,15.4808542421662,16.4091340046472,11.6892167672332,21.1290512420613,12.2210671374983,0,14.9396258982367,0,"normal","I",1000,500,0.5,0,0,0,FALSE,0,FALSE,0.6,"leave-d",200,0.5,1e+05,TRUE,115
10,0,0,0,12.4977670485581,9.51467985494993,15.4808542421662,14.2700746612337,9.46201519014953,19.0781341323179,12.2210671374983,0,14.7643097793691,0,"normal","I",1000,500,0.5,0,0,0,FALSE,0,FALSE,0.6,"leave-d",200,0.5,1e+05,TRUE,115
10,0,0,0,12.4977670485581,9.51467985494993,15.4808542421662,14.3865609364153,9.83848422881304,18.9346376440176,12.2210671374983,0,14.1782983152707,0,"normal","I",1000,500,0.5,0,0,0,FALSE,0,FALSE,0.6,"leave-d",200,0.5,1e+05,TRUE,115
10,0,0,0,12.4977670485581,9.51467985494993,15.4808542421662,17.5632758736305,12.7633255991023,22.3632261481588,12.2210671374983,0,15.9915057190416,0,"normal","I",1000,500,0.5,0,0,0,FALSE,0,FALSE,0.6,"leave-d",200,0.5,1e+05,TRUE,115
10,0,0,0,12.4977670485581,9.51467985494993,15.4808542421662,15.7315054436413,11.0589923453547,20.404018541928,12.2210671374983,0,15.2019726919636,0,"normal","I",1000,500,0.5,0,0,0,FALSE,0,FALSE,0.6,"leave-d",200,0.5,1e+05,TRUE,115
10,0,0,0,12.4977670485581,9.51467985494993,15.4808542421662,15.9233203742011,11.3418502508059,20.5047904975962,12.2210671374983,0,17.4787882285999,0,"normal","I",1000,500,0.5,0,0,0,FALSE,0,FALSE,0.6,"leave-d",200,0.5,1e+05,TRUE,115
10,0,0,0,12.4977670485581,9.51467985494993,15.4808542421662,16.7500072307542,11.9876737263498,21.5123407351586,12.2210671374983,0,15.8556879299954,0,"normal","I",1000,500,0.5,0,0,0,FALSE,0,FALSE,0.6,"leave-d",200,0.5,1e+05,TRUE,115
10,0,0,0,12.4977670485581,9.51467985494993,15.4808542421662,8.76490064273812,4.49264171294926,13.037159572527,12.2210671374983,0,9.01921233190501,0,"normal","I",1000,500,0.5,0,0,0,FALSE,0,FALSE,0.6,"leave-d",200,0.5,1e+05,TRUE,115
10,0,0,0,12.4977670485581,9.51467985494993,15.4808542421662,12.631205082734,8.26755391905021,16.9948562464179,12.2210671374983,0,11.8688444606708,0,"normal","I",1000,500,0.5,0,0,0,FALSE,0,FALSE,0.6,"leave-d",200,0.5,1e+05,TRUE,115
10,0,0,0,12.4977670485581,9.51467985494993,15.4808542421662,15.4495566927486,10.8108912924829,20.0882220930144,12.2210671374983,0,15.692463166985,0,"normal","I",1000,500,0.5,0,0,0,FALSE,0,FALSE,0.6,"leave-d",200,0.5,1e+05,TRUE,115
10,0,0,0,12.4977670485581,9.51467985494993,15.4808542421662,15.2220268416495,10.5822180893635,19.8618355939355,12.2210671374983,0,13.9397813645706,0,"normal","I",1000,500,0.5,0,0,0,FALSE,0,FALSE,0.6,"leave-d",200,0.5,1e+05,TRUE,115
10,0,0,0,12.4977670485581,9.51467985494993,15.4808542421662,9.82726889722595,5.22469726104955,14.4298405334023,12.2210671374983,0,10.0133712389449,0,"normal","I",1000,500,0.5,0,0,0,FALSE,0,FALSE,0.6,"leave-d",200,0.5,1e+05,TRUE,115
10,0,0,0,12.4977670485581,9.51467985494993,15.4808542421662,10.6979957239586,6.31798661305909,15.0780048348581,12.2210671374983,0,10.559913820782,0,"normal","I",1000,500,0.5,0,0,0,FALSE,0,FALSE,0.6,"leave-d",200,0.5,1e+05,TRUE,115
10,0,0,0,12.4977670485581,9.51467985494993,15.4808542421662,13.799521802041,9.41252786246127,18.1865157416207,12.2210671374983,0,12.7295289376629,0,"normal","I",1000,500,0.5,0,0,0,FALSE,0,FALSE,0.6,"leave-d",200,0.5,1e+05,TRUE,115
10,0,0,0,12.4977670485581,9.51467985494993,15.4808542421662,12.613482836547,8.21955046651456,17.0074152065794,12.2210671374983,0,11.9251943797114,0,"normal","I",1000,500,0.5,0,0,0,FALSE,0,FALSE,0.6,"leave-d",200,0.5,1e+05,TRUE,115
10,0,0,0,12.4977670485581,9.51467985494993,15.4808542421662,13.0879409453639,8.55809546789238,17.6177864228355,12.2210671374983,0,12.5380492944682,0,"normal","I",1000,500,0.5,0,0,0,FALSE,0,FALSE,0.6,"leave-d",200,0.5,1e+05,TRUE,115
10,0,0,0,12.4977670485581,9.51467985494993,15.4808542421662,17.6135840444302,12.7945172703379,22.4326508185224,12.2210671374983,0,15.688445178288,0,"normal","I",1000,500,0.5,0,0,0,FALSE,0,FALSE,0.6,"leave-d",200,0.5,1e+05,TRUE,115
10,0,0,0,12.4977670485581,9.51467985494993,15.4808542421662,9.05545586874722,4.90694505018802,13.2039666873064,12.2210671374983,0,8.93198467125669,0,"normal","I",1000,500,0.5,0,0,0,FALSE,0,FALSE,0.6,"leave-d",200,0.5,1e+05,TRUE,115
10,0,0,0,12.4977670485581,9.51467985494993,15.4808542421662,13.1539301584079,8.49169983953708,17.8161604772786,12.2210671374983,0,12.6889158914458,0,"normal","I",1000,500,0.5,0,0,0,FALSE,0,FALSE,0.6,"leave-d",200,0.5,1e+05,TRUE,115
10,0,0,0,12.4977670485581,9.51467985494993,15.4808542421662,14.8251659428648,9.8590122477669,19.7913196379627,12.2210671374983,0,13.856773716265,0,"normal","I",1000,500,0.5,0,0,0,FALSE,0,FALSE,0.6,"leave-d",200,0.5,1e+05,TRUE,115
10,0,0,0,12.4977670485581,9.51467985494993,15.4808542421662,13.3122325562604,8.82557232965861,17.7988927828622,12.2210671374983,0,13.0055187236148,0,"normal","I",1000,500,0.5,0,0,0,FALSE,0,FALSE,0.6,"leave-d",200,0.5,1e+05,TRUE,115
10,0,0,0,12.4977670485581,9.51467985494993,15.4808542421662,12.6485618931865,8.14206985892448,17.1550539274486,12.2210671374983,0,11.6561996025392,0,"normal","I",1000,500,0.5,0,0,0,FALSE,0,FALSE,0.6,"leave-d",200,0.5,1e+05,TRUE,115
10,0,0,0,12.4977670485581,9.51467985494993,15.4808542421662,16.9424212862905,12.0696022456472,21.8152403269338,12.2210671374983,0,14.6813601998152,0,"normal","I",1000,500,0.5,0,0,0,FALSE,0,FALSE,0.6,"leave-d",200,0.5,1e+05,TRUE,115
10,0,0,0,12.4977670485581,9.51467985494993,15.4808542421662,8.65156389592874,4.36053805364336,12.9425897382141,12.2210671374983,0,8.72505423107535,0,"normal","I",1000,500,0.5,0,0,0,FALSE,0,FALSE,0.6,"leave-d",200,0.5,1e+05,TRUE,115
10,0,0,0,12.4977670485581,9.51467985494993,15.4808542421662,13.2622816010525,8.76963043773671,17.7549327643684,12.2210671374983,0,12.7044512955372,0,"normal","I",1000,500,0.5,0,0,0,FALSE,0,FALSE,0.6,"leave-d",200,0.5,1e+05,TRUE,115
10,0,0,0,12.4977670485581,9.51467985494993,15.4808542421662,16.4286817488933,11.4965216534706,21.360841844316,12.2210671374983,0,16.6957965962976,0,"normal","I",1000,500,0.5,0,0,0,FALSE,0,FALSE,0.6,"leave-d",200,0.5,1e+05,TRUE,115
10,0,0,0,12.4977670485581,9.51467985494993,15.4808542421662,13.7062278684855,9.21495264303249,18.1975030939385,12.2210671374983,0,13.0856034645716,0,"normal","I",1000,500,0.5,0,0,0,FALSE,0,FALSE,0.6,"leave-d",200,0.5,1e+05,TRUE,115
10,0,0,0,12.4977670485581,9.51467985494993,15.4808542421662,14.5454324307573,10.1802557444628,18.9106091170518,12.2210671374983,0,13.7685787349229,0,"normal","I",1000,500,0.5,0,0,0,FALSE,0,FALSE,0.6,"leave-d",200,0.5,1e+05,TRUE,115
10,0,0,0,12.4977670485581,9.51467985494993,15.4808542421662,11.3064013138414,6.80239622937802,15.8104063983049,12.2210671374983,0,11.0352328899419,0,"normal","I",1000,500,0.5,0,0,0,FALSE,0,FALSE,0.6,"leave-d",200,0.5,1e+05,TRUE,115
10,0,0,0,12.4977670485581,9.51467985494993,15.4808542421662,8.98623538251532,4.44167309764642,13.5307976673842,12.2210671374983,0,8.84862679364399,0,"normal","I",1000,500,0.5,0,0,0,FALSE,0,FALSE,0.6,"leave-d",200,0.5,1e+05,TRUE,115
10,0,0,0,12.4977670485581,9.51467985494993,15.4808542421662,16.7314728492397,12.3031316091206,21.1598140893587,12.2210671374983,0,15.4833245482616,0,"normal","I",1000,500,0.5,0,0,0,FALSE,0,FALSE,0.6,"leave-d",200,0.5,1e+05,TRUE,115
10,0,0,0,12.4977670485581,9.51467985494993,15.4808542421662,15.2020330459254,10.712977214231,19.6910888776198,12.2210671374983,0,14.4507152301827,0,"normal","I",1000,500,0.5,0,0,0,FALSE,0,FALSE,0.6,"leave-d",200,0.5,1e+05,TRUE,115
10,0,0,0,12.4977670485581,9.51467985494993,15.4808542421662,10.7211668043647,6.44621326247146,14.996120346258,12.2210671374983,0,10.2693686081223,0,"normal","I",1000,500,0.5,0,0,0,FALSE,0,FALSE,0.6,"leave-d",200,0.5,1e+05,TRUE,115
10,0,0,0,12.4977670485581,9.51467985494993,15.4808542421662,16.0833911232713,11.3894973858822,20.7772848606604,12.2210671374983,0,15.352394242891,0,"normal","I",1000,500,0.5,0,0,0,FALSE,0,FALSE,0.6,"leave-d",200,0.5,1e+05,TRUE,115
10,0,0,0,12.4977670485581,9.51467985494993,15.4808542421662,11.9981504822885,7.53862498912471,16.4576759754523,12.2210671374983,0,11.8166715451084,0,"normal","I",1000,500,0.5,0,0,0,FALSE,0,FALSE,0.6,"leave-d",200,0.5,1e+05,TRUE,115
10,0,0,0,12.4977670485581,9.51467985494993,15.4808542421662,11.7706593445365,7.43845296422422,16.1028657248488,12.2210671374983,0,10.883413793121,0,"normal","I",1000,500,0.5,0,0,0,FALSE,0,FALSE,0.6,"leave-d",200,0.5,1e+05,TRUE,115
10,0,0,0,12.4977670485581,9.51467985494993,15.4808542421662,15.4510802821909,10.6969677700219,20.2051927943599,12.2210671374983,0,14.7553494796845,0,"normal","I",1000,500,0.5,0,0,0,FALSE,0,FALSE,0.6,"leave-d",200,0.5,1e+05,TRUE,115
10,0,0,0,12.4977670485581,9.51467985494993,15.4808542421662,18.142141542457,13.5957571502098,22.6885259347041,12.2210671374983,0,15.9494308681318,0,"normal","I",1000,500,0.5,0,0,0,FALSE,0,FALSE,0.6,"leave-d",200,0.5,1e+05,TRUE,115
10,0,0,0,12.4977670485581,9.51467985494993,15.4808542421662,14.2493009793643,9.59312107116372,18.9054808875649,12.2210671374983,0,13.2449101401225,0,"normal","I",1000,500,0.5,0,0,0,FALSE,0,FALSE,0.6,"leave-d",200,0.5,1e+05,TRUE,115
10,0,0,0,12.4977670485581,9.51467985494993,15.4808542421662,16.2554118988017,11.6545693973415,20.8562544002619,12.2210671374983,0,14.6471342290577,0,"normal","I",1000,500,0.5,0,0,0,FALSE,0,FALSE,0.6,"leave-d",200,0.5,1e+05,TRUE,115
10,0,0,0,12.4977670485581,9.51467985494993,15.4808542421662,12.352470438645,7.96627225122917,16.7386686260608,12.2210671374983,0,11.5397363277284,0,"normal","I",1000,500,0.5,0,0,0,FALSE,0,FALSE,0.6,"leave-d",200,0.5,1e+05,TRUE,115
10,0,0,0,12.4977670485581,9.51467985494993,15.4808542421662,14.2367493963672,9.4359013988566,19.0375973938778,12.2210671374983,0,13.4721247396253,0,"normal","I",1000,500,0.5,0,0,0,FALSE,0,FALSE,0.6,"leave-d",200,0.5,1e+05,TRUE,115
10,0,0,0,12.4977670485581,9.51467985494993,15.4808542421662,13.5568728357166,8.85929189614596,18.2544537752872,12.2210671374983,0,12.9613585532844,0,"normal","I",1000,500,0.5,0,0,0,FALSE,0,FALSE,0.6,"leave-d",200,0.5,1e+05,TRUE,115
10,0,0,0,12.4977670485581,9.51467985494993,15.4808542421662,17.2251640916266,12.6061786828561,21.8441495003972,12.2210671374983,0,15.418964418664,0,"normal","I",1000,500,0.5,0,0,0,FALSE,0,FALSE,0.6,"leave-d",200,0.5,1e+05,TRUE,115
10,0,0,0,12.4977670485581,9.51467985494993,15.4808542421662,13.7215496272162,9.43323596113826,18.0098632932941,12.2210671374983,0,13.3945586682101,0,"normal","I",1000,500,0.5,0,0,0,FALSE,0,FALSE,0.6,"leave-d",200,0.5,1e+05,TRUE,115
10,0,0,0,12.4977670485581,9.51467985494993,15.4808542421662,16.1583420466247,11.4453708365745,20.871313256675,12.2210671374983,0,16.2340814219435,0,"normal","I",1000,500,0.5,0,0,0,FALSE,0,FALSE,0.6,"leave-d",200,0.5,1e+05,TRUE,115
10,0,0,0,12.4977670485581,9.51467985494993,15.4808542421662,10.0562756103367,5.88684451357441,14.2257067070991,12.2210671374983,0,9.77415398315673,0,"normal","I",1000,500,0.5,0,0,0,FALSE,0,FALSE,0.6,"leave-d",200,0.5,1e+05,TRUE,115
10,0,0,0,12.4977670485581,9.51467985494993,15.4808542421662,15.3049087287704,10.5880846042097,20.0217328533312,12.2210671374983,0,15.1594083687099,0,"normal","I",1000,500,0.5,0,0,0,FALSE,0,FALSE,0.6,"leave-d",200,0.5,1e+05,TRUE,115
