"var_main_effect","var_inter_effect","cov_main_inter_effect","var_total_effect","EigenPrism_main","EigenPrism_CI1","EigenPrism_CI2","sub_EigenPrism_main","sub_EigenPrism_CI1","sub_EigenPrism_CI2","GCTA_main","GCTA_inter","sub_GCTA_main","sub_GCTA_inter","x_dist","structure","p","n","main_fixed_var","main_random_var","inter_fixed_var","inter_random_var","decor","interact","combine","pro","bs","n_sub","rho_e","emp_n","inter_std","i"
9.99999999999999,0,0,0,9.00604007461889,6.28464522692918,11.7274349223086,8.19671883734598,5.18792368749971,11.2055139871922,8.81809010388153,0,8.10070194788894,0,"chi","I",1000,500,0.5,0,0,0,FALSE,0,FALSE,0.9,"leave-d",200,0.5,1e+05,TRUE,559
9.99999999999999,0,0,0,9.00604007461889,6.28464522692918,11.7274349223086,8.77059196313901,5.78580586989935,11.7553780563787,8.81809010388153,0,8.46921485560688,0,"chi","I",1000,500,0.5,0,0,0,FALSE,0,FALSE,0.9,"leave-d",200,0.5,1e+05,TRUE,559
9.99999999999999,0,0,0,9.00604007461889,6.28464522692918,11.7274349223086,8.49068767291901,5.42898074017476,11.5523946056633,8.81809010388153,0,8.47314149332289,0,"chi","I",1000,500,0.5,0,0,0,FALSE,0,FALSE,0.9,"leave-d",200,0.5,1e+05,TRUE,559
9.99999999999999,0,0,0,9.00604007461889,6.28464522692918,11.7274349223086,8.59714885202589,5.62001505257815,11.5742826514736,8.81809010388153,0,8.31565037777768,0,"chi","I",1000,500,0.5,0,0,0,FALSE,0,FALSE,0.9,"leave-d",200,0.5,1e+05,TRUE,559
9.99999999999999,0,0,0,9.00604007461889,6.28464522692918,11.7274349223086,9.02815341030177,6.07644228530193,11.9798645353016,8.81809010388153,0,8.76754406016708,0,"chi","I",1000,500,0.5,0,0,0,FALSE,0,FALSE,0.9,"leave-d",200,0.5,1e+05,TRUE,559
9.99999999999999,0,0,0,9.00604007461889,6.28464522692918,11.7274349223086,9.37574820346772,6.41250669751988,12.3389897094155,8.81809010388153,0,9.32201563667533,0,"chi","I",1000,500,0.5,0,0,0,FALSE,0,FALSE,0.9,"leave-d",200,0.5,1e+05,TRUE,559
9.99999999999999,0,0,0,9.00604007461889,6.28464522692918,11.7274349223086,9.67823530509877,6.71456481097788,12.6419057992197,8.81809010388153,0,9.59020249210389,0,"chi","I",1000,500,0.5,0,0,0,FALSE,0,FALSE,0.9,"leave-d",200,0.5,1e+05,TRUE,559
9.99999999999999,0,0,0,9.00604007461889,6.28464522692918,11.7274349223086,8.02843016273572,5.05996060389178,10.9968997215797,8.81809010388153,0,8.0135837893616,0,"chi","I",1000,500,0.5,0,0,0,FALSE,0,FALSE,0.9,"leave-d",200,0.5,1e+05,TRUE,559
9.99999999999999,0,0,0,9.00604007461889,6.28464522692918,11.7274349223086,9.69930057187367,6.64382619236369,12.7547749513836,8.81809010388153,0,9.57572835647337,0,"chi","I",1000,500,0.5,0,0,0,FALSE,0,FALSE,0.9,"leave-d",200,0.5,1e+05,TRUE,559
9.99999999999999,0,0,0,9.00604007461889,6.28464522692918,11.7274349223086,8.73517390331535,5.78060030985137,11.6897474967793,8.81809010388153,0,8.62281613113767,0,"chi","I",1000,500,0.5,0,0,0,FALSE,0,FALSE,0.9,"leave-d",200,0.5,1e+05,TRUE,559
9.99999999999999,0,0,0,9.00604007461889,6.28464522692918,11.7274349223086,9.14250271153256,6.1838687117258,12.1011367113393,8.81809010388153,0,8.80186168266123,0,"chi","I",1000,500,0.5,0,0,0,FALSE,0,FALSE,0.9,"leave-d",200,0.5,1e+05,TRUE,559
9.99999999999999,0,0,0,9.00604007461889,6.28464522692918,11.7274349223086,8.67893662374746,5.6881531583676,11.6697200891273,8.81809010388153,0,8.36898035207503,0,"chi","I",1000,500,0.5,0,0,0,FALSE,0,FALSE,0.9,"leave-d",200,0.5,1e+05,TRUE,559
9.99999999999999,0,0,0,9.00604007461889,6.28464522692918,11.7274349223086,7.59662662514723,4.71417397457959,10.4790792757149,8.81809010388153,0,7.1049339579714,0,"chi","I",1000,500,0.5,0,0,0,FALSE,0,FALSE,0.9,"leave-d",200,0.5,1e+05,TRUE,559
9.99999999999999,0,0,0,9.00604007461889,6.28464522692918,11.7274349223086,8.72180061933445,5.76957780805471,11.6740234306142,8.81809010388153,0,8.50007212956808,0,"chi","I",1000,500,0.5,0,0,0,FALSE,0,FALSE,0.9,"leave-d",200,0.5,1e+05,TRUE,559
9.99999999999999,0,0,0,9.00604007461889,6.28464522692918,11.7274349223086,9.10632659008476,6.2010896122034,12.0115635679661,8.81809010388153,0,8.97164599686948,0,"chi","I",1000,500,0.5,0,0,0,FALSE,0,FALSE,0.9,"leave-d",200,0.5,1e+05,TRUE,559
9.99999999999999,0,0,0,9.00604007461889,6.28464522692918,11.7274349223086,7.88099739829364,4.95712323073514,10.8048715658522,8.81809010388153,0,8.00767824522691,0,"chi","I",1000,500,0.5,0,0,0,FALSE,0,FALSE,0.9,"leave-d",200,0.5,1e+05,TRUE,559
9.99999999999999,0,0,0,9.00604007461889,6.28464522692918,11.7274349223086,8.92033193561767,5.89198618710425,11.9486776841311,8.81809010388153,0,8.75339970934012,0,"chi","I",1000,500,0.5,0,0,0,FALSE,0,FALSE,0.9,"leave-d",200,0.5,1e+05,TRUE,559
9.99999999999999,0,0,0,9.00604007461889,6.28464522692918,11.7274349223086,8.25854347584521,5.27130482652461,11.2457821251658,8.81809010388153,0,7.94812158415961,0,"chi","I",1000,500,0.5,0,0,0,FALSE,0,FALSE,0.9,"leave-d",200,0.5,1e+05,TRUE,559
9.99999999999999,0,0,0,9.00604007461889,6.28464522692918,11.7274349223086,8.39319023264152,5.41285904512094,11.3735214201621,8.81809010388153,0,8.36893886076787,0,"chi","I",1000,500,0.5,0,0,0,FALSE,0,FALSE,0.9,"leave-d",200,0.5,1e+05,TRUE,559
9.99999999999999,0,0,0,9.00604007461889,6.28464522692918,11.7274349223086,9.157413869342,6.24303669027073,12.0717910484133,8.81809010388153,0,8.96258949298452,0,"chi","I",1000,500,0.5,0,0,0,FALSE,0,FALSE,0.9,"leave-d",200,0.5,1e+05,TRUE,559
9.99999999999999,0,0,0,9.00604007461889,6.28464522692918,11.7274349223086,7.75942082483471,4.8126404740223,10.7062011756471,8.81809010388153,0,7.54257351032045,0,"chi","I",1000,500,0.5,0,0,0,FALSE,0,FALSE,0.9,"leave-d",200,0.5,1e+05,TRUE,559
9.99999999999999,0,0,0,9.00604007461889,6.28464522692918,11.7274349223086,7.6822700881044,4.81873786713875,10.54580230907,8.81809010388153,0,7.44104311657513,0,"chi","I",1000,500,0.5,0,0,0,FALSE,0,FALSE,0.9,"leave-d",200,0.5,1e+05,TRUE,559
9.99999999999999,0,0,0,9.00604007461889,6.28464522692918,11.7274349223086,12.0288563220507,8.96304091478229,15.0946717293191,8.81809010388153,0,12.0554128335799,0,"chi","I",1000,500,0.5,0,0,0,FALSE,0,FALSE,0.9,"leave-d",200,0.5,1e+05,TRUE,559
9.99999999999999,0,0,0,9.00604007461889,6.28464522692918,11.7274349223086,8.70864006749976,5.72292035036389,11.6943597846356,8.81809010388153,0,8.59698705436356,0,"chi","I",1000,500,0.5,0,0,0,FALSE,0,FALSE,0.9,"leave-d",200,0.5,1e+05,TRUE,559
9.99999999999999,0,0,0,9.00604007461889,6.28464522692918,11.7274349223086,9.01363791329331,6.06133849248899,11.9659373340976,8.81809010388153,0,8.88870287255418,0,"chi","I",1000,500,0.5,0,0,0,FALSE,0,FALSE,0.9,"leave-d",200,0.5,1e+05,TRUE,559
9.99999999999999,0,0,0,9.00604007461889,6.28464522692918,11.7274349223086,8.91683366256545,5.96106974721678,11.8725975779141,8.81809010388153,0,8.69331303898612,0,"chi","I",1000,500,0.5,0,0,0,FALSE,0,FALSE,0.9,"leave-d",200,0.5,1e+05,TRUE,559
9.99999999999999,0,0,0,9.00604007461889,6.28464522692918,11.7274349223086,8.83223833654291,5.85823610298337,11.8062405701024,8.81809010388153,0,8.59276415440927,0,"chi","I",1000,500,0.5,0,0,0,FALSE,0,FALSE,0.9,"leave-d",200,0.5,1e+05,TRUE,559
9.99999999999999,0,0,0,9.00604007461889,6.28464522692918,11.7274349223086,7.19021665010674,4.22657852252988,10.1538547776836,8.81809010388153,0,7.35538158488837,0,"chi","I",1000,500,0.5,0,0,0,FALSE,0,FALSE,0.9,"leave-d",200,0.5,1e+05,TRUE,559
9.99999999999999,0,0,0,9.00604007461889,6.28464522692918,11.7274349223086,8.83331302229507,5.87356525234533,11.7930607922448,8.81809010388153,0,8.57623788046269,0,"chi","I",1000,500,0.5,0,0,0,FALSE,0,FALSE,0.9,"leave-d",200,0.5,1e+05,TRUE,559
9.99999999999999,0,0,0,9.00604007461889,6.28464522692918,11.7274349223086,8.48517677395997,5.53945613749874,11.4308974104212,8.81809010388153,0,8.21914536983207,0,"chi","I",1000,500,0.5,0,0,0,FALSE,0,FALSE,0.9,"leave-d",200,0.5,1e+05,TRUE,559
9.99999999999999,0,0,0,9.00604007461889,6.28464522692918,11.7274349223086,8.17883934947093,5.18588908328665,11.1717896156552,8.81809010388153,0,7.9600778989502,0,"chi","I",1000,500,0.5,0,0,0,FALSE,0,FALSE,0.9,"leave-d",200,0.5,1e+05,TRUE,559
9.99999999999999,0,0,0,9.00604007461889,6.28464522692918,11.7274349223086,8.67377921234518,5.71309039825832,11.634468026432,8.81809010388153,0,8.51670365282538,0,"chi","I",1000,500,0.5,0,0,0,FALSE,0,FALSE,0.9,"leave-d",200,0.5,1e+05,TRUE,559
9.99999999999999,0,0,0,9.00604007461889,6.28464522692918,11.7274349223086,10.4111201520593,7.36946135774292,13.4527789463757,8.81809010388153,0,10.6084603243304,0,"chi","I",1000,500,0.5,0,0,0,FALSE,0,FALSE,0.9,"leave-d",200,0.5,1e+05,TRUE,559
9.99999999999999,0,0,0,9.00604007461889,6.28464522692918,11.7274349223086,9.04525927906543,6.0205973546713,12.0699212034596,8.81809010388153,0,8.79393694148905,0,"chi","I",1000,500,0.5,0,0,0,FALSE,0,FALSE,0.9,"leave-d",200,0.5,1e+05,TRUE,559
9.99999999999999,0,0,0,9.00604007461889,6.28464522692918,11.7274349223086,9.34447365544264,6.54159150389975,12.1473558069855,8.81809010388153,0,9.2861673747634,0,"chi","I",1000,500,0.5,0,0,0,FALSE,0,FALSE,0.9,"leave-d",200,0.5,1e+05,TRUE,559
9.99999999999999,0,0,0,9.00604007461889,6.28464522692918,11.7274349223086,7.4022881098807,4.56163601915839,10.242940200603,8.81809010388153,0,6.88950904456393,0,"chi","I",1000,500,0.5,0,0,0,FALSE,0,FALSE,0.9,"leave-d",200,0.5,1e+05,TRUE,559
9.99999999999999,0,0,0,9.00604007461889,6.28464522692918,11.7274349223086,9.24438642529183,6.29152893361377,12.1972439169699,8.81809010388153,0,9.13301311763972,0,"chi","I",1000,500,0.5,0,0,0,FALSE,0,FALSE,0.9,"leave-d",200,0.5,1e+05,TRUE,559
9.99999999999999,0,0,0,9.00604007461889,6.28464522692918,11.7274349223086,8.7225238786509,5.7456569188105,11.6993908384913,8.81809010388153,0,8.35980171168408,0,"chi","I",1000,500,0.5,0,0,0,FALSE,0,FALSE,0.9,"leave-d",200,0.5,1e+05,TRUE,559
9.99999999999999,0,0,0,9.00604007461889,6.28464522692918,11.7274349223086,8.04137230614611,5.04272347455201,11.0400211377402,8.81809010388153,0,8.17387684875299,0,"chi","I",1000,500,0.5,0,0,0,FALSE,0,FALSE,0.9,"leave-d",200,0.5,1e+05,TRUE,559
9.99999999999999,0,0,0,9.00604007461889,6.28464522692918,11.7274349223086,9.73831792522008,6.71496320671417,12.761672643726,8.81809010388153,0,9.40832744678534,0,"chi","I",1000,500,0.5,0,0,0,FALSE,0,FALSE,0.9,"leave-d",200,0.5,1e+05,TRUE,559
9.99999999999999,0,0,0,9.00604007461889,6.28464522692918,11.7274349223086,7.10838637273704,4.24423394236445,9.97253880310963,8.81809010388153,0,7.19755120987571,0,"chi","I",1000,500,0.5,0,0,0,FALSE,0,FALSE,0.9,"leave-d",200,0.5,1e+05,TRUE,559
9.99999999999999,0,0,0,9.00604007461889,6.28464522692918,11.7274349223086,9.61304156049879,6.60349951880179,12.6225836021958,8.81809010388153,0,9.34432871918929,0,"chi","I",1000,500,0.5,0,0,0,FALSE,0,FALSE,0.9,"leave-d",200,0.5,1e+05,TRUE,559
9.99999999999999,0,0,0,9.00604007461889,6.28464522692918,11.7274349223086,9.11115098726217,6.17191366222713,12.0503883122972,8.81809010388153,0,8.81928018525911,0,"chi","I",1000,500,0.5,0,0,0,FALSE,0,FALSE,0.9,"leave-d",200,0.5,1e+05,TRUE,559
9.99999999999999,0,0,0,9.00604007461889,6.28464522692918,11.7274349223086,7.95662750294325,4.99496416505915,10.9182908408274,8.81809010388153,0,8.05549633867285,0,"chi","I",1000,500,0.5,0,0,0,FALSE,0,FALSE,0.9,"leave-d",200,0.5,1e+05,TRUE,559
9.99999999999999,0,0,0,9.00604007461889,6.28464522692918,11.7274349223086,8.37495605345441,5.46408084550565,11.2858312614032,8.81809010388153,0,8.17699638165675,0,"chi","I",1000,500,0.5,0,0,0,FALSE,0,FALSE,0.9,"leave-d",200,0.5,1e+05,TRUE,559
9.99999999999999,0,0,0,9.00604007461889,6.28464522692918,11.7274349223086,10.7955446404912,7.80185209455718,13.7892371864252,8.81809010388153,0,10.9947054330662,0,"chi","I",1000,500,0.5,0,0,0,FALSE,0,FALSE,0.9,"leave-d",200,0.5,1e+05,TRUE,559
9.99999999999999,0,0,0,9.00604007461889,6.28464522692918,11.7274349223086,10.4185407554827,7.41039383744065,13.4266876735248,8.81809010388153,0,10.1700789977664,0,"chi","I",1000,500,0.5,0,0,0,FALSE,0,FALSE,0.9,"leave-d",200,0.5,1e+05,TRUE,559
9.99999999999999,0,0,0,9.00604007461889,6.28464522692918,11.7274349223086,8.55701861532502,5.54552395584919,11.5685132748008,8.81809010388153,0,8.27206253955462,0,"chi","I",1000,500,0.5,0,0,0,FALSE,0,FALSE,0.9,"leave-d",200,0.5,1e+05,TRUE,559
9.99999999999999,0,0,0,9.00604007461889,6.28464522692918,11.7274349223086,8.21052681911965,5.26360169057862,11.1574519476607,8.81809010388153,0,8.16884371680195,0,"chi","I",1000,500,0.5,0,0,0,FALSE,0,FALSE,0.9,"leave-d",200,0.5,1e+05,TRUE,559
9.99999999999999,0,0,0,9.00604007461889,6.28464522692918,11.7274349223086,10.1432053129134,7.14162502304918,13.1447856027777,8.81809010388153,0,9.93967041337837,0,"chi","I",1000,500,0.5,0,0,0,FALSE,0,FALSE,0.9,"leave-d",200,0.5,1e+05,TRUE,559
9.99999999999999,0,0,0,9.00604007461889,6.28464522692918,11.7274349223086,8.27022703058397,5.25600969544711,11.2844443657208,8.81809010388153,0,8.08126733230851,0,"chi","I",1000,500,0.5,0,0,0,FALSE,0,FALSE,0.9,"leave-d",200,0.5,1e+05,TRUE,559
9.99999999999999,0,0,0,9.00604007461889,6.28464522692918,11.7274349223086,7.95743331565371,5.00055683059904,10.9143098007084,8.81809010388153,0,7.69825338897952,0,"chi","I",1000,500,0.5,0,0,0,FALSE,0,FALSE,0.9,"leave-d",200,0.5,1e+05,TRUE,559
9.99999999999999,0,0,0,9.00604007461889,6.28464522692918,11.7274349223086,8.70514241633988,5.81579251137514,11.5944923213046,8.81809010388153,0,8.56291636625759,0,"chi","I",1000,500,0.5,0,0,0,FALSE,0,FALSE,0.9,"leave-d",200,0.5,1e+05,TRUE,559
9.99999999999999,0,0,0,9.00604007461889,6.28464522692918,11.7274349223086,9.14566015365509,6.19370361680701,12.0976166905032,8.81809010388153,0,8.98777238802326,0,"chi","I",1000,500,0.5,0,0,0,FALSE,0,FALSE,0.9,"leave-d",200,0.5,1e+05,TRUE,559
9.99999999999999,0,0,0,9.00604007461889,6.28464522692918,11.7274349223086,7.13508170722983,4.28067618198694,9.98948723247271,8.81809010388153,0,7.19772470694372,0,"chi","I",1000,500,0.5,0,0,0,FALSE,0,FALSE,0.9,"leave-d",200,0.5,1e+05,TRUE,559
9.99999999999999,0,0,0,9.00604007461889,6.28464522692918,11.7274349223086,8.99787255120548,6.05272185193701,11.943023250474,8.81809010388153,0,8.75444458058849,0,"chi","I",1000,500,0.5,0,0,0,FALSE,0,FALSE,0.9,"leave-d",200,0.5,1e+05,TRUE,559
9.99999999999999,0,0,0,9.00604007461889,6.28464522692918,11.7274349223086,7.54134653384433,4.63933317145301,10.4433598962357,8.81809010388153,0,7.57894842434983,0,"chi","I",1000,500,0.5,0,0,0,FALSE,0,FALSE,0.9,"leave-d",200,0.5,1e+05,TRUE,559
9.99999999999999,0,0,0,9.00604007461889,6.28464522692918,11.7274349223086,8.86947969675152,5.91180478286067,11.8271546106424,8.81809010388153,0,8.56407150274793,0,"chi","I",1000,500,0.5,0,0,0,FALSE,0,FALSE,0.9,"leave-d",200,0.5,1e+05,TRUE,559
9.99999999999999,0,0,0,9.00604007461889,6.28464522692918,11.7274349223086,9.95219267601176,6.90179558333895,13.0025897686846,8.81809010388153,0,9.82719283909912,0,"chi","I",1000,500,0.5,0,0,0,FALSE,0,FALSE,0.9,"leave-d",200,0.5,1e+05,TRUE,559
9.99999999999999,0,0,0,9.00604007461889,6.28464522692918,11.7274349223086,9.91969346353572,7.03581815100491,12.8035687760665,8.81809010388153,0,9.87288053797325,0,"chi","I",1000,500,0.5,0,0,0,FALSE,0,FALSE,0.9,"leave-d",200,0.5,1e+05,TRUE,559
9.99999999999999,0,0,0,9.00604007461889,6.28464522692918,11.7274349223086,8.79513310355121,5.7439736967769,11.8462925103255,8.81809010388153,0,8.53186167783178,0,"chi","I",1000,500,0.5,0,0,0,FALSE,0,FALSE,0.9,"leave-d",200,0.5,1e+05,TRUE,559
9.99999999999999,0,0,0,9.00604007461889,6.28464522692918,11.7274349223086,8.59506756837514,5.6549486198285,11.5351865169218,8.81809010388153,0,8.5481486076027,0,"chi","I",1000,500,0.5,0,0,0,FALSE,0,FALSE,0.9,"leave-d",200,0.5,1e+05,TRUE,559
9.99999999999999,0,0,0,9.00604007461889,6.28464522692918,11.7274349223086,8.94378324154933,5.93754322379538,11.9500232593033,8.81809010388153,0,8.66059542646226,0,"chi","I",1000,500,0.5,0,0,0,FALSE,0,FALSE,0.9,"leave-d",200,0.5,1e+05,TRUE,559
9.99999999999999,0,0,0,9.00604007461889,6.28464522692918,11.7274349223086,9.2824842588406,6.29973465869775,12.2652338589834,8.81809010388153,0,9.23640198189544,0,"chi","I",1000,500,0.5,0,0,0,FALSE,0,FALSE,0.9,"leave-d",200,0.5,1e+05,TRUE,559
9.99999999999999,0,0,0,9.00604007461889,6.28464522692918,11.7274349223086,9.41853347146973,6.56948420515566,12.2675827377838,8.81809010388153,0,9.42070554069804,0,"chi","I",1000,500,0.5,0,0,0,FALSE,0,FALSE,0.9,"leave-d",200,0.5,1e+05,TRUE,559
9.99999999999999,0,0,0,9.00604007461889,6.28464522692918,11.7274349223086,8.47533076189268,5.50054883949403,11.4501126842913,8.81809010388153,0,8.37013127020874,0,"chi","I",1000,500,0.5,0,0,0,FALSE,0,FALSE,0.9,"leave-d",200,0.5,1e+05,TRUE,559
9.99999999999999,0,0,0,9.00604007461889,6.28464522692918,11.7274349223086,8.55377912652063,5.55725877232002,11.5502994807212,8.81809010388153,0,8.51306378667481,0,"chi","I",1000,500,0.5,0,0,0,FALSE,0,FALSE,0.9,"leave-d",200,0.5,1e+05,TRUE,559
9.99999999999999,0,0,0,9.00604007461889,6.28464522692918,11.7274349223086,7.58257295493955,4.76978449741125,10.3953614124678,8.81809010388153,0,7.19399750323395,0,"chi","I",1000,500,0.5,0,0,0,FALSE,0,FALSE,0.9,"leave-d",200,0.5,1e+05,TRUE,559
9.99999999999999,0,0,0,9.00604007461889,6.28464522692918,11.7274349223086,10.2213973799607,7.1668049419072,13.2759898180141,8.81809010388153,0,10.0716915060949,0,"chi","I",1000,500,0.5,0,0,0,FALSE,0,FALSE,0.9,"leave-d",200,0.5,1e+05,TRUE,559
9.99999999999999,0,0,0,9.00604007461889,6.28464522692918,11.7274349223086,8.84633073980954,5.84613385563966,11.8465276239794,8.81809010388153,0,8.41008915803687,0,"chi","I",1000,500,0.5,0,0,0,FALSE,0,FALSE,0.9,"leave-d",200,0.5,1e+05,TRUE,559
9.99999999999999,0,0,0,9.00604007461889,6.28464522692918,11.7274349223086,8.65675411992865,5.72578131486392,11.5877269249934,8.81809010388153,0,8.4036802679168,0,"chi","I",1000,500,0.5,0,0,0,FALSE,0,FALSE,0.9,"leave-d",200,0.5,1e+05,TRUE,559
9.99999999999999,0,0,0,9.00604007461889,6.28464522692918,11.7274349223086,10.0266723025574,7.07233866115561,12.9810059439593,8.81809010388153,0,9.90530474018492,0,"chi","I",1000,500,0.5,0,0,0,FALSE,0,FALSE,0.9,"leave-d",200,0.5,1e+05,TRUE,559
9.99999999999999,0,0,0,9.00604007461889,6.28464522692918,11.7274349223086,10.0901460036994,7.07191869258266,13.1083733148161,8.81809010388153,0,10.0955194703734,0,"chi","I",1000,500,0.5,0,0,0,FALSE,0,FALSE,0.9,"leave-d",200,0.5,1e+05,TRUE,559
9.99999999999999,0,0,0,9.00604007461889,6.28464522692918,11.7274349223086,8.13589344187258,5.17255146757705,11.0992354161681,8.81809010388153,0,7.94150993265323,0,"chi","I",1000,500,0.5,0,0,0,FALSE,0,FALSE,0.9,"leave-d",200,0.5,1e+05,TRUE,559
9.99999999999999,0,0,0,9.00604007461889,6.28464522692918,11.7274349223086,8.12264888067963,5.28855515644713,10.9567426049121,8.81809010388153,0,7.92703938837279,0,"chi","I",1000,500,0.5,0,0,0,FALSE,0,FALSE,0.9,"leave-d",200,0.5,1e+05,TRUE,559
9.99999999999999,0,0,0,9.00604007461889,6.28464522692918,11.7274349223086,8.93203966785662,5.82124038263917,12.0428389530741,8.81809010388153,0,8.67638602559297,0,"chi","I",1000,500,0.5,0,0,0,FALSE,0,FALSE,0.9,"leave-d",200,0.5,1e+05,TRUE,559
9.99999999999999,0,0,0,9.00604007461889,6.28464522692918,11.7274349223086,9.64842130035784,6.78685107514545,12.5099915255702,8.81809010388153,0,9.69912432440669,0,"chi","I",1000,500,0.5,0,0,0,FALSE,0,FALSE,0.9,"leave-d",200,0.5,1e+05,TRUE,559
9.99999999999999,0,0,0,9.00604007461889,6.28464522692918,11.7274349223086,7.93421326072071,4.94704182111037,10.9213847003311,8.81809010388153,0,7.89084120468429,0,"chi","I",1000,500,0.5,0,0,0,FALSE,0,FALSE,0.9,"leave-d",200,0.5,1e+05,TRUE,559
9.99999999999999,0,0,0,9.00604007461889,6.28464522692918,11.7274349223086,9.19679045897289,6.1985196147473,12.1950613031985,8.81809010388153,0,8.95950366913041,0,"chi","I",1000,500,0.5,0,0,0,FALSE,0,FALSE,0.9,"leave-d",200,0.5,1e+05,TRUE,559
9.99999999999999,0,0,0,9.00604007461889,6.28464522692918,11.7274349223086,9.62968139741555,6.63204807516238,12.6273147196687,8.81809010388153,0,9.40999614424651,0,"chi","I",1000,500,0.5,0,0,0,FALSE,0,FALSE,0.9,"leave-d",200,0.5,1e+05,TRUE,559
9.99999999999999,0,0,0,9.00604007461889,6.28464522692918,11.7274349223086,9.95138833213779,6.89811846003496,13.0046582042406,8.81809010388153,0,9.8941062537776,0,"chi","I",1000,500,0.5,0,0,0,FALSE,0,FALSE,0.9,"leave-d",200,0.5,1e+05,TRUE,559
9.99999999999999,0,0,0,9.00604007461889,6.28464522692918,11.7274349223086,7.89752351299386,5.02754448905353,10.7675025369342,8.81809010388153,0,7.65579212474497,0,"chi","I",1000,500,0.5,0,0,0,FALSE,0,FALSE,0.9,"leave-d",200,0.5,1e+05,TRUE,559
9.99999999999999,0,0,0,9.00604007461889,6.28464522692918,11.7274349223086,8.52263490614585,5.58786115039761,11.4574086618941,8.81809010388153,0,8.49595354282052,0,"chi","I",1000,500,0.5,0,0,0,FALSE,0,FALSE,0.9,"leave-d",200,0.5,1e+05,TRUE,559
9.99999999999999,0,0,0,9.00604007461889,6.28464522692918,11.7274349223086,10.7172420031547,7.66248381972793,13.7720001865815,8.81809010388153,0,10.5677055216301,0,"chi","I",1000,500,0.5,0,0,0,FALSE,0,FALSE,0.9,"leave-d",200,0.5,1e+05,TRUE,559
9.99999999999999,0,0,0,9.00604007461889,6.28464522692918,11.7274349223086,9.27851051209425,6.31021298298987,12.2468080411986,8.81809010388153,0,9.07557415948706,0,"chi","I",1000,500,0.5,0,0,0,FALSE,0,FALSE,0.9,"leave-d",200,0.5,1e+05,TRUE,559
9.99999999999999,0,0,0,9.00604007461889,6.28464522692918,11.7274349223086,9.01239761517742,6.13497246138757,11.8898227689673,8.81809010388153,0,8.75605541981335,0,"chi","I",1000,500,0.5,0,0,0,FALSE,0,FALSE,0.9,"leave-d",200,0.5,1e+05,TRUE,559
9.99999999999999,0,0,0,9.00604007461889,6.28464522692918,11.7274349223086,9.27823651850969,6.33316814374802,12.2233048932714,8.81809010388153,0,9.10440452005268,0,"chi","I",1000,500,0.5,0,0,0,FALSE,0,FALSE,0.9,"leave-d",200,0.5,1e+05,TRUE,559
9.99999999999999,0,0,0,9.00604007461889,6.28464522692918,11.7274349223086,9.58947996941942,6.61916887744057,12.5597910613983,8.81809010388153,0,9.30568100761621,0,"chi","I",1000,500,0.5,0,0,0,FALSE,0,FALSE,0.9,"leave-d",200,0.5,1e+05,TRUE,559
9.99999999999999,0,0,0,9.00604007461889,6.28464522692918,11.7274349223086,7.78482735520806,4.81565332136585,10.7540013890503,8.81809010388153,0,7.61512251869706,0,"chi","I",1000,500,0.5,0,0,0,FALSE,0,FALSE,0.9,"leave-d",200,0.5,1e+05,TRUE,559
9.99999999999999,0,0,0,9.00604007461889,6.28464522692918,11.7274349223086,9.74980537267676,6.74647579775536,12.7531349475982,8.81809010388153,0,9.45433220794912,0,"chi","I",1000,500,0.5,0,0,0,FALSE,0,FALSE,0.9,"leave-d",200,0.5,1e+05,TRUE,559
9.99999999999999,0,0,0,9.00604007461889,6.28464522692918,11.7274349223086,8.29557803262488,5.46956366624028,11.1215923990095,8.81809010388153,0,7.987962823999,0,"chi","I",1000,500,0.5,0,0,0,FALSE,0,FALSE,0.9,"leave-d",200,0.5,1e+05,TRUE,559
9.99999999999999,0,0,0,9.00604007461889,6.28464522692918,11.7274349223086,9.16216118433061,6.25020868868226,12.074113679979,8.81809010388153,0,8.93647768490413,0,"chi","I",1000,500,0.5,0,0,0,FALSE,0,FALSE,0.9,"leave-d",200,0.5,1e+05,TRUE,559
9.99999999999999,0,0,0,9.00604007461889,6.28464522692918,11.7274349223086,8.34306879255422,5.4349248948826,11.2512126902258,8.81809010388153,0,8.09014599460749,0,"chi","I",1000,500,0.5,0,0,0,FALSE,0,FALSE,0.9,"leave-d",200,0.5,1e+05,TRUE,559
9.99999999999999,0,0,0,9.00604007461889,6.28464522692918,11.7274349223086,9.46401682957933,6.52232854685298,12.4057051123057,8.81809010388153,0,9.58987820371509,0,"chi","I",1000,500,0.5,0,0,0,FALSE,0,FALSE,0.9,"leave-d",200,0.5,1e+05,TRUE,559
9.99999999999999,0,0,0,9.00604007461889,6.28464522692918,11.7274349223086,9.04402996110439,6.01658772525066,12.0714721969581,8.81809010388153,0,8.84245806180373,0,"chi","I",1000,500,0.5,0,0,0,FALSE,0,FALSE,0.9,"leave-d",200,0.5,1e+05,TRUE,559
9.99999999999999,0,0,0,9.00604007461889,6.28464522692918,11.7274349223086,9.26965772741747,6.21692507662325,12.3223903782117,8.81809010388153,0,9.24471423415414,0,"chi","I",1000,500,0.5,0,0,0,FALSE,0,FALSE,0.9,"leave-d",200,0.5,1e+05,TRUE,559
9.99999999999999,0,0,0,9.00604007461889,6.28464522692918,11.7274349223086,10.1247778352259,7.12696080850471,13.1225948619471,8.81809010388153,0,9.95634209462328,0,"chi","I",1000,500,0.5,0,0,0,FALSE,0,FALSE,0.9,"leave-d",200,0.5,1e+05,TRUE,559
9.99999999999999,0,0,0,9.00604007461889,6.28464522692918,11.7274349223086,7.0208954824057,4.1246358800146,9.91715508479679,8.81809010388153,0,6.86417073733376,0,"chi","I",1000,500,0.5,0,0,0,FALSE,0,FALSE,0.9,"leave-d",200,0.5,1e+05,TRUE,559
9.99999999999999,0,0,0,9.00604007461889,6.28464522692918,11.7274349223086,7.7016023118207,4.79554471602588,10.6076599076155,8.81809010388153,0,7.69161528218039,0,"chi","I",1000,500,0.5,0,0,0,FALSE,0,FALSE,0.9,"leave-d",200,0.5,1e+05,TRUE,559
9.99999999999999,0,0,0,9.00604007461889,6.28464522692918,11.7274349223086,8.87000373702523,5.81485432449983,11.9251531495506,8.81809010388153,0,8.76130516670693,0,"chi","I",1000,500,0.5,0,0,0,FALSE,0,FALSE,0.9,"leave-d",200,0.5,1e+05,TRUE,559
9.99999999999999,0,0,0,9.00604007461889,6.28464522692918,11.7274349223086,9.63278545486526,6.59185236513595,12.6737185445946,8.81809010388153,0,9.50932665059955,0,"chi","I",1000,500,0.5,0,0,0,FALSE,0,FALSE,0.9,"leave-d",200,0.5,1e+05,TRUE,559
9.99999999999999,0,0,0,9.00604007461889,6.28464522692918,11.7274349223086,9.73970329195556,6.72524274764217,12.7541638362689,8.81809010388153,0,9.46452301292558,0,"chi","I",1000,500,0.5,0,0,0,FALSE,0,FALSE,0.9,"leave-d",200,0.5,1e+05,TRUE,559
9.99999999999999,0,0,0,9.00604007461889,6.28464522692918,11.7274349223086,7.56303642572277,4.7224211357961,10.4036517156494,8.81809010388153,0,7.54888104897871,0,"chi","I",1000,500,0.5,0,0,0,FALSE,0,FALSE,0.9,"leave-d",200,0.5,1e+05,TRUE,559
9.99999999999999,0,0,0,9.00604007461889,6.28464522692918,11.7274349223086,9.58357926596664,6.75888323754644,12.4082752943868,8.81809010388153,0,9.36090030268733,0,"chi","I",1000,500,0.5,0,0,0,FALSE,0,FALSE,0.9,"leave-d",200,0.5,1e+05,TRUE,559
9.99999999999999,0,0,0,9.00604007461889,6.28464522692918,11.7274349223086,10.2031642814619,7.2155531741204,13.1907753888034,8.81809010388153,0,10.0398335117172,0,"chi","I",1000,500,0.5,0,0,0,FALSE,0,FALSE,0.9,"leave-d",200,0.5,1e+05,TRUE,559
9.99999999999999,0,0,0,9.00604007461889,6.28464522692918,11.7274349223086,8.88621524982429,5.86439500835557,11.908035491293,8.81809010388153,0,8.68141946782361,0,"chi","I",1000,500,0.5,0,0,0,FALSE,0,FALSE,0.9,"leave-d",200,0.5,1e+05,TRUE,559
9.99999999999999,0,0,0,9.00604007461889,6.28464522692918,11.7274349223086,10.4858357918425,7.46887960646849,13.5027919772165,8.81809010388153,0,10.7421447831094,0,"chi","I",1000,500,0.5,0,0,0,FALSE,0,FALSE,0.9,"leave-d",200,0.5,1e+05,TRUE,559
9.99999999999999,0,0,0,9.00604007461889,6.28464522692918,11.7274349223086,8.74611936301699,5.80474091470022,11.6874978113338,8.81809010388153,0,8.50014286384275,0,"chi","I",1000,500,0.5,0,0,0,FALSE,0,FALSE,0.9,"leave-d",200,0.5,1e+05,TRUE,559
9.99999999999999,0,0,0,9.00604007461889,6.28464522692918,11.7274349223086,7.24898042673595,4.40200767306774,10.0959531804042,8.81809010388153,0,7.32290195813409,0,"chi","I",1000,500,0.5,0,0,0,FALSE,0,FALSE,0.9,"leave-d",200,0.5,1e+05,TRUE,559
9.99999999999999,0,0,0,9.00604007461889,6.28464522692918,11.7274349223086,10.1198984220736,7.09757805375402,13.1422187903932,8.81809010388153,0,9.86170670120051,0,"chi","I",1000,500,0.5,0,0,0,FALSE,0,FALSE,0.9,"leave-d",200,0.5,1e+05,TRUE,559
9.99999999999999,0,0,0,9.00604007461889,6.28464522692918,11.7274349223086,7.67679447555836,4.61050983496175,10.743079116155,8.81809010388153,0,7.5283739033207,0,"chi","I",1000,500,0.5,0,0,0,FALSE,0,FALSE,0.9,"leave-d",200,0.5,1e+05,TRUE,559
9.99999999999999,0,0,0,9.00604007461889,6.28464522692918,11.7274349223086,9.84164700308488,6.80713400863745,12.8761599975323,8.81809010388153,0,9.82658526897017,0,"chi","I",1000,500,0.5,0,0,0,FALSE,0,FALSE,0.9,"leave-d",200,0.5,1e+05,TRUE,559
9.99999999999999,0,0,0,9.00604007461889,6.28464522692918,11.7274349223086,9.62451077977876,6.69396325386793,12.5550583056896,8.81809010388153,0,9.43476871717117,0,"chi","I",1000,500,0.5,0,0,0,FALSE,0,FALSE,0.9,"leave-d",200,0.5,1e+05,TRUE,559
9.99999999999999,0,0,0,9.00604007461889,6.28464522692918,11.7274349223086,8.14907771135098,5.16326924676341,11.1348861759385,8.81809010388153,0,8.34912712093804,0,"chi","I",1000,500,0.5,0,0,0,FALSE,0,FALSE,0.9,"leave-d",200,0.5,1e+05,TRUE,559
9.99999999999999,0,0,0,9.00604007461889,6.28464522692918,11.7274349223086,8.57770461169476,5.62492099450535,11.5304882288842,8.81809010388153,0,8.54632700988097,0,"chi","I",1000,500,0.5,0,0,0,FALSE,0,FALSE,0.9,"leave-d",200,0.5,1e+05,TRUE,559
9.99999999999999,0,0,0,9.00604007461889,6.28464522692918,11.7274349223086,9.17731529112277,6.29525618892599,12.0593743933195,8.81809010388153,0,9.06491612794572,0,"chi","I",1000,500,0.5,0,0,0,FALSE,0,FALSE,0.9,"leave-d",200,0.5,1e+05,TRUE,559
9.99999999999999,0,0,0,9.00604007461889,6.28464522692918,11.7274349223086,9.33217078390586,6.37453099548033,12.2898105723314,8.81809010388153,0,9.0456756950629,0,"chi","I",1000,500,0.5,0,0,0,FALSE,0,FALSE,0.9,"leave-d",200,0.5,1e+05,TRUE,559
9.99999999999999,0,0,0,9.00604007461889,6.28464522692918,11.7274349223086,11.1074677943446,8.13213854791776,14.0827970407714,8.81809010388153,0,11.0828542296806,0,"chi","I",1000,500,0.5,0,0,0,FALSE,0,FALSE,0.9,"leave-d",200,0.5,1e+05,TRUE,559
9.99999999999999,0,0,0,9.00604007461889,6.28464522692918,11.7274349223086,10.3330431831274,7.39169568838544,13.2743906778694,8.81809010388153,0,10.0788424605382,0,"chi","I",1000,500,0.5,0,0,0,FALSE,0,FALSE,0.9,"leave-d",200,0.5,1e+05,TRUE,559
9.99999999999999,0,0,0,9.00604007461889,6.28464522692918,11.7274349223086,7.72784747958816,4.78614246409073,10.6695524950856,8.81809010388153,0,7.39276994750935,0,"chi","I",1000,500,0.5,0,0,0,FALSE,0,FALSE,0.9,"leave-d",200,0.5,1e+05,TRUE,559
9.99999999999999,0,0,0,9.00604007461889,6.28464522692918,11.7274349223086,8.23475835136519,5.25914349839224,11.2103732043381,8.81809010388153,0,8.03132796899784,0,"chi","I",1000,500,0.5,0,0,0,FALSE,0,FALSE,0.9,"leave-d",200,0.5,1e+05,TRUE,559
9.99999999999999,0,0,0,9.00604007461889,6.28464522692918,11.7274349223086,8.1653052561065,5.23226354895158,11.0983469632614,8.81809010388153,0,7.92155039096541,0,"chi","I",1000,500,0.5,0,0,0,FALSE,0,FALSE,0.9,"leave-d",200,0.5,1e+05,TRUE,559
9.99999999999999,0,0,0,9.00604007461889,6.28464522692918,11.7274349223086,10.1540689475232,7.14119470413466,13.1669431909117,8.81809010388153,0,9.69775002897289,0,"chi","I",1000,500,0.5,0,0,0,FALSE,0,FALSE,0.9,"leave-d",200,0.5,1e+05,TRUE,559
9.99999999999999,0,0,0,9.00604007461889,6.28464522692918,11.7274349223086,8.8943749044625,5.96756153793415,11.8211882709908,8.81809010388153,0,8.72170624035654,0,"chi","I",1000,500,0.5,0,0,0,FALSE,0,FALSE,0.9,"leave-d",200,0.5,1e+05,TRUE,559
9.99999999999999,0,0,0,9.00604007461889,6.28464522692918,11.7274349223086,9.70988300378067,6.79885658652993,12.6209094210314,8.81809010388153,0,9.5679434071032,0,"chi","I",1000,500,0.5,0,0,0,FALSE,0,FALSE,0.9,"leave-d",200,0.5,1e+05,TRUE,559
9.99999999999999,0,0,0,9.00604007461889,6.28464522692918,11.7274349223086,8.84063303570486,6.00984133304889,11.6714247383608,8.81809010388153,0,8.68015332022489,0,"chi","I",1000,500,0.5,0,0,0,FALSE,0,FALSE,0.9,"leave-d",200,0.5,1e+05,TRUE,559
9.99999999999999,0,0,0,9.00604007461889,6.28464522692918,11.7274349223086,9.92503269275429,6.94232781199499,12.9077375735136,8.81809010388153,0,9.97294406207683,0,"chi","I",1000,500,0.5,0,0,0,FALSE,0,FALSE,0.9,"leave-d",200,0.5,1e+05,TRUE,559
9.99999999999999,0,0,0,9.00604007461889,6.28464522692918,11.7274349223086,9.42774963490577,6.49502824639834,12.3604710234132,8.81809010388153,0,9.31712903483477,0,"chi","I",1000,500,0.5,0,0,0,FALSE,0,FALSE,0.9,"leave-d",200,0.5,1e+05,TRUE,559
9.99999999999999,0,0,0,9.00604007461889,6.28464522692918,11.7274349223086,8.45273428866549,5.54346802171857,11.3620005556124,8.81809010388153,0,7.98436977452114,0,"chi","I",1000,500,0.5,0,0,0,FALSE,0,FALSE,0.9,"leave-d",200,0.5,1e+05,TRUE,559
9.99999999999999,0,0,0,9.00604007461889,6.28464522692918,11.7274349223086,8.99453318895246,5.89261749934515,12.0964488785598,8.81809010388153,0,8.68015177723235,0,"chi","I",1000,500,0.5,0,0,0,FALSE,0,FALSE,0.9,"leave-d",200,0.5,1e+05,TRUE,559
9.99999999999999,0,0,0,9.00604007461889,6.28464522692918,11.7274349223086,9.33418265625506,6.31953797196965,12.3488273405405,8.81809010388153,0,9.16325886877662,0,"chi","I",1000,500,0.5,0,0,0,FALSE,0,FALSE,0.9,"leave-d",200,0.5,1e+05,TRUE,559
9.99999999999999,0,0,0,9.00604007461889,6.28464522692918,11.7274349223086,9.72277378249769,6.8174900057068,12.6280575592886,8.81809010388153,0,9.51038607948571,0,"chi","I",1000,500,0.5,0,0,0,FALSE,0,FALSE,0.9,"leave-d",200,0.5,1e+05,TRUE,559
9.99999999999999,0,0,0,9.00604007461889,6.28464522692918,11.7274349223086,7.49705993492419,4.53368421963232,10.4604356502161,8.81809010388153,0,7.44700435438909,0,"chi","I",1000,500,0.5,0,0,0,FALSE,0,FALSE,0.9,"leave-d",200,0.5,1e+05,TRUE,559
9.99999999999999,0,0,0,9.00604007461889,6.28464522692918,11.7274349223086,7.94908728177417,5.15571894369036,10.742455619858,8.81809010388153,0,7.93060580080225,0,"chi","I",1000,500,0.5,0,0,0,FALSE,0,FALSE,0.9,"leave-d",200,0.5,1e+05,TRUE,559
9.99999999999999,0,0,0,9.00604007461889,6.28464522692918,11.7274349223086,8.81728384506497,5.90618231371625,11.7283853764137,8.81809010388153,0,8.7007292572704,0,"chi","I",1000,500,0.5,0,0,0,FALSE,0,FALSE,0.9,"leave-d",200,0.5,1e+05,TRUE,559
9.99999999999999,0,0,0,9.00604007461889,6.28464522692918,11.7274349223086,8.54617148504067,5.57691790800701,11.5154250620743,8.81809010388153,0,8.58507529824655,0,"chi","I",1000,500,0.5,0,0,0,FALSE,0,FALSE,0.9,"leave-d",200,0.5,1e+05,TRUE,559
9.99999999999999,0,0,0,9.00604007461889,6.28464522692918,11.7274349223086,9.21454292717603,6.23956030147776,12.1895255528743,8.81809010388153,0,8.97841679961493,0,"chi","I",1000,500,0.5,0,0,0,FALSE,0,FALSE,0.9,"leave-d",200,0.5,1e+05,TRUE,559
9.99999999999999,0,0,0,9.00604007461889,6.28464522692918,11.7274349223086,8.23355963651352,5.32123995890982,11.1458793141172,8.81809010388153,0,8.13338651336883,0,"chi","I",1000,500,0.5,0,0,0,FALSE,0,FALSE,0.9,"leave-d",200,0.5,1e+05,TRUE,559
9.99999999999999,0,0,0,9.00604007461889,6.28464522692918,11.7274349223086,8.55251083732389,5.59626603325507,11.5087556413927,8.81809010388153,0,8.44004934109946,0,"chi","I",1000,500,0.5,0,0,0,FALSE,0,FALSE,0.9,"leave-d",200,0.5,1e+05,TRUE,559
9.99999999999999,0,0,0,9.00604007461889,6.28464522692918,11.7274349223086,9.31659832603729,6.41346444479583,12.2197322072788,8.81809010388153,0,9.03627754365459,0,"chi","I",1000,500,0.5,0,0,0,FALSE,0,FALSE,0.9,"leave-d",200,0.5,1e+05,TRUE,559
9.99999999999999,0,0,0,9.00604007461889,6.28464522692918,11.7274349223086,9.22536083406836,6.23706679119926,12.2136548769375,8.81809010388153,0,9.3719229947822,0,"chi","I",1000,500,0.5,0,0,0,FALSE,0,FALSE,0.9,"leave-d",200,0.5,1e+05,TRUE,559
9.99999999999999,0,0,0,9.00604007461889,6.28464522692918,11.7274349223086,8.33316538258833,5.44167047636317,11.2246602888135,8.81809010388153,0,8.01091179396543,0,"chi","I",1000,500,0.5,0,0,0,FALSE,0,FALSE,0.9,"leave-d",200,0.5,1e+05,TRUE,559
9.99999999999999,0,0,0,9.00604007461889,6.28464522692918,11.7274349223086,9.35446898899066,6.49870829208172,12.2102296858996,8.81809010388153,0,9.29114729747262,0,"chi","I",1000,500,0.5,0,0,0,FALSE,0,FALSE,0.9,"leave-d",200,0.5,1e+05,TRUE,559
9.99999999999999,0,0,0,9.00604007461889,6.28464522692918,11.7274349223086,8.66260778208331,5.69934156328273,11.6258740008839,8.81809010388153,0,8.27336817384875,0,"chi","I",1000,500,0.5,0,0,0,FALSE,0,FALSE,0.9,"leave-d",200,0.5,1e+05,TRUE,559
9.99999999999999,0,0,0,9.00604007461889,6.28464522692918,11.7274349223086,9.96799934011293,6.90917999663053,13.0268186835953,8.81809010388153,0,9.67354731731069,0,"chi","I",1000,500,0.5,0,0,0,FALSE,0,FALSE,0.9,"leave-d",200,0.5,1e+05,TRUE,559
9.99999999999999,0,0,0,9.00604007461889,6.28464522692918,11.7274349223086,9.1927321370369,6.17634569156283,12.209118582511,8.81809010388153,0,8.70704872065263,0,"chi","I",1000,500,0.5,0,0,0,FALSE,0,FALSE,0.9,"leave-d",200,0.5,1e+05,TRUE,559
9.99999999999999,0,0,0,9.00604007461889,6.28464522692918,11.7274349223086,9.06009841149004,6.17385691535608,11.946339907624,8.81809010388153,0,9.01015195572068,0,"chi","I",1000,500,0.5,0,0,0,FALSE,0,FALSE,0.9,"leave-d",200,0.5,1e+05,TRUE,559
9.99999999999999,0,0,0,9.00604007461889,6.28464522692918,11.7274349223086,8.0850149962206,5.07417563441727,11.0958543580239,8.81809010388153,0,7.50092120965562,0,"chi","I",1000,500,0.5,0,0,0,FALSE,0,FALSE,0.9,"leave-d",200,0.5,1e+05,TRUE,559
9.99999999999999,0,0,0,9.00604007461889,6.28464522692918,11.7274349223086,7.6701517286202,4.76653696934604,10.5737664878944,8.81809010388153,0,7.55237300835757,0,"chi","I",1000,500,0.5,0,0,0,FALSE,0,FALSE,0.9,"leave-d",200,0.5,1e+05,TRUE,559
9.99999999999999,0,0,0,9.00604007461889,6.28464522692918,11.7274349223086,9.26755774842495,6.27862925971669,12.2564862371332,8.81809010388153,0,9.25470645110959,0,"chi","I",1000,500,0.5,0,0,0,FALSE,0,FALSE,0.9,"leave-d",200,0.5,1e+05,TRUE,559
9.99999999999999,0,0,0,9.00604007461889,6.28464522692918,11.7274349223086,9.44994923667041,6.37459376137554,12.5253047119653,8.81809010388153,0,9.34611206371019,0,"chi","I",1000,500,0.5,0,0,0,FALSE,0,FALSE,0.9,"leave-d",200,0.5,1e+05,TRUE,559
9.99999999999999,0,0,0,9.00604007461889,6.28464522692918,11.7274349223086,8.16877999787427,5.27087739981933,11.0666825959292,8.81809010388153,0,8.26721309371133,0,"chi","I",1000,500,0.5,0,0,0,FALSE,0,FALSE,0.9,"leave-d",200,0.5,1e+05,TRUE,559
9.99999999999999,0,0,0,9.00604007461889,6.28464522692918,11.7274349223086,8.6424577381045,5.67797549740476,11.6069399788042,8.81809010388153,0,8.4757035199295,0,"chi","I",1000,500,0.5,0,0,0,FALSE,0,FALSE,0.9,"leave-d",200,0.5,1e+05,TRUE,559
9.99999999999999,0,0,0,9.00604007461889,6.28464522692918,11.7274349223086,9.63122494103179,6.6902586093513,12.5721912727123,8.81809010388153,0,9.45808625315023,0,"chi","I",1000,500,0.5,0,0,0,FALSE,0,FALSE,0.9,"leave-d",200,0.5,1e+05,TRUE,559
9.99999999999999,0,0,0,9.00604007461889,6.28464522692918,11.7274349223086,8.45520122897571,5.42506873266821,11.4853337252832,8.81809010388153,0,8.16077941815828,0,"chi","I",1000,500,0.5,0,0,0,FALSE,0,FALSE,0.9,"leave-d",200,0.5,1e+05,TRUE,559
9.99999999999999,0,0,0,9.00604007461889,6.28464522692918,11.7274349223086,8.78637634737762,5.79426924062764,11.7784834541276,8.81809010388153,0,8.58827064171575,0,"chi","I",1000,500,0.5,0,0,0,FALSE,0,FALSE,0.9,"leave-d",200,0.5,1e+05,TRUE,559
9.99999999999999,0,0,0,9.00604007461889,6.28464522692918,11.7274349223086,7.9363611949743,5.0534364572322,10.8192859327164,8.81809010388153,0,7.58562452772062,0,"chi","I",1000,500,0.5,0,0,0,FALSE,0,FALSE,0.9,"leave-d",200,0.5,1e+05,TRUE,559
9.99999999999999,0,0,0,9.00604007461889,6.28464522692918,11.7274349223086,8.24900148327722,5.33109451655048,11.166908450004,8.81809010388153,0,8.10622345244942,0,"chi","I",1000,500,0.5,0,0,0,FALSE,0,FALSE,0.9,"leave-d",200,0.5,1e+05,TRUE,559
9.99999999999999,0,0,0,9.00604007461889,6.28464522692918,11.7274349223086,9.16854103135705,6.246751373127,12.0903306895871,8.81809010388153,0,9.11928229583632,0,"chi","I",1000,500,0.5,0,0,0,FALSE,0,FALSE,0.9,"leave-d",200,0.5,1e+05,TRUE,559
9.99999999999999,0,0,0,9.00604007461889,6.28464522692918,11.7274349223086,9.0608240237132,6.11678655523546,12.0048614921909,8.81809010388153,0,8.91469393922308,0,"chi","I",1000,500,0.5,0,0,0,FALSE,0,FALSE,0.9,"leave-d",200,0.5,1e+05,TRUE,559
9.99999999999999,0,0,0,9.00604007461889,6.28464522692918,11.7274349223086,8.65097599584079,5.78809563727683,11.5138563544048,8.81809010388153,0,8.69416205671723,0,"chi","I",1000,500,0.5,0,0,0,FALSE,0,FALSE,0.9,"leave-d",200,0.5,1e+05,TRUE,559
9.99999999999999,0,0,0,9.00604007461889,6.28464522692918,11.7274349223086,8.49590289717863,5.50798105633197,11.4838247380253,8.81809010388153,0,8.02605242227017,0,"chi","I",1000,500,0.5,0,0,0,FALSE,0,FALSE,0.9,"leave-d",200,0.5,1e+05,TRUE,559
9.99999999999999,0,0,0,9.00604007461889,6.28464522692918,11.7274349223086,9.31909767484519,6.23261098540165,12.4055843642887,8.81809010388153,0,9.23008650929486,0,"chi","I",1000,500,0.5,0,0,0,FALSE,0,FALSE,0.9,"leave-d",200,0.5,1e+05,TRUE,559
9.99999999999999,0,0,0,9.00604007461889,6.28464522692918,11.7274349223086,9.76168846281205,6.69016665546398,12.8332102701601,8.81809010388153,0,9.57878246982746,0,"chi","I",1000,500,0.5,0,0,0,FALSE,0,FALSE,0.9,"leave-d",200,0.5,1e+05,TRUE,559
9.99999999999999,0,0,0,9.00604007461889,6.28464522692918,11.7274349223086,10.4103856079479,7.35978436882224,13.4609868470735,8.81809010388153,0,10.4793165949478,0,"chi","I",1000,500,0.5,0,0,0,FALSE,0,FALSE,0.9,"leave-d",200,0.5,1e+05,TRUE,559
9.99999999999999,0,0,0,9.00604007461889,6.28464522692918,11.7274349223086,7.81536113950591,4.78727498782093,10.8434472911909,8.81809010388153,0,7.64647281214079,0,"chi","I",1000,500,0.5,0,0,0,FALSE,0,FALSE,0.9,"leave-d",200,0.5,1e+05,TRUE,559
9.99999999999999,0,0,0,9.00604007461889,6.28464522692918,11.7274349223086,7.78313838130141,4.94643380712518,10.6198429554776,8.81809010388153,0,7.82176436031458,0,"chi","I",1000,500,0.5,0,0,0,FALSE,0,FALSE,0.9,"leave-d",200,0.5,1e+05,TRUE,559
9.99999999999999,0,0,0,9.00604007461889,6.28464522692918,11.7274349223086,9.88796117356216,6.91907348500274,12.8568488621216,8.81809010388153,0,9.88141937374,0,"chi","I",1000,500,0.5,0,0,0,FALSE,0,FALSE,0.9,"leave-d",200,0.5,1e+05,TRUE,559
9.99999999999999,0,0,0,9.00604007461889,6.28464522692918,11.7274349223086,8.94393855922932,5.97743211691829,11.9104450015404,8.81809010388153,0,8.59505828059199,0,"chi","I",1000,500,0.5,0,0,0,FALSE,0,FALSE,0.9,"leave-d",200,0.5,1e+05,TRUE,559
9.99999999999999,0,0,0,9.00604007461889,6.28464522692918,11.7274349223086,9.46469815368254,6.4965254744995,12.4328708328656,8.81809010388153,0,9.35808918228895,0,"chi","I",1000,500,0.5,0,0,0,FALSE,0,FALSE,0.9,"leave-d",200,0.5,1e+05,TRUE,559
9.99999999999999,0,0,0,9.00604007461889,6.28464522692918,11.7274349223086,9.11879781830071,6.18161826353202,12.0559773730694,8.81809010388153,0,8.82717076306994,0,"chi","I",1000,500,0.5,0,0,0,FALSE,0,FALSE,0.9,"leave-d",200,0.5,1e+05,TRUE,559
9.99999999999999,0,0,0,9.00604007461889,6.28464522692918,11.7274349223086,7.31496001922768,4.37703814008577,10.2528818983696,8.81809010388153,0,7.41064303319713,0,"chi","I",1000,500,0.5,0,0,0,FALSE,0,FALSE,0.9,"leave-d",200,0.5,1e+05,TRUE,559
9.99999999999999,0,0,0,9.00604007461889,6.28464522692918,11.7274349223086,10.0977443150297,6.98408699527524,13.2114016347842,8.81809010388153,0,9.80485101935543,0,"chi","I",1000,500,0.5,0,0,0,FALSE,0,FALSE,0.9,"leave-d",200,0.5,1e+05,TRUE,559
9.99999999999999,0,0,0,9.00604007461889,6.28464522692918,11.7274349223086,8.65276507074429,5.89369055059876,11.4118395908898,8.81809010388153,0,8.6599991833679,0,"chi","I",1000,500,0.5,0,0,0,FALSE,0,FALSE,0.9,"leave-d",200,0.5,1e+05,TRUE,559
9.99999999999999,0,0,0,9.00604007461889,6.28464522692918,11.7274349223086,9.2711754912556,6.32667629900323,12.215674683508,8.81809010388153,0,9.11837814608451,0,"chi","I",1000,500,0.5,0,0,0,FALSE,0,FALSE,0.9,"leave-d",200,0.5,1e+05,TRUE,559
9.99999999999999,0,0,0,9.00604007461889,6.28464522692918,11.7274349223086,9.25595201703998,6.2553396215995,12.2565644124805,8.81809010388153,0,9.09542039932384,0,"chi","I",1000,500,0.5,0,0,0,FALSE,0,FALSE,0.9,"leave-d",200,0.5,1e+05,TRUE,559
9.99999999999999,0,0,0,9.00604007461889,6.28464522692918,11.7274349223086,9.1345868873178,6.06801996459944,12.2011538100362,8.81809010388153,0,9.13140033527157,0,"chi","I",1000,500,0.5,0,0,0,FALSE,0,FALSE,0.9,"leave-d",200,0.5,1e+05,TRUE,559
9.99999999999999,0,0,0,9.00604007461889,6.28464522692918,11.7274349223086,7.38140473970723,4.48289127502549,10.279918204389,8.81809010388153,0,7.42536685010592,0,"chi","I",1000,500,0.5,0,0,0,FALSE,0,FALSE,0.9,"leave-d",200,0.5,1e+05,TRUE,559
9.99999999999999,0,0,0,9.00604007461889,6.28464522692918,11.7274349223086,9.112601282158,6.11096313018594,12.1142394341301,8.81809010388153,0,9.03042550825382,0,"chi","I",1000,500,0.5,0,0,0,FALSE,0,FALSE,0.9,"leave-d",200,0.5,1e+05,TRUE,559
9.99999999999999,0,0,0,9.00604007461889,6.28464522692918,11.7274349223086,8.14458957065017,5.23604532737211,11.0531338139282,8.81809010388153,0,7.54348349617052,0,"chi","I",1000,500,0.5,0,0,0,FALSE,0,FALSE,0.9,"leave-d",200,0.5,1e+05,TRUE,559
9.99999999999999,0,0,0,9.00604007461889,6.28464522692918,11.7274349223086,8.17542498089875,5.36118221973529,10.9896677420622,8.81809010388153,0,8.12204556901127,0,"chi","I",1000,500,0.5,0,0,0,FALSE,0,FALSE,0.9,"leave-d",200,0.5,1e+05,TRUE,559
9.99999999999999,0,0,0,9.00604007461889,6.28464522692918,11.7274349223086,8.6284787409456,5.61394323175571,11.6430142501355,8.81809010388153,0,8.43071087220885,0,"chi","I",1000,500,0.5,0,0,0,FALSE,0,FALSE,0.9,"leave-d",200,0.5,1e+05,TRUE,559
9.99999999999999,0,0,0,9.00604007461889,6.28464522692918,11.7274349223086,9.19089650976937,6.1697504526398,12.2120425668989,8.81809010388153,0,8.84435466959923,0,"chi","I",1000,500,0.5,0,0,0,FALSE,0,FALSE,0.9,"leave-d",200,0.5,1e+05,TRUE,559
9.99999999999999,0,0,0,9.00604007461889,6.28464522692918,11.7274349223086,8.61843758789548,5.62345005926229,11.6134251165287,8.81809010388153,0,8.50557069384839,0,"chi","I",1000,500,0.5,0,0,0,FALSE,0,FALSE,0.9,"leave-d",200,0.5,1e+05,TRUE,559
9.99999999999999,0,0,0,9.00604007461889,6.28464522692918,11.7274349223086,10.6785305137892,7.64112993497361,13.7159310926049,8.81809010388153,0,10.7371361898932,0,"chi","I",1000,500,0.5,0,0,0,FALSE,0,FALSE,0.9,"leave-d",200,0.5,1e+05,TRUE,559
9.99999999999999,0,0,0,9.00604007461889,6.28464522692918,11.7274349223086,9.62442593160357,6.63197013901621,12.6168817241909,8.81809010388153,0,9.45674356390802,0,"chi","I",1000,500,0.5,0,0,0,FALSE,0,FALSE,0.9,"leave-d",200,0.5,1e+05,TRUE,559
9.99999999999999,0,0,0,9.00604007461889,6.28464522692918,11.7274349223086,8.15116458530844,5.10957964805896,11.1927495225579,8.81809010388153,0,7.72603752649902,0,"chi","I",1000,500,0.5,0,0,0,FALSE,0,FALSE,0.9,"leave-d",200,0.5,1e+05,TRUE,559
9.99999999999999,0,0,0,9.00604007461889,6.28464522692918,11.7274349223086,10.5184417101266,7.51217439447933,13.5247090257739,8.81809010388153,0,10.4841612460713,0,"chi","I",1000,500,0.5,0,0,0,FALSE,0,FALSE,0.9,"leave-d",200,0.5,1e+05,TRUE,559
9.99999999999999,0,0,0,9.00604007461889,6.28464522692918,11.7274349223086,9.47796257960606,6.47435865562593,12.4815665035862,8.81809010388153,0,9.28108569805607,0,"chi","I",1000,500,0.5,0,0,0,FALSE,0,FALSE,0.9,"leave-d",200,0.5,1e+05,TRUE,559
9.99999999999999,0,0,0,9.00604007461889,6.28464522692918,11.7274349223086,10.8565994692598,7.86918406065622,13.8440148778633,8.81809010388153,0,10.8025015392019,0,"chi","I",1000,500,0.5,0,0,0,FALSE,0,FALSE,0.9,"leave-d",200,0.5,1e+05,TRUE,559
9.99999999999999,0,0,0,9.00604007461889,6.28464522692918,11.7274349223086,9.87317061825629,6.94057811298277,12.8057631235298,8.81809010388153,0,9.77303642795502,0,"chi","I",1000,500,0.5,0,0,0,FALSE,0,FALSE,0.9,"leave-d",200,0.5,1e+05,TRUE,559
9.99999999999999,0,0,0,9.00604007461889,6.28464522692918,11.7274349223086,7.48305683360192,4.66399601267682,10.302117654527,8.81809010388153,0,7.26928809693932,0,"chi","I",1000,500,0.5,0,0,0,FALSE,0,FALSE,0.9,"leave-d",200,0.5,1e+05,TRUE,559
9.99999999999999,0,0,0,9.00604007461889,6.28464522692918,11.7274349223086,8.3644145207267,5.42670558370722,11.3021234577462,8.81809010388153,0,8.19092120598804,0,"chi","I",1000,500,0.5,0,0,0,FALSE,0,FALSE,0.9,"leave-d",200,0.5,1e+05,TRUE,559
9.99999999999999,0,0,0,9.00604007461889,6.28464522692918,11.7274349223086,9.93451384625818,6.98491574282144,12.8841119496949,8.81809010388153,0,10.0371945983512,0,"chi","I",1000,500,0.5,0,0,0,FALSE,0,FALSE,0.9,"leave-d",200,0.5,1e+05,TRUE,559
9.99999999999999,0,0,0,9.00604007461889,6.28464522692918,11.7274349223086,7.75906356007058,4.80506593378541,10.7130611863557,8.81809010388153,0,7.6071638274207,0,"chi","I",1000,500,0.5,0,0,0,FALSE,0,FALSE,0.9,"leave-d",200,0.5,1e+05,TRUE,559
9.99999999999999,0,0,0,9.00604007461889,6.28464522692918,11.7274349223086,9.45469340129606,6.50033663222066,12.4090501703714,8.81809010388153,0,9.25727964627025,0,"chi","I",1000,500,0.5,0,0,0,FALSE,0,FALSE,0.9,"leave-d",200,0.5,1e+05,TRUE,559
9.99999999999999,0,0,0,9.00604007461889,6.28464522692918,11.7274349223086,8.14631044617606,5.09564273261125,11.1969781597409,8.81809010388153,0,7.92141941998002,0,"chi","I",1000,500,0.5,0,0,0,FALSE,0,FALSE,0.9,"leave-d",200,0.5,1e+05,TRUE,559
9.99999999999999,0,0,0,9.00604007461889,6.28464522692918,11.7274349223086,6.65422080897526,3.72997758806249,9.57846402988804,8.81809010388153,0,6.79380563382079,0,"chi","I",1000,500,0.5,0,0,0,FALSE,0,FALSE,0.9,"leave-d",200,0.5,1e+05,TRUE,559
9.99999999999999,0,0,0,9.00604007461889,6.28464522692918,11.7274349223086,9.20781450190957,6.16503704797282,12.2505919558463,8.81809010388153,0,8.88110153979715,0,"chi","I",1000,500,0.5,0,0,0,FALSE,0,FALSE,0.9,"leave-d",200,0.5,1e+05,TRUE,559
9.99999999999999,0,0,0,9.00604007461889,6.28464522692918,11.7274349223086,9.00266538572687,6.02519992263921,11.9801308488145,8.81809010388153,0,8.88694331333317,0,"chi","I",1000,500,0.5,0,0,0,FALSE,0,FALSE,0.9,"leave-d",200,0.5,1e+05,TRUE,559
