"var_main_effect","var_inter_effect","cov_main_inter_effect","var_total_effect","EigenPrism_main","EigenPrism_CI1","EigenPrism_CI2","sub_EigenPrism_main","sub_EigenPrism_CI1","sub_EigenPrism_CI2","GCTA_main","GCTA_inter","sub_GCTA_main","sub_GCTA_inter","x_dist","structure","p","n","main_fixed_var","main_random_var","inter_fixed_var","inter_random_var","decor","interact","combine","pro","bs","n_sub","rho_e","emp_n","inter_std","i"
9.99999999999999,0,0,0,14.2742362829244,11.3047706574924,17.2437019083564,16.2928273390117,12.0015406356885,20.5841140423349,14.1289489637646,0,14.6824349466737,0,"chi","I",1000,500,0.5,0,0,0,FALSE,0,FALSE,0.6,"leave-d",200,0.5,1e+05,TRUE,639
9.99999999999999,0,0,0,14.2742362829244,11.3047706574924,17.2437019083564,15.7551196401403,11.3827016332516,20.127537647029,14.1289489637646,0,15.0798151336801,0,"chi","I",1000,500,0.5,0,0,0,FALSE,0,FALSE,0.6,"leave-d",200,0.5,1e+05,TRUE,639
9.99999999999999,0,0,0,14.2742362829244,11.3047706574924,17.2437019083564,13.0175926668193,8.5982206299753,17.4369647036632,14.1289489637646,0,13.3586739034738,0,"chi","I",1000,500,0.5,0,0,0,FALSE,0,FALSE,0.6,"leave-d",200,0.5,1e+05,TRUE,639
9.99999999999999,0,0,0,14.2742362829244,11.3047706574924,17.2437019083564,13.2816642056323,8.7906478252016,17.772680586063,14.1289489637646,0,12.7989552031865,0,"chi","I",1000,500,0.5,0,0,0,FALSE,0,FALSE,0.6,"leave-d",200,0.5,1e+05,TRUE,639
9.99999999999999,0,0,0,14.2742362829244,11.3047706574924,17.2437019083564,10.4695882493001,6.12915653530857,14.8100199632916,14.1289489637646,0,10.0459306428498,0,"chi","I",1000,500,0.5,0,0,0,FALSE,0,FALSE,0.6,"leave-d",200,0.5,1e+05,TRUE,639
9.99999999999999,0,0,0,14.2742362829244,11.3047706574924,17.2437019083564,13.7294031312967,8.81736027645598,18.6414459861374,14.1289489637646,0,13.1021361335282,0,"chi","I",1000,500,0.5,0,0,0,FALSE,0,FALSE,0.6,"leave-d",200,0.5,1e+05,TRUE,639
9.99999999999999,0,0,0,14.2742362829244,11.3047706574924,17.2437019083564,13.1669351475147,8.70669821887993,17.6271720761495,14.1289489637646,0,13.5935956926631,0,"chi","I",1000,500,0.5,0,0,0,FALSE,0,FALSE,0.6,"leave-d",200,0.5,1e+05,TRUE,639
9.99999999999999,0,0,0,14.2742362829244,11.3047706574924,17.2437019083564,15.1697020203675,10.7957735336606,19.5436305070744,14.1289489637646,0,13.785519215505,0,"chi","I",1000,500,0.5,0,0,0,FALSE,0,FALSE,0.6,"leave-d",200,0.5,1e+05,TRUE,639
9.99999999999999,0,0,0,14.2742362829244,11.3047706574924,17.2437019083564,14.3468411626437,10.0064787366723,18.687203588615,14.1289489637646,0,15.8250882875389,0,"chi","I",1000,500,0.5,0,0,0,FALSE,0,FALSE,0.6,"leave-d",200,0.5,1e+05,TRUE,639
9.99999999999999,0,0,0,14.2742362829244,11.3047706574924,17.2437019083564,15.2187693943168,10.805732909618,19.6318058790157,14.1289489637646,0,14.7480778166721,0,"chi","I",1000,500,0.5,0,0,0,FALSE,0,FALSE,0.6,"leave-d",200,0.5,1e+05,TRUE,639
9.99999999999999,0,0,0,14.2742362829244,11.3047706574924,17.2437019083564,14.3947481600808,9.91990916498294,18.8695871551786,14.1289489637646,0,13.5854710962606,0,"chi","I",1000,500,0.5,0,0,0,FALSE,0,FALSE,0.6,"leave-d",200,0.5,1e+05,TRUE,639
9.99999999999999,0,0,0,14.2742362829244,11.3047706574924,17.2437019083564,17.3445256966,12.2480150205967,22.4410363726033,14.1289489637646,0,18.1376756091729,0,"chi","I",1000,500,0.5,0,0,0,FALSE,0,FALSE,0.6,"leave-d",200,0.5,1e+05,TRUE,639
9.99999999999999,0,0,0,14.2742362829244,11.3047706574924,17.2437019083564,13.5591367741539,9.26619932854133,17.8520742197665,14.1289489637646,0,12.6277383195922,0,"chi","I",1000,500,0.5,0,0,0,FALSE,0,FALSE,0.6,"leave-d",200,0.5,1e+05,TRUE,639
9.99999999999999,0,0,0,14.2742362829244,11.3047706574924,17.2437019083564,14.5898979089449,10.2528387550841,18.9269570628057,14.1289489637646,0,15.3091436688916,0,"chi","I",1000,500,0.5,0,0,0,FALSE,0,FALSE,0.6,"leave-d",200,0.5,1e+05,TRUE,639
9.99999999999999,0,0,0,14.2742362829244,11.3047706574924,17.2437019083564,15.4184185903342,11.0994059331121,19.7374312475563,14.1289489637646,0,15.1383765137715,0,"chi","I",1000,500,0.5,0,0,0,FALSE,0,FALSE,0.6,"leave-d",200,0.5,1e+05,TRUE,639
9.99999999999999,0,0,0,14.2742362829244,11.3047706574924,17.2437019083564,13.9352627812792,9.35451246302734,18.516013099531,14.1289489637646,0,13.0792858416004,0,"chi","I",1000,500,0.5,0,0,0,FALSE,0,FALSE,0.6,"leave-d",200,0.5,1e+05,TRUE,639
9.99999999999999,0,0,0,14.2742362829244,11.3047706574924,17.2437019083564,15.5163747234469,11.0141069414511,20.0186425054428,14.1289489637646,0,14.4056041632783,0,"chi","I",1000,500,0.5,0,0,0,FALSE,0,FALSE,0.6,"leave-d",200,0.5,1e+05,TRUE,639
9.99999999999999,0,0,0,14.2742362829244,11.3047706574924,17.2437019083564,15.10931286723,10.0741543140602,20.1444714203998,14.1289489637646,0,15.6248748352495,0,"chi","I",1000,500,0.5,0,0,0,FALSE,0,FALSE,0.6,"leave-d",200,0.5,1e+05,TRUE,639
9.99999999999999,0,0,0,14.2742362829244,11.3047706574924,17.2437019083564,16.9194230093974,12.3940828187781,21.4447632000167,14.1289489637646,0,18.1436734578825,0,"chi","I",1000,500,0.5,0,0,0,FALSE,0,FALSE,0.6,"leave-d",200,0.5,1e+05,TRUE,639
9.99999999999999,0,0,0,14.2742362829244,11.3047706574924,17.2437019083564,15.4031579639615,11.2398754399178,19.5664404880051,14.1289489637646,0,15.1461148957871,0,"chi","I",1000,500,0.5,0,0,0,FALSE,0,FALSE,0.6,"leave-d",200,0.5,1e+05,TRUE,639
9.99999999999999,0,0,0,14.2742362829244,11.3047706574924,17.2437019083564,17.7015414743484,12.7984877346169,22.6045952140798,14.1289489637646,0,18.0562868999549,0,"chi","I",1000,500,0.5,0,0,0,FALSE,0,FALSE,0.6,"leave-d",200,0.5,1e+05,TRUE,639
9.99999999999999,0,0,0,14.2742362829244,11.3047706574924,17.2437019083564,18.1648910648523,13.6806022690429,22.6491798606617,14.1289489637646,0,16.9579312080742,0,"chi","I",1000,500,0.5,0,0,0,FALSE,0,FALSE,0.6,"leave-d",200,0.5,1e+05,TRUE,639
9.99999999999999,0,0,0,14.2742362829244,11.3047706574924,17.2437019083564,17.5735909892947,12.8375575831158,22.3096243954736,14.1289489637646,0,17.2890924695307,0,"chi","I",1000,500,0.5,0,0,0,FALSE,0,FALSE,0.6,"leave-d",200,0.5,1e+05,TRUE,639
9.99999999999999,0,0,0,14.2742362829244,11.3047706574924,17.2437019083564,12.5168944246877,8.02705825268393,17.0067305966916,14.1289489637646,0,12.5071300082209,0,"chi","I",1000,500,0.5,0,0,0,FALSE,0,FALSE,0.6,"leave-d",200,0.5,1e+05,TRUE,639
9.99999999999999,0,0,0,14.2742362829244,11.3047706574924,17.2437019083564,13.7404361487575,9.51398848919009,17.9668838083249,14.1289489637646,0,13.8632441408109,0,"chi","I",1000,500,0.5,0,0,0,FALSE,0,FALSE,0.6,"leave-d",200,0.5,1e+05,TRUE,639
9.99999999999999,0,0,0,14.2742362829244,11.3047706574924,17.2437019083564,13.354126106355,8.96337977660009,17.74487243611,14.1289489637646,0,13.1010032475766,0,"chi","I",1000,500,0.5,0,0,0,FALSE,0,FALSE,0.6,"leave-d",200,0.5,1e+05,TRUE,639
9.99999999999999,0,0,0,14.2742362829244,11.3047706574924,17.2437019083564,17.2249271795036,12.9982394514391,21.4516149075681,14.1289489637646,0,16.1710872058125,0,"chi","I",1000,500,0.5,0,0,0,FALSE,0,FALSE,0.6,"leave-d",200,0.5,1e+05,TRUE,639
9.99999999999999,0,0,0,14.2742362829244,11.3047706574924,17.2437019083564,14.7160762604423,10.3856803332355,19.0464721876491,14.1289489637646,0,14.0481164491149,0,"chi","I",1000,500,0.5,0,0,0,FALSE,0,FALSE,0.6,"leave-d",200,0.5,1e+05,TRUE,639
9.99999999999999,0,0,0,14.2742362829244,11.3047706574924,17.2437019083564,14.7565090197931,10.5247677394105,18.9882503001757,14.1289489637646,0,14.7198536372758,0,"chi","I",1000,500,0.5,0,0,0,FALSE,0,FALSE,0.6,"leave-d",200,0.5,1e+05,TRUE,639
9.99999999999999,0,0,0,14.2742362829244,11.3047706574924,17.2437019083564,13.540378999284,8.71702679123145,18.3637312073365,14.1289489637646,0,13.3487451060363,0,"chi","I",1000,500,0.5,0,0,0,FALSE,0,FALSE,0.6,"leave-d",200,0.5,1e+05,TRUE,639
9.99999999999999,0,0,0,14.2742362829244,11.3047706574924,17.2437019083564,15.5350203487984,10.8699640740562,20.2000766235407,14.1289489637646,0,14.5688566943813,0,"chi","I",1000,500,0.5,0,0,0,FALSE,0,FALSE,0.6,"leave-d",200,0.5,1e+05,TRUE,639
9.99999999999999,0,0,0,14.2742362829244,11.3047706574924,17.2437019083564,13.6043606355086,9.2688779209705,17.9398433500468,14.1289489637646,0,14.3132308602645,0,"chi","I",1000,500,0.5,0,0,0,FALSE,0,FALSE,0.6,"leave-d",200,0.5,1e+05,TRUE,639
9.99999999999999,0,0,0,14.2742362829244,11.3047706574924,17.2437019083564,13.7032802038389,9.15367839277906,18.2528820148987,14.1289489637646,0,12.917335985603,0,"chi","I",1000,500,0.5,0,0,0,FALSE,0,FALSE,0.6,"leave-d",200,0.5,1e+05,TRUE,639
9.99999999999999,0,0,0,14.2742362829244,11.3047706574924,17.2437019083564,13.9688229428524,9.59477472553281,18.3428711601721,14.1289489637646,0,14.0316339863651,0,"chi","I",1000,500,0.5,0,0,0,FALSE,0,FALSE,0.6,"leave-d",200,0.5,1e+05,TRUE,639
9.99999999999999,0,0,0,14.2742362829244,11.3047706574924,17.2437019083564,18.4638458210532,13.6674430165786,23.2602486255278,14.1289489637646,0,18.1097113062174,0,"chi","I",1000,500,0.5,0,0,0,FALSE,0,FALSE,0.6,"leave-d",200,0.5,1e+05,TRUE,639
9.99999999999999,0,0,0,14.2742362829244,11.3047706574924,17.2437019083564,11.8714900090997,7.18425395422547,16.5587260639739,14.1289489637646,0,11.242628214305,0,"chi","I",1000,500,0.5,0,0,0,FALSE,0,FALSE,0.6,"leave-d",200,0.5,1e+05,TRUE,639
9.99999999999999,0,0,0,14.2742362829244,11.3047706574924,17.2437019083564,11.5653264597574,7.01310870556761,16.1175442139471,14.1289489637646,0,11.1878795652192,0,"chi","I",1000,500,0.5,0,0,0,FALSE,0,FALSE,0.6,"leave-d",200,0.5,1e+05,TRUE,639
9.99999999999999,0,0,0,14.2742362829244,11.3047706574924,17.2437019083564,16.7025675026974,12.2535220960633,21.1516129093314,14.1289489637646,0,16.0114448847973,0,"chi","I",1000,500,0.5,0,0,0,FALSE,0,FALSE,0.6,"leave-d",200,0.5,1e+05,TRUE,639
9.99999999999999,0,0,0,14.2742362829244,11.3047706574924,17.2437019083564,13.7333009722305,8.96364479266495,18.502957151796,14.1289489637646,0,13.1256613025651,0,"chi","I",1000,500,0.5,0,0,0,FALSE,0,FALSE,0.6,"leave-d",200,0.5,1e+05,TRUE,639
9.99999999999999,0,0,0,14.2742362829244,11.3047706574924,17.2437019083564,17.867246338097,12.988440497285,22.746052178909,14.1289489637646,0,16.8127946192465,0,"chi","I",1000,500,0.5,0,0,0,FALSE,0,FALSE,0.6,"leave-d",200,0.5,1e+05,TRUE,639
9.99999999999999,0,0,0,14.2742362829244,11.3047706574924,17.2437019083564,14.6223336177856,9.87109969145405,19.3735675441172,14.1289489637646,0,14.772357409101,0,"chi","I",1000,500,0.5,0,0,0,FALSE,0,FALSE,0.6,"leave-d",200,0.5,1e+05,TRUE,639
9.99999999999999,0,0,0,14.2742362829244,11.3047706574924,17.2437019083564,16.3196253087868,11.6612630158864,20.9779876016871,14.1289489637646,0,17.050101518428,0,"chi","I",1000,500,0.5,0,0,0,FALSE,0,FALSE,0.6,"leave-d",200,0.5,1e+05,TRUE,639
9.99999999999999,0,0,0,14.2742362829244,11.3047706574924,17.2437019083564,14.5939323721793,10.1031274433015,19.084737301057,14.1289489637646,0,14.4786065269696,0,"chi","I",1000,500,0.5,0,0,0,FALSE,0,FALSE,0.6,"leave-d",200,0.5,1e+05,TRUE,639
9.99999999999999,0,0,0,14.2742362829244,11.3047706574924,17.2437019083564,14.8267900266619,10.3173860898462,19.3361939634777,14.1289489637646,0,14.1432413910176,0,"chi","I",1000,500,0.5,0,0,0,FALSE,0,FALSE,0.6,"leave-d",200,0.5,1e+05,TRUE,639
9.99999999999999,0,0,0,14.2742362829244,11.3047706574924,17.2437019083564,13.9331429189307,9.55112076708221,18.3151650707792,14.1289489637646,0,13.548289149225,0,"chi","I",1000,500,0.5,0,0,0,FALSE,0,FALSE,0.6,"leave-d",200,0.5,1e+05,TRUE,639
9.99999999999999,0,0,0,14.2742362829244,11.3047706574924,17.2437019083564,13.4769123328445,8.89013843588563,18.0636862298034,14.1289489637646,0,13.4559260285676,0,"chi","I",1000,500,0.5,0,0,0,FALSE,0,FALSE,0.6,"leave-d",200,0.5,1e+05,TRUE,639
9.99999999999999,0,0,0,14.2742362829244,11.3047706574924,17.2437019083564,17.7906415518396,13.2572937300688,22.3239893736104,14.1289489637646,0,16.9732766718799,0,"chi","I",1000,500,0.5,0,0,0,FALSE,0,FALSE,0.6,"leave-d",200,0.5,1e+05,TRUE,639
9.99999999999999,0,0,0,14.2742362829244,11.3047706574924,17.2437019083564,13.6128506453528,9.26365129840962,17.962049992296,14.1289489637646,0,13.0641392474616,0,"chi","I",1000,500,0.5,0,0,0,FALSE,0,FALSE,0.6,"leave-d",200,0.5,1e+05,TRUE,639
9.99999999999999,0,0,0,14.2742362829244,11.3047706574924,17.2437019083564,14.6149756611492,10.2705128038118,18.9594385184865,14.1289489637646,0,14.7691410362124,0,"chi","I",1000,500,0.5,0,0,0,FALSE,0,FALSE,0.6,"leave-d",200,0.5,1e+05,TRUE,639
9.99999999999999,0,0,0,14.2742362829244,11.3047706574924,17.2437019083564,14.1320295400945,9.88048791592717,18.3835711642618,14.1289489637646,0,13.8310247081913,0,"chi","I",1000,500,0.5,0,0,0,FALSE,0,FALSE,0.6,"leave-d",200,0.5,1e+05,TRUE,639
9.99999999999999,0,0,0,14.2742362829244,11.3047706574924,17.2437019083564,12.2013855325952,7.67104319181363,16.7317278733768,14.1289489637646,0,11.5715429525174,0,"chi","I",1000,500,0.5,0,0,0,FALSE,0,FALSE,0.6,"leave-d",200,0.5,1e+05,TRUE,639
9.99999999999999,0,0,0,14.2742362829244,11.3047706574924,17.2437019083564,13.6742933399118,9.05837152215645,18.2902151576671,14.1289489637646,0,13.9302821078901,0,"chi","I",1000,500,0.5,0,0,0,FALSE,0,FALSE,0.6,"leave-d",200,0.5,1e+05,TRUE,639
9.99999999999999,0,0,0,14.2742362829244,11.3047706574924,17.2437019083564,13.0088192503175,8.80316327840378,17.2144752222311,14.1289489637646,0,13.6770416390382,0,"chi","I",1000,500,0.5,0,0,0,FALSE,0,FALSE,0.6,"leave-d",200,0.5,1e+05,TRUE,639
9.99999999999999,0,0,0,14.2742362829244,11.3047706574924,17.2437019083564,12.9442605041138,8.87240371270475,17.0161172955229,14.1289489637646,0,12.5907701030596,0,"chi","I",1000,500,0.5,0,0,0,FALSE,0,FALSE,0.6,"leave-d",200,0.5,1e+05,TRUE,639
9.99999999999999,0,0,0,14.2742362829244,11.3047706574924,17.2437019083564,11.8370569523996,7.28939988977018,16.3847140150291,14.1289489637646,0,11.9523635331111,0,"chi","I",1000,500,0.5,0,0,0,FALSE,0,FALSE,0.6,"leave-d",200,0.5,1e+05,TRUE,639
9.99999999999999,0,0,0,14.2742362829244,11.3047706574924,17.2437019083564,15.8074227540706,11.3286506436361,20.286194864505,14.1289489637646,0,17.1045171818848,0,"chi","I",1000,500,0.5,0,0,0,FALSE,0,FALSE,0.6,"leave-d",200,0.5,1e+05,TRUE,639
9.99999999999999,0,0,0,14.2742362829244,11.3047706574924,17.2437019083564,16.0486897714683,11.4105693184836,20.6868102244529,14.1289489637646,0,16.1111510955359,0,"chi","I",1000,500,0.5,0,0,0,FALSE,0,FALSE,0.6,"leave-d",200,0.5,1e+05,TRUE,639
9.99999999999999,0,0,0,14.2742362829244,11.3047706574924,17.2437019083564,12.2906902972023,7.30766930064762,17.273711293757,14.1289489637646,0,12.1774791534096,0,"chi","I",1000,500,0.5,0,0,0,FALSE,0,FALSE,0.6,"leave-d",200,0.5,1e+05,TRUE,639
9.99999999999999,0,0,0,14.2742362829244,11.3047706574924,17.2437019083564,14.8259381676474,10.3096163398898,19.3422599954049,14.1289489637646,0,16.1247428674621,0,"chi","I",1000,500,0.5,0,0,0,FALSE,0,FALSE,0.6,"leave-d",200,0.5,1e+05,TRUE,639
9.99999999999999,0,0,0,14.2742362829244,11.3047706574924,17.2437019083564,19.7210428209488,15.1973353526033,24.2447502892943,14.1289489637646,0,18.4390912393303,0,"chi","I",1000,500,0.5,0,0,0,FALSE,0,FALSE,0.6,"leave-d",200,0.5,1e+05,TRUE,639
9.99999999999999,0,0,0,14.2742362829244,11.3047706574924,17.2437019083564,15.8758044764607,11.3244001805404,20.427208772381,14.1289489637646,0,15.3823637027431,0,"chi","I",1000,500,0.5,0,0,0,FALSE,0,FALSE,0.6,"leave-d",200,0.5,1e+05,TRUE,639
9.99999999999999,0,0,0,14.2742362829244,11.3047706574924,17.2437019083564,13.5401914373394,9.02944292161101,18.0509399530678,14.1289489637646,0,13.1794324409887,0,"chi","I",1000,500,0.5,0,0,0,FALSE,0,FALSE,0.6,"leave-d",200,0.5,1e+05,TRUE,639
9.99999999999999,0,0,0,14.2742362829244,11.3047706574924,17.2437019083564,12.5246550494306,8.09364284410761,16.9556672547535,14.1289489637646,0,12.1984324526143,0,"chi","I",1000,500,0.5,0,0,0,FALSE,0,FALSE,0.6,"leave-d",200,0.5,1e+05,TRUE,639
9.99999999999999,0,0,0,14.2742362829244,11.3047706574924,17.2437019083564,12.8090406847588,8.48809743818325,17.1299839313344,14.1289489637646,0,13.8133343007278,0,"chi","I",1000,500,0.5,0,0,0,FALSE,0,FALSE,0.6,"leave-d",200,0.5,1e+05,TRUE,639
9.99999999999999,0,0,0,14.2742362829244,11.3047706574924,17.2437019083564,13.0077898969967,8.1723743622656,17.8432054317277,14.1289489637646,0,12.7320333623733,0,"chi","I",1000,500,0.5,0,0,0,FALSE,0,FALSE,0.6,"leave-d",200,0.5,1e+05,TRUE,639
9.99999999999999,0,0,0,14.2742362829244,11.3047706574924,17.2437019083564,14.6227470761606,9.90473933258127,19.3407548197399,14.1289489637646,0,14.4247914172477,0,"chi","I",1000,500,0.5,0,0,0,FALSE,0,FALSE,0.6,"leave-d",200,0.5,1e+05,TRUE,639
9.99999999999999,0,0,0,14.2742362829244,11.3047706574924,17.2437019083564,17.4902662671181,12.7565266734869,22.2240058607493,14.1289489637646,0,18.7987011839573,0,"chi","I",1000,500,0.5,0,0,0,FALSE,0,FALSE,0.6,"leave-d",200,0.5,1e+05,TRUE,639
9.99999999999999,0,0,0,14.2742362829244,11.3047706574924,17.2437019083564,9.96783821218211,5.59097805501709,14.3446983693471,14.1289489637646,0,9.8094232234096,0,"chi","I",1000,500,0.5,0,0,0,FALSE,0,FALSE,0.6,"leave-d",200,0.5,1e+05,TRUE,639
9.99999999999999,0,0,0,14.2742362829244,11.3047706574924,17.2437019083564,14.604504977727,10.0272159611769,19.181793994277,14.1289489637646,0,14.2712688374602,0,"chi","I",1000,500,0.5,0,0,0,FALSE,0,FALSE,0.6,"leave-d",200,0.5,1e+05,TRUE,639
9.99999999999999,0,0,0,14.2742362829244,11.3047706574924,17.2437019083564,11.1688852319259,6.93082776353181,15.4069427003199,14.1289489637646,0,11.1208911949362,0,"chi","I",1000,500,0.5,0,0,0,FALSE,0,FALSE,0.6,"leave-d",200,0.5,1e+05,TRUE,639
9.99999999999999,0,0,0,14.2742362829244,11.3047706574924,17.2437019083564,15.2512111928415,10.3636461149687,20.1387762707142,14.1289489637646,0,14.9112041489635,0,"chi","I",1000,500,0.5,0,0,0,FALSE,0,FALSE,0.6,"leave-d",200,0.5,1e+05,TRUE,639
9.99999999999999,0,0,0,14.2742362829244,11.3047706574924,17.2437019083564,15.6162001979314,11.0547714824006,20.1776289134622,14.1289489637646,0,14.9004172257471,0,"chi","I",1000,500,0.5,0,0,0,FALSE,0,FALSE,0.6,"leave-d",200,0.5,1e+05,TRUE,639
9.99999999999999,0,0,0,14.2742362829244,11.3047706574924,17.2437019083564,15.8360937407029,11.0620166544461,20.6101708269597,14.1289489637646,0,16.7817511036061,0,"chi","I",1000,500,0.5,0,0,0,FALSE,0,FALSE,0.6,"leave-d",200,0.5,1e+05,TRUE,639
9.99999999999999,0,0,0,14.2742362829244,11.3047706574924,17.2437019083564,12.1340611923673,7.88987155646533,16.3782508282692,14.1289489637646,0,11.6881538419738,0,"chi","I",1000,500,0.5,0,0,0,FALSE,0,FALSE,0.6,"leave-d",200,0.5,1e+05,TRUE,639
9.99999999999999,0,0,0,14.2742362829244,11.3047706574924,17.2437019083564,16.4991892622675,11.7245902960342,21.2737882285007,14.1289489637646,0,15.1927860979334,0,"chi","I",1000,500,0.5,0,0,0,FALSE,0,FALSE,0.6,"leave-d",200,0.5,1e+05,TRUE,639
9.99999999999999,0,0,0,14.2742362829244,11.3047706574924,17.2437019083564,9.59404574190363,5.24513811380866,13.9429533699986,14.1289489637646,0,9.2637114219243,0,"chi","I",1000,500,0.5,0,0,0,FALSE,0,FALSE,0.6,"leave-d",200,0.5,1e+05,TRUE,639
9.99999999999999,0,0,0,14.2742362829244,11.3047706574924,17.2437019083564,11.3225170625862,7.01298709442416,15.6320470307483,14.1289489637646,0,10.9024067518228,0,"chi","I",1000,500,0.5,0,0,0,FALSE,0,FALSE,0.6,"leave-d",200,0.5,1e+05,TRUE,639
9.99999999999999,0,0,0,14.2742362829244,11.3047706574924,17.2437019083564,17.9418688352379,13.4420991478609,22.4416385226149,14.1289489637646,0,18.407952937413,0,"chi","I",1000,500,0.5,0,0,0,FALSE,0,FALSE,0.6,"leave-d",200,0.5,1e+05,TRUE,639
9.99999999999999,0,0,0,14.2742362829244,11.3047706574924,17.2437019083564,14.5915740706589,10.2601661696914,18.9229819716264,14.1289489637646,0,14.3911932764956,0,"chi","I",1000,500,0.5,0,0,0,FALSE,0,FALSE,0.6,"leave-d",200,0.5,1e+05,TRUE,639
9.99999999999999,0,0,0,14.2742362829244,11.3047706574924,17.2437019083564,11.3353426447873,6.91904417949225,15.7516411100823,14.1289489637646,0,10.9396010731328,0,"chi","I",1000,500,0.5,0,0,0,FALSE,0,FALSE,0.6,"leave-d",200,0.5,1e+05,TRUE,639
9.99999999999999,0,0,0,14.2742362829244,11.3047706574924,17.2437019083564,14.6558840061597,10.1221543313926,19.1896136809267,14.1289489637646,0,14.6292028168726,0,"chi","I",1000,500,0.5,0,0,0,FALSE,0,FALSE,0.6,"leave-d",200,0.5,1e+05,TRUE,639
9.99999999999999,0,0,0,14.2742362829244,11.3047706574924,17.2437019083564,18.3761690795931,13.6514554547166,23.1008827044695,14.1289489637646,0,16.0611976068622,0,"chi","I",1000,500,0.5,0,0,0,FALSE,0,FALSE,0.6,"leave-d",200,0.5,1e+05,TRUE,639
9.99999999999999,0,0,0,14.2742362829244,11.3047706574924,17.2437019083564,17.1086846687783,12.3287920033212,21.8885773342353,14.1289489637646,0,16.0834019245606,0,"chi","I",1000,500,0.5,0,0,0,FALSE,0,FALSE,0.6,"leave-d",200,0.5,1e+05,TRUE,639
9.99999999999999,0,0,0,14.2742362829244,11.3047706574924,17.2437019083564,11.6824847194332,6.96443664928327,16.4005327895831,14.1289489637646,0,11.4740339185288,0,"chi","I",1000,500,0.5,0,0,0,FALSE,0,FALSE,0.6,"leave-d",200,0.5,1e+05,TRUE,639
9.99999999999999,0,0,0,14.2742362829244,11.3047706574924,17.2437019083564,17.1182802855121,12.5534797246555,21.6830808463687,14.1289489637646,0,15.8121295783062,0,"chi","I",1000,500,0.5,0,0,0,FALSE,0,FALSE,0.6,"leave-d",200,0.5,1e+05,TRUE,639
9.99999999999999,0,0,0,14.2742362829244,11.3047706574924,17.2437019083564,13.0327919319814,8.41731465789445,17.6482692060683,14.1289489637646,0,13.5106925662039,0,"chi","I",1000,500,0.5,0,0,0,FALSE,0,FALSE,0.6,"leave-d",200,0.5,1e+05,TRUE,639
9.99999999999999,0,0,0,14.2742362829244,11.3047706574924,17.2437019083564,13.2314138169224,8.85917192792372,17.6036557059211,14.1289489637646,0,12.8853540811837,0,"chi","I",1000,500,0.5,0,0,0,FALSE,0,FALSE,0.6,"leave-d",200,0.5,1e+05,TRUE,639
9.99999999999999,0,0,0,14.2742362829244,11.3047706574924,17.2437019083564,14.67479054765,10.2885420025454,19.0610390927546,14.1289489637646,0,14.4137681943807,0,"chi","I",1000,500,0.5,0,0,0,FALSE,0,FALSE,0.6,"leave-d",200,0.5,1e+05,TRUE,639
9.99999999999999,0,0,0,14.2742362829244,11.3047706574924,17.2437019083564,11.2539957986092,6.94825008154154,15.5597415156769,14.1289489637646,0,11.1781761521906,0,"chi","I",1000,500,0.5,0,0,0,FALSE,0,FALSE,0.6,"leave-d",200,0.5,1e+05,TRUE,639
9.99999999999999,0,0,0,14.2742362829244,11.3047706574924,17.2437019083564,13.6442809225451,9.19805945465862,18.0905023904316,14.1289489637646,0,13.0018302472638,0,"chi","I",1000,500,0.5,0,0,0,FALSE,0,FALSE,0.6,"leave-d",200,0.5,1e+05,TRUE,639
9.99999999999999,0,0,0,14.2742362829244,11.3047706574924,17.2437019083564,12.7729688679933,7.94494638189878,17.6009913540878,14.1289489637646,0,12.421795358311,0,"chi","I",1000,500,0.5,0,0,0,FALSE,0,FALSE,0.6,"leave-d",200,0.5,1e+05,TRUE,639
9.99999999999999,0,0,0,14.2742362829244,11.3047706574924,17.2437019083564,16.303835791302,11.5427240324016,21.0649475502024,14.1289489637646,0,16.1803377614874,0,"chi","I",1000,500,0.5,0,0,0,FALSE,0,FALSE,0.6,"leave-d",200,0.5,1e+05,TRUE,639
9.99999999999999,0,0,0,14.2742362829244,11.3047706574924,17.2437019083564,14.8402177692082,10.5530204329554,19.127415105461,14.1289489637646,0,14.4912551749953,0,"chi","I",1000,500,0.5,0,0,0,FALSE,0,FALSE,0.6,"leave-d",200,0.5,1e+05,TRUE,639
9.99999999999999,0,0,0,14.2742362829244,11.3047706574924,17.2437019083564,13.677489100048,9.11260453493674,18.2423736651592,14.1289489637646,0,13.7443073182024,0,"chi","I",1000,500,0.5,0,0,0,FALSE,0,FALSE,0.6,"leave-d",200,0.5,1e+05,TRUE,639
9.99999999999999,0,0,0,14.2742362829244,11.3047706574924,17.2437019083564,11.3289525729068,6.77358846306183,15.8843166827518,14.1289489637646,0,11.040798987683,0,"chi","I",1000,500,0.5,0,0,0,FALSE,0,FALSE,0.6,"leave-d",200,0.5,1e+05,TRUE,639
9.99999999999999,0,0,0,14.2742362829244,11.3047706574924,17.2437019083564,15.8202060815486,10.857173485506,20.7832386775911,14.1289489637646,0,15.04520368633,0,"chi","I",1000,500,0.5,0,0,0,FALSE,0,FALSE,0.6,"leave-d",200,0.5,1e+05,TRUE,639
9.99999999999999,0,0,0,14.2742362829244,11.3047706574924,17.2437019083564,13.2202479337297,8.53972093485625,17.9007749326031,14.1289489637646,0,12.8058029429332,0,"chi","I",1000,500,0.5,0,0,0,FALSE,0,FALSE,0.6,"leave-d",200,0.5,1e+05,TRUE,639
9.99999999999999,0,0,0,14.2742362829244,11.3047706574924,17.2437019083564,14.4566146364766,9.70578451713037,19.2074447558227,14.1289489637646,0,14.1352522439106,0,"chi","I",1000,500,0.5,0,0,0,FALSE,0,FALSE,0.6,"leave-d",200,0.5,1e+05,TRUE,639
9.99999999999999,0,0,0,14.2742362829244,11.3047706574924,17.2437019083564,16.1624239688182,11.7539820858785,20.5708658517579,14.1289489637646,0,15.0366492503174,0,"chi","I",1000,500,0.5,0,0,0,FALSE,0,FALSE,0.6,"leave-d",200,0.5,1e+05,TRUE,639
9.99999999999999,0,0,0,14.2742362829244,11.3047706574924,17.2437019083564,13.0003092274746,8.37829667057707,17.6223217843721,14.1289489637646,0,13.0769043734603,0,"chi","I",1000,500,0.5,0,0,0,FALSE,0,FALSE,0.6,"leave-d",200,0.5,1e+05,TRUE,639
9.99999999999999,0,0,0,14.2742362829244,11.3047706574924,17.2437019083564,15.7346548887231,11.225250367207,20.2440594102391,14.1289489637646,0,15.9108404064723,0,"chi","I",1000,500,0.5,0,0,0,FALSE,0,FALSE,0.6,"leave-d",200,0.5,1e+05,TRUE,639
9.99999999999999,0,0,0,14.2742362829244,11.3047706574924,17.2437019083564,19.2527201187537,14.2701258025914,24.235314434916,14.1289489637646,0,18.4157751672607,0,"chi","I",1000,500,0.5,0,0,0,FALSE,0,FALSE,0.6,"leave-d",200,0.5,1e+05,TRUE,639
9.99999999999999,0,0,0,14.2742362829244,11.3047706574924,17.2437019083564,14.4470454093592,10.1233313335939,18.7707594851246,14.1289489637646,0,14.6125347177419,0,"chi","I",1000,500,0.5,0,0,0,FALSE,0,FALSE,0.6,"leave-d",200,0.5,1e+05,TRUE,639
9.99999999999999,0,0,0,14.2742362829244,11.3047706574924,17.2437019083564,11.2804429462694,6.81801142786646,15.7428744646724,14.1289489637646,0,10.8136264290964,0,"chi","I",1000,500,0.5,0,0,0,FALSE,0,FALSE,0.6,"leave-d",200,0.5,1e+05,TRUE,639
9.99999999999999,0,0,0,14.2742362829244,11.3047706574924,17.2437019083564,14.9382708165649,10.470320594814,19.4062210383158,14.1289489637646,0,14.3049366719433,0,"chi","I",1000,500,0.5,0,0,0,FALSE,0,FALSE,0.6,"leave-d",200,0.5,1e+05,TRUE,639
9.99999999999999,0,0,0,14.2742362829244,11.3047706574924,17.2437019083564,15.4700227551152,10.7744871277003,20.16555838253,14.1289489637646,0,15.1257215351576,0,"chi","I",1000,500,0.5,0,0,0,FALSE,0,FALSE,0.6,"leave-d",200,0.5,1e+05,TRUE,639
9.99999999999999,0,0,0,14.2742362829244,11.3047706574924,17.2437019083564,13.7726652648118,9.10798499007632,18.4373455395474,14.1289489637646,0,13.4999933576238,0,"chi","I",1000,500,0.5,0,0,0,FALSE,0,FALSE,0.6,"leave-d",200,0.5,1e+05,TRUE,639
9.99999999999999,0,0,0,14.2742362829244,11.3047706574924,17.2437019083564,16.6022913642955,11.6794753856761,21.525107342915,14.1289489637646,0,16.8096032595997,0,"chi","I",1000,500,0.5,0,0,0,FALSE,0,FALSE,0.6,"leave-d",200,0.5,1e+05,TRUE,639
9.99999999999999,0,0,0,14.2742362829244,11.3047706574924,17.2437019083564,12.6400681320518,8.13945252856899,17.1406837355346,14.1289489637646,0,12.4573280729322,0,"chi","I",1000,500,0.5,0,0,0,FALSE,0,FALSE,0.6,"leave-d",200,0.5,1e+05,TRUE,639
9.99999999999999,0,0,0,14.2742362829244,11.3047706574924,17.2437019083564,14.0001725631854,9.4710618714062,18.5292832549647,14.1289489637646,0,13.717686688352,0,"chi","I",1000,500,0.5,0,0,0,FALSE,0,FALSE,0.6,"leave-d",200,0.5,1e+05,TRUE,639
9.99999999999999,0,0,0,14.2742362829244,11.3047706574924,17.2437019083564,14.1342939531229,9.84816634663372,18.420421559612,14.1289489637646,0,14.4072115608429,0,"chi","I",1000,500,0.5,0,0,0,FALSE,0,FALSE,0.6,"leave-d",200,0.5,1e+05,TRUE,639
9.99999999999999,0,0,0,14.2742362829244,11.3047706574924,17.2437019083564,17.7462874199661,13.1068242731299,22.3857505668024,14.1289489637646,0,17.4676737981193,0,"chi","I",1000,500,0.5,0,0,0,FALSE,0,FALSE,0.6,"leave-d",200,0.5,1e+05,TRUE,639
9.99999999999999,0,0,0,14.2742362829244,11.3047706574924,17.2437019083564,13.2562849116171,8.97410044729497,17.5384693759393,14.1289489637646,0,13.0046699593918,0,"chi","I",1000,500,0.5,0,0,0,FALSE,0,FALSE,0.6,"leave-d",200,0.5,1e+05,TRUE,639
9.99999999999999,0,0,0,14.2742362829244,11.3047706574924,17.2437019083564,12.6715073075375,8.23779088270606,17.1052237323689,14.1289489637646,0,12.1847275528786,0,"chi","I",1000,500,0.5,0,0,0,FALSE,0,FALSE,0.6,"leave-d",200,0.5,1e+05,TRUE,639
9.99999999999999,0,0,0,14.2742362829244,11.3047706574924,17.2437019083564,16.0154216131452,11.0209480085991,21.0098952176913,14.1289489637646,0,15.4747506173072,0,"chi","I",1000,500,0.5,0,0,0,FALSE,0,FALSE,0.6,"leave-d",200,0.5,1e+05,TRUE,639
9.99999999999999,0,0,0,14.2742362829244,11.3047706574924,17.2437019083564,13.0014036579231,8.31828972534282,17.6845175905034,14.1289489637646,0,13.1793428113079,0,"chi","I",1000,500,0.5,0,0,0,FALSE,0,FALSE,0.6,"leave-d",200,0.5,1e+05,TRUE,639
9.99999999999999,0,0,0,14.2742362829244,11.3047706574924,17.2437019083564,12.0871159230758,7.50512672610817,16.6691051200434,14.1289489637646,0,12.3115694769862,0,"chi","I",1000,500,0.5,0,0,0,FALSE,0,FALSE,0.6,"leave-d",200,0.5,1e+05,TRUE,639
9.99999999999999,0,0,0,14.2742362829244,11.3047706574924,17.2437019083564,17.3000120893976,12.6305688896969,21.9694552890983,14.1289489637646,0,17.6811330947945,0,"chi","I",1000,500,0.5,0,0,0,FALSE,0,FALSE,0.6,"leave-d",200,0.5,1e+05,TRUE,639
9.99999999999999,0,0,0,14.2742362829244,11.3047706574924,17.2437019083564,12.3008810009193,8.07833948994446,16.523422511894,14.1289489637646,0,12.0385906923744,0,"chi","I",1000,500,0.5,0,0,0,FALSE,0,FALSE,0.6,"leave-d",200,0.5,1e+05,TRUE,639
9.99999999999999,0,0,0,14.2742362829244,11.3047706574924,17.2437019083564,14.2740297178515,9.62143971194806,18.9266197237549,14.1289489637646,0,14.0131053829269,0,"chi","I",1000,500,0.5,0,0,0,FALSE,0,FALSE,0.6,"leave-d",200,0.5,1e+05,TRUE,639
9.99999999999999,0,0,0,14.2742362829244,11.3047706574924,17.2437019083564,16.1592113729308,11.8387730176277,20.479649728234,14.1289489637646,0,19.2393578670284,0,"chi","I",1000,500,0.5,0,0,0,FALSE,0,FALSE,0.6,"leave-d",200,0.5,1e+05,TRUE,639
9.99999999999999,0,0,0,14.2742362829244,11.3047706574924,17.2437019083564,15.2008301711223,10.9108290303292,19.4908313119155,14.1289489637646,0,14.8632989471822,0,"chi","I",1000,500,0.5,0,0,0,FALSE,0,FALSE,0.6,"leave-d",200,0.5,1e+05,TRUE,639
9.99999999999999,0,0,0,14.2742362829244,11.3047706574924,17.2437019083564,16.6095176786419,11.79700835562,21.4220270016638,14.1289489637646,0,15.6260647753942,0,"chi","I",1000,500,0.5,0,0,0,FALSE,0,FALSE,0.6,"leave-d",200,0.5,1e+05,TRUE,639
9.99999999999999,0,0,0,14.2742362829244,11.3047706574924,17.2437019083564,14.9047622313014,10.3934218097027,19.4161026529,14.1289489637646,0,15.207534279157,0,"chi","I",1000,500,0.5,0,0,0,FALSE,0,FALSE,0.6,"leave-d",200,0.5,1e+05,TRUE,639
9.99999999999999,0,0,0,14.2742362829244,11.3047706574924,17.2437019083564,13.0726490408834,8.56832387437299,17.5769742073939,14.1289489637646,0,12.0870074549208,0,"chi","I",1000,500,0.5,0,0,0,FALSE,0,FALSE,0.6,"leave-d",200,0.5,1e+05,TRUE,639
9.99999999999999,0,0,0,14.2742362829244,11.3047706574924,17.2437019083564,15.5628628346882,11.1025188447357,20.0232068246407,14.1289489637646,0,14.4290195936059,0,"chi","I",1000,500,0.5,0,0,0,FALSE,0,FALSE,0.6,"leave-d",200,0.5,1e+05,TRUE,639
9.99999999999999,0,0,0,14.2742362829244,11.3047706574924,17.2437019083564,15.0525008892388,10.5473509957901,19.5576507826876,14.1289489637646,0,14.1209677806626,0,"chi","I",1000,500,0.5,0,0,0,FALSE,0,FALSE,0.6,"leave-d",200,0.5,1e+05,TRUE,639
9.99999999999999,0,0,0,14.2742362829244,11.3047706574924,17.2437019083564,13.7720131016612,9.47167212059488,18.0723540827275,14.1289489637646,0,13.4682854889727,0,"chi","I",1000,500,0.5,0,0,0,FALSE,0,FALSE,0.6,"leave-d",200,0.5,1e+05,TRUE,639
9.99999999999999,0,0,0,14.2742362829244,11.3047706574924,17.2437019083564,10.7005305304484,6.44125145310856,14.9598096077883,14.1289489637646,0,10.4799863332088,0,"chi","I",1000,500,0.5,0,0,0,FALSE,0,FALSE,0.6,"leave-d",200,0.5,1e+05,TRUE,639
9.99999999999999,0,0,0,14.2742362829244,11.3047706574924,17.2437019083564,16.1382505420519,11.459300543778,20.8172005403258,14.1289489637646,0,16.1188496762731,0,"chi","I",1000,500,0.5,0,0,0,FALSE,0,FALSE,0.6,"leave-d",200,0.5,1e+05,TRUE,639
9.99999999999999,0,0,0,14.2742362829244,11.3047706574924,17.2437019083564,13.5888931163368,9.08999315803129,18.0877930746422,14.1289489637646,0,13.6311351574904,0,"chi","I",1000,500,0.5,0,0,0,FALSE,0,FALSE,0.6,"leave-d",200,0.5,1e+05,TRUE,639
9.99999999999999,0,0,0,14.2742362829244,11.3047706574924,17.2437019083564,10.129804588739,5.64580195989687,14.6138072175811,14.1289489637646,0,9.7749711061517,0,"chi","I",1000,500,0.5,0,0,0,FALSE,0,FALSE,0.6,"leave-d",200,0.5,1e+05,TRUE,639
9.99999999999999,0,0,0,14.2742362829244,11.3047706574924,17.2437019083564,15.0252353637071,10.6314933461151,19.4189773812991,14.1289489637646,0,14.8987488911998,0,"chi","I",1000,500,0.5,0,0,0,FALSE,0,FALSE,0.6,"leave-d",200,0.5,1e+05,TRUE,639
9.99999999999999,0,0,0,14.2742362829244,11.3047706574924,17.2437019083564,12.6567402711372,8.17798548728425,17.1354950549902,14.1289489637646,0,11.7788956680817,0,"chi","I",1000,500,0.5,0,0,0,FALSE,0,FALSE,0.6,"leave-d",200,0.5,1e+05,TRUE,639
9.99999999999999,0,0,0,14.2742362829244,11.3047706574924,17.2437019083564,17.1555354466955,12.2709688144602,22.0401020789307,14.1289489637646,0,16.9447170803318,0,"chi","I",1000,500,0.5,0,0,0,FALSE,0,FALSE,0.6,"leave-d",200,0.5,1e+05,TRUE,639
9.99999999999999,0,0,0,14.2742362829244,11.3047706574924,17.2437019083564,17.2249382339375,12.9525291439034,21.4973473239715,14.1289489637646,0,16.2916594774328,0,"chi","I",1000,500,0.5,0,0,0,FALSE,0,FALSE,0.6,"leave-d",200,0.5,1e+05,TRUE,639
9.99999999999999,0,0,0,14.2742362829244,11.3047706574924,17.2437019083564,14.789497920857,9.97997184033668,19.5990240013773,14.1289489637646,0,14.8347531201856,0,"chi","I",1000,500,0.5,0,0,0,FALSE,0,FALSE,0.6,"leave-d",200,0.5,1e+05,TRUE,639
9.99999999999999,0,0,0,14.2742362829244,11.3047706574924,17.2437019083564,16.6385516044187,11.8199160515781,21.4571871572593,14.1289489637646,0,16.2934156614831,0,"chi","I",1000,500,0.5,0,0,0,FALSE,0,FALSE,0.6,"leave-d",200,0.5,1e+05,TRUE,639
9.99999999999999,0,0,0,14.2742362829244,11.3047706574924,17.2437019083564,14.9713811119948,10.8648016712557,19.0779605527339,14.1289489637646,0,19.0755459867257,0,"chi","I",1000,500,0.5,0,0,0,FALSE,0,FALSE,0.6,"leave-d",200,0.5,1e+05,TRUE,639
9.99999999999999,0,0,0,14.2742362829244,11.3047706574924,17.2437019083564,12.5538514300055,8.27189232429935,16.8358105357116,14.1289489637646,0,11.8156794785054,0,"chi","I",1000,500,0.5,0,0,0,FALSE,0,FALSE,0.6,"leave-d",200,0.5,1e+05,TRUE,639
9.99999999999999,0,0,0,14.2742362829244,11.3047706574924,17.2437019083564,14.6179520502499,9.96304491278564,19.2728591877142,14.1289489637646,0,14.7037847246872,0,"chi","I",1000,500,0.5,0,0,0,FALSE,0,FALSE,0.6,"leave-d",200,0.5,1e+05,TRUE,639
9.99999999999999,0,0,0,14.2742362829244,11.3047706574924,17.2437019083564,13.3698799176347,8.89245527516859,17.8473045601007,14.1289489637646,0,12.6476414267482,0,"chi","I",1000,500,0.5,0,0,0,FALSE,0,FALSE,0.6,"leave-d",200,0.5,1e+05,TRUE,639
9.99999999999999,0,0,0,14.2742362829244,11.3047706574924,17.2437019083564,15.6612743399119,10.9311867458909,20.3913619339329,14.1289489637646,0,15.7095891590652,0,"chi","I",1000,500,0.5,0,0,0,FALSE,0,FALSE,0.6,"leave-d",200,0.5,1e+05,TRUE,639
9.99999999999999,0,0,0,14.2742362829244,11.3047706574924,17.2437019083564,12.43096628914,7.99360284329217,16.8683297349878,14.1289489637646,0,12.0036033935191,0,"chi","I",1000,500,0.5,0,0,0,FALSE,0,FALSE,0.6,"leave-d",200,0.5,1e+05,TRUE,639
9.99999999999999,0,0,0,14.2742362829244,11.3047706574924,17.2437019083564,17.5350865760452,13.1324273271817,21.9377458249088,14.1289489637646,0,16.5341019986299,0,"chi","I",1000,500,0.5,0,0,0,FALSE,0,FALSE,0.6,"leave-d",200,0.5,1e+05,TRUE,639
9.99999999999999,0,0,0,14.2742362829244,11.3047706574924,17.2437019083564,15.0041257772329,10.3721870779021,19.6360644765638,14.1289489637646,0,14.1747243513261,0,"chi","I",1000,500,0.5,0,0,0,FALSE,0,FALSE,0.6,"leave-d",200,0.5,1e+05,TRUE,639
9.99999999999999,0,0,0,14.2742362829244,11.3047706574924,17.2437019083564,10.2145680495044,6.26243089787468,14.1667052011342,14.1289489637646,0,9.76298120917189,0,"chi","I",1000,500,0.5,0,0,0,FALSE,0,FALSE,0.6,"leave-d",200,0.5,1e+05,TRUE,639
9.99999999999999,0,0,0,14.2742362829244,11.3047706574924,17.2437019083564,15.7940494234797,11.0216545404623,20.5664443064971,14.1289489637646,0,15.7326366188906,0,"chi","I",1000,500,0.5,0,0,0,FALSE,0,FALSE,0.6,"leave-d",200,0.5,1e+05,TRUE,639
9.99999999999999,0,0,0,14.2742362829244,11.3047706574924,17.2437019083564,12.9644993314936,8.554346741018,17.3746519219691,14.1289489637646,0,13.1218907397165,0,"chi","I",1000,500,0.5,0,0,0,FALSE,0,FALSE,0.6,"leave-d",200,0.5,1e+05,TRUE,639
9.99999999999999,0,0,0,14.2742362829244,11.3047706574924,17.2437019083564,12.261642500753,7.89874714087028,16.6245378606357,14.1289489637646,0,12.3705496095744,0,"chi","I",1000,500,0.5,0,0,0,FALSE,0,FALSE,0.6,"leave-d",200,0.5,1e+05,TRUE,639
9.99999999999999,0,0,0,14.2742362829244,11.3047706574924,17.2437019083564,18.5490311938434,14.1970814366578,22.900980951029,14.1289489637646,0,18.061148822198,0,"chi","I",1000,500,0.5,0,0,0,FALSE,0,FALSE,0.6,"leave-d",200,0.5,1e+05,TRUE,639
9.99999999999999,0,0,0,14.2742362829244,11.3047706574924,17.2437019083564,17.4098548724264,13.0560616224318,21.7636481224211,14.1289489637646,0,17.2971936818078,0,"chi","I",1000,500,0.5,0,0,0,FALSE,0,FALSE,0.6,"leave-d",200,0.5,1e+05,TRUE,639
9.99999999999999,0,0,0,14.2742362829244,11.3047706574924,17.2437019083564,14.0021472959563,9.30243630437513,18.7018582875374,14.1289489637646,0,13.6607825818729,0,"chi","I",1000,500,0.5,0,0,0,FALSE,0,FALSE,0.6,"leave-d",200,0.5,1e+05,TRUE,639
9.99999999999999,0,0,0,14.2742362829244,11.3047706574924,17.2437019083564,12.8715292019047,8.17365204529464,17.5694063585147,14.1289489637646,0,12.4592453495092,0,"chi","I",1000,500,0.5,0,0,0,FALSE,0,FALSE,0.6,"leave-d",200,0.5,1e+05,TRUE,639
9.99999999999999,0,0,0,14.2742362829244,11.3047706574924,17.2437019083564,15.4566062093138,11.0071162856876,19.9060961329401,14.1289489637646,0,16.5913319089875,0,"chi","I",1000,500,0.5,0,0,0,FALSE,0,FALSE,0.6,"leave-d",200,0.5,1e+05,TRUE,639
9.99999999999999,0,0,0,14.2742362829244,11.3047706574924,17.2437019083564,20.7721789694955,15.6779709983213,25.8663869406698,14.1289489637646,0,19.1417534575347,0,"chi","I",1000,500,0.5,0,0,0,FALSE,0,FALSE,0.6,"leave-d",200,0.5,1e+05,TRUE,639
9.99999999999999,0,0,0,14.2742362829244,11.3047706574924,17.2437019083564,16.7717014033666,11.9447459109763,21.5986568957568,14.1289489637646,0,16.9998426620602,0,"chi","I",1000,500,0.5,0,0,0,FALSE,0,FALSE,0.6,"leave-d",200,0.5,1e+05,TRUE,639
9.99999999999999,0,0,0,14.2742362829244,11.3047706574924,17.2437019083564,14.1150023853305,9.56339282047522,18.6666119501859,14.1289489637646,0,14.3133121144337,0,"chi","I",1000,500,0.5,0,0,0,FALSE,0,FALSE,0.6,"leave-d",200,0.5,1e+05,TRUE,639
9.99999999999999,0,0,0,14.2742362829244,11.3047706574924,17.2437019083564,13.5519000929272,9.18834430556239,17.9154558802921,14.1289489637646,0,13.6408207909451,0,"chi","I",1000,500,0.5,0,0,0,FALSE,0,FALSE,0.6,"leave-d",200,0.5,1e+05,TRUE,639
9.99999999999999,0,0,0,14.2742362829244,11.3047706574924,17.2437019083564,15.188343383793,10.9219128529324,19.4547739146536,14.1289489637646,0,14.258096782625,0,"chi","I",1000,500,0.5,0,0,0,FALSE,0,FALSE,0.6,"leave-d",200,0.5,1e+05,TRUE,639
9.99999999999999,0,0,0,14.2742362829244,11.3047706574924,17.2437019083564,12.2295066640137,7.77494410620927,16.6840692218181,14.1289489637646,0,11.9804776833308,0,"chi","I",1000,500,0.5,0,0,0,FALSE,0,FALSE,0.6,"leave-d",200,0.5,1e+05,TRUE,639
9.99999999999999,0,0,0,14.2742362829244,11.3047706574924,17.2437019083564,15.2834213757609,10.8759297887155,19.6909129628063,14.1289489637646,0,16.3709505115704,0,"chi","I",1000,500,0.5,0,0,0,FALSE,0,FALSE,0.6,"leave-d",200,0.5,1e+05,TRUE,639
9.99999999999999,0,0,0,14.2742362829244,11.3047706574924,17.2437019083564,14.2685874850088,9.72873583255993,18.8084391374577,14.1289489637646,0,13.7070347509141,0,"chi","I",1000,500,0.5,0,0,0,FALSE,0,FALSE,0.6,"leave-d",200,0.5,1e+05,TRUE,639
9.99999999999999,0,0,0,14.2742362829244,11.3047706574924,17.2437019083564,13.8538479296968,9.33701471981903,18.3706811395745,14.1289489637646,0,13.378888648242,0,"chi","I",1000,500,0.5,0,0,0,FALSE,0,FALSE,0.6,"leave-d",200,0.5,1e+05,TRUE,639
9.99999999999999,0,0,0,14.2742362829244,11.3047706574924,17.2437019083564,13.8896628124455,9.46628491351833,18.3130407113726,14.1289489637646,0,13.441574673825,0,"chi","I",1000,500,0.5,0,0,0,FALSE,0,FALSE,0.6,"leave-d",200,0.5,1e+05,TRUE,639
9.99999999999999,0,0,0,14.2742362829244,11.3047706574924,17.2437019083564,20.0049889522428,14.7319359851494,25.2780419193363,14.1289489637646,0,20.2392748329698,0,"chi","I",1000,500,0.5,0,0,0,FALSE,0,FALSE,0.6,"leave-d",200,0.5,1e+05,TRUE,639
9.99999999999999,0,0,0,14.2742362829244,11.3047706574924,17.2437019083564,13.111591434544,8.7254703034131,17.497712565675,14.1289489637646,0,12.3734979934456,0,"chi","I",1000,500,0.5,0,0,0,FALSE,0,FALSE,0.6,"leave-d",200,0.5,1e+05,TRUE,639
9.99999999999999,0,0,0,14.2742362829244,11.3047706574924,17.2437019083564,14.2283560346685,9.49749769734197,18.959214371995,14.1289489637646,0,13.8438291910775,0,"chi","I",1000,500,0.5,0,0,0,FALSE,0,FALSE,0.6,"leave-d",200,0.5,1e+05,TRUE,639
9.99999999999999,0,0,0,14.2742362829244,11.3047706574924,17.2437019083564,17.3748891774071,13.0473066583841,21.7024716964301,14.1289489637646,0,17.1661655190282,0,"chi","I",1000,500,0.5,0,0,0,FALSE,0,FALSE,0.6,"leave-d",200,0.5,1e+05,TRUE,639
9.99999999999999,0,0,0,14.2742362829244,11.3047706574924,17.2437019083564,13.1612919754074,8.92365884911703,17.3989251016977,14.1289489637646,0,14.6340146914053,0,"chi","I",1000,500,0.5,0,0,0,FALSE,0,FALSE,0.6,"leave-d",200,0.5,1e+05,TRUE,639
9.99999999999999,0,0,0,14.2742362829244,11.3047706574924,17.2437019083564,13.5687330986563,8.87099616948607,18.2664700278265,14.1289489637646,0,12.7770471026252,0,"chi","I",1000,500,0.5,0,0,0,FALSE,0,FALSE,0.6,"leave-d",200,0.5,1e+05,TRUE,639
9.99999999999999,0,0,0,14.2742362829244,11.3047706574924,17.2437019083564,10.8551028851843,6.68857989902499,15.0216258713437,14.1289489637646,0,10.8507889925859,0,"chi","I",1000,500,0.5,0,0,0,FALSE,0,FALSE,0.6,"leave-d",200,0.5,1e+05,TRUE,639
9.99999999999999,0,0,0,14.2742362829244,11.3047706574924,17.2437019083564,10.9477532320282,6.77297433908404,15.1225321249723,14.1289489637646,0,11.3276218344266,0,"chi","I",1000,500,0.5,0,0,0,FALSE,0,FALSE,0.6,"leave-d",200,0.5,1e+05,TRUE,639
9.99999999999999,0,0,0,14.2742362829244,11.3047706574924,17.2437019083564,10.7711290472433,6.16270347917987,15.3795546153068,14.1289489637646,0,10.4161049718559,0,"chi","I",1000,500,0.5,0,0,0,FALSE,0,FALSE,0.6,"leave-d",200,0.5,1e+05,TRUE,639
9.99999999999999,0,0,0,14.2742362829244,11.3047706574924,17.2437019083564,12.880247213178,8.4488618022961,17.3116326240598,14.1289489637646,0,13.3849422000351,0,"chi","I",1000,500,0.5,0,0,0,FALSE,0,FALSE,0.6,"leave-d",200,0.5,1e+05,TRUE,639
9.99999999999999,0,0,0,14.2742362829244,11.3047706574924,17.2437019083564,15.1021960798139,10.4103124613475,19.7940796982803,14.1289489637646,0,14.4752719384904,0,"chi","I",1000,500,0.5,0,0,0,FALSE,0,FALSE,0.6,"leave-d",200,0.5,1e+05,TRUE,639
9.99999999999999,0,0,0,14.2742362829244,11.3047706574924,17.2437019083564,15.4370872944046,11.1117535174123,19.7624210713969,14.1289489637646,0,16.0747203344578,0,"chi","I",1000,500,0.5,0,0,0,FALSE,0,FALSE,0.6,"leave-d",200,0.5,1e+05,TRUE,639
9.99999999999999,0,0,0,14.2742362829244,11.3047706574924,17.2437019083564,18.1156638664014,13.2319421157531,22.9993856170496,14.1289489637646,0,17.0609161401771,0,"chi","I",1000,500,0.5,0,0,0,FALSE,0,FALSE,0.6,"leave-d",200,0.5,1e+05,TRUE,639
9.99999999999999,0,0,0,14.2742362829244,11.3047706574924,17.2437019083564,16.3032644522358,11.7007385407758,20.9057903636957,14.1289489637646,0,15.248466154972,0,"chi","I",1000,500,0.5,0,0,0,FALSE,0,FALSE,0.6,"leave-d",200,0.5,1e+05,TRUE,639
9.99999999999999,0,0,0,14.2742362829244,11.3047706574924,17.2437019083564,10.4686893815121,6.13860916881369,14.7987695942106,14.1289489637646,0,10.2535151963986,0,"chi","I",1000,500,0.5,0,0,0,FALSE,0,FALSE,0.6,"leave-d",200,0.5,1e+05,TRUE,639
9.99999999999999,0,0,0,14.2742362829244,11.3047706574924,17.2437019083564,13.4610894061347,8.87423951483116,18.0479392974383,14.1289489637646,0,13.1352316846412,0,"chi","I",1000,500,0.5,0,0,0,FALSE,0,FALSE,0.6,"leave-d",200,0.5,1e+05,TRUE,639
9.99999999999999,0,0,0,14.2742362829244,11.3047706574924,17.2437019083564,13.3897957790264,8.90146427050649,17.8781272875463,14.1289489637646,0,12.9207155302971,0,"chi","I",1000,500,0.5,0,0,0,FALSE,0,FALSE,0.6,"leave-d",200,0.5,1e+05,TRUE,639
9.99999999999999,0,0,0,14.2742362829244,11.3047706574924,17.2437019083564,15.9239073622861,11.4395244531902,20.408290271382,14.1289489637646,0,15.9005352851414,0,"chi","I",1000,500,0.5,0,0,0,FALSE,0,FALSE,0.6,"leave-d",200,0.5,1e+05,TRUE,639
9.99999999999999,0,0,0,14.2742362829244,11.3047706574924,17.2437019083564,13.7904536790953,9.23947660141586,18.3414307567747,14.1289489637646,0,14.0028359649486,0,"chi","I",1000,500,0.5,0,0,0,FALSE,0,FALSE,0.6,"leave-d",200,0.5,1e+05,TRUE,639
9.99999999999999,0,0,0,14.2742362829244,11.3047706574924,17.2437019083564,13.5651932549417,8.9391262207892,18.1912602890941,14.1289489637646,0,13.5214160480858,0,"chi","I",1000,500,0.5,0,0,0,FALSE,0,FALSE,0.6,"leave-d",200,0.5,1e+05,TRUE,639
9.99999999999999,0,0,0,14.2742362829244,11.3047706574924,17.2437019083564,14.3828731113036,9.68254002046912,19.083206202138,14.1289489637646,0,14.5488662357347,0,"chi","I",1000,500,0.5,0,0,0,FALSE,0,FALSE,0.6,"leave-d",200,0.5,1e+05,TRUE,639
9.99999999999999,0,0,0,14.2742362829244,11.3047706574924,17.2437019083564,18.9836351420728,14.4064464263166,23.560823857829,14.1289489637646,0,19.608978172943,0,"chi","I",1000,500,0.5,0,0,0,FALSE,0,FALSE,0.6,"leave-d",200,0.5,1e+05,TRUE,639
9.99999999999999,0,0,0,14.2742362829244,11.3047706574924,17.2437019083564,10.8723357640394,6.64680434220726,15.0978671858716,14.1289489637646,0,10.7246835725508,0,"chi","I",1000,500,0.5,0,0,0,FALSE,0,FALSE,0.6,"leave-d",200,0.5,1e+05,TRUE,639
9.99999999999999,0,0,0,14.2742362829244,11.3047706574924,17.2437019083564,10.4575655464783,6.23799708304688,14.6771340099097,14.1289489637646,0,10.0642363358734,0,"chi","I",1000,500,0.5,0,0,0,FALSE,0,FALSE,0.6,"leave-d",200,0.5,1e+05,TRUE,639
9.99999999999999,0,0,0,14.2742362829244,11.3047706574924,17.2437019083564,16.0302775089119,11.1804360717234,20.8801189461004,14.1289489637646,0,16.2498680430086,0,"chi","I",1000,500,0.5,0,0,0,FALSE,0,FALSE,0.6,"leave-d",200,0.5,1e+05,TRUE,639
9.99999999999999,0,0,0,14.2742362829244,11.3047706574924,17.2437019083564,15.161720292313,10.8926349365894,19.4308056480366,14.1289489637646,0,16.7968402747737,0,"chi","I",1000,500,0.5,0,0,0,FALSE,0,FALSE,0.6,"leave-d",200,0.5,1e+05,TRUE,639
9.99999999999999,0,0,0,14.2742362829244,11.3047706574924,17.2437019083564,13.3139689109915,9.08584387044416,17.5420939515388,14.1289489637646,0,12.8650333175253,0,"chi","I",1000,500,0.5,0,0,0,FALSE,0,FALSE,0.6,"leave-d",200,0.5,1e+05,TRUE,639
9.99999999999999,0,0,0,14.2742362829244,11.3047706574924,17.2437019083564,15.5980979435063,10.9962794619582,20.1999164250544,14.1289489637646,0,14.7821434629923,0,"chi","I",1000,500,0.5,0,0,0,FALSE,0,FALSE,0.6,"leave-d",200,0.5,1e+05,TRUE,639
9.99999999999999,0,0,0,14.2742362829244,11.3047706574924,17.2437019083564,12.5605757611949,8.28166365122585,16.8394878711639,14.1289489637646,0,12.3616441370952,0,"chi","I",1000,500,0.5,0,0,0,FALSE,0,FALSE,0.6,"leave-d",200,0.5,1e+05,TRUE,639
9.99999999999999,0,0,0,14.2742362829244,11.3047706574924,17.2437019083564,17.7959620795061,13.283859823345,22.3080643356672,14.1289489637646,0,16.8977724506131,0,"chi","I",1000,500,0.5,0,0,0,FALSE,0,FALSE,0.6,"leave-d",200,0.5,1e+05,TRUE,639
9.99999999999999,0,0,0,14.2742362829244,11.3047706574924,17.2437019083564,16.582401829149,11.8433032793889,21.3215003789092,14.1289489637646,0,19.0429077335807,0,"chi","I",1000,500,0.5,0,0,0,FALSE,0,FALSE,0.6,"leave-d",200,0.5,1e+05,TRUE,639
9.99999999999999,0,0,0,14.2742362829244,11.3047706574924,17.2437019083564,11.1226312335285,7.13834117300794,15.1069212940491,14.1289489637646,0,12.4854315934442,0,"chi","I",1000,500,0.5,0,0,0,FALSE,0,FALSE,0.6,"leave-d",200,0.5,1e+05,TRUE,639
9.99999999999999,0,0,0,14.2742362829244,11.3047706574924,17.2437019083564,13.4328585884415,8.95676362339741,17.9089535534855,14.1289489637646,0,12.9141820803963,0,"chi","I",1000,500,0.5,0,0,0,FALSE,0,FALSE,0.6,"leave-d",200,0.5,1e+05,TRUE,639
9.99999999999999,0,0,0,14.2742362829244,11.3047706574924,17.2437019083564,9.4773066488478,5.34904444057227,13.6055688571233,14.1289489637646,0,9.26267962403778,0,"chi","I",1000,500,0.5,0,0,0,FALSE,0,FALSE,0.6,"leave-d",200,0.5,1e+05,TRUE,639
9.99999999999999,0,0,0,14.2742362829244,11.3047706574924,17.2437019083564,15.2548814902516,10.6936533380446,19.8161096424585,14.1289489637646,0,15.0641913360226,0,"chi","I",1000,500,0.5,0,0,0,FALSE,0,FALSE,0.6,"leave-d",200,0.5,1e+05,TRUE,639
