"var_main_effect","var_inter_effect","cov_main_inter_effect","var_total_effect","GCTA_main","GCTA_inter","sub_GCTA_main","sub_GCTA_inter","GCTA_main.1","GCTA_inter.1","sub_GCTA_main.1","sub_GCTA_inter.1","x_dist","structure","p","n","main_fixed_var","main_random_var","inter_fixed_var","inter_random_var","interact","decor","combine","pro","bs","n_sub","rho_e","emp_n","inter_std","i"
10,0,0,0,0,0,4.18773895151081,0,0,0,4.18773895151081,0,"chi","I",500,100,0.5,0,0,0,0,FALSE,FALSE,0.5,"leave-d",200,0.5,1e+05,TRUE,336
10,0,0,0,0,0,0,0,0,0,0,0,"chi","I",500,100,0.5,0,0,0,0,FALSE,FALSE,0.5,"leave-d",200,0.5,1e+05,TRUE,336
10,0,0,0,0,0,0,0,0,0,0,0,"chi","I",500,100,0.5,0,0,0,0,FALSE,FALSE,0.5,"leave-d",200,0.5,1e+05,TRUE,336
10,0,0,0,0,0,0,0,0,0,0,0,"chi","I",500,100,0.5,0,0,0,0,FALSE,FALSE,0.5,"leave-d",200,0.5,1e+05,TRUE,336
10,0,0,0,0,0,0,0,0,0,0,0,"chi","I",500,100,0.5,0,0,0,0,FALSE,FALSE,0.5,"leave-d",200,0.5,1e+05,TRUE,336
10,0,0,0,0,0,0,0,0,0,0,0,"chi","I",500,100,0.5,0,0,0,0,FALSE,FALSE,0.5,"leave-d",200,0.5,1e+05,TRUE,336
10,0,0,0,0,0,0,0,0,0,0,0,"chi","I",500,100,0.5,0,0,0,0,FALSE,FALSE,0.5,"leave-d",200,0.5,1e+05,TRUE,336
10,0,0,0,0,0,0,0,0,0,0,0,"chi","I",500,100,0.5,0,0,0,0,FALSE,FALSE,0.5,"leave-d",200,0.5,1e+05,TRUE,336
10,0,0,0,0,0,0,0,0,0,0,0,"chi","I",500,100,0.5,0,0,0,0,FALSE,FALSE,0.5,"leave-d",200,0.5,1e+05,TRUE,336
10,0,0,0,0,0,1.16331473240102,0,0,0,1.16331473240102,0,"chi","I",500,100,0.5,0,0,0,0,FALSE,FALSE,0.5,"leave-d",200,0.5,1e+05,TRUE,336
10,0,0,0,0,0,3.45932586683103,0,0,0,3.45932586683103,0,"chi","I",500,100,0.5,0,0,0,0,FALSE,FALSE,0.5,"leave-d",200,0.5,1e+05,TRUE,336
10,0,0,0,0,0,0,0,0,0,0,0,"chi","I",500,100,0.5,0,0,0,0,FALSE,FALSE,0.5,"leave-d",200,0.5,1e+05,TRUE,336
10,0,0,0,0,0,0,0,0,0,0,0,"chi","I",500,100,0.5,0,0,0,0,FALSE,FALSE,0.5,"leave-d",200,0.5,1e+05,TRUE,336
10,0,0,0,0,0,7.00264621775635,0,0,0,7.00264621775635,0,"chi","I",500,100,0.5,0,0,0,0,FALSE,FALSE,0.5,"leave-d",200,0.5,1e+05,TRUE,336
10,0,0,0,0,0,0,0,0,0,0,0,"chi","I",500,100,0.5,0,0,0,0,FALSE,FALSE,0.5,"leave-d",200,0.5,1e+05,TRUE,336
10,0,0,0,0,0,0,0,0,0,0,0,"chi","I",500,100,0.5,0,0,0,0,FALSE,FALSE,0.5,"leave-d",200,0.5,1e+05,TRUE,336
10,0,0,0,0,0,0,0,0,0,0,0,"chi","I",500,100,0.5,0,0,0,0,FALSE,FALSE,0.5,"leave-d",200,0.5,1e+05,TRUE,336
10,0,0,0,0,0,4.70328066682513,0,0,0,4.70328066682513,0,"chi","I",500,100,0.5,0,0,0,0,FALSE,FALSE,0.5,"leave-d",200,0.5,1e+05,TRUE,336
10,0,0,0,0,0,13.2433407980573,0,0,0,13.2433407980573,0,"chi","I",500,100,0.5,0,0,0,0,FALSE,FALSE,0.5,"leave-d",200,0.5,1e+05,TRUE,336
10,0,0,0,0,0,0,0,0,0,0,0,"chi","I",500,100,0.5,0,0,0,0,FALSE,FALSE,0.5,"leave-d",200,0.5,1e+05,TRUE,336
10,0,0,0,0,0,0,0,0,0,0,0,"chi","I",500,100,0.5,0,0,0,0,FALSE,FALSE,0.5,"leave-d",200,0.5,1e+05,TRUE,336
10,0,0,0,0,0,3.73630908077451,0,0,0,3.73630908077451,0,"chi","I",500,100,0.5,0,0,0,0,FALSE,FALSE,0.5,"leave-d",200,0.5,1e+05,TRUE,336
10,0,0,0,0,0,0,0,0,0,0,0,"chi","I",500,100,0.5,0,0,0,0,FALSE,FALSE,0.5,"leave-d",200,0.5,1e+05,TRUE,336
10,0,0,0,0,0,0,0,0,0,0,0,"chi","I",500,100,0.5,0,0,0,0,FALSE,FALSE,0.5,"leave-d",200,0.5,1e+05,TRUE,336
10,0,0,0,0,0,8.13506616613848,0,0,0,8.13506616613848,0,"chi","I",500,100,0.5,0,0,0,0,FALSE,FALSE,0.5,"leave-d",200,0.5,1e+05,TRUE,336
10,0,0,0,0,0,0,0,0,0,0,0,"chi","I",500,100,0.5,0,0,0,0,FALSE,FALSE,0.5,"leave-d",200,0.5,1e+05,TRUE,336
10,0,0,0,0,0,0,0,0,0,0,0,"chi","I",500,100,0.5,0,0,0,0,FALSE,FALSE,0.5,"leave-d",200,0.5,1e+05,TRUE,336
10,0,0,0,0,0,0,0,0,0,0,0,"chi","I",500,100,0.5,0,0,0,0,FALSE,FALSE,0.5,"leave-d",200,0.5,1e+05,TRUE,336
10,0,0,0,0,0,3.51930774189602,0,0,0,3.51930774189602,0,"chi","I",500,100,0.5,0,0,0,0,FALSE,FALSE,0.5,"leave-d",200,0.5,1e+05,TRUE,336
10,0,0,0,0,0,0,0,0,0,0,0,"chi","I",500,100,0.5,0,0,0,0,FALSE,FALSE,0.5,"leave-d",200,0.5,1e+05,TRUE,336
10,0,0,0,0,0,0,0,0,0,0,0,"chi","I",500,100,0.5,0,0,0,0,FALSE,FALSE,0.5,"leave-d",200,0.5,1e+05,TRUE,336
10,0,0,0,0,0,0,0,0,0,0,0,"chi","I",500,100,0.5,0,0,0,0,FALSE,FALSE,0.5,"leave-d",200,0.5,1e+05,TRUE,336
10,0,0,0,0,0,11.6153998700722,0,0,0,11.6153998700722,0,"chi","I",500,100,0.5,0,0,0,0,FALSE,FALSE,0.5,"leave-d",200,0.5,1e+05,TRUE,336
10,0,0,0,0,0,0,0,0,0,0,0,"chi","I",500,100,0.5,0,0,0,0,FALSE,FALSE,0.5,"leave-d",200,0.5,1e+05,TRUE,336
10,0,0,0,0,0,0,0,0,0,0,0,"chi","I",500,100,0.5,0,0,0,0,FALSE,FALSE,0.5,"leave-d",200,0.5,1e+05,TRUE,336
10,0,0,0,0,0,9.96574150885746,0,0,0,9.96574150885746,0,"chi","I",500,100,0.5,0,0,0,0,FALSE,FALSE,0.5,"leave-d",200,0.5,1e+05,TRUE,336
10,0,0,0,0,0,0,0,0,0,0,0,"chi","I",500,100,0.5,0,0,0,0,FALSE,FALSE,0.5,"leave-d",200,0.5,1e+05,TRUE,336
10,0,0,0,0,0,11.733961337432,0,0,0,11.733961337432,0,"chi","I",500,100,0.5,0,0,0,0,FALSE,FALSE,0.5,"leave-d",200,0.5,1e+05,TRUE,336
10,0,0,0,0,0,0,0,0,0,0,0,"chi","I",500,100,0.5,0,0,0,0,FALSE,FALSE,0.5,"leave-d",200,0.5,1e+05,TRUE,336
10,0,0,0,0,0,0,0,0,0,0,0,"chi","I",500,100,0.5,0,0,0,0,FALSE,FALSE,0.5,"leave-d",200,0.5,1e+05,TRUE,336
10,0,0,0,0,0,0,0,0,0,0,0,"chi","I",500,100,0.5,0,0,0,0,FALSE,FALSE,0.5,"leave-d",200,0.5,1e+05,TRUE,336
10,0,0,0,0,0,0,0,0,0,0,0,"chi","I",500,100,0.5,0,0,0,0,FALSE,FALSE,0.5,"leave-d",200,0.5,1e+05,TRUE,336
10,0,0,0,0,0,0,0,0,0,0,0,"chi","I",500,100,0.5,0,0,0,0,FALSE,FALSE,0.5,"leave-d",200,0.5,1e+05,TRUE,336
10,0,0,0,0,0,0,0,0,0,0,0,"chi","I",500,100,0.5,0,0,0,0,FALSE,FALSE,0.5,"leave-d",200,0.5,1e+05,TRUE,336
10,0,0,0,0,0,0,0,0,0,0,0,"chi","I",500,100,0.5,0,0,0,0,FALSE,FALSE,0.5,"leave-d",200,0.5,1e+05,TRUE,336
10,0,0,0,0,0,0,0,0,0,0,0,"chi","I",500,100,0.5,0,0,0,0,FALSE,FALSE,0.5,"leave-d",200,0.5,1e+05,TRUE,336
10,0,0,0,0,0,0,0,0,0,0,0,"chi","I",500,100,0.5,0,0,0,0,FALSE,FALSE,0.5,"leave-d",200,0.5,1e+05,TRUE,336
10,0,0,0,0,0,3.87928793988127,0,0,0,3.87928793988127,0,"chi","I",500,100,0.5,0,0,0,0,FALSE,FALSE,0.5,"leave-d",200,0.5,1e+05,TRUE,336
10,0,0,0,0,0,0,0,0,0,0,0,"chi","I",500,100,0.5,0,0,0,0,FALSE,FALSE,0.5,"leave-d",200,0.5,1e+05,TRUE,336
10,0,0,0,0,0,0,0,0,0,0,0,"chi","I",500,100,0.5,0,0,0,0,FALSE,FALSE,0.5,"leave-d",200,0.5,1e+05,TRUE,336
10,0,0,0,0,0,0,0,0,0,0,0,"chi","I",500,100,0.5,0,0,0,0,FALSE,FALSE,0.5,"leave-d",200,0.5,1e+05,TRUE,336
10,0,0,0,0,0,7.28234607133167,0,0,0,7.28234607133167,0,"chi","I",500,100,0.5,0,0,0,0,FALSE,FALSE,0.5,"leave-d",200,0.5,1e+05,TRUE,336
10,0,0,0,0,0,0,0,0,0,0,0,"chi","I",500,100,0.5,0,0,0,0,FALSE,FALSE,0.5,"leave-d",200,0.5,1e+05,TRUE,336
10,0,0,0,0,0,0,0,0,0,0,0,"chi","I",500,100,0.5,0,0,0,0,FALSE,FALSE,0.5,"leave-d",200,0.5,1e+05,TRUE,336
10,0,0,0,0,0,2.18197031917129,0,0,0,2.18197031917129,0,"chi","I",500,100,0.5,0,0,0,0,FALSE,FALSE,0.5,"leave-d",200,0.5,1e+05,TRUE,336
10,0,0,0,0,0,0,0,0,0,0,0,"chi","I",500,100,0.5,0,0,0,0,FALSE,FALSE,0.5,"leave-d",200,0.5,1e+05,TRUE,336
10,0,0,0,0,0,0,0,0,0,0,0,"chi","I",500,100,0.5,0,0,0,0,FALSE,FALSE,0.5,"leave-d",200,0.5,1e+05,TRUE,336
10,0,0,0,0,0,8.94836379233142,0,0,0,8.94836379233142,0,"chi","I",500,100,0.5,0,0,0,0,FALSE,FALSE,0.5,"leave-d",200,0.5,1e+05,TRUE,336
10,0,0,0,0,0,4.63459895006358,0,0,0,4.63459895006358,0,"chi","I",500,100,0.5,0,0,0,0,FALSE,FALSE,0.5,"leave-d",200,0.5,1e+05,TRUE,336
10,0,0,0,0,0,0,0,0,0,0,0,"chi","I",500,100,0.5,0,0,0,0,FALSE,FALSE,0.5,"leave-d",200,0.5,1e+05,TRUE,336
10,0,0,0,0,0,5.99363137609558,0,0,0,5.99363137609558,0,"chi","I",500,100,0.5,0,0,0,0,FALSE,FALSE,0.5,"leave-d",200,0.5,1e+05,TRUE,336
10,0,0,0,0,0,16.6386385410133,0,0,0,16.6386385410133,0,"chi","I",500,100,0.5,0,0,0,0,FALSE,FALSE,0.5,"leave-d",200,0.5,1e+05,TRUE,336
10,0,0,0,0,0,6.22296079680215,0,0,0,6.22296079680215,0,"chi","I",500,100,0.5,0,0,0,0,FALSE,FALSE,0.5,"leave-d",200,0.5,1e+05,TRUE,336
10,0,0,0,0,0,11.1265923192253,0,0,0,11.1265923192253,0,"chi","I",500,100,0.5,0,0,0,0,FALSE,FALSE,0.5,"leave-d",200,0.5,1e+05,TRUE,336
10,0,0,0,0,0,13.907710511881,0,0,0,13.907710511881,0,"chi","I",500,100,0.5,0,0,0,0,FALSE,FALSE,0.5,"leave-d",200,0.5,1e+05,TRUE,336
10,0,0,0,0,0,0,0,0,0,0,0,"chi","I",500,100,0.5,0,0,0,0,FALSE,FALSE,0.5,"leave-d",200,0.5,1e+05,TRUE,336
10,0,0,0,0,0,4.89441025527363,0,0,0,4.89441025527363,0,"chi","I",500,100,0.5,0,0,0,0,FALSE,FALSE,0.5,"leave-d",200,0.5,1e+05,TRUE,336
10,0,0,0,0,0,7.15924279481601,0,0,0,7.15924279481601,0,"chi","I",500,100,0.5,0,0,0,0,FALSE,FALSE,0.5,"leave-d",200,0.5,1e+05,TRUE,336
10,0,0,0,0,0,0,0,0,0,0,0,"chi","I",500,100,0.5,0,0,0,0,FALSE,FALSE,0.5,"leave-d",200,0.5,1e+05,TRUE,336
10,0,0,0,0,0,0.695285951066007,0,0,0,0.695285951066007,0,"chi","I",500,100,0.5,0,0,0,0,FALSE,FALSE,0.5,"leave-d",200,0.5,1e+05,TRUE,336
10,0,0,0,0,0,9.60102126433871,0,0,0,9.60102126433871,0,"chi","I",500,100,0.5,0,0,0,0,FALSE,FALSE,0.5,"leave-d",200,0.5,1e+05,TRUE,336
10,0,0,0,0,0,0,0,0,0,0,0,"chi","I",500,100,0.5,0,0,0,0,FALSE,FALSE,0.5,"leave-d",200,0.5,1e+05,TRUE,336
10,0,0,0,0,0,0,0,0,0,0,0,"chi","I",500,100,0.5,0,0,0,0,FALSE,FALSE,0.5,"leave-d",200,0.5,1e+05,TRUE,336
10,0,0,0,0,0,14.5960350374056,0,0,0,14.5960350374056,0,"chi","I",500,100,0.5,0,0,0,0,FALSE,FALSE,0.5,"leave-d",200,0.5,1e+05,TRUE,336
10,0,0,0,0,0,0,0,0,0,0,0,"chi","I",500,100,0.5,0,0,0,0,FALSE,FALSE,0.5,"leave-d",200,0.5,1e+05,TRUE,336
10,0,0,0,0,0,5.37192652057059,0,0,0,5.37192652057059,0,"chi","I",500,100,0.5,0,0,0,0,FALSE,FALSE,0.5,"leave-d",200,0.5,1e+05,TRUE,336
10,0,0,0,0,0,6.281912845849,0,0,0,6.281912845849,0,"chi","I",500,100,0.5,0,0,0,0,FALSE,FALSE,0.5,"leave-d",200,0.5,1e+05,TRUE,336
10,0,0,0,0,0,0,0,0,0,0,0,"chi","I",500,100,0.5,0,0,0,0,FALSE,FALSE,0.5,"leave-d",200,0.5,1e+05,TRUE,336
10,0,0,0,0,0,0,0,0,0,0,0,"chi","I",500,100,0.5,0,0,0,0,FALSE,FALSE,0.5,"leave-d",200,0.5,1e+05,TRUE,336
10,0,0,0,0,0,12.0105848208338,0,0,0,12.0105848208338,0,"chi","I",500,100,0.5,0,0,0,0,FALSE,FALSE,0.5,"leave-d",200,0.5,1e+05,TRUE,336
10,0,0,0,0,0,0,0,0,0,0,0,"chi","I",500,100,0.5,0,0,0,0,FALSE,FALSE,0.5,"leave-d",200,0.5,1e+05,TRUE,336
10,0,0,0,0,0,2.70787075455678,0,0,0,2.70787075455678,0,"chi","I",500,100,0.5,0,0,0,0,FALSE,FALSE,0.5,"leave-d",200,0.5,1e+05,TRUE,336
10,0,0,0,0,0,0,0,0,0,0,0,"chi","I",500,100,0.5,0,0,0,0,FALSE,FALSE,0.5,"leave-d",200,0.5,1e+05,TRUE,336
10,0,0,0,0,0,3.98492241248502,0,0,0,3.98492241248502,0,"chi","I",500,100,0.5,0,0,0,0,FALSE,FALSE,0.5,"leave-d",200,0.5,1e+05,TRUE,336
10,0,0,0,0,0,8.31667353262018,0,0,0,8.31667353262018,0,"chi","I",500,100,0.5,0,0,0,0,FALSE,FALSE,0.5,"leave-d",200,0.5,1e+05,TRUE,336
10,0,0,0,0,0,0,0,0,0,0,0,"chi","I",500,100,0.5,0,0,0,0,FALSE,FALSE,0.5,"leave-d",200,0.5,1e+05,TRUE,336
10,0,0,0,0,0,0,0,0,0,0,0,"chi","I",500,100,0.5,0,0,0,0,FALSE,FALSE,0.5,"leave-d",200,0.5,1e+05,TRUE,336
10,0,0,0,0,0,0,0,0,0,0,0,"chi","I",500,100,0.5,0,0,0,0,FALSE,FALSE,0.5,"leave-d",200,0.5,1e+05,TRUE,336
10,0,0,0,0,0,0,0,0,0,0,0,"chi","I",500,100,0.5,0,0,0,0,FALSE,FALSE,0.5,"leave-d",200,0.5,1e+05,TRUE,336
10,0,0,0,0,0,0,0,0,0,0,0,"chi","I",500,100,0.5,0,0,0,0,FALSE,FALSE,0.5,"leave-d",200,0.5,1e+05,TRUE,336
10,0,0,0,0,0,6.82062006561074,0,0,0,6.82062006561074,0,"chi","I",500,100,0.5,0,0,0,0,FALSE,FALSE,0.5,"leave-d",200,0.5,1e+05,TRUE,336
10,0,0,0,0,0,0,0,0,0,0,0,"chi","I",500,100,0.5,0,0,0,0,FALSE,FALSE,0.5,"leave-d",200,0.5,1e+05,TRUE,336
10,0,0,0,0,0,6.18472632501377,0,0,0,6.18472632501377,0,"chi","I",500,100,0.5,0,0,0,0,FALSE,FALSE,0.5,"leave-d",200,0.5,1e+05,TRUE,336
10,0,0,0,0,0,0,0,0,0,0,0,"chi","I",500,100,0.5,0,0,0,0,FALSE,FALSE,0.5,"leave-d",200,0.5,1e+05,TRUE,336
10,0,0,0,0,0,0,0,0,0,0,0,"chi","I",500,100,0.5,0,0,0,0,FALSE,FALSE,0.5,"leave-d",200,0.5,1e+05,TRUE,336
10,0,0,0,0,0,0,0,0,0,0,0,"chi","I",500,100,0.5,0,0,0,0,FALSE,FALSE,0.5,"leave-d",200,0.5,1e+05,TRUE,336
10,0,0,0,0,0,0,0,0,0,0,0,"chi","I",500,100,0.5,0,0,0,0,FALSE,FALSE,0.5,"leave-d",200,0.5,1e+05,TRUE,336
10,0,0,0,0,0,0,0,0,0,0,0,"chi","I",500,100,0.5,0,0,0,0,FALSE,FALSE,0.5,"leave-d",200,0.5,1e+05,TRUE,336
10,0,0,0,0,0,6.01105026995931,0,0,0,6.01105026995931,0,"chi","I",500,100,0.5,0,0,0,0,FALSE,FALSE,0.5,"leave-d",200,0.5,1e+05,TRUE,336
10,0,0,0,0,0,0,0,0,0,0,0,"chi","I",500,100,0.5,0,0,0,0,FALSE,FALSE,0.5,"leave-d",200,0.5,1e+05,TRUE,336
10,0,0,0,0,0,3.81771221968359,0,0,0,3.81771221968359,0,"chi","I",500,100,0.5,0,0,0,0,FALSE,FALSE,0.5,"leave-d",200,0.5,1e+05,TRUE,336
10,0,0,0,0,0,0,0,0,0,0,0,"chi","I",500,100,0.5,0,0,0,0,FALSE,FALSE,0.5,"leave-d",200,0.5,1e+05,TRUE,336
10,0,0,0,0,0,16.5868385107445,0,0,0,16.5868385107445,0,"chi","I",500,100,0.5,0,0,0,0,FALSE,FALSE,0.5,"leave-d",200,0.5,1e+05,TRUE,336
10,0,0,0,0,0,10.0884453562867,0,0,0,10.0884453562867,0,"chi","I",500,100,0.5,0,0,0,0,FALSE,FALSE,0.5,"leave-d",200,0.5,1e+05,TRUE,336
10,0,0,0,0,0,0,0,0,0,0,0,"chi","I",500,100,0.5,0,0,0,0,FALSE,FALSE,0.5,"leave-d",200,0.5,1e+05,TRUE,336
10,0,0,0,0,0,0,0,0,0,0,0,"chi","I",500,100,0.5,0,0,0,0,FALSE,FALSE,0.5,"leave-d",200,0.5,1e+05,TRUE,336
10,0,0,0,0,0,0,0,0,0,0,0,"chi","I",500,100,0.5,0,0,0,0,FALSE,FALSE,0.5,"leave-d",200,0.5,1e+05,TRUE,336
10,0,0,0,0,0,0,0,0,0,0,0,"chi","I",500,100,0.5,0,0,0,0,FALSE,FALSE,0.5,"leave-d",200,0.5,1e+05,TRUE,336
10,0,0,0,0,0,0,0,0,0,0,0,"chi","I",500,100,0.5,0,0,0,0,FALSE,FALSE,0.5,"leave-d",200,0.5,1e+05,TRUE,336
10,0,0,0,0,0,1.52093673887626,0,0,0,1.52093673887626,0,"chi","I",500,100,0.5,0,0,0,0,FALSE,FALSE,0.5,"leave-d",200,0.5,1e+05,TRUE,336
10,0,0,0,0,0,3.0362030250883,0,0,0,3.0362030250883,0,"chi","I",500,100,0.5,0,0,0,0,FALSE,FALSE,0.5,"leave-d",200,0.5,1e+05,TRUE,336
10,0,0,0,0,0,0,0,0,0,0,0,"chi","I",500,100,0.5,0,0,0,0,FALSE,FALSE,0.5,"leave-d",200,0.5,1e+05,TRUE,336
10,0,0,0,0,0,8.09849062032434,0,0,0,8.09849062032434,0,"chi","I",500,100,0.5,0,0,0,0,FALSE,FALSE,0.5,"leave-d",200,0.5,1e+05,TRUE,336
10,0,0,0,0,0,0.857792897558133,0,0,0,0.857792897558133,0,"chi","I",500,100,0.5,0,0,0,0,FALSE,FALSE,0.5,"leave-d",200,0.5,1e+05,TRUE,336
10,0,0,0,0,0,0,0,0,0,0,0,"chi","I",500,100,0.5,0,0,0,0,FALSE,FALSE,0.5,"leave-d",200,0.5,1e+05,TRUE,336
10,0,0,0,0,0,0,0,0,0,0,0,"chi","I",500,100,0.5,0,0,0,0,FALSE,FALSE,0.5,"leave-d",200,0.5,1e+05,TRUE,336
10,0,0,0,0,0,0,0,0,0,0,0,"chi","I",500,100,0.5,0,0,0,0,FALSE,FALSE,0.5,"leave-d",200,0.5,1e+05,TRUE,336
10,0,0,0,0,0,0.702005251590685,0,0,0,0.702005251590685,0,"chi","I",500,100,0.5,0,0,0,0,FALSE,FALSE,0.5,"leave-d",200,0.5,1e+05,TRUE,336
10,0,0,0,0,0,0,0,0,0,0,0,"chi","I",500,100,0.5,0,0,0,0,FALSE,FALSE,0.5,"leave-d",200,0.5,1e+05,TRUE,336
10,0,0,0,0,0,0,0,0,0,0,0,"chi","I",500,100,0.5,0,0,0,0,FALSE,FALSE,0.5,"leave-d",200,0.5,1e+05,TRUE,336
10,0,0,0,0,0,0,0,0,0,0,0,"chi","I",500,100,0.5,0,0,0,0,FALSE,FALSE,0.5,"leave-d",200,0.5,1e+05,TRUE,336
10,0,0,0,0,0,15.2087295788597,0,0,0,15.2087295788597,0,"chi","I",500,100,0.5,0,0,0,0,FALSE,FALSE,0.5,"leave-d",200,0.5,1e+05,TRUE,336
10,0,0,0,0,0,0,0,0,0,0,0,"chi","I",500,100,0.5,0,0,0,0,FALSE,FALSE,0.5,"leave-d",200,0.5,1e+05,TRUE,336
10,0,0,0,0,0,0,0,0,0,0,0,"chi","I",500,100,0.5,0,0,0,0,FALSE,FALSE,0.5,"leave-d",200,0.5,1e+05,TRUE,336
10,0,0,0,0,0,16.9985398535009,0,0,0,16.9985398535009,0,"chi","I",500,100,0.5,0,0,0,0,FALSE,FALSE,0.5,"leave-d",200,0.5,1e+05,TRUE,336
10,0,0,0,0,0,0,0,0,0,0,0,"chi","I",500,100,0.5,0,0,0,0,FALSE,FALSE,0.5,"leave-d",200,0.5,1e+05,TRUE,336
10,0,0,0,0,0,15.0483672027806,0,0,0,15.0483672027806,0,"chi","I",500,100,0.5,0,0,0,0,FALSE,FALSE,0.5,"leave-d",200,0.5,1e+05,TRUE,336
10,0,0,0,0,0,0,0,0,0,0,0,"chi","I",500,100,0.5,0,0,0,0,FALSE,FALSE,0.5,"leave-d",200,0.5,1e+05,TRUE,336
10,0,0,0,0,0,3.1879102021663,0,0,0,3.1879102021663,0,"chi","I",500,100,0.5,0,0,0,0,FALSE,FALSE,0.5,"leave-d",200,0.5,1e+05,TRUE,336
10,0,0,0,0,0,0,0,0,0,0,0,"chi","I",500,100,0.5,0,0,0,0,FALSE,FALSE,0.5,"leave-d",200,0.5,1e+05,TRUE,336
10,0,0,0,0,0,6.96526343458525,0,0,0,6.96526343458525,0,"chi","I",500,100,0.5,0,0,0,0,FALSE,FALSE,0.5,"leave-d",200,0.5,1e+05,TRUE,336
10,0,0,0,0,0,0,0,0,0,0,0,"chi","I",500,100,0.5,0,0,0,0,FALSE,FALSE,0.5,"leave-d",200,0.5,1e+05,TRUE,336
10,0,0,0,0,0,16.6219483560059,0,0,0,16.6219483560059,0,"chi","I",500,100,0.5,0,0,0,0,FALSE,FALSE,0.5,"leave-d",200,0.5,1e+05,TRUE,336
10,0,0,0,0,0,12.6212898357294,0,0,0,12.6212898357294,0,"chi","I",500,100,0.5,0,0,0,0,FALSE,FALSE,0.5,"leave-d",200,0.5,1e+05,TRUE,336
10,0,0,0,0,0,6.59913543943189,0,0,0,6.59913543943189,0,"chi","I",500,100,0.5,0,0,0,0,FALSE,FALSE,0.5,"leave-d",200,0.5,1e+05,TRUE,336
10,0,0,0,0,0,0,0,0,0,0,0,"chi","I",500,100,0.5,0,0,0,0,FALSE,FALSE,0.5,"leave-d",200,0.5,1e+05,TRUE,336
10,0,0,0,0,0,0,0,0,0,0,0,"chi","I",500,100,0.5,0,0,0,0,FALSE,FALSE,0.5,"leave-d",200,0.5,1e+05,TRUE,336
10,0,0,0,0,0,0,0,0,0,0,0,"chi","I",500,100,0.5,0,0,0,0,FALSE,FALSE,0.5,"leave-d",200,0.5,1e+05,TRUE,336
10,0,0,0,0,0,0.237363420095654,0,0,0,0.237363420095654,0,"chi","I",500,100,0.5,0,0,0,0,FALSE,FALSE,0.5,"leave-d",200,0.5,1e+05,TRUE,336
10,0,0,0,0,0,7.31601905603666,0,0,0,7.31601905603666,0,"chi","I",500,100,0.5,0,0,0,0,FALSE,FALSE,0.5,"leave-d",200,0.5,1e+05,TRUE,336
10,0,0,0,0,0,0,0,0,0,0,0,"chi","I",500,100,0.5,0,0,0,0,FALSE,FALSE,0.5,"leave-d",200,0.5,1e+05,TRUE,336
10,0,0,0,0,0,0,0,0,0,0,0,"chi","I",500,100,0.5,0,0,0,0,FALSE,FALSE,0.5,"leave-d",200,0.5,1e+05,TRUE,336
10,0,0,0,0,0,7.10062244095688,0,0,0,7.10062244095688,0,"chi","I",500,100,0.5,0,0,0,0,FALSE,FALSE,0.5,"leave-d",200,0.5,1e+05,TRUE,336
10,0,0,0,0,0,0,0,0,0,0,0,"chi","I",500,100,0.5,0,0,0,0,FALSE,FALSE,0.5,"leave-d",200,0.5,1e+05,TRUE,336
10,0,0,0,0,0,0,0,0,0,0,0,"chi","I",500,100,0.5,0,0,0,0,FALSE,FALSE,0.5,"leave-d",200,0.5,1e+05,TRUE,336
10,0,0,0,0,0,0,0,0,0,0,0,"chi","I",500,100,0.5,0,0,0,0,FALSE,FALSE,0.5,"leave-d",200,0.5,1e+05,TRUE,336
10,0,0,0,0,0,0,0,0,0,0,0,"chi","I",500,100,0.5,0,0,0,0,FALSE,FALSE,0.5,"leave-d",200,0.5,1e+05,TRUE,336
10,0,0,0,0,0,0,0,0,0,0,0,"chi","I",500,100,0.5,0,0,0,0,FALSE,FALSE,0.5,"leave-d",200,0.5,1e+05,TRUE,336
10,0,0,0,0,0,17.0533260858753,0,0,0,17.0533260858753,0,"chi","I",500,100,0.5,0,0,0,0,FALSE,FALSE,0.5,"leave-d",200,0.5,1e+05,TRUE,336
10,0,0,0,0,0,0,0,0,0,0,0,"chi","I",500,100,0.5,0,0,0,0,FALSE,FALSE,0.5,"leave-d",200,0.5,1e+05,TRUE,336
10,0,0,0,0,0,0,0,0,0,0,0,"chi","I",500,100,0.5,0,0,0,0,FALSE,FALSE,0.5,"leave-d",200,0.5,1e+05,TRUE,336
10,0,0,0,0,0,0.675902822528222,0,0,0,0.675902822528222,0,"chi","I",500,100,0.5,0,0,0,0,FALSE,FALSE,0.5,"leave-d",200,0.5,1e+05,TRUE,336
10,0,0,0,0,0,0,0,0,0,0,0,"chi","I",500,100,0.5,0,0,0,0,FALSE,FALSE,0.5,"leave-d",200,0.5,1e+05,TRUE,336
10,0,0,0,0,0,1.66836048153116,0,0,0,1.66836048153116,0,"chi","I",500,100,0.5,0,0,0,0,FALSE,FALSE,0.5,"leave-d",200,0.5,1e+05,TRUE,336
10,0,0,0,0,0,10.8650157821376,0,0,0,10.8650157821376,0,"chi","I",500,100,0.5,0,0,0,0,FALSE,FALSE,0.5,"leave-d",200,0.5,1e+05,TRUE,336
10,0,0,0,0,0,8.94106920406706,0,0,0,8.94106920406706,0,"chi","I",500,100,0.5,0,0,0,0,FALSE,FALSE,0.5,"leave-d",200,0.5,1e+05,TRUE,336
10,0,0,0,0,0,0,0,0,0,0,0,"chi","I",500,100,0.5,0,0,0,0,FALSE,FALSE,0.5,"leave-d",200,0.5,1e+05,TRUE,336
10,0,0,0,0,0,3.96552385485677,0,0,0,3.96552385485677,0,"chi","I",500,100,0.5,0,0,0,0,FALSE,FALSE,0.5,"leave-d",200,0.5,1e+05,TRUE,336
10,0,0,0,0,0,0,0,0,0,0,0,"chi","I",500,100,0.5,0,0,0,0,FALSE,FALSE,0.5,"leave-d",200,0.5,1e+05,TRUE,336
10,0,0,0,0,0,14.0401459168904,0,0,0,14.0401459168904,0,"chi","I",500,100,0.5,0,0,0,0,FALSE,FALSE,0.5,"leave-d",200,0.5,1e+05,TRUE,336
10,0,0,0,0,0,0,0,0,0,0,0,"chi","I",500,100,0.5,0,0,0,0,FALSE,FALSE,0.5,"leave-d",200,0.5,1e+05,TRUE,336
10,0,0,0,0,0,7.38580145565719,0,0,0,7.38580145565719,0,"chi","I",500,100,0.5,0,0,0,0,FALSE,FALSE,0.5,"leave-d",200,0.5,1e+05,TRUE,336
10,0,0,0,0,0,0,0,0,0,0,0,"chi","I",500,100,0.5,0,0,0,0,FALSE,FALSE,0.5,"leave-d",200,0.5,1e+05,TRUE,336
10,0,0,0,0,0,12.4318361138507,0,0,0,12.4318361138507,0,"chi","I",500,100,0.5,0,0,0,0,FALSE,FALSE,0.5,"leave-d",200,0.5,1e+05,TRUE,336
10,0,0,0,0,0,19.5794632828821,0,0,0,19.5794632828821,0,"chi","I",500,100,0.5,0,0,0,0,FALSE,FALSE,0.5,"leave-d",200,0.5,1e+05,TRUE,336
10,0,0,0,0,0,0,0,0,0,0,0,"chi","I",500,100,0.5,0,0,0,0,FALSE,FALSE,0.5,"leave-d",200,0.5,1e+05,TRUE,336
10,0,0,0,0,0,0,0,0,0,0,0,"chi","I",500,100,0.5,0,0,0,0,FALSE,FALSE,0.5,"leave-d",200,0.5,1e+05,TRUE,336
10,0,0,0,0,0,12.5126532228094,0,0,0,12.5126532228094,0,"chi","I",500,100,0.5,0,0,0,0,FALSE,FALSE,0.5,"leave-d",200,0.5,1e+05,TRUE,336
10,0,0,0,0,0,0,0,0,0,0,0,"chi","I",500,100,0.5,0,0,0,0,FALSE,FALSE,0.5,"leave-d",200,0.5,1e+05,TRUE,336
10,0,0,0,0,0,0.202787177771277,0,0,0,0.202787177771277,0,"chi","I",500,100,0.5,0,0,0,0,FALSE,FALSE,0.5,"leave-d",200,0.5,1e+05,TRUE,336
10,0,0,0,0,0,16.0431417387783,0,0,0,16.0431417387783,0,"chi","I",500,100,0.5,0,0,0,0,FALSE,FALSE,0.5,"leave-d",200,0.5,1e+05,TRUE,336
10,0,0,0,0,0,0,0,0,0,0,0,"chi","I",500,100,0.5,0,0,0,0,FALSE,FALSE,0.5,"leave-d",200,0.5,1e+05,TRUE,336
10,0,0,0,0,0,0,0,0,0,0,0,"chi","I",500,100,0.5,0,0,0,0,FALSE,FALSE,0.5,"leave-d",200,0.5,1e+05,TRUE,336
10,0,0,0,0,0,0,0,0,0,0,0,"chi","I",500,100,0.5,0,0,0,0,FALSE,FALSE,0.5,"leave-d",200,0.5,1e+05,TRUE,336
10,0,0,0,0,0,2.40769265496457,0,0,0,2.40769265496457,0,"chi","I",500,100,0.5,0,0,0,0,FALSE,FALSE,0.5,"leave-d",200,0.5,1e+05,TRUE,336
10,0,0,0,0,0,2.8865324819003,0,0,0,2.8865324819003,0,"chi","I",500,100,0.5,0,0,0,0,FALSE,FALSE,0.5,"leave-d",200,0.5,1e+05,TRUE,336
10,0,0,0,0,0,0,0,0,0,0,0,"chi","I",500,100,0.5,0,0,0,0,FALSE,FALSE,0.5,"leave-d",200,0.5,1e+05,TRUE,336
10,0,0,0,0,0,0,0,0,0,0,0,"chi","I",500,100,0.5,0,0,0,0,FALSE,FALSE,0.5,"leave-d",200,0.5,1e+05,TRUE,336
10,0,0,0,0,0,0,0,0,0,0,0,"chi","I",500,100,0.5,0,0,0,0,FALSE,FALSE,0.5,"leave-d",200,0.5,1e+05,TRUE,336
10,0,0,0,0,0,3.63458197072306,0,0,0,3.63458197072306,0,"chi","I",500,100,0.5,0,0,0,0,FALSE,FALSE,0.5,"leave-d",200,0.5,1e+05,TRUE,336
10,0,0,0,0,0,4.18386863852947,0,0,0,4.18386863852947,0,"chi","I",500,100,0.5,0,0,0,0,FALSE,FALSE,0.5,"leave-d",200,0.5,1e+05,TRUE,336
10,0,0,0,0,0,0,0,0,0,0,0,"chi","I",500,100,0.5,0,0,0,0,FALSE,FALSE,0.5,"leave-d",200,0.5,1e+05,TRUE,336
10,0,0,0,0,0,3.64087464931873,0,0,0,3.64087464931873,0,"chi","I",500,100,0.5,0,0,0,0,FALSE,FALSE,0.5,"leave-d",200,0.5,1e+05,TRUE,336
10,0,0,0,0,0,13.5299797218151,0,0,0,13.5299797218151,0,"chi","I",500,100,0.5,0,0,0,0,FALSE,FALSE,0.5,"leave-d",200,0.5,1e+05,TRUE,336
10,0,0,0,0,0,0,0,0,0,0,0,"chi","I",500,100,0.5,0,0,0,0,FALSE,FALSE,0.5,"leave-d",200,0.5,1e+05,TRUE,336
10,0,0,0,0,0,0,0,0,0,0,0,"chi","I",500,100,0.5,0,0,0,0,FALSE,FALSE,0.5,"leave-d",200,0.5,1e+05,TRUE,336
10,0,0,0,0,0,0,0,0,0,0,0,"chi","I",500,100,0.5,0,0,0,0,FALSE,FALSE,0.5,"leave-d",200,0.5,1e+05,TRUE,336
10,0,0,0,0,0,10.6254846766784,0,0,0,10.6254846766784,0,"chi","I",500,100,0.5,0,0,0,0,FALSE,FALSE,0.5,"leave-d",200,0.5,1e+05,TRUE,336
10,0,0,0,0,0,0,0,0,0,0,0,"chi","I",500,100,0.5,0,0,0,0,FALSE,FALSE,0.5,"leave-d",200,0.5,1e+05,TRUE,336
10,0,0,0,0,0,0,0,0,0,0,0,"chi","I",500,100,0.5,0,0,0,0,FALSE,FALSE,0.5,"leave-d",200,0.5,1e+05,TRUE,336
10,0,0,0,0,0,0,0,0,0,0,0,"chi","I",500,100,0.5,0,0,0,0,FALSE,FALSE,0.5,"leave-d",200,0.5,1e+05,TRUE,336
10,0,0,0,0,0,18.4045564848588,0,0,0,18.4045564848588,0,"chi","I",500,100,0.5,0,0,0,0,FALSE,FALSE,0.5,"leave-d",200,0.5,1e+05,TRUE,336
10,0,0,0,0,0,8.04731402959424,0,0,0,8.04731402959424,0,"chi","I",500,100,0.5,0,0,0,0,FALSE,FALSE,0.5,"leave-d",200,0.5,1e+05,TRUE,336
10,0,0,0,0,0,16.8978569939314,0,0,0,16.8978569939314,0,"chi","I",500,100,0.5,0,0,0,0,FALSE,FALSE,0.5,"leave-d",200,0.5,1e+05,TRUE,336
10,0,0,0,0,0,0,0,0,0,0,0,"chi","I",500,100,0.5,0,0,0,0,FALSE,FALSE,0.5,"leave-d",200,0.5,1e+05,TRUE,336
10,0,0,0,0,0,3.76747793354339,0,0,0,3.76747793354339,0,"chi","I",500,100,0.5,0,0,0,0,FALSE,FALSE,0.5,"leave-d",200,0.5,1e+05,TRUE,336
10,0,0,0,0,0,0,0,0,0,0,0,"chi","I",500,100,0.5,0,0,0,0,FALSE,FALSE,0.5,"leave-d",200,0.5,1e+05,TRUE,336
10,0,0,0,0,0,0,0,0,0,0,0,"chi","I",500,100,0.5,0,0,0,0,FALSE,FALSE,0.5,"leave-d",200,0.5,1e+05,TRUE,336
10,0,0,0,0,0,10.7397542037083,0,0,0,10.7397542037083,0,"chi","I",500,100,0.5,0,0,0,0,FALSE,FALSE,0.5,"leave-d",200,0.5,1e+05,TRUE,336
10,0,0,0,0,0,0,0,0,0,0,0,"chi","I",500,100,0.5,0,0,0,0,FALSE,FALSE,0.5,"leave-d",200,0.5,1e+05,TRUE,336
