"var_main_effect","var_inter_effect","cov_main_inter_effect","var_total_effect","EigenPrism_main","EigenPrism_CI1","EigenPrism_CI2","sub_EigenPrism_main","sub_EigenPrism_CI1","sub_EigenPrism_CI2","GCTA_main","GCTA_inter","sub_GCTA_main","sub_GCTA_inter","x_dist","structure","p","n","main_fixed_var","main_random_var","inter_fixed_var","inter_random_var","decor","interact","combine","pro","bs","n_sub","rho_e","emp_n","inter_std","i"
10,0,0,0,11.1498330124171,8.39675562381832,13.9029104010158,14.5802705018397,9.85102989831638,19.3095111053631,11.220425473009,0,14.992440054463,0,"chi","I",1000,500,0.5,0,0,0,FALSE,0,FALSE,0.5,"leave-d",200,0.5,1e+05,TRUE,6
10,0,0,0,11.1498330124171,8.39675562381832,13.9029104010158,9.70859607074731,5.34896399520497,14.0682281462897,11.220425473009,0,9.11796035642966,0,"chi","I",1000,500,0.5,0,0,0,FALSE,0,FALSE,0.5,"leave-d",200,0.5,1e+05,TRUE,6
10,0,0,0,11.1498330124171,8.39675562381832,13.9029104010158,8.22812196298615,3.42621604251316,13.0300278834591,11.220425473009,0,7.53950815598239,0,"chi","I",1000,500,0.5,0,0,0,FALSE,0,FALSE,0.5,"leave-d",200,0.5,1e+05,TRUE,6
10,0,0,0,11.1498330124171,8.39675562381832,13.9029104010158,12.9300029553436,7.84388003376086,18.0161258769263,11.220425473009,0,12.5877979375464,0,"chi","I",1000,500,0.5,0,0,0,FALSE,0,FALSE,0.5,"leave-d",200,0.5,1e+05,TRUE,6
10,0,0,0,11.1498330124171,8.39675562381832,13.9029104010158,13.3176128405535,8.13399198831138,18.5012336927957,11.220425473009,0,12.8425079196847,0,"chi","I",1000,500,0.5,0,0,0,FALSE,0,FALSE,0.5,"leave-d",200,0.5,1e+05,TRUE,6
10,0,0,0,11.1498330124171,8.39675562381832,13.9029104010158,2.86447912300429,-2.16561625102904,7.89457449703761,11.220425473009,0,1.77760609329892,0,"chi","I",1000,500,0.5,0,0,0,FALSE,0,FALSE,0.5,"leave-d",200,0.5,1e+05,TRUE,6
10,0,0,0,11.1498330124171,8.39675562381832,13.9029104010158,16.5582312421285,11.3712834016981,21.7451790825589,11.220425473009,0,16.1016042651561,0,"chi","I",1000,500,0.5,0,0,0,FALSE,0,FALSE,0.5,"leave-d",200,0.5,1e+05,TRUE,6
10,0,0,0,11.1498330124171,8.39675562381832,13.9029104010158,8.52855151242627,3.65620357531574,13.4008994495368,11.220425473009,0,7.93574268257325,0,"chi","I",1000,500,0.5,0,0,0,FALSE,0,FALSE,0.5,"leave-d",200,0.5,1e+05,TRUE,6
10,0,0,0,11.1498330124171,8.39675562381832,13.9029104010158,12.8462797407013,8.2811635564546,17.411395924948,11.220425473009,0,13.0695468163478,0,"chi","I",1000,500,0.5,0,0,0,FALSE,0,FALSE,0.5,"leave-d",200,0.5,1e+05,TRUE,6
10,0,0,0,11.1498330124171,8.39675562381832,13.9029104010158,10.1119369610351,5.53352696380409,14.6903469582662,11.220425473009,0,9.93080511783054,0,"chi","I",1000,500,0.5,0,0,0,FALSE,0,FALSE,0.5,"leave-d",200,0.5,1e+05,TRUE,6
10,0,0,0,11.1498330124171,8.39675562381832,13.9029104010158,8.34926240800737,3.65670592098009,13.0418188950346,11.220425473009,0,8.20632347794749,0,"chi","I",1000,500,0.5,0,0,0,FALSE,0,FALSE,0.5,"leave-d",200,0.5,1e+05,TRUE,6
10,0,0,0,11.1498330124171,8.39675562381832,13.9029104010158,13.592455620322,8.28438576725402,18.9005254733899,11.220425473009,0,13.374176666595,0,"chi","I",1000,500,0.5,0,0,0,FALSE,0,FALSE,0.5,"leave-d",200,0.5,1e+05,TRUE,6
10,0,0,0,11.1498330124171,8.39675562381832,13.9029104010158,13.5236204785579,8.32663051484784,18.7206104422679,11.220425473009,0,12.9366058444954,0,"chi","I",1000,500,0.5,0,0,0,FALSE,0,FALSE,0.5,"leave-d",200,0.5,1e+05,TRUE,6
10,0,0,0,11.1498330124171,8.39675562381832,13.9029104010158,14.4120273661075,9.2698560787012,19.5541986535138,11.220425473009,0,14.5429532689843,0,"chi","I",1000,500,0.5,0,0,0,FALSE,0,FALSE,0.5,"leave-d",200,0.5,1e+05,TRUE,6
10,0,0,0,11.1498330124171,8.39675562381832,13.9029104010158,15.4601408874103,9.90611308371961,21.0141686911011,11.220425473009,0,14.9225948124878,0,"chi","I",1000,500,0.5,0,0,0,FALSE,0,FALSE,0.5,"leave-d",200,0.5,1e+05,TRUE,6
10,0,0,0,11.1498330124171,8.39675562381832,13.9029104010158,8.42296086245129,3.41704364754349,13.4288780773591,11.220425473009,0,8.40697724390441,0,"chi","I",1000,500,0.5,0,0,0,FALSE,0,FALSE,0.5,"leave-d",200,0.5,1e+05,TRUE,6
10,0,0,0,11.1498330124171,8.39675562381832,13.9029104010158,8.89812478226307,4.25239408258007,13.5438554819461,11.220425473009,0,8.51178045435221,0,"chi","I",1000,500,0.5,0,0,0,FALSE,0,FALSE,0.5,"leave-d",200,0.5,1e+05,TRUE,6
10,0,0,0,11.1498330124171,8.39675562381832,13.9029104010158,10.9582175831772,5.57073333152827,16.3457018348262,11.220425473009,0,10.4295344440039,0,"chi","I",1000,500,0.5,0,0,0,FALSE,0,FALSE,0.5,"leave-d",200,0.5,1e+05,TRUE,6
10,0,0,0,11.1498330124171,8.39675562381832,13.9029104010158,8.8453626207718,3.99074608343649,13.6999791581071,11.220425473009,0,8.44677597928484,0,"chi","I",1000,500,0.5,0,0,0,FALSE,0,FALSE,0.5,"leave-d",200,0.5,1e+05,TRUE,6
10,0,0,0,11.1498330124171,8.39675562381832,13.9029104010158,14.1395407177532,9.44762323109424,18.8314582044121,11.220425473009,0,13.2796124576174,0,"chi","I",1000,500,0.5,0,0,0,FALSE,0,FALSE,0.5,"leave-d",200,0.5,1e+05,TRUE,6
10,0,0,0,11.1498330124171,8.39675562381832,13.9029104010158,12.2723943300486,6.91002733639411,17.634761323703,11.220425473009,0,12.4679258464134,0,"chi","I",1000,500,0.5,0,0,0,FALSE,0,FALSE,0.5,"leave-d",200,0.5,1e+05,TRUE,6
10,0,0,0,11.1498330124171,8.39675562381832,13.9029104010158,7.20522407739651,3.54561574785108,10.8648324069419,11.220425473009,0,7.1648033714236,0,"chi","I",1000,500,0.5,0,0,0,FALSE,0,FALSE,0.5,"leave-d",200,0.5,1e+05,TRUE,6
10,0,0,0,11.1498330124171,8.39675562381832,13.9029104010158,9.9872329802314,5.10148428699402,14.8729816734688,11.220425473009,0,9.77978978760738,0,"chi","I",1000,500,0.5,0,0,0,FALSE,0,FALSE,0.5,"leave-d",200,0.5,1e+05,TRUE,6
10,0,0,0,11.1498330124171,8.39675562381832,13.9029104010158,6.85954490575554,2.21670454865388,11.5023852628572,11.220425473009,0,6.48404766055908,0,"chi","I",1000,500,0.5,0,0,0,FALSE,0,FALSE,0.5,"leave-d",200,0.5,1e+05,TRUE,6
10,0,0,0,11.1498330124171,8.39675562381832,13.9029104010158,14.5951743839814,9.52679665081133,19.6635521171514,11.220425473009,0,15.8653920833793,0,"chi","I",1000,500,0.5,0,0,0,FALSE,0,FALSE,0.5,"leave-d",200,0.5,1e+05,TRUE,6
10,0,0,0,11.1498330124171,8.39675562381832,13.9029104010158,10.7201243681027,5.88410706259546,15.5561416736099,11.220425473009,0,10.4970445684809,0,"chi","I",1000,500,0.5,0,0,0,FALSE,0,FALSE,0.5,"leave-d",200,0.5,1e+05,TRUE,6
10,0,0,0,11.1498330124171,8.39675562381832,13.9029104010158,10.036758399339,4.96843441798166,15.1050823806963,11.220425473009,0,9.81951415991094,0,"chi","I",1000,500,0.5,0,0,0,FALSE,0,FALSE,0.5,"leave-d",200,0.5,1e+05,TRUE,6
10,0,0,0,11.1498330124171,8.39675562381832,13.9029104010158,7.55313241399904,2.49913041352307,12.607134414475,11.220425473009,0,6.22844252824936,0,"chi","I",1000,500,0.5,0,0,0,FALSE,0,FALSE,0.5,"leave-d",200,0.5,1e+05,TRUE,6
10,0,0,0,11.1498330124171,8.39675562381832,13.9029104010158,7.09298577785936,2.66110980060808,11.5248617551106,11.220425473009,0,6.78177005535798,0,"chi","I",1000,500,0.5,0,0,0,FALSE,0,FALSE,0.5,"leave-d",200,0.5,1e+05,TRUE,6
10,0,0,0,11.1498330124171,8.39675562381832,13.9029104010158,15.8407938852611,10.7249066571023,20.9566811134199,11.220425473009,0,15.1070603816449,0,"chi","I",1000,500,0.5,0,0,0,FALSE,0,FALSE,0.5,"leave-d",200,0.5,1e+05,TRUE,6
10,0,0,0,11.1498330124171,8.39675562381832,13.9029104010158,11.8513553750024,7.12022435968184,16.582486390323,11.220425473009,0,11.6636596168625,0,"chi","I",1000,500,0.5,0,0,0,FALSE,0,FALSE,0.5,"leave-d",200,0.5,1e+05,TRUE,6
10,0,0,0,11.1498330124171,8.39675562381832,13.9029104010158,10.9750969764892,5.58304227846809,16.3671516745102,11.220425473009,0,11.2955301755562,0,"chi","I",1000,500,0.5,0,0,0,FALSE,0,FALSE,0.5,"leave-d",200,0.5,1e+05,TRUE,6
10,0,0,0,11.1498330124171,8.39675562381832,13.9029104010158,4.27254077880211,-0.455076214618315,9.00015777222254,11.220425473009,0,4.26703464066735,0,"chi","I",1000,500,0.5,0,0,0,FALSE,0,FALSE,0.5,"leave-d",200,0.5,1e+05,TRUE,6
10,0,0,0,11.1498330124171,8.39675562381832,13.9029104010158,9.27640961143577,4.4842182570614,14.0686009658101,11.220425473009,0,8.14133966231408,0,"chi","I",1000,500,0.5,0,0,0,FALSE,0,FALSE,0.5,"leave-d",200,0.5,1e+05,TRUE,6
10,0,0,0,11.1498330124171,8.39675562381832,13.9029104010158,10.6449683102292,5.76898329512223,15.5209533253361,11.220425473009,0,10.2339049777268,0,"chi","I",1000,500,0.5,0,0,0,FALSE,0,FALSE,0.5,"leave-d",200,0.5,1e+05,TRUE,6
10,0,0,0,11.1498330124171,8.39675562381832,13.9029104010158,11.4584364694789,6.44688206082717,16.4699908781305,11.220425473009,0,10.9218010320356,0,"chi","I",1000,500,0.5,0,0,0,FALSE,0,FALSE,0.5,"leave-d",200,0.5,1e+05,TRUE,6
10,0,0,0,11.1498330124171,8.39675562381832,13.9029104010158,10.9060959332797,6.2258040219395,15.58638784462,11.220425473009,0,10.7674618423831,0,"chi","I",1000,500,0.5,0,0,0,FALSE,0,FALSE,0.5,"leave-d",200,0.5,1e+05,TRUE,6
10,0,0,0,11.1498330124171,8.39675562381832,13.9029104010158,9.54549109030144,4.47215404826309,14.6188281323398,11.220425473009,0,9.21323206245162,0,"chi","I",1000,500,0.5,0,0,0,FALSE,0,FALSE,0.5,"leave-d",200,0.5,1e+05,TRUE,6
10,0,0,0,11.1498330124171,8.39675562381832,13.9029104010158,10.7249317214289,6.02151054216961,15.4283529006881,11.220425473009,0,10.3491372977102,0,"chi","I",1000,500,0.5,0,0,0,FALSE,0,FALSE,0.5,"leave-d",200,0.5,1e+05,TRUE,6
10,0,0,0,11.1498330124171,8.39675562381832,13.9029104010158,7.43025622439696,3.63392410685233,11.2265883419416,11.220425473009,0,6.818159157865,0,"chi","I",1000,500,0.5,0,0,0,FALSE,0,FALSE,0.5,"leave-d",200,0.5,1e+05,TRUE,6
10,0,0,0,11.1498330124171,8.39675562381832,13.9029104010158,11.1147601870504,6.32055296862119,15.9089674054796,11.220425473009,0,10.6273009994285,0,"chi","I",1000,500,0.5,0,0,0,FALSE,0,FALSE,0.5,"leave-d",200,0.5,1e+05,TRUE,6
10,0,0,0,11.1498330124171,8.39675562381832,13.9029104010158,11.880791513724,6.79541431523149,16.9661687122165,11.220425473009,0,11.4705168430327,0,"chi","I",1000,500,0.5,0,0,0,FALSE,0,FALSE,0.5,"leave-d",200,0.5,1e+05,TRUE,6
10,0,0,0,11.1498330124171,8.39675562381832,13.9029104010158,7.94190666584537,3.41351184789415,12.4703014837966,11.220425473009,0,7.67608199318677,0,"chi","I",1000,500,0.5,0,0,0,FALSE,0,FALSE,0.5,"leave-d",200,0.5,1e+05,TRUE,6
10,0,0,0,11.1498330124171,8.39675562381832,13.9029104010158,14.974704512419,9.83496443152953,20.1144445933084,11.220425473009,0,15.3828945219096,0,"chi","I",1000,500,0.5,0,0,0,FALSE,0,FALSE,0.5,"leave-d",200,0.5,1e+05,TRUE,6
10,0,0,0,11.1498330124171,8.39675562381832,13.9029104010158,11.8452858548518,6.65932579920663,17.031245910497,11.220425473009,0,11.5100857075117,0,"chi","I",1000,500,0.5,0,0,0,FALSE,0,FALSE,0.5,"leave-d",200,0.5,1e+05,TRUE,6
10,0,0,0,11.1498330124171,8.39675562381832,13.9029104010158,4.98484754794599,0.443133581050001,9.52656151484198,11.220425473009,0,4.18207506785869,0,"chi","I",1000,500,0.5,0,0,0,FALSE,0,FALSE,0.5,"leave-d",200,0.5,1e+05,TRUE,6
10,0,0,0,11.1498330124171,8.39675562381832,13.9029104010158,13.4651693019175,8.47930822886892,18.4510303749661,11.220425473009,0,13.2716447734779,0,"chi","I",1000,500,0.5,0,0,0,FALSE,0,FALSE,0.5,"leave-d",200,0.5,1e+05,TRUE,6
10,0,0,0,11.1498330124171,8.39675562381832,13.9029104010158,7.18553876447403,2.73217903690501,11.6388984920431,11.220425473009,0,6.25401805066166,0,"chi","I",1000,500,0.5,0,0,0,FALSE,0,FALSE,0.5,"leave-d",200,0.5,1e+05,TRUE,6
10,0,0,0,11.1498330124171,8.39675562381832,13.9029104010158,5.65675672685324,0.89472820557925,10.4187852481272,11.220425473009,0,5.27605081467103,0,"chi","I",1000,500,0.5,0,0,0,FALSE,0,FALSE,0.5,"leave-d",200,0.5,1e+05,TRUE,6
10,0,0,0,11.1498330124171,8.39675562381832,13.9029104010158,11.317263919688,6.9306907594121,15.7038370799638,11.220425473009,0,11.7206409625947,0,"chi","I",1000,500,0.5,0,0,0,FALSE,0,FALSE,0.5,"leave-d",200,0.5,1e+05,TRUE,6
10,0,0,0,11.1498330124171,8.39675562381832,13.9029104010158,10.1566877150565,5.46251083707306,14.85086459304,11.220425473009,0,10.2154904506901,0,"chi","I",1000,500,0.5,0,0,0,FALSE,0,FALSE,0.5,"leave-d",200,0.5,1e+05,TRUE,6
10,0,0,0,11.1498330124171,8.39675562381832,13.9029104010158,10.9557468608996,6.25847672576995,15.6530169960293,11.220425473009,0,11.0302981082093,0,"chi","I",1000,500,0.5,0,0,0,FALSE,0,FALSE,0.5,"leave-d",200,0.5,1e+05,TRUE,6
10,0,0,0,11.1498330124171,8.39675562381832,13.9029104010158,12.8850240061202,7.49543778128989,18.2746102309506,11.220425473009,0,12.4349129027028,0,"chi","I",1000,500,0.5,0,0,0,FALSE,0,FALSE,0.5,"leave-d",200,0.5,1e+05,TRUE,6
10,0,0,0,11.1498330124171,8.39675562381832,13.9029104010158,4.98387249534744,0.413805519481407,9.55393947121347,11.220425473009,0,5.17731076665447,0,"chi","I",1000,500,0.5,0,0,0,FALSE,0,FALSE,0.5,"leave-d",200,0.5,1e+05,TRUE,6
10,0,0,0,11.1498330124171,8.39675562381832,13.9029104010158,8.33881980908588,4.24643720112462,12.4312024170471,11.220425473009,0,7.96152171376457,0,"chi","I",1000,500,0.5,0,0,0,FALSE,0,FALSE,0.5,"leave-d",200,0.5,1e+05,TRUE,6
10,0,0,0,11.1498330124171,8.39675562381832,13.9029104010158,12.0923906910765,7.43297264622816,16.7518087359249,11.220425473009,0,12.1840758312337,0,"chi","I",1000,500,0.5,0,0,0,FALSE,0,FALSE,0.5,"leave-d",200,0.5,1e+05,TRUE,6
10,0,0,0,11.1498330124171,8.39675562381832,13.9029104010158,13.6252062163767,8.53860146626404,18.7118109664893,11.220425473009,0,14.1903478158077,0,"chi","I",1000,500,0.5,0,0,0,FALSE,0,FALSE,0.5,"leave-d",200,0.5,1e+05,TRUE,6
10,0,0,0,11.1498330124171,8.39675562381832,13.9029104010158,11.2849295920068,6.87809392468461,15.691765259329,11.220425473009,0,12.8808744656064,0,"chi","I",1000,500,0.5,0,0,0,FALSE,0,FALSE,0.5,"leave-d",200,0.5,1e+05,TRUE,6
10,0,0,0,11.1498330124171,8.39675562381832,13.9029104010158,9.4108762568497,4.61441241058714,14.2073401031123,11.220425473009,0,9.05845077846723,0,"chi","I",1000,500,0.5,0,0,0,FALSE,0,FALSE,0.5,"leave-d",200,0.5,1e+05,TRUE,6
10,0,0,0,11.1498330124171,8.39675562381832,13.9029104010158,11.3361011732014,5.93811353909767,16.7340888073051,11.220425473009,0,10.8944828623452,0,"chi","I",1000,500,0.5,0,0,0,FALSE,0,FALSE,0.5,"leave-d",200,0.5,1e+05,TRUE,6
10,0,0,0,11.1498330124171,8.39675562381832,13.9029104010158,13.7809795585659,8.43423516234019,19.1277239547916,11.220425473009,0,13.215045244621,0,"chi","I",1000,500,0.5,0,0,0,FALSE,0,FALSE,0.5,"leave-d",200,0.5,1e+05,TRUE,6
10,0,0,0,11.1498330124171,8.39675562381832,13.9029104010158,13.8582656170007,8.83422765819706,18.8823035758043,11.220425473009,0,12.5999912563384,0,"chi","I",1000,500,0.5,0,0,0,FALSE,0,FALSE,0.5,"leave-d",200,0.5,1e+05,TRUE,6
10,0,0,0,11.1498330124171,8.39675562381832,13.9029104010158,14.088182709285,8.98534904319134,19.1910163753787,11.220425473009,0,13.9001295006001,0,"chi","I",1000,500,0.5,0,0,0,FALSE,0,FALSE,0.5,"leave-d",200,0.5,1e+05,TRUE,6
10,0,0,0,11.1498330124171,8.39675562381832,13.9029104010158,10.3622525472888,5.59230129905694,15.1322037955207,11.220425473009,0,10.6844337452777,0,"chi","I",1000,500,0.5,0,0,0,FALSE,0,FALSE,0.5,"leave-d",200,0.5,1e+05,TRUE,6
10,0,0,0,11.1498330124171,8.39675562381832,13.9029104010158,8.82513699710393,3.75382454147326,13.8964494527346,11.220425473009,0,8.28666506938878,0,"chi","I",1000,500,0.5,0,0,0,FALSE,0,FALSE,0.5,"leave-d",200,0.5,1e+05,TRUE,6
10,0,0,0,11.1498330124171,8.39675562381832,13.9029104010158,13.1627345171255,8.1873288694461,18.1381401648049,11.220425473009,0,12.6058863830779,0,"chi","I",1000,500,0.5,0,0,0,FALSE,0,FALSE,0.5,"leave-d",200,0.5,1e+05,TRUE,6
10,0,0,0,11.1498330124171,8.39675562381832,13.9029104010158,9.32691503839115,4.56066103646337,14.0931690403189,11.220425473009,0,9.32380652729705,0,"chi","I",1000,500,0.5,0,0,0,FALSE,0,FALSE,0.5,"leave-d",200,0.5,1e+05,TRUE,6
10,0,0,0,11.1498330124171,8.39675562381832,13.9029104010158,12.3593025654434,7.83687326193886,16.881731868948,11.220425473009,0,13.9436986967923,0,"chi","I",1000,500,0.5,0,0,0,FALSE,0,FALSE,0.5,"leave-d",200,0.5,1e+05,TRUE,6
10,0,0,0,11.1498330124171,8.39675562381832,13.9029104010158,8.58440092562465,3.96355655833057,13.2052452929187,11.220425473009,0,8.34198346615962,0,"chi","I",1000,500,0.5,0,0,0,FALSE,0,FALSE,0.5,"leave-d",200,0.5,1e+05,TRUE,6
10,0,0,0,11.1498330124171,8.39675562381832,13.9029104010158,17.8237174121721,12.5022214290449,23.1452133952993,11.220425473009,0,17.1649198316328,0,"chi","I",1000,500,0.5,0,0,0,FALSE,0,FALSE,0.5,"leave-d",200,0.5,1e+05,TRUE,6
10,0,0,0,11.1498330124171,8.39675562381832,13.9029104010158,17.9140621601721,12.2205487476262,23.607575572718,11.220425473009,0,19.0058299086897,0,"chi","I",1000,500,0.5,0,0,0,FALSE,0,FALSE,0.5,"leave-d",200,0.5,1e+05,TRUE,6
10,0,0,0,11.1498330124171,8.39675562381832,13.9029104010158,11.8454628159596,6.97707918832677,16.7138464435925,11.220425473009,0,12.0657464244245,0,"chi","I",1000,500,0.5,0,0,0,FALSE,0,FALSE,0.5,"leave-d",200,0.5,1e+05,TRUE,6
10,0,0,0,11.1498330124171,8.39675562381832,13.9029104010158,6.57188474543162,2.07525486334401,11.0685146275192,11.220425473009,0,5.45837909739026,0,"chi","I",1000,500,0.5,0,0,0,FALSE,0,FALSE,0.5,"leave-d",200,0.5,1e+05,TRUE,6
10,0,0,0,11.1498330124171,8.39675562381832,13.9029104010158,7.97707818878992,3.20040643058248,12.7537499469974,11.220425473009,0,7.91855277899845,0,"chi","I",1000,500,0.5,0,0,0,FALSE,0,FALSE,0.5,"leave-d",200,0.5,1e+05,TRUE,6
10,0,0,0,11.1498330124171,8.39675562381832,13.9029104010158,12.5743792755945,7.8538442924555,17.2949142587335,11.220425473009,0,11.9221329057139,0,"chi","I",1000,500,0.5,0,0,0,FALSE,0,FALSE,0.5,"leave-d",200,0.5,1e+05,TRUE,6
10,0,0,0,11.1498330124171,8.39675562381832,13.9029104010158,9.72240199756141,5.26302499649488,14.1817789986279,11.220425473009,0,9.73286860639708,0,"chi","I",1000,500,0.5,0,0,0,FALSE,0,FALSE,0.5,"leave-d",200,0.5,1e+05,TRUE,6
10,0,0,0,11.1498330124171,8.39675562381832,13.9029104010158,16.4275774479287,11.4248504489302,21.4303044469272,11.220425473009,0,15.7081085893263,0,"chi","I",1000,500,0.5,0,0,0,FALSE,0,FALSE,0.5,"leave-d",200,0.5,1e+05,TRUE,6
10,0,0,0,11.1498330124171,8.39675562381832,13.9029104010158,2.13677081108919,-2.70676232078671,6.98030394296509,11.220425473009,0,2.03677757939765,0,"chi","I",1000,500,0.5,0,0,0,FALSE,0,FALSE,0.5,"leave-d",200,0.5,1e+05,TRUE,6
10,0,0,0,11.1498330124171,8.39675562381832,13.9029104010158,11.0882205629227,5.9099110399571,16.2665300858884,11.220425473009,0,10.6048688336421,0,"chi","I",1000,500,0.5,0,0,0,FALSE,0,FALSE,0.5,"leave-d",200,0.5,1e+05,TRUE,6
10,0,0,0,11.1498330124171,8.39675562381832,13.9029104010158,10.1396575448083,5.63863688689601,14.6406782027207,11.220425473009,0,9.97658765834566,0,"chi","I",1000,500,0.5,0,0,0,FALSE,0,FALSE,0.5,"leave-d",200,0.5,1e+05,TRUE,6
10,0,0,0,11.1498330124171,8.39675562381832,13.9029104010158,10.0221037000593,4.89731717596583,15.1468902241528,11.220425473009,0,9.58198771867899,0,"chi","I",1000,500,0.5,0,0,0,FALSE,0,FALSE,0.5,"leave-d",200,0.5,1e+05,TRUE,6
10,0,0,0,11.1498330124171,8.39675562381832,13.9029104010158,8.07837587810207,4.11786576437412,12.03888599183,11.220425473009,0,7.66789851490063,0,"chi","I",1000,500,0.5,0,0,0,FALSE,0,FALSE,0.5,"leave-d",200,0.5,1e+05,TRUE,6
10,0,0,0,11.1498330124171,8.39675562381832,13.9029104010158,11.7838997759345,7.25091731230723,16.3168822395618,11.220425473009,0,11.4878823495256,0,"chi","I",1000,500,0.5,0,0,0,FALSE,0,FALSE,0.5,"leave-d",200,0.5,1e+05,TRUE,6
10,0,0,0,11.1498330124171,8.39675562381832,13.9029104010158,10.1414479732347,4.97315051234729,15.3097454341221,11.220425473009,0,9.86124350530627,0,"chi","I",1000,500,0.5,0,0,0,FALSE,0,FALSE,0.5,"leave-d",200,0.5,1e+05,TRUE,6
10,0,0,0,11.1498330124171,8.39675562381832,13.9029104010158,9.38671987005051,4.33349666310252,14.4399430769985,11.220425473009,0,9.43038766593745,0,"chi","I",1000,500,0.5,0,0,0,FALSE,0,FALSE,0.5,"leave-d",200,0.5,1e+05,TRUE,6
10,0,0,0,11.1498330124171,8.39675562381832,13.9029104010158,8.50320878431499,3.9629297325286,13.0434878361014,11.220425473009,0,8.27854893953348,0,"chi","I",1000,500,0.5,0,0,0,FALSE,0,FALSE,0.5,"leave-d",200,0.5,1e+05,TRUE,6
10,0,0,0,11.1498330124171,8.39675562381832,13.9029104010158,14.8810005835768,9.89832520780094,19.8636759593526,11.220425473009,0,15.1303699444633,0,"chi","I",1000,500,0.5,0,0,0,FALSE,0,FALSE,0.5,"leave-d",200,0.5,1e+05,TRUE,6
10,0,0,0,11.1498330124171,8.39675562381832,13.9029104010158,12.5300471326724,7.53528705124985,17.5248072140949,11.220425473009,0,13.2129303800868,0,"chi","I",1000,500,0.5,0,0,0,FALSE,0,FALSE,0.5,"leave-d",200,0.5,1e+05,TRUE,6
10,0,0,0,11.1498330124171,8.39675562381832,13.9029104010158,12.5207469463773,7.56311924749776,17.4783746452568,11.220425473009,0,12.6189383591819,0,"chi","I",1000,500,0.5,0,0,0,FALSE,0,FALSE,0.5,"leave-d",200,0.5,1e+05,TRUE,6
10,0,0,0,11.1498330124171,8.39675562381832,13.9029104010158,5.3154382888937,0.650956176824319,9.97992040096308,11.220425473009,0,5.46299879139483,0,"chi","I",1000,500,0.5,0,0,0,FALSE,0,FALSE,0.5,"leave-d",200,0.5,1e+05,TRUE,6
10,0,0,0,11.1498330124171,8.39675562381832,13.9029104010158,10.9915488120938,6.05921319779348,15.9238844263942,11.220425473009,0,10.7628675968564,0,"chi","I",1000,500,0.5,0,0,0,FALSE,0,FALSE,0.5,"leave-d",200,0.5,1e+05,TRUE,6
10,0,0,0,11.1498330124171,8.39675562381832,13.9029104010158,9.89086667857162,5.17682510328866,14.6049082538546,11.220425473009,0,9.74558422748456,0,"chi","I",1000,500,0.5,0,0,0,FALSE,0,FALSE,0.5,"leave-d",200,0.5,1e+05,TRUE,6
10,0,0,0,11.1498330124171,8.39675562381832,13.9029104010158,18.1416996986403,12.3376034823078,23.9457959149729,11.220425473009,0,17.5954617422691,0,"chi","I",1000,500,0.5,0,0,0,FALSE,0,FALSE,0.5,"leave-d",200,0.5,1e+05,TRUE,6
10,0,0,0,11.1498330124171,8.39675562381832,13.9029104010158,12.4127500864597,7.80985961563336,17.0156405572861,11.220425473009,0,13.0298295582099,0,"chi","I",1000,500,0.5,0,0,0,FALSE,0,FALSE,0.5,"leave-d",200,0.5,1e+05,TRUE,6
10,0,0,0,11.1498330124171,8.39675562381832,13.9029104010158,11.0787195310652,5.9392640534889,16.2181750086414,11.220425473009,0,10.4584945477233,0,"chi","I",1000,500,0.5,0,0,0,FALSE,0,FALSE,0.5,"leave-d",200,0.5,1e+05,TRUE,6
10,0,0,0,11.1498330124171,8.39675562381832,13.9029104010158,10.8596050752379,5.70781412881563,16.0113960216602,11.220425473009,0,10.6383641123325,0,"chi","I",1000,500,0.5,0,0,0,FALSE,0,FALSE,0.5,"leave-d",200,0.5,1e+05,TRUE,6
10,0,0,0,11.1498330124171,8.39675562381832,13.9029104010158,13.4606541841577,8.95124592553494,17.9700624427804,11.220425473009,0,13.3594238537777,0,"chi","I",1000,500,0.5,0,0,0,FALSE,0,FALSE,0.5,"leave-d",200,0.5,1e+05,TRUE,6
10,0,0,0,11.1498330124171,8.39675562381832,13.9029104010158,6.68717827636137,2.06970735683886,11.3046491958839,11.220425473009,0,5.61738953577756,0,"chi","I",1000,500,0.5,0,0,0,FALSE,0,FALSE,0.5,"leave-d",200,0.5,1e+05,TRUE,6
10,0,0,0,11.1498330124171,8.39675562381832,13.9029104010158,12.2261032119438,7.11035110373465,17.3418553201529,11.220425473009,0,12.1487140843196,0,"chi","I",1000,500,0.5,0,0,0,FALSE,0,FALSE,0.5,"leave-d",200,0.5,1e+05,TRUE,6
10,0,0,0,11.1498330124171,8.39675562381832,13.9029104010158,8.63646716071432,4.04818889771788,13.2247454237108,11.220425473009,0,8.35720343007416,0,"chi","I",1000,500,0.5,0,0,0,FALSE,0,FALSE,0.5,"leave-d",200,0.5,1e+05,TRUE,6
10,0,0,0,11.1498330124171,8.39675562381832,13.9029104010158,15.6949522934855,10.0567044146641,21.3332001723068,11.220425473009,0,15.5837878287084,0,"chi","I",1000,500,0.5,0,0,0,FALSE,0,FALSE,0.5,"leave-d",200,0.5,1e+05,TRUE,6
10,0,0,0,11.1498330124171,8.39675562381832,13.9029104010158,10.4104603204531,5.64689988411302,15.1740207567931,11.220425473009,0,10.3046737904946,0,"chi","I",1000,500,0.5,0,0,0,FALSE,0,FALSE,0.5,"leave-d",200,0.5,1e+05,TRUE,6
10,0,0,0,11.1498330124171,8.39675562381832,13.9029104010158,10.5543156304593,5.85712875012823,15.2515025107904,11.220425473009,0,10.8090168702492,0,"chi","I",1000,500,0.5,0,0,0,FALSE,0,FALSE,0.5,"leave-d",200,0.5,1e+05,TRUE,6
10,0,0,0,11.1498330124171,8.39675562381832,13.9029104010158,9.29931539838615,4.42391084906444,14.1747199477079,11.220425473009,0,8.71650349245275,0,"chi","I",1000,500,0.5,0,0,0,FALSE,0,FALSE,0.5,"leave-d",200,0.5,1e+05,TRUE,6
10,0,0,0,11.1498330124171,8.39675562381832,13.9029104010158,10.3214601472502,5.16961500657593,15.4733052879244,11.220425473009,0,10.0468122503205,0,"chi","I",1000,500,0.5,0,0,0,FALSE,0,FALSE,0.5,"leave-d",200,0.5,1e+05,TRUE,6
10,0,0,0,11.1498330124171,8.39675562381832,13.9029104010158,10.9779612748867,6.32798367728098,15.6279388724924,11.220425473009,0,10.6853406828688,0,"chi","I",1000,500,0.5,0,0,0,FALSE,0,FALSE,0.5,"leave-d",200,0.5,1e+05,TRUE,6
10,0,0,0,11.1498330124171,8.39675562381832,13.9029104010158,7.92085040222015,3.33443447036675,12.5072663340736,11.220425473009,0,7.61976558698063,0,"chi","I",1000,500,0.5,0,0,0,FALSE,0,FALSE,0.5,"leave-d",200,0.5,1e+05,TRUE,6
10,0,0,0,11.1498330124171,8.39675562381832,13.9029104010158,10.640927741542,5.30884738727739,15.9730080958066,11.220425473009,0,10.4028126381547,0,"chi","I",1000,500,0.5,0,0,0,FALSE,0,FALSE,0.5,"leave-d",200,0.5,1e+05,TRUE,6
10,0,0,0,11.1498330124171,8.39675562381832,13.9029104010158,9.58281848888724,4.82530359297779,14.3403333847967,11.220425473009,0,9.32543135595629,0,"chi","I",1000,500,0.5,0,0,0,FALSE,0,FALSE,0.5,"leave-d",200,0.5,1e+05,TRUE,6
10,0,0,0,11.1498330124171,8.39675562381832,13.9029104010158,16.265467689574,11.4269254339612,21.1040099451867,11.220425473009,0,14.2570386488915,0,"chi","I",1000,500,0.5,0,0,0,FALSE,0,FALSE,0.5,"leave-d",200,0.5,1e+05,TRUE,6
10,0,0,0,11.1498330124171,8.39675562381832,13.9029104010158,10.0139084249318,4.50066202554598,15.5271548243177,11.220425473009,0,9.16516992635258,0,"chi","I",1000,500,0.5,0,0,0,FALSE,0,FALSE,0.5,"leave-d",200,0.5,1e+05,TRUE,6
10,0,0,0,11.1498330124171,8.39675562381832,13.9029104010158,6.15246623231961,1.23273138407612,11.0722010805631,11.220425473009,0,6.40946186105866,0,"chi","I",1000,500,0.5,0,0,0,FALSE,0,FALSE,0.5,"leave-d",200,0.5,1e+05,TRUE,6
10,0,0,0,11.1498330124171,8.39675562381832,13.9029104010158,6.95490121533458,2.25162881948057,11.6581736111886,11.220425473009,0,6.89231517925673,0,"chi","I",1000,500,0.5,0,0,0,FALSE,0,FALSE,0.5,"leave-d",200,0.5,1e+05,TRUE,6
10,0,0,0,11.1498330124171,8.39675562381832,13.9029104010158,6.85278924915154,1.34912943610434,12.3564490621987,11.220425473009,0,7.31611704328667,0,"chi","I",1000,500,0.5,0,0,0,FALSE,0,FALSE,0.5,"leave-d",200,0.5,1e+05,TRUE,6
10,0,0,0,11.1498330124171,8.39675562381832,13.9029104010158,11.5781867813183,6.88807213868194,16.2683014239547,11.220425473009,0,11.3661611575119,0,"chi","I",1000,500,0.5,0,0,0,FALSE,0,FALSE,0.5,"leave-d",200,0.5,1e+05,TRUE,6
10,0,0,0,11.1498330124171,8.39675562381832,13.9029104010158,10.5785961196311,5.83907591189973,15.3181163273625,11.220425473009,0,10.2134988686664,0,"chi","I",1000,500,0.5,0,0,0,FALSE,0,FALSE,0.5,"leave-d",200,0.5,1e+05,TRUE,6
10,0,0,0,11.1498330124171,8.39675562381832,13.9029104010158,10.1439245576607,4.94088491720802,15.3469641981134,11.220425473009,0,9.62150239977709,0,"chi","I",1000,500,0.5,0,0,0,FALSE,0,FALSE,0.5,"leave-d",200,0.5,1e+05,TRUE,6
10,0,0,0,11.1498330124171,8.39675562381832,13.9029104010158,11.4911690583216,6.45102753705719,16.531310579586,11.220425473009,0,11.3742158965669,0,"chi","I",1000,500,0.5,0,0,0,FALSE,0,FALSE,0.5,"leave-d",200,0.5,1e+05,TRUE,6
10,0,0,0,11.1498330124171,8.39675562381832,13.9029104010158,7.48200538390115,2.23286433649647,12.7311464313058,11.220425473009,0,7.31194767252402,0,"chi","I",1000,500,0.5,0,0,0,FALSE,0,FALSE,0.5,"leave-d",200,0.5,1e+05,TRUE,6
10,0,0,0,11.1498330124171,8.39675562381832,13.9029104010158,3.44079794488919,-1.23722597453271,8.1188218643111,11.220425473009,0,3.18228528650311,0,"chi","I",1000,500,0.5,0,0,0,FALSE,0,FALSE,0.5,"leave-d",200,0.5,1e+05,TRUE,6
10,0,0,0,11.1498330124171,8.39675562381832,13.9029104010158,16.4600032776489,11.2724614679798,21.6475450873179,11.220425473009,0,17.7347844227515,0,"chi","I",1000,500,0.5,0,0,0,FALSE,0,FALSE,0.5,"leave-d",200,0.5,1e+05,TRUE,6
10,0,0,0,11.1498330124171,8.39675562381832,13.9029104010158,10.6262952753593,5.83059339800488,15.4219971527138,11.220425473009,0,10.4579000885119,0,"chi","I",1000,500,0.5,0,0,0,FALSE,0,FALSE,0.5,"leave-d",200,0.5,1e+05,TRUE,6
10,0,0,0,11.1498330124171,8.39675562381832,13.9029104010158,9.51954423720432,4.92228156980589,14.1168069046028,11.220425473009,0,9.31279264648857,0,"chi","I",1000,500,0.5,0,0,0,FALSE,0,FALSE,0.5,"leave-d",200,0.5,1e+05,TRUE,6
10,0,0,0,11.1498330124171,8.39675562381832,13.9029104010158,9.64604872440358,5.38169061723476,13.9104068315724,11.220425473009,0,9.84853014986675,0,"chi","I",1000,500,0.5,0,0,0,FALSE,0,FALSE,0.5,"leave-d",200,0.5,1e+05,TRUE,6
10,0,0,0,11.1498330124171,8.39675562381832,13.9029104010158,15.0273247194923,9.64999165394693,20.4046577850377,11.220425473009,0,15.3092049113175,0,"chi","I",1000,500,0.5,0,0,0,FALSE,0,FALSE,0.5,"leave-d",200,0.5,1e+05,TRUE,6
10,0,0,0,11.1498330124171,8.39675562381832,13.9029104010158,6.23457864612348,1.793192360343,10.675964931904,11.220425473009,0,5.30175050610794,0,"chi","I",1000,500,0.5,0,0,0,FALSE,0,FALSE,0.5,"leave-d",200,0.5,1e+05,TRUE,6
10,0,0,0,11.1498330124171,8.39675562381832,13.9029104010158,11.4398867717596,6.60114779034073,16.2786257531784,11.220425473009,0,10.790668264236,0,"chi","I",1000,500,0.5,0,0,0,FALSE,0,FALSE,0.5,"leave-d",200,0.5,1e+05,TRUE,6
10,0,0,0,11.1498330124171,8.39675562381832,13.9029104010158,12.9191338721904,8.10302432530988,17.735243419071,11.220425473009,0,12.6689020437476,0,"chi","I",1000,500,0.5,0,0,0,FALSE,0,FALSE,0.5,"leave-d",200,0.5,1e+05,TRUE,6
10,0,0,0,11.1498330124171,8.39675562381832,13.9029104010158,11.2801634221344,6.39490840474501,16.1654184395238,11.220425473009,0,11.3519543006534,0,"chi","I",1000,500,0.5,0,0,0,FALSE,0,FALSE,0.5,"leave-d",200,0.5,1e+05,TRUE,6
10,0,0,0,11.1498330124171,8.39675562381832,13.9029104010158,3.71719321692652,-0.387444026815531,7.82183046066856,11.220425473009,0,3.91165201299347,0,"chi","I",1000,500,0.5,0,0,0,FALSE,0,FALSE,0.5,"leave-d",200,0.5,1e+05,TRUE,6
10,0,0,0,11.1498330124171,8.39675562381832,13.9029104010158,2.88066108997614,-1.75285437299123,7.51417655294351,11.220425473009,0,2.51437663371928,0,"chi","I",1000,500,0.5,0,0,0,FALSE,0,FALSE,0.5,"leave-d",200,0.5,1e+05,TRUE,6
10,0,0,0,11.1498330124171,8.39675562381832,13.9029104010158,8.97399026865788,4.84017107600321,13.1078094613126,11.220425473009,0,8.31807077541519,0,"chi","I",1000,500,0.5,0,0,0,FALSE,0,FALSE,0.5,"leave-d",200,0.5,1e+05,TRUE,6
10,0,0,0,11.1498330124171,8.39675562381832,13.9029104010158,13.9998566155235,8.77582031151164,19.2238929195353,11.220425473009,0,14.7901556624774,0,"chi","I",1000,500,0.5,0,0,0,FALSE,0,FALSE,0.5,"leave-d",200,0.5,1e+05,TRUE,6
10,0,0,0,11.1498330124171,8.39675562381832,13.9029104010158,7.47394030373679,2.72911680059501,12.2187638068786,11.220425473009,0,5.9283165983144,0,"chi","I",1000,500,0.5,0,0,0,FALSE,0,FALSE,0.5,"leave-d",200,0.5,1e+05,TRUE,6
10,0,0,0,11.1498330124171,8.39675562381832,13.9029104010158,14.768005811997,9.26684839295626,20.2691632310376,11.220425473009,0,13.5521327220135,0,"chi","I",1000,500,0.5,0,0,0,FALSE,0,FALSE,0.5,"leave-d",200,0.5,1e+05,TRUE,6
10,0,0,0,11.1498330124171,8.39675562381832,13.9029104010158,5.56426650008414,0.975661634777387,10.1528713653909,11.220425473009,0,5.58709517284075,0,"chi","I",1000,500,0.5,0,0,0,FALSE,0,FALSE,0.5,"leave-d",200,0.5,1e+05,TRUE,6
10,0,0,0,11.1498330124171,8.39675562381832,13.9029104010158,11.8040752930394,6.64767122804652,16.9604793580323,11.220425473009,0,11.401649951233,0,"chi","I",1000,500,0.5,0,0,0,FALSE,0,FALSE,0.5,"leave-d",200,0.5,1e+05,TRUE,6
10,0,0,0,11.1498330124171,8.39675562381832,13.9029104010158,10.5088284907005,5.47268453216347,15.5449724492375,11.220425473009,0,9.92378290842154,0,"chi","I",1000,500,0.5,0,0,0,FALSE,0,FALSE,0.5,"leave-d",200,0.5,1e+05,TRUE,6
10,0,0,0,11.1498330124171,8.39675562381832,13.9029104010158,9.5690755068917,4.73623027879636,14.401920734987,11.220425473009,0,9.16616121497064,0,"chi","I",1000,500,0.5,0,0,0,FALSE,0,FALSE,0.5,"leave-d",200,0.5,1e+05,TRUE,6
10,0,0,0,11.1498330124171,8.39675562381832,13.9029104010158,13.3086508964969,7.91847440076188,18.6988273922319,11.220425473009,0,13.1180965391112,0,"chi","I",1000,500,0.5,0,0,0,FALSE,0,FALSE,0.5,"leave-d",200,0.5,1e+05,TRUE,6
10,0,0,0,11.1498330124171,8.39675562381832,13.9029104010158,3.23433571836428,-0.85917159066861,7.32784302739718,11.220425473009,0,2.53985652275489,0,"chi","I",1000,500,0.5,0,0,0,FALSE,0,FALSE,0.5,"leave-d",200,0.5,1e+05,TRUE,6
10,0,0,0,11.1498330124171,8.39675562381832,13.9029104010158,13.0069779951402,7.70930267287271,18.3046533174077,11.220425473009,0,12.0642892616846,0,"chi","I",1000,500,0.5,0,0,0,FALSE,0,FALSE,0.5,"leave-d",200,0.5,1e+05,TRUE,6
10,0,0,0,11.1498330124171,8.39675562381832,13.9029104010158,7.19278158841389,2.61627059755661,11.7692925792712,11.220425473009,0,6.16919652794306,0,"chi","I",1000,500,0.5,0,0,0,FALSE,0,FALSE,0.5,"leave-d",200,0.5,1e+05,TRUE,6
10,0,0,0,11.1498330124171,8.39675562381832,13.9029104010158,7.3214268083267,2.36204835439187,12.2808052622615,11.220425473009,0,6.35242246466987,0,"chi","I",1000,500,0.5,0,0,0,FALSE,0,FALSE,0.5,"leave-d",200,0.5,1e+05,TRUE,6
10,0,0,0,11.1498330124171,8.39675562381832,13.9029104010158,10.0212315160719,4.76212282779852,15.2803402043454,11.220425473009,0,9.64419735980937,0,"chi","I",1000,500,0.5,0,0,0,FALSE,0,FALSE,0.5,"leave-d",200,0.5,1e+05,TRUE,6
10,0,0,0,11.1498330124171,8.39675562381832,13.9029104010158,11.2027200724345,6.58571430838568,15.8197258364833,11.220425473009,0,11.2143677647015,0,"chi","I",1000,500,0.5,0,0,0,FALSE,0,FALSE,0.5,"leave-d",200,0.5,1e+05,TRUE,6
10,0,0,0,11.1498330124171,8.39675562381832,13.9029104010158,8.38205887040354,3.66300480247887,13.1011129383282,11.220425473009,0,7.82126095761551,0,"chi","I",1000,500,0.5,0,0,0,FALSE,0,FALSE,0.5,"leave-d",200,0.5,1e+05,TRUE,6
10,0,0,0,11.1498330124171,8.39675562381832,13.9029104010158,5.90305214952505,1.51158809897862,10.2945162000715,11.220425473009,0,5.70455819508061,0,"chi","I",1000,500,0.5,0,0,0,FALSE,0,FALSE,0.5,"leave-d",200,0.5,1e+05,TRUE,6
10,0,0,0,11.1498330124171,8.39675562381832,13.9029104010158,12.7975288533848,7.7765143750841,17.8185433316854,11.220425473009,0,13.1900338659663,0,"chi","I",1000,500,0.5,0,0,0,FALSE,0,FALSE,0.5,"leave-d",200,0.5,1e+05,TRUE,6
10,0,0,0,11.1498330124171,8.39675562381832,13.9029104010158,11.9479544547632,7.09396060109263,16.8019483084337,11.220425473009,0,12.5784504681783,0,"chi","I",1000,500,0.5,0,0,0,FALSE,0,FALSE,0.5,"leave-d",200,0.5,1e+05,TRUE,6
10,0,0,0,11.1498330124171,8.39675562381832,13.9029104010158,15.8414397204034,10.4470871318715,21.2357923089352,11.220425473009,0,17.837751663026,0,"chi","I",1000,500,0.5,0,0,0,FALSE,0,FALSE,0.5,"leave-d",200,0.5,1e+05,TRUE,6
10,0,0,0,11.1498330124171,8.39675562381832,13.9029104010158,12.1933077457526,7.04357103069159,17.3430444608137,11.220425473009,0,12.1894353571153,0,"chi","I",1000,500,0.5,0,0,0,FALSE,0,FALSE,0.5,"leave-d",200,0.5,1e+05,TRUE,6
10,0,0,0,11.1498330124171,8.39675562381832,13.9029104010158,12.0535984440154,7.27641212945719,16.8307847585737,11.220425473009,0,11.9526320576497,0,"chi","I",1000,500,0.5,0,0,0,FALSE,0,FALSE,0.5,"leave-d",200,0.5,1e+05,TRUE,6
10,0,0,0,11.1498330124171,8.39675562381832,13.9029104010158,7.46044078072833,2.56620072796983,12.3546808334868,11.220425473009,0,7.40860510369472,0,"chi","I",1000,500,0.5,0,0,0,FALSE,0,FALSE,0.5,"leave-d",200,0.5,1e+05,TRUE,6
10,0,0,0,11.1498330124171,8.39675562381832,13.9029104010158,12.4449787063165,7.58019062928378,17.3097667833493,11.220425473009,0,11.8648029833841,0,"chi","I",1000,500,0.5,0,0,0,FALSE,0,FALSE,0.5,"leave-d",200,0.5,1e+05,TRUE,6
10,0,0,0,11.1498330124171,8.39675562381832,13.9029104010158,9.0193462430992,4.35339318128658,13.6852993049118,11.220425473009,0,8.71625266788231,0,"chi","I",1000,500,0.5,0,0,0,FALSE,0,FALSE,0.5,"leave-d",200,0.5,1e+05,TRUE,6
10,0,0,0,11.1498330124171,8.39675562381832,13.9029104010158,9.03895804968873,4.36615501731087,13.7117610820666,11.220425473009,0,8.50605428428429,0,"chi","I",1000,500,0.5,0,0,0,FALSE,0,FALSE,0.5,"leave-d",200,0.5,1e+05,TRUE,6
10,0,0,0,11.1498330124171,8.39675562381832,13.9029104010158,9.79824063623904,4.83111341211362,14.7653678603645,11.220425473009,0,9.73617925848618,0,"chi","I",1000,500,0.5,0,0,0,FALSE,0,FALSE,0.5,"leave-d",200,0.5,1e+05,TRUE,6
10,0,0,0,11.1498330124171,8.39675562381832,13.9029104010158,9.1411992188612,4.88786340700645,13.394535030716,11.220425473009,0,8.9917025380439,0,"chi","I",1000,500,0.5,0,0,0,FALSE,0,FALSE,0.5,"leave-d",200,0.5,1e+05,TRUE,6
10,0,0,0,11.1498330124171,8.39675562381832,13.9029104010158,11.6295841333811,6.67693510448028,16.582233162282,11.220425473009,0,12.2580639585257,0,"chi","I",1000,500,0.5,0,0,0,FALSE,0,FALSE,0.5,"leave-d",200,0.5,1e+05,TRUE,6
10,0,0,0,11.1498330124171,8.39675562381832,13.9029104010158,13.751318484431,9.25327252508131,18.2493644437806,11.220425473009,0,14.4741303641677,0,"chi","I",1000,500,0.5,0,0,0,FALSE,0,FALSE,0.5,"leave-d",200,0.5,1e+05,TRUE,6
10,0,0,0,11.1498330124171,8.39675562381832,13.9029104010158,18.9327446890383,13.5699371109128,24.2955522671639,11.220425473009,0,18.8722633456276,0,"chi","I",1000,500,0.5,0,0,0,FALSE,0,FALSE,0.5,"leave-d",200,0.5,1e+05,TRUE,6
10,0,0,0,11.1498330124171,8.39675562381832,13.9029104010158,9.20759346423004,4.33560488078753,14.0795820476725,11.220425473009,0,8.7105530928669,0,"chi","I",1000,500,0.5,0,0,0,FALSE,0,FALSE,0.5,"leave-d",200,0.5,1e+05,TRUE,6
10,0,0,0,11.1498330124171,8.39675562381832,13.9029104010158,14.1401100308514,9.26905682474713,19.0111632369557,11.220425473009,0,14.0159576071783,0,"chi","I",1000,500,0.5,0,0,0,FALSE,0,FALSE,0.5,"leave-d",200,0.5,1e+05,TRUE,6
10,0,0,0,11.1498330124171,8.39675562381832,13.9029104010158,14.5498414610081,9.15824404883556,19.9414388731806,11.220425473009,0,15.4403620684966,0,"chi","I",1000,500,0.5,0,0,0,FALSE,0,FALSE,0.5,"leave-d",200,0.5,1e+05,TRUE,6
10,0,0,0,11.1498330124171,8.39675562381832,13.9029104010158,9.12305131029878,3.82988947334198,14.4162131472556,11.220425473009,0,9.07848665158524,0,"chi","I",1000,500,0.5,0,0,0,FALSE,0,FALSE,0.5,"leave-d",200,0.5,1e+05,TRUE,6
10,0,0,0,11.1498330124171,8.39675562381832,13.9029104010158,14.2756844554296,9.3923364010486,19.1590325098106,11.220425473009,0,12.9316506019982,0,"chi","I",1000,500,0.5,0,0,0,FALSE,0,FALSE,0.5,"leave-d",200,0.5,1e+05,TRUE,6
10,0,0,0,11.1498330124171,8.39675562381832,13.9029104010158,12.5695250370574,7.65871678160576,17.480333292509,11.220425473009,0,12.5734404872678,0,"chi","I",1000,500,0.5,0,0,0,FALSE,0,FALSE,0.5,"leave-d",200,0.5,1e+05,TRUE,6
10,0,0,0,11.1498330124171,8.39675562381832,13.9029104010158,10.7533602404765,5.61618936348355,15.8905311174694,11.220425473009,0,10.2976980197134,0,"chi","I",1000,500,0.5,0,0,0,FALSE,0,FALSE,0.5,"leave-d",200,0.5,1e+05,TRUE,6
10,0,0,0,11.1498330124171,8.39675562381832,13.9029104010158,16.6809846653552,11.803076049614,21.5588932810964,11.220425473009,0,18.4663217667882,0,"chi","I",1000,500,0.5,0,0,0,FALSE,0,FALSE,0.5,"leave-d",200,0.5,1e+05,TRUE,6
10,0,0,0,11.1498330124171,8.39675562381832,13.9029104010158,12.3888640498592,7.26829711435991,17.5094309853585,11.220425473009,0,13.2666460855542,0,"chi","I",1000,500,0.5,0,0,0,FALSE,0,FALSE,0.5,"leave-d",200,0.5,1e+05,TRUE,6
10,0,0,0,11.1498330124171,8.39675562381832,13.9029104010158,4.27091354876074,-0.80461728631312,9.3464443838346,11.220425473009,0,4.22266848970333,0,"chi","I",1000,500,0.5,0,0,0,FALSE,0,FALSE,0.5,"leave-d",200,0.5,1e+05,TRUE,6
10,0,0,0,11.1498330124171,8.39675562381832,13.9029104010158,13.3368677675921,8.36374774590632,18.3099877892779,11.220425473009,0,13.5175511588753,0,"chi","I",1000,500,0.5,0,0,0,FALSE,0,FALSE,0.5,"leave-d",200,0.5,1e+05,TRUE,6
10,0,0,0,11.1498330124171,8.39675562381832,13.9029104010158,14.3022851991924,9.55820995416377,19.0463604442211,11.220425473009,0,13.9166805419689,0,"chi","I",1000,500,0.5,0,0,0,FALSE,0,FALSE,0.5,"leave-d",200,0.5,1e+05,TRUE,6
10,0,0,0,11.1498330124171,8.39675562381832,13.9029104010158,11.7273583645653,6.6269144531374,16.8278022759932,11.220425473009,0,11.521813059497,0,"chi","I",1000,500,0.5,0,0,0,FALSE,0,FALSE,0.5,"leave-d",200,0.5,1e+05,TRUE,6
10,0,0,0,11.1498330124171,8.39675562381832,13.9029104010158,8.41048712163456,3.58002700918104,13.2409472340881,11.220425473009,0,7.68602025446852,0,"chi","I",1000,500,0.5,0,0,0,FALSE,0,FALSE,0.5,"leave-d",200,0.5,1e+05,TRUE,6
10,0,0,0,11.1498330124171,8.39675562381832,13.9029104010158,9.5253178186291,4.69148210968203,14.3591535275762,11.220425473009,0,9.2433935502817,0,"chi","I",1000,500,0.5,0,0,0,FALSE,0,FALSE,0.5,"leave-d",200,0.5,1e+05,TRUE,6
10,0,0,0,11.1498330124171,8.39675562381832,13.9029104010158,10.3299229729075,5.69935994782569,14.9604859979893,11.220425473009,0,10.2334037368838,0,"chi","I",1000,500,0.5,0,0,0,FALSE,0,FALSE,0.5,"leave-d",200,0.5,1e+05,TRUE,6
10,0,0,0,11.1498330124171,8.39675562381832,13.9029104010158,8.8510892762842,3.95640966354324,13.7457688890252,11.220425473009,0,8.78556406978319,0,"chi","I",1000,500,0.5,0,0,0,FALSE,0,FALSE,0.5,"leave-d",200,0.5,1e+05,TRUE,6
10,0,0,0,11.1498330124171,8.39675562381832,13.9029104010158,13.6195393416635,8.44677952886767,18.7922991544594,11.220425473009,0,14.5333962175372,0,"chi","I",1000,500,0.5,0,0,0,FALSE,0,FALSE,0.5,"leave-d",200,0.5,1e+05,TRUE,6
10,0,0,0,11.1498330124171,8.39675562381832,13.9029104010158,11.6089473714971,6.84786698475761,16.3700277582367,11.220425473009,0,11.3274179383789,0,"chi","I",1000,500,0.5,0,0,0,FALSE,0,FALSE,0.5,"leave-d",200,0.5,1e+05,TRUE,6
10,0,0,0,11.1498330124171,8.39675562381832,13.9029104010158,17.5757756536052,12.1296000398347,23.0219512673757,11.220425473009,0,18.4186428072662,0,"chi","I",1000,500,0.5,0,0,0,FALSE,0,FALSE,0.5,"leave-d",200,0.5,1e+05,TRUE,6
10,0,0,0,11.1498330124171,8.39675562381832,13.9029104010158,9.06137646994379,4.15399091974762,13.96876202014,11.220425473009,0,8.69595214088372,0,"chi","I",1000,500,0.5,0,0,0,FALSE,0,FALSE,0.5,"leave-d",200,0.5,1e+05,TRUE,6
10,0,0,0,11.1498330124171,8.39675562381832,13.9029104010158,15.5723974564412,9.77979482250422,21.3650000903781,11.220425473009,0,16.2933259514689,0,"chi","I",1000,500,0.5,0,0,0,FALSE,0,FALSE,0.5,"leave-d",200,0.5,1e+05,TRUE,6
10,0,0,0,11.1498330124171,8.39675562381832,13.9029104010158,13.8363453638801,8.73129266966943,18.9413980580908,11.220425473009,0,14.0333024524816,0,"chi","I",1000,500,0.5,0,0,0,FALSE,0,FALSE,0.5,"leave-d",200,0.5,1e+05,TRUE,6
10,0,0,0,11.1498330124171,8.39675562381832,13.9029104010158,11.976054050293,7.04421771255119,16.9078903880348,11.220425473009,0,11.414699248691,0,"chi","I",1000,500,0.5,0,0,0,FALSE,0,FALSE,0.5,"leave-d",200,0.5,1e+05,TRUE,6
10,0,0,0,11.1498330124171,8.39675562381832,13.9029104010158,13.9286798195758,8.82909820466529,19.0282614344864,11.220425473009,0,14.1445962533588,0,"chi","I",1000,500,0.5,0,0,0,FALSE,0,FALSE,0.5,"leave-d",200,0.5,1e+05,TRUE,6
10,0,0,0,11.1498330124171,8.39675562381832,13.9029104010158,12.284825999088,6.83225667747492,17.737395320701,11.220425473009,0,12.1183799887988,0,"chi","I",1000,500,0.5,0,0,0,FALSE,0,FALSE,0.5,"leave-d",200,0.5,1e+05,TRUE,6
10,0,0,0,11.1498330124171,8.39675562381832,13.9029104010158,7.57116636711544,3.59253919191256,11.5497935423183,11.220425473009,0,6.89655896319022,0,"chi","I",1000,500,0.5,0,0,0,FALSE,0,FALSE,0.5,"leave-d",200,0.5,1e+05,TRUE,6
10,0,0,0,11.1498330124171,8.39675562381832,13.9029104010158,13.0520810224074,7.97621995962383,18.1279420851909,11.220425473009,0,13.1667750981365,0,"chi","I",1000,500,0.5,0,0,0,FALSE,0,FALSE,0.5,"leave-d",200,0.5,1e+05,TRUE,6
10,0,0,0,11.1498330124171,8.39675562381832,13.9029104010158,12.1142430195004,7.22714244736424,17.0013435916365,11.220425473009,0,12.847452101195,0,"chi","I",1000,500,0.5,0,0,0,FALSE,0,FALSE,0.5,"leave-d",200,0.5,1e+05,TRUE,6
10,0,0,0,11.1498330124171,8.39675562381832,13.9029104010158,12.2541609442486,7.46000217356727,17.04831971493,11.220425473009,0,11.9827972686291,0,"chi","I",1000,500,0.5,0,0,0,FALSE,0,FALSE,0.5,"leave-d",200,0.5,1e+05,TRUE,6
10,0,0,0,11.1498330124171,8.39675562381832,13.9029104010158,15.0939952177856,10.7159994111121,19.4719910244591,11.220425473009,0,18.0211971902679,0,"chi","I",1000,500,0.5,0,0,0,FALSE,0,FALSE,0.5,"leave-d",200,0.5,1e+05,TRUE,6
10,0,0,0,11.1498330124171,8.39675562381832,13.9029104010158,14.7023971650644,9.30496303923217,20.0998312908965,11.220425473009,0,14.3898805956415,0,"chi","I",1000,500,0.5,0,0,0,FALSE,0,FALSE,0.5,"leave-d",200,0.5,1e+05,TRUE,6
10,0,0,0,11.1498330124171,8.39675562381832,13.9029104010158,16.2134329074578,10.7248293009582,21.7020365139573,11.220425473009,0,19.1325063391507,0,"chi","I",1000,500,0.5,0,0,0,FALSE,0,FALSE,0.5,"leave-d",200,0.5,1e+05,TRUE,6
10,0,0,0,11.1498330124171,8.39675562381832,13.9029104010158,14.1377685347742,9.18797414429151,19.0875629252568,11.220425473009,0,13.9900218662668,0,"chi","I",1000,500,0.5,0,0,0,FALSE,0,FALSE,0.5,"leave-d",200,0.5,1e+05,TRUE,6
10,0,0,0,11.1498330124171,8.39675562381832,13.9029104010158,10.8611403389986,5.77259055558589,15.9496901224113,11.220425473009,0,10.6124346815328,0,"chi","I",1000,500,0.5,0,0,0,FALSE,0,FALSE,0.5,"leave-d",200,0.5,1e+05,TRUE,6
10,0,0,0,11.1498330124171,8.39675562381832,13.9029104010158,15.1304574814437,9.98452544886796,20.2763895140195,11.220425473009,0,14.0381150017235,0,"chi","I",1000,500,0.5,0,0,0,FALSE,0,FALSE,0.5,"leave-d",200,0.5,1e+05,TRUE,6
10,0,0,0,11.1498330124171,8.39675562381832,13.9029104010158,12.4077764540253,7.29706855351249,17.5184843545381,11.220425473009,0,12.2530848540548,0,"chi","I",1000,500,0.5,0,0,0,FALSE,0,FALSE,0.5,"leave-d",200,0.5,1e+05,TRUE,6
10,0,0,0,11.1498330124171,8.39675562381832,13.9029104010158,10.3685277491991,5.23086922015196,15.5061862782463,11.220425473009,0,10.3727546147835,0,"chi","I",1000,500,0.5,0,0,0,FALSE,0,FALSE,0.5,"leave-d",200,0.5,1e+05,TRUE,6
