"var_main_effect","var_inter_effect","cov_main_inter_effect","var_total_effect","EigenPrism_main","EigenPrism_CI1","EigenPrism_CI2","sub_EigenPrism_main","sub_EigenPrism_CI1","sub_EigenPrism_CI2","GCTA_main","GCTA_inter","sub_GCTA_main","sub_GCTA_inter","x_dist","structure","p","n","main_fixed_var","main_random_var","inter_fixed_var","inter_random_var","decor","interact","combine","pro","bs","n_sub","rho_e","emp_n","inter_std","i"
10,0,0,0,9.96233587293949,8.7346635403347,11.1900082055443,11.4192229016075,9.24741866636058,13.5910271368544,10.222711617948,0,10.9799319737191,0,"chi","I",1000,1000,0.5,0,0,0,FALSE,0,FALSE,0.5,"leave-d",200,0.7,1e+05,TRUE,761
10,0,0,0,9.96233587293949,8.7346635403347,11.1900082055443,10.8199706940511,8.65828743828773,12.9816539498145,10.222711617948,0,9.94311620977274,0,"chi","I",1000,1000,0.5,0,0,0,FALSE,0,FALSE,0.5,"leave-d",200,0.7,1e+05,TRUE,761
10,0,0,0,9.96233587293949,8.7346635403347,11.1900082055443,10.8265137904187,8.83153920513691,12.8214883757005,10.222711617948,0,10.707022493903,0,"chi","I",1000,1000,0.5,0,0,0,FALSE,0,FALSE,0.5,"leave-d",200,0.7,1e+05,TRUE,761
10,0,0,0,9.96233587293949,8.7346635403347,11.1900082055443,9.40776274362322,7.44648910472919,11.3690363825172,10.222711617948,0,9.65991471365197,0,"chi","I",1000,1000,0.5,0,0,0,FALSE,0,FALSE,0.5,"leave-d",200,0.7,1e+05,TRUE,761
10,0,0,0,9.96233587293949,8.7346635403347,11.1900082055443,8.97616663338293,6.90103068907369,11.0513025776922,10.222711617948,0,9.28778553976841,0,"chi","I",1000,1000,0.5,0,0,0,FALSE,0,FALSE,0.5,"leave-d",200,0.7,1e+05,TRUE,761
10,0,0,0,9.96233587293949,8.7346635403347,11.1900082055443,8.1592473655649,6.20045579012066,10.1180389410091,10.222711617948,0,8.14363263169345,0,"chi","I",1000,1000,0.5,0,0,0,FALSE,0,FALSE,0.5,"leave-d",200,0.7,1e+05,TRUE,761
10,0,0,0,9.96233587293949,8.7346635403347,11.1900082055443,10.9539553408971,8.83973861914822,13.0681720626459,10.222711617948,0,10.5998984526575,0,"chi","I",1000,1000,0.5,0,0,0,FALSE,0,FALSE,0.5,"leave-d",200,0.7,1e+05,TRUE,761
10,0,0,0,9.96233587293949,8.7346635403347,11.1900082055443,10.4225797675399,8.40573017314419,12.4394293619356,10.222711617948,0,10.2985938719089,0,"chi","I",1000,1000,0.5,0,0,0,FALSE,0,FALSE,0.5,"leave-d",200,0.7,1e+05,TRUE,761
10,0,0,0,9.96233587293949,8.7346635403347,11.1900082055443,10.3738731965027,8.27681286437928,12.4709335286262,10.222711617948,0,10.8322038409944,0,"chi","I",1000,1000,0.5,0,0,0,FALSE,0,FALSE,0.5,"leave-d",200,0.7,1e+05,TRUE,761
10,0,0,0,9.96233587293949,8.7346635403347,11.1900082055443,9.21924177158171,7.27532917231413,11.1631543708493,10.222711617948,0,8.82459274815003,0,"chi","I",1000,1000,0.5,0,0,0,FALSE,0,FALSE,0.5,"leave-d",200,0.7,1e+05,TRUE,761
10,0,0,0,9.96233587293949,8.7346635403347,11.1900082055443,12.4411534153639,10.1408968517861,14.7414099789417,10.222711617948,0,12.2847570489719,0,"chi","I",1000,1000,0.5,0,0,0,FALSE,0,FALSE,0.5,"leave-d",200,0.7,1e+05,TRUE,761
10,0,0,0,9.96233587293949,8.7346635403347,11.1900082055443,10.2477137723955,8.20786683302358,12.2875607117674,10.222711617948,0,10.8975099277518,0,"chi","I",1000,1000,0.5,0,0,0,FALSE,0,FALSE,0.5,"leave-d",200,0.7,1e+05,TRUE,761
10,0,0,0,9.96233587293949,8.7346635403347,11.1900082055443,9.80289509126254,7.7491725369841,11.856617645541,10.222711617948,0,10.0222707025945,0,"chi","I",1000,1000,0.5,0,0,0,FALSE,0,FALSE,0.5,"leave-d",200,0.7,1e+05,TRUE,761
10,0,0,0,9.96233587293949,8.7346635403347,11.1900082055443,8.95666454683574,6.97616513882988,10.9371639548416,10.222711617948,0,8.88862863916672,0,"chi","I",1000,1000,0.5,0,0,0,FALSE,0,FALSE,0.5,"leave-d",200,0.7,1e+05,TRUE,761
10,0,0,0,9.96233587293949,8.7346635403347,11.1900082055443,10.4303933416163,8.26438397390561,12.5964027093269,10.222711617948,0,10.8245260686013,0,"chi","I",1000,1000,0.5,0,0,0,FALSE,0,FALSE,0.5,"leave-d",200,0.7,1e+05,TRUE,761
10,0,0,0,9.96233587293949,8.7346635403347,11.1900082055443,8.26646604386646,6.33467974761478,10.1982523401181,10.222711617948,0,8.39151283353451,0,"chi","I",1000,1000,0.5,0,0,0,FALSE,0,FALSE,0.5,"leave-d",200,0.7,1e+05,TRUE,761
10,0,0,0,9.96233587293949,8.7346635403347,11.1900082055443,9.23257240503781,7.17484375314107,11.2903010569345,10.222711617948,0,9.29408189933099,0,"chi","I",1000,1000,0.5,0,0,0,FALSE,0,FALSE,0.5,"leave-d",200,0.7,1e+05,TRUE,761
10,0,0,0,9.96233587293949,8.7346635403347,11.1900082055443,10.0107424017789,7.9333386802297,12.0881461233281,10.222711617948,0,10.0251552515155,0,"chi","I",1000,1000,0.5,0,0,0,FALSE,0,FALSE,0.5,"leave-d",200,0.7,1e+05,TRUE,761
10,0,0,0,9.96233587293949,8.7346635403347,11.1900082055443,9.40739776235653,7.44712452840009,11.367670996313,10.222711617948,0,9.19636614981317,0,"chi","I",1000,1000,0.5,0,0,0,FALSE,0,FALSE,0.5,"leave-d",200,0.7,1e+05,TRUE,761
10,0,0,0,9.96233587293949,8.7346635403347,11.1900082055443,8.96394433659551,7.08123644204364,10.8466522311474,10.222711617948,0,8.96375130502119,0,"chi","I",1000,1000,0.5,0,0,0,FALSE,0,FALSE,0.5,"leave-d",200,0.7,1e+05,TRUE,761
10,0,0,0,9.96233587293949,8.7346635403347,11.1900082055443,11.2997211652332,9.08094643390384,13.5184958965626,10.222711617948,0,11.5870838370954,0,"chi","I",1000,1000,0.5,0,0,0,FALSE,0,FALSE,0.5,"leave-d",200,0.7,1e+05,TRUE,761
10,0,0,0,9.96233587293949,8.7346635403347,11.1900082055443,9.96481292741486,7.97500225115445,11.9546236036753,10.222711617948,0,9.91797130504409,0,"chi","I",1000,1000,0.5,0,0,0,FALSE,0,FALSE,0.5,"leave-d",200,0.7,1e+05,TRUE,761
10,0,0,0,9.96233587293949,8.7346635403347,11.1900082055443,11.8968501681632,9.67732142873601,14.1163789075903,10.222711617948,0,11.3400498907347,0,"chi","I",1000,1000,0.5,0,0,0,FALSE,0,FALSE,0.5,"leave-d",200,0.7,1e+05,TRUE,761
10,0,0,0,9.96233587293949,8.7346635403347,11.1900082055443,10.6775375206665,8.58157966675013,12.7734953745829,10.222711617948,0,10.3418431627274,0,"chi","I",1000,1000,0.5,0,0,0,FALSE,0,FALSE,0.5,"leave-d",200,0.7,1e+05,TRUE,761
10,0,0,0,9.96233587293949,8.7346635403347,11.1900082055443,11.0149949081919,9.06877958953748,12.9612102268463,10.222711617948,0,12.0510708311198,0,"chi","I",1000,1000,0.5,0,0,0,FALSE,0,FALSE,0.5,"leave-d",200,0.7,1e+05,TRUE,761
10,0,0,0,9.96233587293949,8.7346635403347,11.1900082055443,10.0029920268453,7.87016236036209,12.1358216933284,10.222711617948,0,9.99388401955014,0,"chi","I",1000,1000,0.5,0,0,0,FALSE,0,FALSE,0.5,"leave-d",200,0.7,1e+05,TRUE,761
10,0,0,0,9.96233587293949,8.7346635403347,11.1900082055443,10.7117987489523,8.50259608202217,12.9210014158824,10.222711617948,0,10.0872365654045,0,"chi","I",1000,1000,0.5,0,0,0,FALSE,0,FALSE,0.5,"leave-d",200,0.7,1e+05,TRUE,761
10,0,0,0,9.96233587293949,8.7346635403347,11.1900082055443,7.7650436913927,5.73315462865901,9.79693275412639,10.222711617948,0,7.65970824818376,0,"chi","I",1000,1000,0.5,0,0,0,FALSE,0,FALSE,0.5,"leave-d",200,0.7,1e+05,TRUE,761
10,0,0,0,9.96233587293949,8.7346635403347,11.1900082055443,11.9328063352743,9.64351897187238,14.2220936986762,10.222711617948,0,11.9157694672077,0,"chi","I",1000,1000,0.5,0,0,0,FALSE,0,FALSE,0.5,"leave-d",200,0.7,1e+05,TRUE,761
10,0,0,0,9.96233587293949,8.7346635403347,11.1900082055443,8.46638126988032,6.39330249529792,10.5394600444627,10.222711617948,0,8.45899742536485,0,"chi","I",1000,1000,0.5,0,0,0,FALSE,0,FALSE,0.5,"leave-d",200,0.7,1e+05,TRUE,761
10,0,0,0,9.96233587293949,8.7346635403347,11.1900082055443,10.4535464199891,8.49421281764765,12.4128800223305,10.222711617948,0,10.218070815843,0,"chi","I",1000,1000,0.5,0,0,0,FALSE,0,FALSE,0.5,"leave-d",200,0.7,1e+05,TRUE,761
10,0,0,0,9.96233587293949,8.7346635403347,11.1900082055443,10.9273206570785,8.78446731883903,13.070173995318,10.222711617948,0,11.0570221621775,0,"chi","I",1000,1000,0.5,0,0,0,FALSE,0,FALSE,0.5,"leave-d",200,0.7,1e+05,TRUE,761
10,0,0,0,9.96233587293949,8.7346635403347,11.1900082055443,9.88912519084879,7.76633445163213,12.0119159300654,10.222711617948,0,9.82893573117999,0,"chi","I",1000,1000,0.5,0,0,0,FALSE,0,FALSE,0.5,"leave-d",200,0.7,1e+05,TRUE,761
10,0,0,0,9.96233587293949,8.7346635403347,11.1900082055443,10.0540522870753,8.05066813742066,12.0574364367299,10.222711617948,0,10.2791732602256,0,"chi","I",1000,1000,0.5,0,0,0,FALSE,0,FALSE,0.5,"leave-d",200,0.7,1e+05,TRUE,761
10,0,0,0,9.96233587293949,8.7346635403347,11.1900082055443,9.03053270358026,7.01541225588313,11.0456531512774,10.222711617948,0,9.1806351891466,0,"chi","I",1000,1000,0.5,0,0,0,FALSE,0,FALSE,0.5,"leave-d",200,0.7,1e+05,TRUE,761
10,0,0,0,9.96233587293949,8.7346635403347,11.1900082055443,11.6226117100714,9.44977584729067,13.7954475728522,10.222711617948,0,11.5760533064755,0,"chi","I",1000,1000,0.5,0,0,0,FALSE,0,FALSE,0.5,"leave-d",200,0.7,1e+05,TRUE,761
10,0,0,0,9.96233587293949,8.7346635403347,11.1900082055443,10.0511670940092,8.03286595678257,12.0694682312358,10.222711617948,0,10.2171680876491,0,"chi","I",1000,1000,0.5,0,0,0,FALSE,0,FALSE,0.5,"leave-d",200,0.7,1e+05,TRUE,761
10,0,0,0,9.96233587293949,8.7346635403347,11.1900082055443,9.03830166457194,7.00719150549071,11.0694118236532,10.222711617948,0,8.97578601521317,0,"chi","I",1000,1000,0.5,0,0,0,FALSE,0,FALSE,0.5,"leave-d",200,0.7,1e+05,TRUE,761
10,0,0,0,9.96233587293949,8.7346635403347,11.1900082055443,10.7052547403687,8.64697542628674,12.7635340544506,10.222711617948,0,10.7921464449187,0,"chi","I",1000,1000,0.5,0,0,0,FALSE,0,FALSE,0.5,"leave-d",200,0.7,1e+05,TRUE,761
10,0,0,0,9.96233587293949,8.7346635403347,11.1900082055443,9.23548984321861,7.12905005305709,11.3419296333801,10.222711617948,0,9.51372690288272,0,"chi","I",1000,1000,0.5,0,0,0,FALSE,0,FALSE,0.5,"leave-d",200,0.7,1e+05,TRUE,761
10,0,0,0,9.96233587293949,8.7346635403347,11.1900082055443,11.0751381395812,8.9202168858828,13.2300593932796,10.222711617948,0,11.0749690173646,0,"chi","I",1000,1000,0.5,0,0,0,FALSE,0,FALSE,0.5,"leave-d",200,0.7,1e+05,TRUE,761
10,0,0,0,9.96233587293949,8.7346635403347,11.1900082055443,11.2242709566625,9.1453004419053,13.3032414714196,10.222711617948,0,12.5372580352651,0,"chi","I",1000,1000,0.5,0,0,0,FALSE,0,FALSE,0.5,"leave-d",200,0.7,1e+05,TRUE,761
10,0,0,0,9.96233587293949,8.7346635403347,11.1900082055443,10.5190231937057,8.54357372550887,12.4944726619026,10.222711617948,0,11.1882658955571,0,"chi","I",1000,1000,0.5,0,0,0,FALSE,0,FALSE,0.5,"leave-d",200,0.7,1e+05,TRUE,761
10,0,0,0,9.96233587293949,8.7346635403347,11.1900082055443,11.3369982588895,9.16059987481795,13.513396642961,10.222711617948,0,10.7753573309644,0,"chi","I",1000,1000,0.5,0,0,0,FALSE,0,FALSE,0.5,"leave-d",200,0.7,1e+05,TRUE,761
10,0,0,0,9.96233587293949,8.7346635403347,11.1900082055443,9.93004311782092,7.97550141312166,11.8845848225202,10.222711617948,0,10.8845208355959,0,"chi","I",1000,1000,0.5,0,0,0,FALSE,0,FALSE,0.5,"leave-d",200,0.7,1e+05,TRUE,761
10,0,0,0,9.96233587293949,8.7346635403347,11.1900082055443,9.67526005002224,7.72604178403069,11.6244783160138,10.222711617948,0,9.31794073128924,0,"chi","I",1000,1000,0.5,0,0,0,FALSE,0,FALSE,0.5,"leave-d",200,0.7,1e+05,TRUE,761
10,0,0,0,9.96233587293949,8.7346635403347,11.1900082055443,12.3404462882703,10.1188948230006,14.5619977535401,10.222711617948,0,13.1330106162987,0,"chi","I",1000,1000,0.5,0,0,0,FALSE,0,FALSE,0.5,"leave-d",200,0.7,1e+05,TRUE,761
10,0,0,0,9.96233587293949,8.7346635403347,11.1900082055443,7.96008712037712,6.10273071139173,9.81744352936251,10.222711617948,0,8.16782255149368,0,"chi","I",1000,1000,0.5,0,0,0,FALSE,0,FALSE,0.5,"leave-d",200,0.7,1e+05,TRUE,761
10,0,0,0,9.96233587293949,8.7346635403347,11.1900082055443,10.1454430694179,8.10699708370224,12.1838890551335,10.222711617948,0,9.84916992560047,0,"chi","I",1000,1000,0.5,0,0,0,FALSE,0,FALSE,0.5,"leave-d",200,0.7,1e+05,TRUE,761
10,0,0,0,9.96233587293949,8.7346635403347,11.1900082055443,10.9371011938002,8.93203276800812,12.9421696195923,10.222711617948,0,10.8159255735234,0,"chi","I",1000,1000,0.5,0,0,0,FALSE,0,FALSE,0.5,"leave-d",200,0.7,1e+05,TRUE,761
10,0,0,0,9.96233587293949,8.7346635403347,11.1900082055443,9.69776962267878,7.71009306828932,11.6854461770682,10.222711617948,0,10.1661389713899,0,"chi","I",1000,1000,0.5,0,0,0,FALSE,0,FALSE,0.5,"leave-d",200,0.7,1e+05,TRUE,761
10,0,0,0,9.96233587293949,8.7346635403347,11.1900082055443,10.3500957831008,8.40188155545752,12.2983100107442,10.222711617948,0,10.0662655692553,0,"chi","I",1000,1000,0.5,0,0,0,FALSE,0,FALSE,0.5,"leave-d",200,0.7,1e+05,TRUE,761
10,0,0,0,9.96233587293949,8.7346635403347,11.1900082055443,10.7798643493409,8.70797951921542,12.8517491794664,10.222711617948,0,10.694774724286,0,"chi","I",1000,1000,0.5,0,0,0,FALSE,0,FALSE,0.5,"leave-d",200,0.7,1e+05,TRUE,761
10,0,0,0,9.96233587293949,8.7346635403347,11.1900082055443,9.41562662570425,7.38906015102974,11.4421931003788,10.222711617948,0,9.26071893984595,0,"chi","I",1000,1000,0.5,0,0,0,FALSE,0,FALSE,0.5,"leave-d",200,0.7,1e+05,TRUE,761
10,0,0,0,9.96233587293949,8.7346635403347,11.1900082055443,9.89398521419345,7.82889962362485,11.9590708047621,10.222711617948,0,9.96500903525723,0,"chi","I",1000,1000,0.5,0,0,0,FALSE,0,FALSE,0.5,"leave-d",200,0.7,1e+05,TRUE,761
10,0,0,0,9.96233587293949,8.7346635403347,11.1900082055443,8.47873148511812,6.62497360568422,10.332489364552,10.222711617948,0,8.41989442350592,0,"chi","I",1000,1000,0.5,0,0,0,FALSE,0,FALSE,0.5,"leave-d",200,0.7,1e+05,TRUE,761
10,0,0,0,9.96233587293949,8.7346635403347,11.1900082055443,9.76116295979521,7.67500234756957,11.8473235720208,10.222711617948,0,9.5448562909027,0,"chi","I",1000,1000,0.5,0,0,0,FALSE,0,FALSE,0.5,"leave-d",200,0.7,1e+05,TRUE,761
10,0,0,0,9.96233587293949,8.7346635403347,11.1900082055443,11.3057486621852,9.1965113739105,13.4149859504599,10.222711617948,0,11.4718520211506,0,"chi","I",1000,1000,0.5,0,0,0,FALSE,0,FALSE,0.5,"leave-d",200,0.7,1e+05,TRUE,761
10,0,0,0,9.96233587293949,8.7346635403347,11.1900082055443,10.5165090581351,8.58966036367807,12.4433577525922,10.222711617948,0,11.5148648997669,0,"chi","I",1000,1000,0.5,0,0,0,FALSE,0,FALSE,0.5,"leave-d",200,0.7,1e+05,TRUE,761
10,0,0,0,9.96233587293949,8.7346635403347,11.1900082055443,8.99144119771316,6.86007519020779,11.1228072052185,10.222711617948,0,8.85612101070152,0,"chi","I",1000,1000,0.5,0,0,0,FALSE,0,FALSE,0.5,"leave-d",200,0.7,1e+05,TRUE,761
10,0,0,0,9.96233587293949,8.7346635403347,11.1900082055443,9.49438432729321,7.38712779695051,11.6016408576359,10.222711617948,0,9.73057340818889,0,"chi","I",1000,1000,0.5,0,0,0,FALSE,0,FALSE,0.5,"leave-d",200,0.7,1e+05,TRUE,761
10,0,0,0,9.96233587293949,8.7346635403347,11.1900082055443,9.86242587843928,7.79270558902877,11.9321461678498,10.222711617948,0,9.41918223146177,0,"chi","I",1000,1000,0.5,0,0,0,FALSE,0,FALSE,0.5,"leave-d",200,0.7,1e+05,TRUE,761
10,0,0,0,9.96233587293949,8.7346635403347,11.1900082055443,10.3030464671205,8.1770106282622,12.4290823059788,10.222711617948,0,10.148733739414,0,"chi","I",1000,1000,0.5,0,0,0,FALSE,0,FALSE,0.5,"leave-d",200,0.7,1e+05,TRUE,761
10,0,0,0,9.96233587293949,8.7346635403347,11.1900082055443,9.98211145673021,8.08966463866085,11.8745582747996,10.222711617948,0,10.1734970645336,0,"chi","I",1000,1000,0.5,0,0,0,FALSE,0,FALSE,0.5,"leave-d",200,0.7,1e+05,TRUE,761
10,0,0,0,9.96233587293949,8.7346635403347,11.1900082055443,8.60550658418493,6.67246784544937,10.5385453229205,10.222711617948,0,8.57905665422057,0,"chi","I",1000,1000,0.5,0,0,0,FALSE,0,FALSE,0.5,"leave-d",200,0.7,1e+05,TRUE,761
10,0,0,0,9.96233587293949,8.7346635403347,11.1900082055443,9.52536804420742,7.50703816878646,11.5436979196284,10.222711617948,0,9.44033567608339,0,"chi","I",1000,1000,0.5,0,0,0,FALSE,0,FALSE,0.5,"leave-d",200,0.7,1e+05,TRUE,761
10,0,0,0,9.96233587293949,8.7346635403347,11.1900082055443,7.63524213987357,5.53808567422051,9.73239860552663,10.222711617948,0,7.77163816401885,0,"chi","I",1000,1000,0.5,0,0,0,FALSE,0,FALSE,0.5,"leave-d",200,0.7,1e+05,TRUE,761
10,0,0,0,9.96233587293949,8.7346635403347,11.1900082055443,8.27038430286788,6.33685676022762,10.2039118455081,10.222711617948,0,8.52024559143469,0,"chi","I",1000,1000,0.5,0,0,0,FALSE,0,FALSE,0.5,"leave-d",200,0.7,1e+05,TRUE,761
10,0,0,0,9.96233587293949,8.7346635403347,11.1900082055443,8.81268933523503,6.87616381378805,10.749214856682,10.222711617948,0,9.1265795874035,0,"chi","I",1000,1000,0.5,0,0,0,FALSE,0,FALSE,0.5,"leave-d",200,0.7,1e+05,TRUE,761
10,0,0,0,9.96233587293949,8.7346635403347,11.1900082055443,9.92797616987962,7.84488516618169,12.0110671735775,10.222711617948,0,9.7730983123092,0,"chi","I",1000,1000,0.5,0,0,0,FALSE,0,FALSE,0.5,"leave-d",200,0.7,1e+05,TRUE,761
10,0,0,0,9.96233587293949,8.7346635403347,11.1900082055443,9.64420796546024,7.52881873780096,11.7595971931195,10.222711617948,0,9.25587569046299,0,"chi","I",1000,1000,0.5,0,0,0,FALSE,0,FALSE,0.5,"leave-d",200,0.7,1e+05,TRUE,761
10,0,0,0,9.96233587293949,8.7346635403347,11.1900082055443,10.8203082982396,8.78465199150879,12.8559646049704,10.222711617948,0,10.775596686885,0,"chi","I",1000,1000,0.5,0,0,0,FALSE,0,FALSE,0.5,"leave-d",200,0.7,1e+05,TRUE,761
10,0,0,0,9.96233587293949,8.7346635403347,11.1900082055443,7.89739315686203,6.01698610630104,9.77780020742302,10.222711617948,0,7.85196406646483,0,"chi","I",1000,1000,0.5,0,0,0,FALSE,0,FALSE,0.5,"leave-d",200,0.7,1e+05,TRUE,761
10,0,0,0,9.96233587293949,8.7346635403347,11.1900082055443,8.12668516362672,6.22706919472965,10.0263011325238,10.222711617948,0,8.05191168069702,0,"chi","I",1000,1000,0.5,0,0,0,FALSE,0,FALSE,0.5,"leave-d",200,0.7,1e+05,TRUE,761
10,0,0,0,9.96233587293949,8.7346635403347,11.1900082055443,8.1616555087797,6.12743734620511,10.1958736713543,10.222711617948,0,8.27929533859542,0,"chi","I",1000,1000,0.5,0,0,0,FALSE,0,FALSE,0.5,"leave-d",200,0.7,1e+05,TRUE,761
10,0,0,0,9.96233587293949,8.7346635403347,11.1900082055443,9.25251092716387,7.36610021641448,11.1389216379133,10.222711617948,0,9.20217193402838,0,"chi","I",1000,1000,0.5,0,0,0,FALSE,0,FALSE,0.5,"leave-d",200,0.7,1e+05,TRUE,761
10,0,0,0,9.96233587293949,8.7346635403347,11.1900082055443,9.11045283925116,7.14688971847921,11.0740159600231,10.222711617948,0,9.16015073069761,0,"chi","I",1000,1000,0.5,0,0,0,FALSE,0,FALSE,0.5,"leave-d",200,0.7,1e+05,TRUE,761
10,0,0,0,9.96233587293949,8.7346635403347,11.1900082055443,10.1755751200154,8.24479899694382,12.106351243087,10.222711617948,0,10.0031834284741,0,"chi","I",1000,1000,0.5,0,0,0,FALSE,0,FALSE,0.5,"leave-d",200,0.7,1e+05,TRUE,761
10,0,0,0,9.96233587293949,8.7346635403347,11.1900082055443,11.0508813263853,8.91059468993261,13.1911679628381,10.222711617948,0,11.0182460851125,0,"chi","I",1000,1000,0.5,0,0,0,FALSE,0,FALSE,0.5,"leave-d",200,0.7,1e+05,TRUE,761
10,0,0,0,9.96233587293949,8.7346635403347,11.1900082055443,10.5752801740558,8.52889120197673,12.6216691461349,10.222711617948,0,10.8310155419368,0,"chi","I",1000,1000,0.5,0,0,0,FALSE,0,FALSE,0.5,"leave-d",200,0.7,1e+05,TRUE,761
10,0,0,0,9.96233587293949,8.7346635403347,11.1900082055443,10.4703850867249,8.3731392826848,12.5676308907649,10.222711617948,0,10.2948796353909,0,"chi","I",1000,1000,0.5,0,0,0,FALSE,0,FALSE,0.5,"leave-d",200,0.7,1e+05,TRUE,761
10,0,0,0,9.96233587293949,8.7346635403347,11.1900082055443,12.1010598805521,9.89437855748211,14.3077412036221,10.222711617948,0,11.9307154206703,0,"chi","I",1000,1000,0.5,0,0,0,FALSE,0,FALSE,0.5,"leave-d",200,0.7,1e+05,TRUE,761
10,0,0,0,9.96233587293949,8.7346635403347,11.1900082055443,8.73870441292621,6.79397808119423,10.6834307446582,10.222711617948,0,8.67078690417498,0,"chi","I",1000,1000,0.5,0,0,0,FALSE,0,FALSE,0.5,"leave-d",200,0.7,1e+05,TRUE,761
10,0,0,0,9.96233587293949,8.7346635403347,11.1900082055443,10.5664014282793,8.5566015793042,12.5762012772543,10.222711617948,0,10.3218454245003,0,"chi","I",1000,1000,0.5,0,0,0,FALSE,0,FALSE,0.5,"leave-d",200,0.7,1e+05,TRUE,761
10,0,0,0,9.96233587293949,8.7346635403347,11.1900082055443,8.68206788229753,6.67414029274417,10.6899954718509,10.222711617948,0,9.06180896897605,0,"chi","I",1000,1000,0.5,0,0,0,FALSE,0,FALSE,0.5,"leave-d",200,0.7,1e+05,TRUE,761
10,0,0,0,9.96233587293949,8.7346635403347,11.1900082055443,8.94480176011894,6.97660678448745,10.9129967357504,10.222711617948,0,8.87588954080506,0,"chi","I",1000,1000,0.5,0,0,0,FALSE,0,FALSE,0.5,"leave-d",200,0.7,1e+05,TRUE,761
10,0,0,0,9.96233587293949,8.7346635403347,11.1900082055443,11.0395754138519,9.03591550626335,13.0432353214404,10.222711617948,0,10.3948907474342,0,"chi","I",1000,1000,0.5,0,0,0,FALSE,0,FALSE,0.5,"leave-d",200,0.7,1e+05,TRUE,761
10,0,0,0,9.96233587293949,8.7346635403347,11.1900082055443,7.84589182495489,5.96303362004557,9.72875002986421,10.222711617948,0,7.85563924907422,0,"chi","I",1000,1000,0.5,0,0,0,FALSE,0,FALSE,0.5,"leave-d",200,0.7,1e+05,TRUE,761
10,0,0,0,9.96233587293949,8.7346635403347,11.1900082055443,11.9069508448984,9.75726843003683,14.0566332597599,10.222711617948,0,11.7978523153527,0,"chi","I",1000,1000,0.5,0,0,0,FALSE,0,FALSE,0.5,"leave-d",200,0.7,1e+05,TRUE,761
10,0,0,0,9.96233587293949,8.7346635403347,11.1900082055443,8.34214763654121,6.37813687725555,10.3061583958269,10.222711617948,0,8.28427951148864,0,"chi","I",1000,1000,0.5,0,0,0,FALSE,0,FALSE,0.5,"leave-d",200,0.7,1e+05,TRUE,761
10,0,0,0,9.96233587293949,8.7346635403347,11.1900082055443,8.17491186538618,6.23689414656498,10.1129295842074,10.222711617948,0,7.95211480576959,0,"chi","I",1000,1000,0.5,0,0,0,FALSE,0,FALSE,0.5,"leave-d",200,0.7,1e+05,TRUE,761
10,0,0,0,9.96233587293949,8.7346635403347,11.1900082055443,8.31284330949633,6.46600681648777,10.1596798025049,10.222711617948,0,8.18977688539034,0,"chi","I",1000,1000,0.5,0,0,0,FALSE,0,FALSE,0.5,"leave-d",200,0.7,1e+05,TRUE,761
10,0,0,0,9.96233587293949,8.7346635403347,11.1900082055443,9.08818888129634,7.00480748870783,11.1715702738849,10.222711617948,0,9.1424949849093,0,"chi","I",1000,1000,0.5,0,0,0,FALSE,0,FALSE,0.5,"leave-d",200,0.7,1e+05,TRUE,761
10,0,0,0,9.96233587293949,8.7346635403347,11.1900082055443,8.19337282128707,6.25321580531062,10.1335298372635,10.222711617948,0,8.37331453157421,0,"chi","I",1000,1000,0.5,0,0,0,FALSE,0,FALSE,0.5,"leave-d",200,0.7,1e+05,TRUE,761
10,0,0,0,9.96233587293949,8.7346635403347,11.1900082055443,9.08290602683721,7.11739423852104,11.0484178151534,10.222711617948,0,9.09205216005212,0,"chi","I",1000,1000,0.5,0,0,0,FALSE,0,FALSE,0.5,"leave-d",200,0.7,1e+05,TRUE,761
10,0,0,0,9.96233587293949,8.7346635403347,11.1900082055443,10.4071382133974,8.29727532943971,12.5170010973552,10.222711617948,0,10.1157427068801,0,"chi","I",1000,1000,0.5,0,0,0,FALSE,0,FALSE,0.5,"leave-d",200,0.7,1e+05,TRUE,761
10,0,0,0,9.96233587293949,8.7346635403347,11.1900082055443,10.7138516687533,8.60173014208659,12.8259731954199,10.222711617948,0,10.3852220205499,0,"chi","I",1000,1000,0.5,0,0,0,FALSE,0,FALSE,0.5,"leave-d",200,0.7,1e+05,TRUE,761
10,0,0,0,9.96233587293949,8.7346635403347,11.1900082055443,8.01014884387932,6.04829927934415,9.9719984084145,10.222711617948,0,7.71854903070822,0,"chi","I",1000,1000,0.5,0,0,0,FALSE,0,FALSE,0.5,"leave-d",200,0.7,1e+05,TRUE,761
10,0,0,0,9.96233587293949,8.7346635403347,11.1900082055443,10.4113337006168,8.32098359927461,12.501683801959,10.222711617948,0,10.4583644574287,0,"chi","I",1000,1000,0.5,0,0,0,FALSE,0,FALSE,0.5,"leave-d",200,0.7,1e+05,TRUE,761
10,0,0,0,9.96233587293949,8.7346635403347,11.1900082055443,7.86370036948737,6.03547283441735,9.69192790455739,10.222711617948,0,7.91093738808854,0,"chi","I",1000,1000,0.5,0,0,0,FALSE,0,FALSE,0.5,"leave-d",200,0.7,1e+05,TRUE,761
10,0,0,0,9.96233587293949,8.7346635403347,11.1900082055443,9.19689599200145,7.24642968316873,11.1473623008342,10.222711617948,0,8.64393050968778,0,"chi","I",1000,1000,0.5,0,0,0,FALSE,0,FALSE,0.5,"leave-d",200,0.7,1e+05,TRUE,761
10,0,0,0,9.96233587293949,8.7346635403347,11.1900082055443,9.76204466588711,7.72909325840435,11.7949960733699,10.222711617948,0,9.56344912480549,0,"chi","I",1000,1000,0.5,0,0,0,FALSE,0,FALSE,0.5,"leave-d",200,0.7,1e+05,TRUE,761
10,0,0,0,9.96233587293949,8.7346635403347,11.1900082055443,8.38439315376921,6.39633551971984,10.3724507878186,10.222711617948,0,8.34153953931407,0,"chi","I",1000,1000,0.5,0,0,0,FALSE,0,FALSE,0.5,"leave-d",200,0.7,1e+05,TRUE,761
10,0,0,0,9.96233587293949,8.7346635403347,11.1900082055443,11.646867606492,9.61676833214757,13.6769668808364,10.222711617948,0,11.1851622805112,0,"chi","I",1000,1000,0.5,0,0,0,FALSE,0,FALSE,0.5,"leave-d",200,0.7,1e+05,TRUE,761
10,0,0,0,9.96233587293949,8.7346635403347,11.1900082055443,11.274870442157,9.19627915053016,13.3534617337838,10.222711617948,0,11.5901939442297,0,"chi","I",1000,1000,0.5,0,0,0,FALSE,0,FALSE,0.5,"leave-d",200,0.7,1e+05,TRUE,761
10,0,0,0,9.96233587293949,8.7346635403347,11.1900082055443,11.155642415457,9.0183703859859,13.2929144449282,10.222711617948,0,11.34003686471,0,"chi","I",1000,1000,0.5,0,0,0,FALSE,0,FALSE,0.5,"leave-d",200,0.7,1e+05,TRUE,761
10,0,0,0,9.96233587293949,8.7346635403347,11.1900082055443,8.60789534593729,6.65533621252379,10.5604544793508,10.222711617948,0,8.66550766256094,0,"chi","I",1000,1000,0.5,0,0,0,FALSE,0,FALSE,0.5,"leave-d",200,0.7,1e+05,TRUE,761
10,0,0,0,9.96233587293949,8.7346635403347,11.1900082055443,11.126260509548,8.96992812175768,13.2825928973384,10.222711617948,0,11.4986193869389,0,"chi","I",1000,1000,0.5,0,0,0,FALSE,0,FALSE,0.5,"leave-d",200,0.7,1e+05,TRUE,761
10,0,0,0,9.96233587293949,8.7346635403347,11.1900082055443,11.0292521471589,8.99181909709666,13.0666851972211,10.222711617948,0,10.848674276697,0,"chi","I",1000,1000,0.5,0,0,0,FALSE,0,FALSE,0.5,"leave-d",200,0.7,1e+05,TRUE,761
10,0,0,0,9.96233587293949,8.7346635403347,11.1900082055443,9.46903828652998,7.46817171258351,11.4699048604764,10.222711617948,0,9.54243345666969,0,"chi","I",1000,1000,0.5,0,0,0,FALSE,0,FALSE,0.5,"leave-d",200,0.7,1e+05,TRUE,761
10,0,0,0,9.96233587293949,8.7346635403347,11.1900082055443,10.9952576389838,8.9108953146634,13.0796199633042,10.222711617948,0,11.233877594575,0,"chi","I",1000,1000,0.5,0,0,0,FALSE,0,FALSE,0.5,"leave-d",200,0.7,1e+05,TRUE,761
10,0,0,0,9.96233587293949,8.7346635403347,11.1900082055443,11.1841130677808,8.90998943576162,13.4582366997999,10.222711617948,0,10.6280939921295,0,"chi","I",1000,1000,0.5,0,0,0,FALSE,0,FALSE,0.5,"leave-d",200,0.7,1e+05,TRUE,761
10,0,0,0,9.96233587293949,8.7346635403347,11.1900082055443,7.33933467246059,5.59429300554219,9.084376339379,10.222711617948,0,7.26073898507839,0,"chi","I",1000,1000,0.5,0,0,0,FALSE,0,FALSE,0.5,"leave-d",200,0.7,1e+05,TRUE,761
10,0,0,0,9.96233587293949,8.7346635403347,11.1900082055443,8.2167793234665,6.30054288868912,10.1330157582439,10.222711617948,0,8.3907416260215,0,"chi","I",1000,1000,0.5,0,0,0,FALSE,0,FALSE,0.5,"leave-d",200,0.7,1e+05,TRUE,761
10,0,0,0,9.96233587293949,8.7346635403347,11.1900082055443,9.27633419641534,7.31924886031337,11.2334195325173,10.222711617948,0,9.1754098074241,0,"chi","I",1000,1000,0.5,0,0,0,FALSE,0,FALSE,0.5,"leave-d",200,0.7,1e+05,TRUE,761
10,0,0,0,9.96233587293949,8.7346635403347,11.1900082055443,10.3875949715157,8.21607584184756,12.5591141011837,10.222711617948,0,10.2223263284075,0,"chi","I",1000,1000,0.5,0,0,0,FALSE,0,FALSE,0.5,"leave-d",200,0.7,1e+05,TRUE,761
10,0,0,0,9.96233587293949,8.7346635403347,11.1900082055443,9.91412787961497,7.78603747339555,12.0422182858344,10.222711617948,0,10.2527874253206,0,"chi","I",1000,1000,0.5,0,0,0,FALSE,0,FALSE,0.5,"leave-d",200,0.7,1e+05,TRUE,761
10,0,0,0,9.96233587293949,8.7346635403347,11.1900082055443,7.7902119159246,5.87316905460496,9.70725477724424,10.222711617948,0,7.86874315792227,0,"chi","I",1000,1000,0.5,0,0,0,FALSE,0,FALSE,0.5,"leave-d",200,0.7,1e+05,TRUE,761
10,0,0,0,9.96233587293949,8.7346635403347,11.1900082055443,10.9698464019106,8.87508426405873,13.0646085397624,10.222711617948,0,11.0454208768704,0,"chi","I",1000,1000,0.5,0,0,0,FALSE,0,FALSE,0.5,"leave-d",200,0.7,1e+05,TRUE,761
10,0,0,0,9.96233587293949,8.7346635403347,11.1900082055443,11.8984487094766,9.68109466231373,14.1158027566395,10.222711617948,0,11.8792737917768,0,"chi","I",1000,1000,0.5,0,0,0,FALSE,0,FALSE,0.5,"leave-d",200,0.7,1e+05,TRUE,761
10,0,0,0,9.96233587293949,8.7346635403347,11.1900082055443,10.096719931475,8.05242730424689,12.1410125587031,10.222711617948,0,9.57772943613868,0,"chi","I",1000,1000,0.5,0,0,0,FALSE,0,FALSE,0.5,"leave-d",200,0.7,1e+05,TRUE,761
10,0,0,0,9.96233587293949,8.7346635403347,11.1900082055443,10.2745185779349,8.12670853366684,12.4223286222029,10.222711617948,0,10.882243016167,0,"chi","I",1000,1000,0.5,0,0,0,FALSE,0,FALSE,0.5,"leave-d",200,0.7,1e+05,TRUE,761
10,0,0,0,9.96233587293949,8.7346635403347,11.1900082055443,9.48361626298353,7.54201084050359,11.4252216854635,10.222711617948,0,9.70851039651501,0,"chi","I",1000,1000,0.5,0,0,0,FALSE,0,FALSE,0.5,"leave-d",200,0.7,1e+05,TRUE,761
10,0,0,0,9.96233587293949,8.7346635403347,11.1900082055443,9.69749608177455,7.60154111078635,11.7934510527628,10.222711617948,0,9.25462788468316,0,"chi","I",1000,1000,0.5,0,0,0,FALSE,0,FALSE,0.5,"leave-d",200,0.7,1e+05,TRUE,761
10,0,0,0,9.96233587293949,8.7346635403347,11.1900082055443,9.67476940436567,7.58710387620043,11.7624349325309,10.222711617948,0,9.68892247856658,0,"chi","I",1000,1000,0.5,0,0,0,FALSE,0,FALSE,0.5,"leave-d",200,0.7,1e+05,TRUE,761
10,0,0,0,9.96233587293949,8.7346635403347,11.1900082055443,10.0574931601333,7.93398115178624,12.1810051684803,10.222711617948,0,10.2623713162116,0,"chi","I",1000,1000,0.5,0,0,0,FALSE,0,FALSE,0.5,"leave-d",200,0.7,1e+05,TRUE,761
10,0,0,0,9.96233587293949,8.7346635403347,11.1900082055443,12.1099745189973,10.0028335634179,14.2171154745767,10.222711617948,0,12.1946914531404,0,"chi","I",1000,1000,0.5,0,0,0,FALSE,0,FALSE,0.5,"leave-d",200,0.7,1e+05,TRUE,761
10,0,0,0,9.96233587293949,8.7346635403347,11.1900082055443,8.65865175463866,6.75366434419723,10.5636391650801,10.222711617948,0,8.46580786716684,0,"chi","I",1000,1000,0.5,0,0,0,FALSE,0,FALSE,0.5,"leave-d",200,0.7,1e+05,TRUE,761
10,0,0,0,9.96233587293949,8.7346635403347,11.1900082055443,7.30091629265534,5.39585288452706,9.20597970078361,10.222711617948,0,7.37529768354021,0,"chi","I",1000,1000,0.5,0,0,0,FALSE,0,FALSE,0.5,"leave-d",200,0.7,1e+05,TRUE,761
10,0,0,0,9.96233587293949,8.7346635403347,11.1900082055443,8.76525555281478,6.85698339427733,10.6735277113522,10.222711617948,0,8.95426089094187,0,"chi","I",1000,1000,0.5,0,0,0,FALSE,0,FALSE,0.5,"leave-d",200,0.7,1e+05,TRUE,761
10,0,0,0,9.96233587293949,8.7346635403347,11.1900082055443,10.5189555137531,8.48826697991691,12.5496440475893,10.222711617948,0,10.4584786760776,0,"chi","I",1000,1000,0.5,0,0,0,FALSE,0,FALSE,0.5,"leave-d",200,0.7,1e+05,TRUE,761
10,0,0,0,9.96233587293949,8.7346635403347,11.1900082055443,9.99106116249158,7.90373798685335,12.0783843381298,10.222711617948,0,10.1187351838136,0,"chi","I",1000,1000,0.5,0,0,0,FALSE,0,FALSE,0.5,"leave-d",200,0.7,1e+05,TRUE,761
10,0,0,0,9.96233587293949,8.7346635403347,11.1900082055443,11.0172906229179,8.89575546732971,13.1388257785061,10.222711617948,0,11.5459189393546,0,"chi","I",1000,1000,0.5,0,0,0,FALSE,0,FALSE,0.5,"leave-d",200,0.7,1e+05,TRUE,761
10,0,0,0,9.96233587293949,8.7346635403347,11.1900082055443,8.60780955127536,6.65671320661082,10.5589058959399,10.222711617948,0,8.33577859726067,0,"chi","I",1000,1000,0.5,0,0,0,FALSE,0,FALSE,0.5,"leave-d",200,0.7,1e+05,TRUE,761
10,0,0,0,9.96233587293949,8.7346635403347,11.1900082055443,10.2842207661704,8.25334757682853,12.3150939555123,10.222711617948,0,10.8228655873905,0,"chi","I",1000,1000,0.5,0,0,0,FALSE,0,FALSE,0.5,"leave-d",200,0.7,1e+05,TRUE,761
10,0,0,0,9.96233587293949,8.7346635403347,11.1900082055443,9.94471402289508,7.91778877268447,11.9716392731057,10.222711617948,0,10.5607090953813,0,"chi","I",1000,1000,0.5,0,0,0,FALSE,0,FALSE,0.5,"leave-d",200,0.7,1e+05,TRUE,761
10,0,0,0,9.96233587293949,8.7346635403347,11.1900082055443,10.2480456643851,8.23733016690428,12.2587611618658,10.222711617948,0,10.5003057565653,0,"chi","I",1000,1000,0.5,0,0,0,FALSE,0,FALSE,0.5,"leave-d",200,0.7,1e+05,TRUE,761
10,0,0,0,9.96233587293949,8.7346635403347,11.1900082055443,9.27199751259007,7.24873081432752,11.2952642108526,10.222711617948,0,9.39352071286372,0,"chi","I",1000,1000,0.5,0,0,0,FALSE,0,FALSE,0.5,"leave-d",200,0.7,1e+05,TRUE,761
10,0,0,0,9.96233587293949,8.7346635403347,11.1900082055443,10.167632512996,8.10545901809388,12.2298060078981,10.222711617948,0,9.62698918411612,0,"chi","I",1000,1000,0.5,0,0,0,FALSE,0,FALSE,0.5,"leave-d",200,0.7,1e+05,TRUE,761
10,0,0,0,9.96233587293949,8.7346635403347,11.1900082055443,8.73497625290498,6.58553956203934,10.8844129437706,10.222711617948,0,8.67124077815067,0,"chi","I",1000,1000,0.5,0,0,0,FALSE,0,FALSE,0.5,"leave-d",200,0.7,1e+05,TRUE,761
10,0,0,0,9.96233587293949,8.7346635403347,11.1900082055443,10.2095628939449,8.26111617836674,12.1580096095231,10.222711617948,0,10.0420058868551,0,"chi","I",1000,1000,0.5,0,0,0,FALSE,0,FALSE,0.5,"leave-d",200,0.7,1e+05,TRUE,761
10,0,0,0,9.96233587293949,8.7346635403347,11.1900082055443,9.79402738889237,7.68376634541503,11.9042884323697,10.222711617948,0,9.83510519810007,0,"chi","I",1000,1000,0.5,0,0,0,FALSE,0,FALSE,0.5,"leave-d",200,0.7,1e+05,TRUE,761
10,0,0,0,9.96233587293949,8.7346635403347,11.1900082055443,9.24827931792613,7.16721747117879,11.3293411646735,10.222711617948,0,9.32858083584047,0,"chi","I",1000,1000,0.5,0,0,0,FALSE,0,FALSE,0.5,"leave-d",200,0.7,1e+05,TRUE,761
10,0,0,0,9.96233587293949,8.7346635403347,11.1900082055443,11.0631112933825,9.03121937203069,13.0950032147343,10.222711617948,0,11.4519727871871,0,"chi","I",1000,1000,0.5,0,0,0,FALSE,0,FALSE,0.5,"leave-d",200,0.7,1e+05,TRUE,761
10,0,0,0,9.96233587293949,8.7346635403347,11.1900082055443,8.87773941889771,6.86122961092997,10.8942492268654,10.222711617948,0,9.07222775122978,0,"chi","I",1000,1000,0.5,0,0,0,FALSE,0,FALSE,0.5,"leave-d",200,0.7,1e+05,TRUE,761
10,0,0,0,9.96233587293949,8.7346635403347,11.1900082055443,8.83211643653671,6.8724773476486,10.7917555254248,10.222711617948,0,9.03296768968496,0,"chi","I",1000,1000,0.5,0,0,0,FALSE,0,FALSE,0.5,"leave-d",200,0.7,1e+05,TRUE,761
10,0,0,0,9.96233587293949,8.7346635403347,11.1900082055443,9.21317828765234,7.03294672316008,11.3934098521446,10.222711617948,0,9.12359632153224,0,"chi","I",1000,1000,0.5,0,0,0,FALSE,0,FALSE,0.5,"leave-d",200,0.7,1e+05,TRUE,761
10,0,0,0,9.96233587293949,8.7346635403347,11.1900082055443,10.4744834268035,8.38897353671447,12.5599933168925,10.222711617948,0,10.7328567057343,0,"chi","I",1000,1000,0.5,0,0,0,FALSE,0,FALSE,0.5,"leave-d",200,0.7,1e+05,TRUE,761
10,0,0,0,9.96233587293949,8.7346635403347,11.1900082055443,10.2183739514999,8.12514775738594,12.3116001456139,10.222711617948,0,10.3896332798657,0,"chi","I",1000,1000,0.5,0,0,0,FALSE,0,FALSE,0.5,"leave-d",200,0.7,1e+05,TRUE,761
10,0,0,0,9.96233587293949,8.7346635403347,11.1900082055443,9.82035811224014,7.79966976214906,11.8410464623312,10.222711617948,0,10.2073299342986,0,"chi","I",1000,1000,0.5,0,0,0,FALSE,0,FALSE,0.5,"leave-d",200,0.7,1e+05,TRUE,761
10,0,0,0,9.96233587293949,8.7346635403347,11.1900082055443,8.79356925967423,6.76036718060743,10.826771338741,10.222711617948,0,8.53431084887785,0,"chi","I",1000,1000,0.5,0,0,0,FALSE,0,FALSE,0.5,"leave-d",200,0.7,1e+05,TRUE,761
10,0,0,0,9.96233587293949,8.7346635403347,11.1900082055443,10.8156667912097,8.80771402804251,12.8236195543768,10.222711617948,0,10.3128265724342,0,"chi","I",1000,1000,0.5,0,0,0,FALSE,0,FALSE,0.5,"leave-d",200,0.7,1e+05,TRUE,761
10,0,0,0,9.96233587293949,8.7346635403347,11.1900082055443,9.27854553514075,7.30111916394605,11.2559719063354,10.222711617948,0,9.34600376628149,0,"chi","I",1000,1000,0.5,0,0,0,FALSE,0,FALSE,0.5,"leave-d",200,0.7,1e+05,TRUE,761
10,0,0,0,9.96233587293949,8.7346635403347,11.1900082055443,9.91985437944709,7.8712562978852,11.968452461009,10.222711617948,0,10.1912508916879,0,"chi","I",1000,1000,0.5,0,0,0,FALSE,0,FALSE,0.5,"leave-d",200,0.7,1e+05,TRUE,761
10,0,0,0,9.96233587293949,8.7346635403347,11.1900082055443,8.35501788003486,6.39604955517303,10.3139862048967,10.222711617948,0,8.40853002580663,0,"chi","I",1000,1000,0.5,0,0,0,FALSE,0,FALSE,0.5,"leave-d",200,0.7,1e+05,TRUE,761
10,0,0,0,9.96233587293949,8.7346635403347,11.1900082055443,9.76871252039027,7.77390567432297,11.7635193664576,10.222711617948,0,9.68210794336744,0,"chi","I",1000,1000,0.5,0,0,0,FALSE,0,FALSE,0.5,"leave-d",200,0.7,1e+05,TRUE,761
10,0,0,0,9.96233587293949,8.7346635403347,11.1900082055443,10.3304280129071,8.29519860646752,12.3656574193467,10.222711617948,0,10.5819972365873,0,"chi","I",1000,1000,0.5,0,0,0,FALSE,0,FALSE,0.5,"leave-d",200,0.7,1e+05,TRUE,761
10,0,0,0,9.96233587293949,8.7346635403347,11.1900082055443,8.1019067327346,6.15846918419137,10.0453442812778,10.222711617948,0,7.96496545996265,0,"chi","I",1000,1000,0.5,0,0,0,FALSE,0,FALSE,0.5,"leave-d",200,0.7,1e+05,TRUE,761
10,0,0,0,9.96233587293949,8.7346635403347,11.1900082055443,11.079498628704,8.94590791245665,13.2130893449514,10.222711617948,0,10.9625631542452,0,"chi","I",1000,1000,0.5,0,0,0,FALSE,0,FALSE,0.5,"leave-d",200,0.7,1e+05,TRUE,761
10,0,0,0,9.96233587293949,8.7346635403347,11.1900082055443,12.2304278410857,10.1802902194363,14.2805654627351,10.222711617948,0,12.1906475675988,0,"chi","I",1000,1000,0.5,0,0,0,FALSE,0,FALSE,0.5,"leave-d",200,0.7,1e+05,TRUE,761
10,0,0,0,9.96233587293949,8.7346635403347,11.1900082055443,10.0541917945889,8.00775718034999,12.1006264088279,10.222711617948,0,9.84112193170649,0,"chi","I",1000,1000,0.5,0,0,0,FALSE,0,FALSE,0.5,"leave-d",200,0.7,1e+05,TRUE,761
10,0,0,0,9.96233587293949,8.7346635403347,11.1900082055443,10.1308120045505,8.06471662030491,12.1969073887961,10.222711617948,0,10.2090174192831,0,"chi","I",1000,1000,0.5,0,0,0,FALSE,0,FALSE,0.5,"leave-d",200,0.7,1e+05,TRUE,761
10,0,0,0,9.96233587293949,8.7346635403347,11.1900082055443,8.99643461790106,6.94563464883201,11.0472345869701,10.222711617948,0,9.05112064913717,0,"chi","I",1000,1000,0.5,0,0,0,FALSE,0,FALSE,0.5,"leave-d",200,0.7,1e+05,TRUE,761
10,0,0,0,9.96233587293949,8.7346635403347,11.1900082055443,11.0977794359225,8.90448872249532,13.2910701493496,10.222711617948,0,11.3521471645517,0,"chi","I",1000,1000,0.5,0,0,0,FALSE,0,FALSE,0.5,"leave-d",200,0.7,1e+05,TRUE,761
10,0,0,0,9.96233587293949,8.7346635403347,11.1900082055443,10.115461397417,8.0107415580355,12.2201812367984,10.222711617948,0,10.2400886944761,0,"chi","I",1000,1000,0.5,0,0,0,FALSE,0,FALSE,0.5,"leave-d",200,0.7,1e+05,TRUE,761
10,0,0,0,9.96233587293949,8.7346635403347,11.1900082055443,8.75407864295014,6.86001650663803,10.6481407792623,10.222711617948,0,8.68081561501346,0,"chi","I",1000,1000,0.5,0,0,0,FALSE,0,FALSE,0.5,"leave-d",200,0.7,1e+05,TRUE,761
10,0,0,0,9.96233587293949,8.7346635403347,11.1900082055443,9.77441027164671,7.62024020755685,11.9285803357366,10.222711617948,0,10.1649361704966,0,"chi","I",1000,1000,0.5,0,0,0,FALSE,0,FALSE,0.5,"leave-d",200,0.7,1e+05,TRUE,761
10,0,0,0,9.96233587293949,8.7346635403347,11.1900082055443,9.66545568450541,7.77985677385185,11.551054595159,10.222711617948,0,10.1223497587629,0,"chi","I",1000,1000,0.5,0,0,0,FALSE,0,FALSE,0.5,"leave-d",200,0.7,1e+05,TRUE,761
10,0,0,0,9.96233587293949,8.7346635403347,11.1900082055443,9.53740104320836,7.51892304917632,11.5558790372404,10.222711617948,0,9.63830023954874,0,"chi","I",1000,1000,0.5,0,0,0,FALSE,0,FALSE,0.5,"leave-d",200,0.7,1e+05,TRUE,761
10,0,0,0,9.96233587293949,8.7346635403347,11.1900082055443,8.99267744197835,6.94253532260294,11.0428195613538,10.222711617948,0,8.90129264768808,0,"chi","I",1000,1000,0.5,0,0,0,FALSE,0,FALSE,0.5,"leave-d",200,0.7,1e+05,TRUE,761
10,0,0,0,9.96233587293949,8.7346635403347,11.1900082055443,10.6916360031272,8.5616107115693,12.821661294685,10.222711617948,0,10.7597113067449,0,"chi","I",1000,1000,0.5,0,0,0,FALSE,0,FALSE,0.5,"leave-d",200,0.7,1e+05,TRUE,761
10,0,0,0,9.96233587293949,8.7346635403347,11.1900082055443,10.5711843337596,8.40884919029854,12.7335194772207,10.222711617948,0,10.4459823175002,0,"chi","I",1000,1000,0.5,0,0,0,FALSE,0,FALSE,0.5,"leave-d",200,0.7,1e+05,TRUE,761
10,0,0,0,9.96233587293949,8.7346635403347,11.1900082055443,10.0361194984551,8.12262641584719,11.949612581063,10.222711617948,0,9.6264110273165,0,"chi","I",1000,1000,0.5,0,0,0,FALSE,0,FALSE,0.5,"leave-d",200,0.7,1e+05,TRUE,761
10,0,0,0,9.96233587293949,8.7346635403347,11.1900082055443,11.1628657541612,9.06379087496936,13.261940633353,10.222711617948,0,11.5384907366398,0,"chi","I",1000,1000,0.5,0,0,0,FALSE,0,FALSE,0.5,"leave-d",200,0.7,1e+05,TRUE,761
10,0,0,0,9.96233587293949,8.7346635403347,11.1900082055443,8.7456842175543,6.71203165931217,10.7793367757964,10.222711617948,0,8.68720648581497,0,"chi","I",1000,1000,0.5,0,0,0,FALSE,0,FALSE,0.5,"leave-d",200,0.7,1e+05,TRUE,761
10,0,0,0,9.96233587293949,8.7346635403347,11.1900082055443,11.9763946139147,9.73710373816761,14.2156854896619,10.222711617948,0,12.4229362039088,0,"chi","I",1000,1000,0.5,0,0,0,FALSE,0,FALSE,0.5,"leave-d",200,0.7,1e+05,TRUE,761
10,0,0,0,9.96233587293949,8.7346635403347,11.1900082055443,7.48448597145207,5.66485861012654,9.30411333277761,10.222711617948,0,7.3962595736707,0,"chi","I",1000,1000,0.5,0,0,0,FALSE,0,FALSE,0.5,"leave-d",200,0.7,1e+05,TRUE,761
10,0,0,0,9.96233587293949,8.7346635403347,11.1900082055443,11.9804748147278,9.88282321517211,14.0781264142835,10.222711617948,0,12.3274288577397,0,"chi","I",1000,1000,0.5,0,0,0,FALSE,0,FALSE,0.5,"leave-d",200,0.7,1e+05,TRUE,761
10,0,0,0,9.96233587293949,8.7346635403347,11.1900082055443,10.9782050362307,8.95718450490966,12.9992255675518,10.222711617948,0,11.159796005929,0,"chi","I",1000,1000,0.5,0,0,0,FALSE,0,FALSE,0.5,"leave-d",200,0.7,1e+05,TRUE,761
10,0,0,0,9.96233587293949,8.7346635403347,11.1900082055443,9.15750594002087,7.05940670267407,11.2556051773677,10.222711617948,0,9.19737549236957,0,"chi","I",1000,1000,0.5,0,0,0,FALSE,0,FALSE,0.5,"leave-d",200,0.7,1e+05,TRUE,761
10,0,0,0,9.96233587293949,8.7346635403347,11.1900082055443,8.53327920672327,6.53963454725906,10.5269238661875,10.222711617948,0,8.49772915557686,0,"chi","I",1000,1000,0.5,0,0,0,FALSE,0,FALSE,0.5,"leave-d",200,0.7,1e+05,TRUE,761
10,0,0,0,9.96233587293949,8.7346635403347,11.1900082055443,10.2821722676491,8.2570799720637,12.3072645632345,10.222711617948,0,9.77740048987418,0,"chi","I",1000,1000,0.5,0,0,0,FALSE,0,FALSE,0.5,"leave-d",200,0.7,1e+05,TRUE,761
10,0,0,0,9.96233587293949,8.7346635403347,11.1900082055443,10.4641878458532,8.35610218344322,12.5722735082632,10.222711617948,0,10.2365714941024,0,"chi","I",1000,1000,0.5,0,0,0,FALSE,0,FALSE,0.5,"leave-d",200,0.7,1e+05,TRUE,761
10,0,0,0,9.96233587293949,8.7346635403347,11.1900082055443,10.976084024726,8.78352596513846,13.1686420843135,10.222711617948,0,11.0449612001212,0,"chi","I",1000,1000,0.5,0,0,0,FALSE,0,FALSE,0.5,"leave-d",200,0.7,1e+05,TRUE,761
10,0,0,0,9.96233587293949,8.7346635403347,11.1900082055443,8.63008299169971,6.60691107802374,10.6532549053757,10.222711617948,0,8.43155086889652,0,"chi","I",1000,1000,0.5,0,0,0,FALSE,0,FALSE,0.5,"leave-d",200,0.7,1e+05,TRUE,761
10,0,0,0,9.96233587293949,8.7346635403347,11.1900082055443,9.51808527413309,7.44824612076065,11.5879244275055,10.222711617948,0,9.2353491251944,0,"chi","I",1000,1000,0.5,0,0,0,FALSE,0,FALSE,0.5,"leave-d",200,0.7,1e+05,TRUE,761
10,0,0,0,9.96233587293949,8.7346635403347,11.1900082055443,9.85402081070844,7.91432662367205,11.7937149977448,10.222711617948,0,9.63587485874972,0,"chi","I",1000,1000,0.5,0,0,0,FALSE,0,FALSE,0.5,"leave-d",200,0.7,1e+05,TRUE,761
10,0,0,0,9.96233587293949,8.7346635403347,11.1900082055443,11.2103794460307,9.05154982124092,13.3692090708204,10.222711617948,0,10.8686867732775,0,"chi","I",1000,1000,0.5,0,0,0,FALSE,0,FALSE,0.5,"leave-d",200,0.7,1e+05,TRUE,761
10,0,0,0,9.96233587293949,8.7346635403347,11.1900082055443,8.29200885900182,6.32030328168913,10.2637144363145,10.222711617948,0,8.28201549471787,0,"chi","I",1000,1000,0.5,0,0,0,FALSE,0,FALSE,0.5,"leave-d",200,0.7,1e+05,TRUE,761
10,0,0,0,9.96233587293949,8.7346635403347,11.1900082055443,10.3728402893002,8.30469611159044,12.44098446701,10.222711617948,0,9.98862431324639,0,"chi","I",1000,1000,0.5,0,0,0,FALSE,0,FALSE,0.5,"leave-d",200,0.7,1e+05,TRUE,761
10,0,0,0,9.96233587293949,8.7346635403347,11.1900082055443,8.62204451831572,6.65701686972257,10.5870721669089,10.222711617948,0,8.81036027565398,0,"chi","I",1000,1000,0.5,0,0,0,FALSE,0,FALSE,0.5,"leave-d",200,0.7,1e+05,TRUE,761
10,0,0,0,9.96233587293949,8.7346635403347,11.1900082055443,10.5355715918584,8.33021792867068,12.7409252550462,10.222711617948,0,10.4286941613073,0,"chi","I",1000,1000,0.5,0,0,0,FALSE,0,FALSE,0.5,"leave-d",200,0.7,1e+05,TRUE,761
10,0,0,0,9.96233587293949,8.7346635403347,11.1900082055443,10.3338542278305,8.26142581440357,12.4062826412574,10.222711617948,0,10.305616326211,0,"chi","I",1000,1000,0.5,0,0,0,FALSE,0,FALSE,0.5,"leave-d",200,0.7,1e+05,TRUE,761
10,0,0,0,9.96233587293949,8.7346635403347,11.1900082055443,10.4478976249052,8.4898849736705,12.40591027614,10.222711617948,0,10.5394944694504,0,"chi","I",1000,1000,0.5,0,0,0,FALSE,0,FALSE,0.5,"leave-d",200,0.7,1e+05,TRUE,761
10,0,0,0,9.96233587293949,8.7346635403347,11.1900082055443,9.77897900325064,7.78574205059038,11.7722159559109,10.222711617948,0,9.99888348160144,0,"chi","I",1000,1000,0.5,0,0,0,FALSE,0,FALSE,0.5,"leave-d",200,0.7,1e+05,TRUE,761
10,0,0,0,9.96233587293949,8.7346635403347,11.1900082055443,10.6896643249864,8.54196198496176,12.8373666650111,10.222711617948,0,11.6070470580051,0,"chi","I",1000,1000,0.5,0,0,0,FALSE,0,FALSE,0.5,"leave-d",200,0.7,1e+05,TRUE,761
10,0,0,0,9.96233587293949,8.7346635403347,11.1900082055443,9.55774191082723,7.55324506999738,11.5622387516571,10.222711617948,0,9.48044135753029,0,"chi","I",1000,1000,0.5,0,0,0,FALSE,0,FALSE,0.5,"leave-d",200,0.7,1e+05,TRUE,761
10,0,0,0,9.96233587293949,8.7346635403347,11.1900082055443,11.8003584138565,9.61793129894811,13.9827855287648,10.222711617948,0,11.6921355183743,0,"chi","I",1000,1000,0.5,0,0,0,FALSE,0,FALSE,0.5,"leave-d",200,0.7,1e+05,TRUE,761
10,0,0,0,9.96233587293949,8.7346635403347,11.1900082055443,8.90752817429058,6.87351056717381,10.9415457814074,10.222711617948,0,9.18619391219661,0,"chi","I",1000,1000,0.5,0,0,0,FALSE,0,FALSE,0.5,"leave-d",200,0.7,1e+05,TRUE,761
10,0,0,0,9.96233587293949,8.7346635403347,11.1900082055443,8.38214352496818,6.42696236233189,10.3373246876045,10.222711617948,0,8.31747359995517,0,"chi","I",1000,1000,0.5,0,0,0,FALSE,0,FALSE,0.5,"leave-d",200,0.7,1e+05,TRUE,761
