"var_main_effect","var_inter_effect","cov_main_inter_effect","var_total_effect","EigenPrism_main","EigenPrism_CI1","EigenPrism_CI2","sub_EigenPrism_main","sub_EigenPrism_CI1","sub_EigenPrism_CI2","GCTA_main","GCTA_inter","sub_GCTA_main","sub_GCTA_inter","x_dist","structure","p","n","main_fixed_var","main_random_var","inter_fixed_var","inter_random_var","decor","interact","combine","pro","bs","n_sub","rho_e","emp_n","inter_std","i"
10,0,0,0,10.94708920489,9.67632429643447,12.2178541133456,10.6965503155714,8.57147517279426,12.8216254583485,10.9842219784916,0,10.9025018875608,0,"chi","I",1000,1000,0.5,0,0,0,FALSE,0,FALSE,0.5,"leave-d",200,0.7,1e+05,TRUE,586
10,0,0,0,10.94708920489,9.67632429643447,12.2178541133456,11.6481422509604,9.42880334003535,13.8674811618854,10.9842219784916,0,12.0747083243424,0,"chi","I",1000,1000,0.5,0,0,0,FALSE,0,FALSE,0.5,"leave-d",200,0.7,1e+05,TRUE,586
10,0,0,0,10.94708920489,9.67632429643447,12.2178541133456,10.2649954803013,8.26924429262212,12.2607466679804,10.9842219784916,0,10.9299590329632,0,"chi","I",1000,1000,0.5,0,0,0,FALSE,0,FALSE,0.5,"leave-d",200,0.7,1e+05,TRUE,586
10,0,0,0,10.94708920489,9.67632429643447,12.2178541133456,10.0815704060268,8.0224077974472,12.1407330146064,10.9842219784916,0,10.3385910951023,0,"chi","I",1000,1000,0.5,0,0,0,FALSE,0,FALSE,0.5,"leave-d",200,0.7,1e+05,TRUE,586
10,0,0,0,10.94708920489,9.67632429643447,12.2178541133456,12.3437109104929,10.202124977122,14.4852968438639,10.9842219784916,0,12.9485657478901,0,"chi","I",1000,1000,0.5,0,0,0,FALSE,0,FALSE,0.5,"leave-d",200,0.7,1e+05,TRUE,586
10,0,0,0,10.94708920489,9.67632429643447,12.2178541133456,11.0623658493769,8.98207009257705,13.1426616061767,10.9842219784916,0,11.9864404835911,0,"chi","I",1000,1000,0.5,0,0,0,FALSE,0,FALSE,0.5,"leave-d",200,0.7,1e+05,TRUE,586
10,0,0,0,10.94708920489,9.67632429643447,12.2178541133456,8.69361742647659,6.60153239252868,10.7857024604245,10.9842219784916,0,8.64640027712885,0,"chi","I",1000,1000,0.5,0,0,0,FALSE,0,FALSE,0.5,"leave-d",200,0.7,1e+05,TRUE,586
10,0,0,0,10.94708920489,9.67632429643447,12.2178541133456,10.6444725149391,8.58293805992313,12.7060069699552,10.9842219784916,0,10.6901154077038,0,"chi","I",1000,1000,0.5,0,0,0,FALSE,0,FALSE,0.5,"leave-d",200,0.7,1e+05,TRUE,586
10,0,0,0,10.94708920489,9.67632429643447,12.2178541133456,10.3505484536255,8.2783236458001,12.4227732614508,10.9842219784916,0,10.3280776839796,0,"chi","I",1000,1000,0.5,0,0,0,FALSE,0,FALSE,0.5,"leave-d",200,0.7,1e+05,TRUE,586
10,0,0,0,10.94708920489,9.67632429643447,12.2178541133456,9.49700927209073,7.46952105504056,11.5244974891409,10.9842219784916,0,9.48779821786593,0,"chi","I",1000,1000,0.5,0,0,0,FALSE,0,FALSE,0.5,"leave-d",200,0.7,1e+05,TRUE,586
10,0,0,0,10.94708920489,9.67632429643447,12.2178541133456,8.8722959587426,6.81681927545234,10.9277726420329,10.9842219784916,0,8.87756868669785,0,"chi","I",1000,1000,0.5,0,0,0,FALSE,0,FALSE,0.5,"leave-d",200,0.7,1e+05,TRUE,586
10,0,0,0,10.94708920489,9.67632429643447,12.2178541133456,11.0645844658306,8.80427114341516,13.3248977882461,10.9842219784916,0,10.9444380006568,0,"chi","I",1000,1000,0.5,0,0,0,FALSE,0,FALSE,0.5,"leave-d",200,0.7,1e+05,TRUE,586
10,0,0,0,10.94708920489,9.67632429643447,12.2178541133456,12.0347286520243,9.75287538854146,14.3165819155072,10.9842219784916,0,11.4150001512064,0,"chi","I",1000,1000,0.5,0,0,0,FALSE,0,FALSE,0.5,"leave-d",200,0.7,1e+05,TRUE,586
10,0,0,0,10.94708920489,9.67632429643447,12.2178541133456,10.5748585914687,8.56202486132044,12.5876923216169,10.9842219784916,0,10.7315868728686,0,"chi","I",1000,1000,0.5,0,0,0,FALSE,0,FALSE,0.5,"leave-d",200,0.7,1e+05,TRUE,586
10,0,0,0,10.94708920489,9.67632429643447,12.2178541133456,11.4478025293049,9.2865311391057,13.6090739195042,10.9842219784916,0,11.9555506796153,0,"chi","I",1000,1000,0.5,0,0,0,FALSE,0,FALSE,0.5,"leave-d",200,0.7,1e+05,TRUE,586
10,0,0,0,10.94708920489,9.67632429643447,12.2178541133456,10.9964184546075,8.7685475044459,13.2242894047691,10.9842219784916,0,11.1221358271788,0,"chi","I",1000,1000,0.5,0,0,0,FALSE,0,FALSE,0.5,"leave-d",200,0.7,1e+05,TRUE,586
10,0,0,0,10.94708920489,9.67632429643447,12.2178541133456,11.1333139648652,8.96900138920437,13.2976265405259,10.9842219784916,0,11.0480525344534,0,"chi","I",1000,1000,0.5,0,0,0,FALSE,0,FALSE,0.5,"leave-d",200,0.7,1e+05,TRUE,586
10,0,0,0,10.94708920489,9.67632429643447,12.2178541133456,8.6611628618246,6.5719804186815,10.7503453049677,10.9842219784916,0,8.61219485007386,0,"chi","I",1000,1000,0.5,0,0,0,FALSE,0,FALSE,0.5,"leave-d",200,0.7,1e+05,TRUE,586
10,0,0,0,10.94708920489,9.67632429643447,12.2178541133456,11.7276891963192,9.60088986933976,13.8544885232986,10.9842219784916,0,11.4335054161025,0,"chi","I",1000,1000,0.5,0,0,0,FALSE,0,FALSE,0.5,"leave-d",200,0.7,1e+05,TRUE,586
10,0,0,0,10.94708920489,9.67632429643447,12.2178541133456,11.7190816861887,9.5078048063107,13.9303585660668,10.9842219784916,0,12.2284676013296,0,"chi","I",1000,1000,0.5,0,0,0,FALSE,0,FALSE,0.5,"leave-d",200,0.7,1e+05,TRUE,586
10,0,0,0,10.94708920489,9.67632429643447,12.2178541133456,9.13376008280789,7.10377311193242,11.1637470536834,10.9842219784916,0,9.18579072691566,0,"chi","I",1000,1000,0.5,0,0,0,FALSE,0,FALSE,0.5,"leave-d",200,0.7,1e+05,TRUE,586
10,0,0,0,10.94708920489,9.67632429643447,12.2178541133456,8.95320921093675,6.97279054714428,10.9336278747292,10.9842219784916,0,9.05500617872647,0,"chi","I",1000,1000,0.5,0,0,0,FALSE,0,FALSE,0.5,"leave-d",200,0.7,1e+05,TRUE,586
10,0,0,0,10.94708920489,9.67632429643447,12.2178541133456,8.49650534623458,6.57760187673865,10.4154088157305,10.9842219784916,0,8.70254631329593,0,"chi","I",1000,1000,0.5,0,0,0,FALSE,0,FALSE,0.5,"leave-d",200,0.7,1e+05,TRUE,586
10,0,0,0,10.94708920489,9.67632429643447,12.2178541133456,10.4886132435049,8.46061843671816,12.5166080502917,10.9842219784916,0,11.3342903916839,0,"chi","I",1000,1000,0.5,0,0,0,FALSE,0,FALSE,0.5,"leave-d",200,0.7,1e+05,TRUE,586
10,0,0,0,10.94708920489,9.67632429643447,12.2178541133456,10.765245070453,8.55013998152644,12.9803501593795,10.9842219784916,0,11.2825742267161,0,"chi","I",1000,1000,0.5,0,0,0,FALSE,0,FALSE,0.5,"leave-d",200,0.7,1e+05,TRUE,586
10,0,0,0,10.94708920489,9.67632429643447,12.2178541133456,10.7399563581046,8.64985212520037,12.8300605910088,10.9842219784916,0,10.3960120173436,0,"chi","I",1000,1000,0.5,0,0,0,FALSE,0,FALSE,0.5,"leave-d",200,0.7,1e+05,TRUE,586
10,0,0,0,10.94708920489,9.67632429643447,12.2178541133456,11.7455918899806,9.51764934789318,13.9735344320681,10.9842219784916,0,12.0600979911356,0,"chi","I",1000,1000,0.5,0,0,0,FALSE,0,FALSE,0.5,"leave-d",200,0.7,1e+05,TRUE,586
10,0,0,0,10.94708920489,9.67632429643447,12.2178541133456,12.942395043782,10.7387430275764,15.1460470599877,10.9842219784916,0,12.5394819163999,0,"chi","I",1000,1000,0.5,0,0,0,FALSE,0,FALSE,0.5,"leave-d",200,0.7,1e+05,TRUE,586
10,0,0,0,10.94708920489,9.67632429643447,12.2178541133456,10.2261399520356,8.18256357456454,12.2697163295067,10.9842219784916,0,10.2247236158632,0,"chi","I",1000,1000,0.5,0,0,0,FALSE,0,FALSE,0.5,"leave-d",200,0.7,1e+05,TRUE,586
10,0,0,0,10.94708920489,9.67632429643447,12.2178541133456,9.22258297355895,7.27768204413005,11.1674839029878,10.9842219784916,0,9.44072291447589,0,"chi","I",1000,1000,0.5,0,0,0,FALSE,0,FALSE,0.5,"leave-d",200,0.7,1e+05,TRUE,586
10,0,0,0,10.94708920489,9.67632429643447,12.2178541133456,11.688458184043,9.58865367395494,13.7882626941311,10.9842219784916,0,12.467267301262,0,"chi","I",1000,1000,0.5,0,0,0,FALSE,0,FALSE,0.5,"leave-d",200,0.7,1e+05,TRUE,586
10,0,0,0,10.94708920489,9.67632429643447,12.2178541133456,11.3068439686089,9.22679559841144,13.3868923388063,10.9842219784916,0,11.0509849979593,0,"chi","I",1000,1000,0.5,0,0,0,FALSE,0,FALSE,0.5,"leave-d",200,0.7,1e+05,TRUE,586
10,0,0,0,10.94708920489,9.67632429643447,12.2178541133456,8.56763515913598,6.50796444494494,10.627305873327,10.9842219784916,0,8.65210295111211,0,"chi","I",1000,1000,0.5,0,0,0,FALSE,0,FALSE,0.5,"leave-d",200,0.7,1e+05,TRUE,586
10,0,0,0,10.94708920489,9.67632429643447,12.2178541133456,10.8066870122573,8.66991683842064,12.9434571860941,10.9842219784916,0,11.0335007397532,0,"chi","I",1000,1000,0.5,0,0,0,FALSE,0,FALSE,0.5,"leave-d",200,0.7,1e+05,TRUE,586
10,0,0,0,10.94708920489,9.67632429643447,12.2178541133456,10.1685026817693,8.08378403695535,12.2532213265832,10.9842219784916,0,10.5385664907402,0,"chi","I",1000,1000,0.5,0,0,0,FALSE,0,FALSE,0.5,"leave-d",200,0.7,1e+05,TRUE,586
10,0,0,0,10.94708920489,9.67632429643447,12.2178541133456,9.07417302170149,6.99785439680489,11.1504916465981,10.9842219784916,0,9.39803763692255,0,"chi","I",1000,1000,0.5,0,0,0,FALSE,0,FALSE,0.5,"leave-d",200,0.7,1e+05,TRUE,586
10,0,0,0,10.94708920489,9.67632429643447,12.2178541133456,9.58813275671434,7.53448676854894,11.6417787448797,10.9842219784916,0,9.56269859151155,0,"chi","I",1000,1000,0.5,0,0,0,FALSE,0,FALSE,0.5,"leave-d",200,0.7,1e+05,TRUE,586
10,0,0,0,10.94708920489,9.67632429643447,12.2178541133456,7.64537081477629,5.65977743919865,9.63096419035393,10.9842219784916,0,7.36501013636897,0,"chi","I",1000,1000,0.5,0,0,0,FALSE,0,FALSE,0.5,"leave-d",200,0.7,1e+05,TRUE,586
10,0,0,0,10.94708920489,9.67632429643447,12.2178541133456,10.6303310257308,8.52598946779295,12.7346725836686,10.9842219784916,0,10.4986179494455,0,"chi","I",1000,1000,0.5,0,0,0,FALSE,0,FALSE,0.5,"leave-d",200,0.7,1e+05,TRUE,586
10,0,0,0,10.94708920489,9.67632429643447,12.2178541133456,10.0870366992981,8.10677277312622,12.06730062547,10.9842219784916,0,10.782751271133,0,"chi","I",1000,1000,0.5,0,0,0,FALSE,0,FALSE,0.5,"leave-d",200,0.7,1e+05,TRUE,586
10,0,0,0,10.94708920489,9.67632429643447,12.2178541133456,10.6675608728621,8.53097696994028,12.804144775784,10.9842219784916,0,11.4733459693701,0,"chi","I",1000,1000,0.5,0,0,0,FALSE,0,FALSE,0.5,"leave-d",200,0.7,1e+05,TRUE,586
10,0,0,0,10.94708920489,9.67632429643447,12.2178541133456,10.451919904649,8.31326805126301,12.5905717580349,10.9842219784916,0,10.4367103380268,0,"chi","I",1000,1000,0.5,0,0,0,FALSE,0,FALSE,0.5,"leave-d",200,0.7,1e+05,TRUE,586
10,0,0,0,10.94708920489,9.67632429643447,12.2178541133456,11.6072127208636,9.40800219900403,13.8064232427233,10.9842219784916,0,11.4169586725819,0,"chi","I",1000,1000,0.5,0,0,0,FALSE,0,FALSE,0.5,"leave-d",200,0.7,1e+05,TRUE,586
10,0,0,0,10.94708920489,9.67632429643447,12.2178541133456,9.76980505673986,7.7361905363829,11.8034195770968,10.9842219784916,0,10.0644413796022,0,"chi","I",1000,1000,0.5,0,0,0,FALSE,0,FALSE,0.5,"leave-d",200,0.7,1e+05,TRUE,586
10,0,0,0,10.94708920489,9.67632429643447,12.2178541133456,11.9052177443007,9.77148893181568,14.0389465567856,10.9842219784916,0,11.8823686709051,0,"chi","I",1000,1000,0.5,0,0,0,FALSE,0,FALSE,0.5,"leave-d",200,0.7,1e+05,TRUE,586
10,0,0,0,10.94708920489,9.67632429643447,12.2178541133456,12.6787190383012,10.4293448643782,14.9280932122242,10.9842219784916,0,13.2585052938937,0,"chi","I",1000,1000,0.5,0,0,0,FALSE,0,FALSE,0.5,"leave-d",200,0.7,1e+05,TRUE,586
10,0,0,0,10.94708920489,9.67632429643447,12.2178541133456,7.00561243719535,4.98705123709537,9.02417363729533,10.9842219784916,0,6.84466237304555,0,"chi","I",1000,1000,0.5,0,0,0,FALSE,0,FALSE,0.5,"leave-d",200,0.7,1e+05,TRUE,586
10,0,0,0,10.94708920489,9.67632429643447,12.2178541133456,10.1126690594934,8.17441296217905,12.0509251568078,10.9842219784916,0,10.3839743846347,0,"chi","I",1000,1000,0.5,0,0,0,FALSE,0,FALSE,0.5,"leave-d",200,0.7,1e+05,TRUE,586
10,0,0,0,10.94708920489,9.67632429643447,12.2178541133456,10.6859229734589,8.56530334699332,12.8065425999245,10.9842219784916,0,11.0974616146902,0,"chi","I",1000,1000,0.5,0,0,0,FALSE,0,FALSE,0.5,"leave-d",200,0.7,1e+05,TRUE,586
10,0,0,0,10.94708920489,9.67632429643447,12.2178541133456,8.6177791508553,6.63994013051308,10.5956181711975,10.9842219784916,0,9.18835401945446,0,"chi","I",1000,1000,0.5,0,0,0,FALSE,0,FALSE,0.5,"leave-d",200,0.7,1e+05,TRUE,586
10,0,0,0,10.94708920489,9.67632429643447,12.2178541133456,11.3817220035055,9.26821747876621,13.4952265282449,10.9842219784916,0,12.0356315539615,0,"chi","I",1000,1000,0.5,0,0,0,FALSE,0,FALSE,0.5,"leave-d",200,0.7,1e+05,TRUE,586
10,0,0,0,10.94708920489,9.67632429643447,12.2178541133456,10.5521622640977,8.32582070493653,12.778503823259,10.9842219784916,0,10.7805550273489,0,"chi","I",1000,1000,0.5,0,0,0,FALSE,0,FALSE,0.5,"leave-d",200,0.7,1e+05,TRUE,586
10,0,0,0,10.94708920489,9.67632429643447,12.2178541133456,9.49447847272675,7.50801868919716,11.4809382562563,10.9842219784916,0,10.3262944733909,0,"chi","I",1000,1000,0.5,0,0,0,FALSE,0,FALSE,0.5,"leave-d",200,0.7,1e+05,TRUE,586
10,0,0,0,10.94708920489,9.67632429643447,12.2178541133456,9.88753663929952,7.90598852744486,11.8690847511542,10.9842219784916,0,10.1322373016958,0,"chi","I",1000,1000,0.5,0,0,0,FALSE,0,FALSE,0.5,"leave-d",200,0.7,1e+05,TRUE,586
10,0,0,0,10.94708920489,9.67632429643447,12.2178541133456,11.9742317616574,9.8219062495573,14.1265572737576,10.9842219784916,0,11.7539882155704,0,"chi","I",1000,1000,0.5,0,0,0,FALSE,0,FALSE,0.5,"leave-d",200,0.7,1e+05,TRUE,586
10,0,0,0,10.94708920489,9.67632429643447,12.2178541133456,9.9908798813368,7.93431815877151,12.0474416039021,10.9842219784916,0,10.3279782876878,0,"chi","I",1000,1000,0.5,0,0,0,FALSE,0,FALSE,0.5,"leave-d",200,0.7,1e+05,TRUE,586
10,0,0,0,10.94708920489,9.67632429643447,12.2178541133456,11.1553566827036,8.86462831170924,13.446085053698,10.9842219784916,0,11.0406566434087,0,"chi","I",1000,1000,0.5,0,0,0,FALSE,0,FALSE,0.5,"leave-d",200,0.7,1e+05,TRUE,586
10,0,0,0,10.94708920489,9.67632429643447,12.2178541133456,11.7938020886089,9.51689222674819,14.0707119504696,10.9842219784916,0,12.0187973853588,0,"chi","I",1000,1000,0.5,0,0,0,FALSE,0,FALSE,0.5,"leave-d",200,0.7,1e+05,TRUE,586
10,0,0,0,10.94708920489,9.67632429643447,12.2178541133456,9.62413082366448,7.57254763253822,11.6757140147907,10.9842219784916,0,9.81467254679091,0,"chi","I",1000,1000,0.5,0,0,0,FALSE,0,FALSE,0.5,"leave-d",200,0.7,1e+05,TRUE,586
10,0,0,0,10.94708920489,9.67632429643447,12.2178541133456,10.8617020022516,8.60031820825243,13.1230857962507,10.9842219784916,0,11.1117635037459,0,"chi","I",1000,1000,0.5,0,0,0,FALSE,0,FALSE,0.5,"leave-d",200,0.7,1e+05,TRUE,586
10,0,0,0,10.94708920489,9.67632429643447,12.2178541133456,10.5705371254304,8.44936720162936,12.6917070492314,10.9842219784916,0,11.6855801858732,0,"chi","I",1000,1000,0.5,0,0,0,FALSE,0,FALSE,0.5,"leave-d",200,0.7,1e+05,TRUE,586
10,0,0,0,10.94708920489,9.67632429643447,12.2178541133456,9.6178972541327,7.63005491588486,11.6057395923805,10.9842219784916,0,9.58365557975626,0,"chi","I",1000,1000,0.5,0,0,0,FALSE,0,FALSE,0.5,"leave-d",200,0.7,1e+05,TRUE,586
10,0,0,0,10.94708920489,9.67632429643447,12.2178541133456,11.2309676995909,9.12091943610592,13.3410159630758,10.9842219784916,0,11.1763223582368,0,"chi","I",1000,1000,0.5,0,0,0,FALSE,0,FALSE,0.5,"leave-d",200,0.7,1e+05,TRUE,586
10,0,0,0,10.94708920489,9.67632429643447,12.2178541133456,11.6081733186536,9.41184405030138,13.8045025870058,10.9842219784916,0,11.4862842333704,0,"chi","I",1000,1000,0.5,0,0,0,FALSE,0,FALSE,0.5,"leave-d",200,0.7,1e+05,TRUE,586
10,0,0,0,10.94708920489,9.67632429643447,12.2178541133456,11.3192300742273,9.31369565108427,13.3247644973704,10.9842219784916,0,11.7237040736087,0,"chi","I",1000,1000,0.5,0,0,0,FALSE,0,FALSE,0.5,"leave-d",200,0.7,1e+05,TRUE,586
10,0,0,0,10.94708920489,9.67632429643447,12.2178541133456,12.5992642643137,10.2798499669127,14.9186785617147,10.9842219784916,0,13.792706759104,0,"chi","I",1000,1000,0.5,0,0,0,FALSE,0,FALSE,0.5,"leave-d",200,0.7,1e+05,TRUE,586
10,0,0,0,10.94708920489,9.67632429643447,12.2178541133456,10.4249983997068,8.3941778392157,12.455818960198,10.9842219784916,0,10.8314645349465,0,"chi","I",1000,1000,0.5,0,0,0,FALSE,0,FALSE,0.5,"leave-d",200,0.7,1e+05,TRUE,586
10,0,0,0,10.94708920489,9.67632429643447,12.2178541133456,11.3690821734749,9.24790058069675,13.4902637662531,10.9842219784916,0,10.8176654258809,0,"chi","I",1000,1000,0.5,0,0,0,FALSE,0,FALSE,0.5,"leave-d",200,0.7,1e+05,TRUE,586
10,0,0,0,10.94708920489,9.67632429643447,12.2178541133456,11.0690356789541,8.94437980782823,13.19369155008,10.9842219784916,0,12.093512675095,0,"chi","I",1000,1000,0.5,0,0,0,FALSE,0,FALSE,0.5,"leave-d",200,0.7,1e+05,TRUE,586
10,0,0,0,10.94708920489,9.67632429643447,12.2178541133456,10.6692709140406,8.4865631541248,12.8519786739564,10.9842219784916,0,10.9239318066272,0,"chi","I",1000,1000,0.5,0,0,0,FALSE,0,FALSE,0.5,"leave-d",200,0.7,1e+05,TRUE,586
10,0,0,0,10.94708920489,9.67632429643447,12.2178541133456,9.78846679989425,7.8308230018903,11.7461105978982,10.9842219784916,0,10.0231138054394,0,"chi","I",1000,1000,0.5,0,0,0,FALSE,0,FALSE,0.5,"leave-d",200,0.7,1e+05,TRUE,586
10,0,0,0,10.94708920489,9.67632429643447,12.2178541133456,10.2069759501777,7.96382820105007,12.4501236993054,10.9842219784916,0,9.7564185094849,0,"chi","I",1000,1000,0.5,0,0,0,FALSE,0,FALSE,0.5,"leave-d",200,0.7,1e+05,TRUE,586
10,0,0,0,10.94708920489,9.67632429643447,12.2178541133456,10.7241395452934,8.58785341713693,12.8604256734499,10.9842219784916,0,11.9305069979763,0,"chi","I",1000,1000,0.5,0,0,0,FALSE,0,FALSE,0.5,"leave-d",200,0.7,1e+05,TRUE,586
10,0,0,0,10.94708920489,9.67632429643447,12.2178541133456,13.0360190508423,10.7992550321689,15.2727830695157,10.9842219784916,0,12.8305589772304,0,"chi","I",1000,1000,0.5,0,0,0,FALSE,0,FALSE,0.5,"leave-d",200,0.7,1e+05,TRUE,586
10,0,0,0,10.94708920489,9.67632429643447,12.2178541133456,9.99085593164643,7.96584672825268,12.0158651350402,10.9842219784916,0,9.70714524890217,0,"chi","I",1000,1000,0.5,0,0,0,FALSE,0,FALSE,0.5,"leave-d",200,0.7,1e+05,TRUE,586
10,0,0,0,10.94708920489,9.67632429643447,12.2178541133456,10.9100255636124,8.81872640055178,13.0013247266729,10.9842219784916,0,11.132446248922,0,"chi","I",1000,1000,0.5,0,0,0,FALSE,0,FALSE,0.5,"leave-d",200,0.7,1e+05,TRUE,586
10,0,0,0,10.94708920489,9.67632429643447,12.2178541133456,9.45690976509293,7.42418828909875,11.4896312410871,10.9842219784916,0,9.7332013001597,0,"chi","I",1000,1000,0.5,0,0,0,FALSE,0,FALSE,0.5,"leave-d",200,0.7,1e+05,TRUE,586
10,0,0,0,10.94708920489,9.67632429643447,12.2178541133456,10.782823443526,8.65009815299485,12.9155487340571,10.9842219784916,0,10.8978437320903,0,"chi","I",1000,1000,0.5,0,0,0,FALSE,0,FALSE,0.5,"leave-d",200,0.7,1e+05,TRUE,586
10,0,0,0,10.94708920489,9.67632429643447,12.2178541133456,11.2718967211314,9.11595233028775,13.427841111975,10.9842219784916,0,11.1039239545691,0,"chi","I",1000,1000,0.5,0,0,0,FALSE,0,FALSE,0.5,"leave-d",200,0.7,1e+05,TRUE,586
10,0,0,0,10.94708920489,9.67632429643447,12.2178541133456,11.8420460064924,9.6482150419366,14.0358769710481,10.9842219784916,0,11.7143416640905,0,"chi","I",1000,1000,0.5,0,0,0,FALSE,0,FALSE,0.5,"leave-d",200,0.7,1e+05,TRUE,586
10,0,0,0,10.94708920489,9.67632429643447,12.2178541133456,8.97954188865951,7.09297012640293,10.8661136509161,10.9842219784916,0,9.24747370896866,0,"chi","I",1000,1000,0.5,0,0,0,FALSE,0,FALSE,0.5,"leave-d",200,0.7,1e+05,TRUE,586
10,0,0,0,10.94708920489,9.67632429643447,12.2178541133456,9.59954878280275,7.65086586694134,11.5482316986642,10.9842219784916,0,9.14188653025988,0,"chi","I",1000,1000,0.5,0,0,0,FALSE,0,FALSE,0.5,"leave-d",200,0.7,1e+05,TRUE,586
10,0,0,0,10.94708920489,9.67632429643447,12.2178541133456,10.1035184492987,7.93454895013963,12.2724879484578,10.9842219784916,0,10.2805881954671,0,"chi","I",1000,1000,0.5,0,0,0,FALSE,0,FALSE,0.5,"leave-d",200,0.7,1e+05,TRUE,586
10,0,0,0,10.94708920489,9.67632429643447,12.2178541133456,10.8397464799975,8.76511909732804,12.914373862667,10.9842219784916,0,10.7264268018837,0,"chi","I",1000,1000,0.5,0,0,0,FALSE,0,FALSE,0.5,"leave-d",200,0.7,1e+05,TRUE,586
10,0,0,0,10.94708920489,9.67632429643447,12.2178541133456,9.89588789045552,7.82692025902858,11.9648555218825,10.9842219784916,0,9.92694803139976,0,"chi","I",1000,1000,0.5,0,0,0,FALSE,0,FALSE,0.5,"leave-d",200,0.7,1e+05,TRUE,586
10,0,0,0,10.94708920489,9.67632429643447,12.2178541133456,9.77510386932435,7.71789816176134,11.8323095768874,10.9842219784916,0,9.77595112941036,0,"chi","I",1000,1000,0.5,0,0,0,FALSE,0,FALSE,0.5,"leave-d",200,0.7,1e+05,TRUE,586
10,0,0,0,10.94708920489,9.67632429643447,12.2178541133456,10.7373512357859,8.68040011015689,12.794302361415,10.9842219784916,0,10.7236847339294,0,"chi","I",1000,1000,0.5,0,0,0,FALSE,0,FALSE,0.5,"leave-d",200,0.7,1e+05,TRUE,586
10,0,0,0,10.94708920489,9.67632429643447,12.2178541133456,8.91639277323827,6.94268160742882,10.8901039390477,10.9842219784916,0,8.9965866882637,0,"chi","I",1000,1000,0.5,0,0,0,FALSE,0,FALSE,0.5,"leave-d",200,0.7,1e+05,TRUE,586
10,0,0,0,10.94708920489,9.67632429643447,12.2178541133456,8.3391523578961,6.3129931643536,10.3653115514386,10.9842219784916,0,8.40090481925076,0,"chi","I",1000,1000,0.5,0,0,0,FALSE,0,FALSE,0.5,"leave-d",200,0.7,1e+05,TRUE,586
10,0,0,0,10.94708920489,9.67632429643447,12.2178541133456,9.62977307472867,7.65188943368466,11.6076567157727,10.9842219784916,0,9.84156178846057,0,"chi","I",1000,1000,0.5,0,0,0,FALSE,0,FALSE,0.5,"leave-d",200,0.7,1e+05,TRUE,586
10,0,0,0,10.94708920489,9.67632429643447,12.2178541133456,8.89776276364625,6.98897869666889,10.8065468306236,10.9842219784916,0,9.08254421943908,0,"chi","I",1000,1000,0.5,0,0,0,FALSE,0,FALSE,0.5,"leave-d",200,0.7,1e+05,TRUE,586
10,0,0,0,10.94708920489,9.67632429643447,12.2178541133456,9.26726506316815,7.26914436993756,11.2653857563987,10.9842219784916,0,9.46289363421969,0,"chi","I",1000,1000,0.5,0,0,0,FALSE,0,FALSE,0.5,"leave-d",200,0.7,1e+05,TRUE,586
10,0,0,0,10.94708920489,9.67632429643447,12.2178541133456,11.0867565716316,8.82749262159679,13.3460205216663,10.9842219784916,0,11.6548178361835,0,"chi","I",1000,1000,0.5,0,0,0,FALSE,0,FALSE,0.5,"leave-d",200,0.7,1e+05,TRUE,586
10,0,0,0,10.94708920489,9.67632429643447,12.2178541133456,10.4993242897759,8.34229855068629,12.6563500288655,10.9842219784916,0,10.5566290903059,0,"chi","I",1000,1000,0.5,0,0,0,FALSE,0,FALSE,0.5,"leave-d",200,0.7,1e+05,TRUE,586
10,0,0,0,10.94708920489,9.67632429643447,12.2178541133456,11.7511729189227,9.55511915368083,13.9472266841646,10.9842219784916,0,11.7330717959078,0,"chi","I",1000,1000,0.5,0,0,0,FALSE,0,FALSE,0.5,"leave-d",200,0.7,1e+05,TRUE,586
10,0,0,0,10.94708920489,9.67632429643447,12.2178541133456,10.7052618250149,8.65087546329644,12.7596481867334,10.9842219784916,0,10.5668126645404,0,"chi","I",1000,1000,0.5,0,0,0,FALSE,0,FALSE,0.5,"leave-d",200,0.7,1e+05,TRUE,586
10,0,0,0,10.94708920489,9.67632429643447,12.2178541133456,10.2928086697512,8.25355277805345,12.3320645614489,10.9842219784916,0,10.7997365378482,0,"chi","I",1000,1000,0.5,0,0,0,FALSE,0,FALSE,0.5,"leave-d",200,0.7,1e+05,TRUE,586
10,0,0,0,10.94708920489,9.67632429643447,12.2178541133456,10.712070445144,8.53746142901058,12.8866794612774,10.9842219784916,0,11.0585198740578,0,"chi","I",1000,1000,0.5,0,0,0,FALSE,0,FALSE,0.5,"leave-d",200,0.7,1e+05,TRUE,586
10,0,0,0,10.94708920489,9.67632429643447,12.2178541133456,11.5695979517502,9.44188014931763,13.6973157541829,10.9842219784916,0,11.0338535352121,0,"chi","I",1000,1000,0.5,0,0,0,FALSE,0,FALSE,0.5,"leave-d",200,0.7,1e+05,TRUE,586
10,0,0,0,10.94708920489,9.67632429643447,12.2178541133456,12.5903201589718,10.443363294971,14.7372770229725,10.9842219784916,0,11.9517196457279,0,"chi","I",1000,1000,0.5,0,0,0,FALSE,0,FALSE,0.5,"leave-d",200,0.7,1e+05,TRUE,586
10,0,0,0,10.94708920489,9.67632429643447,12.2178541133456,8.42766089509662,6.44222588389778,10.4130959062955,10.9842219784916,0,8.29131831091545,0,"chi","I",1000,1000,0.5,0,0,0,FALSE,0,FALSE,0.5,"leave-d",200,0.7,1e+05,TRUE,586
10,0,0,0,10.94708920489,9.67632429643447,12.2178541133456,11.7241492257492,9.53367507572768,13.9146233757707,10.9842219784916,0,12.6167626407246,0,"chi","I",1000,1000,0.5,0,0,0,FALSE,0,FALSE,0.5,"leave-d",200,0.7,1e+05,TRUE,586
10,0,0,0,10.94708920489,9.67632429643447,12.2178541133456,14.0721595542354,11.6828917135542,16.4614273949167,10.9842219784916,0,14.1695015392721,0,"chi","I",1000,1000,0.5,0,0,0,FALSE,0,FALSE,0.5,"leave-d",200,0.7,1e+05,TRUE,586
10,0,0,0,10.94708920489,9.67632429643447,12.2178541133456,12.379461718656,10.1943135200742,14.5646099172379,10.9842219784916,0,13.6052149058081,0,"chi","I",1000,1000,0.5,0,0,0,FALSE,0,FALSE,0.5,"leave-d",200,0.7,1e+05,TRUE,586
10,0,0,0,10.94708920489,9.67632429643447,12.2178541133456,13.2621671655374,10.9569165622327,15.5674177688421,10.9842219784916,0,13.1264264439436,0,"chi","I",1000,1000,0.5,0,0,0,FALSE,0,FALSE,0.5,"leave-d",200,0.7,1e+05,TRUE,586
10,0,0,0,10.94708920489,9.67632429643447,12.2178541133456,8.73825656957242,6.74878710030294,10.7277260388419,10.9842219784916,0,8.64936662234468,0,"chi","I",1000,1000,0.5,0,0,0,FALSE,0,FALSE,0.5,"leave-d",200,0.7,1e+05,TRUE,586
10,0,0,0,10.94708920489,9.67632429643447,12.2178541133456,11.0835424994177,8.943796805442,13.2232881933934,10.9842219784916,0,10.7153433962815,0,"chi","I",1000,1000,0.5,0,0,0,FALSE,0,FALSE,0.5,"leave-d",200,0.7,1e+05,TRUE,586
10,0,0,0,10.94708920489,9.67632429643447,12.2178541133456,9.79261642549142,7.76472065780168,11.8205121931812,10.9842219784916,0,9.72816588864762,0,"chi","I",1000,1000,0.5,0,0,0,FALSE,0,FALSE,0.5,"leave-d",200,0.7,1e+05,TRUE,586
10,0,0,0,10.94708920489,9.67632429643447,12.2178541133456,11.182852367092,9.01263210177468,13.3530726324092,10.9842219784916,0,11.7654762525014,0,"chi","I",1000,1000,0.5,0,0,0,FALSE,0,FALSE,0.5,"leave-d",200,0.7,1e+05,TRUE,586
10,0,0,0,10.94708920489,9.67632429643447,12.2178541133456,10.5288116051553,8.53971763947429,12.5179055708363,10.9842219784916,0,10.3052889269428,0,"chi","I",1000,1000,0.5,0,0,0,FALSE,0,FALSE,0.5,"leave-d",200,0.7,1e+05,TRUE,586
10,0,0,0,10.94708920489,9.67632429643447,12.2178541133456,10.8835117103973,8.77528684085943,12.9917365799353,10.9842219784916,0,10.8577339544465,0,"chi","I",1000,1000,0.5,0,0,0,FALSE,0,FALSE,0.5,"leave-d",200,0.7,1e+05,TRUE,586
10,0,0,0,10.94708920489,9.67632429643447,12.2178541133456,11.6584781579882,9.66031330850208,13.6566430074743,10.9842219784916,0,13.3465302865213,0,"chi","I",1000,1000,0.5,0,0,0,FALSE,0,FALSE,0.5,"leave-d",200,0.7,1e+05,TRUE,586
10,0,0,0,10.94708920489,9.67632429643447,12.2178541133456,8.74117208720231,6.71298750232122,10.7693566720834,10.9842219784916,0,8.82333241362943,0,"chi","I",1000,1000,0.5,0,0,0,FALSE,0,FALSE,0.5,"leave-d",200,0.7,1e+05,TRUE,586
10,0,0,0,10.94708920489,9.67632429643447,12.2178541133456,13.6648580958234,11.3944534239829,15.9352627676639,10.9842219784916,0,13.5683751658648,0,"chi","I",1000,1000,0.5,0,0,0,FALSE,0,FALSE,0.5,"leave-d",200,0.7,1e+05,TRUE,586
10,0,0,0,10.94708920489,9.67632429643447,12.2178541133456,8.3586433971177,6.36121404716158,10.3560727470738,10.9842219784916,0,8.2164536942709,0,"chi","I",1000,1000,0.5,0,0,0,FALSE,0,FALSE,0.5,"leave-d",200,0.7,1e+05,TRUE,586
10,0,0,0,10.94708920489,9.67632429643447,12.2178541133456,12.5978077051862,10.4529188029603,14.7426966074121,10.9842219784916,0,12.4906389869998,0,"chi","I",1000,1000,0.5,0,0,0,FALSE,0,FALSE,0.5,"leave-d",200,0.7,1e+05,TRUE,586
10,0,0,0,10.94708920489,9.67632429643447,12.2178541133456,11.9300084428319,9.7664831716426,14.0935337140212,10.9842219784916,0,12.1714283591297,0,"chi","I",1000,1000,0.5,0,0,0,FALSE,0,FALSE,0.5,"leave-d",200,0.7,1e+05,TRUE,586
10,0,0,0,10.94708920489,9.67632429643447,12.2178541133456,9.8581659015309,7.77607841646387,11.9402533865979,10.9842219784916,0,10.2457209096652,0,"chi","I",1000,1000,0.5,0,0,0,FALSE,0,FALSE,0.5,"leave-d",200,0.7,1e+05,TRUE,586
10,0,0,0,10.94708920489,9.67632429643447,12.2178541133456,9.55981851164168,7.48788159161675,11.6317554316666,10.9842219784916,0,9.43524897856566,0,"chi","I",1000,1000,0.5,0,0,0,FALSE,0,FALSE,0.5,"leave-d",200,0.7,1e+05,TRUE,586
10,0,0,0,10.94708920489,9.67632429643447,12.2178541133456,11.3035649515335,9.06674378199722,13.5403861210699,10.9842219784916,0,10.8917059873065,0,"chi","I",1000,1000,0.5,0,0,0,FALSE,0,FALSE,0.5,"leave-d",200,0.7,1e+05,TRUE,586
10,0,0,0,10.94708920489,9.67632429643447,12.2178541133456,10.7877330573193,8.63091241439792,12.9445537002408,10.9842219784916,0,10.9406592826734,0,"chi","I",1000,1000,0.5,0,0,0,FALSE,0,FALSE,0.5,"leave-d",200,0.7,1e+05,TRUE,586
10,0,0,0,10.94708920489,9.67632429643447,12.2178541133456,12.5899783199898,10.3668170261384,14.8131396138412,10.9842219784916,0,13.3921143201014,0,"chi","I",1000,1000,0.5,0,0,0,FALSE,0,FALSE,0.5,"leave-d",200,0.7,1e+05,TRUE,586
10,0,0,0,10.94708920489,9.67632429643447,12.2178541133456,10.5902252935268,8.58301472823656,12.5974358588171,10.9842219784916,0,11.3913374484615,0,"chi","I",1000,1000,0.5,0,0,0,FALSE,0,FALSE,0.5,"leave-d",200,0.7,1e+05,TRUE,586
10,0,0,0,10.94708920489,9.67632429643447,12.2178541133456,9.1636091884178,7.04914516669198,11.2780732101436,10.9842219784916,0,8.98600279554773,0,"chi","I",1000,1000,0.5,0,0,0,FALSE,0,FALSE,0.5,"leave-d",200,0.7,1e+05,TRUE,586
10,0,0,0,10.94708920489,9.67632429643447,12.2178541133456,12.1591155310852,10.0436778591598,14.2745532030105,10.9842219784916,0,12.0967602153466,0,"chi","I",1000,1000,0.5,0,0,0,FALSE,0,FALSE,0.5,"leave-d",200,0.7,1e+05,TRUE,586
10,0,0,0,10.94708920489,9.67632429643447,12.2178541133456,10.8055537431325,8.81202716037764,12.7990803258873,10.9842219784916,0,11.6440149748139,0,"chi","I",1000,1000,0.5,0,0,0,FALSE,0,FALSE,0.5,"leave-d",200,0.7,1e+05,TRUE,586
10,0,0,0,10.94708920489,9.67632429643447,12.2178541133456,8.46293678818054,6.51000716060315,10.4158664157579,10.9842219784916,0,8.42847291866636,0,"chi","I",1000,1000,0.5,0,0,0,FALSE,0,FALSE,0.5,"leave-d",200,0.7,1e+05,TRUE,586
10,0,0,0,10.94708920489,9.67632429643447,12.2178541133456,10.1363635283667,7.99577715256444,12.2769499041689,10.9842219784916,0,10.2336820774124,0,"chi","I",1000,1000,0.5,0,0,0,FALSE,0,FALSE,0.5,"leave-d",200,0.7,1e+05,TRUE,586
10,0,0,0,10.94708920489,9.67632429643447,12.2178541133456,8.87131724450766,6.77751374359956,10.9651207454158,10.9842219784916,0,8.7997316022561,0,"chi","I",1000,1000,0.5,0,0,0,FALSE,0,FALSE,0.5,"leave-d",200,0.7,1e+05,TRUE,586
10,0,0,0,10.94708920489,9.67632429643447,12.2178541133456,10.0174222183193,7.87521593150812,12.1596285051304,10.9842219784916,0,10.4299888761002,0,"chi","I",1000,1000,0.5,0,0,0,FALSE,0,FALSE,0.5,"leave-d",200,0.7,1e+05,TRUE,586
10,0,0,0,10.94708920489,9.67632429643447,12.2178541133456,11.8623821597164,9.74796936258464,13.9767949568481,10.9842219784916,0,11.6010909784451,0,"chi","I",1000,1000,0.5,0,0,0,FALSE,0,FALSE,0.5,"leave-d",200,0.7,1e+05,TRUE,586
10,0,0,0,10.94708920489,9.67632429643447,12.2178541133456,11.0666796059005,8.88213781063644,13.2512214011645,10.9842219784916,0,11.3764834718734,0,"chi","I",1000,1000,0.5,0,0,0,FALSE,0,FALSE,0.5,"leave-d",200,0.7,1e+05,TRUE,586
10,0,0,0,10.94708920489,9.67632429643447,12.2178541133456,9.9630282987332,7.88385224341372,12.0422043540527,10.9842219784916,0,10.0866774772084,0,"chi","I",1000,1000,0.5,0,0,0,FALSE,0,FALSE,0.5,"leave-d",200,0.7,1e+05,TRUE,586
10,0,0,0,10.94708920489,9.67632429643447,12.2178541133456,8.9101285552092,6.89408657982437,10.926170530594,10.9842219784916,0,8.69389566864023,0,"chi","I",1000,1000,0.5,0,0,0,FALSE,0,FALSE,0.5,"leave-d",200,0.7,1e+05,TRUE,586
10,0,0,0,10.94708920489,9.67632429643447,12.2178541133456,10.7774811502634,8.57775808708961,12.9772042134373,10.9842219784916,0,11.3578597368372,0,"chi","I",1000,1000,0.5,0,0,0,FALSE,0,FALSE,0.5,"leave-d",200,0.7,1e+05,TRUE,586
10,0,0,0,10.94708920489,9.67632429643447,12.2178541133456,12.0210815657553,9.81175805474375,14.2304050767668,10.9842219784916,0,13.2587008812183,0,"chi","I",1000,1000,0.5,0,0,0,FALSE,0,FALSE,0.5,"leave-d",200,0.7,1e+05,TRUE,586
10,0,0,0,10.94708920489,9.67632429643447,12.2178541133456,9.03769374862214,7.02877162138911,11.0466158758552,10.9842219784916,0,9.24951586243558,0,"chi","I",1000,1000,0.5,0,0,0,FALSE,0,FALSE,0.5,"leave-d",200,0.7,1e+05,TRUE,586
10,0,0,0,10.94708920489,9.67632429643447,12.2178541133456,10.8705073279859,8.73479346843312,13.0062211875387,10.9842219784916,0,10.5748816228879,0,"chi","I",1000,1000,0.5,0,0,0,FALSE,0,FALSE,0.5,"leave-d",200,0.7,1e+05,TRUE,586
10,0,0,0,10.94708920489,9.67632429643447,12.2178541133456,9.15762806309042,7.0765238053956,11.2387323207852,10.9842219784916,0,9.19607830344414,0,"chi","I",1000,1000,0.5,0,0,0,FALSE,0,FALSE,0.5,"leave-d",200,0.7,1e+05,TRUE,586
10,0,0,0,10.94708920489,9.67632429643447,12.2178541133456,11.6075420255745,9.46576774776413,13.7493163033849,10.9842219784916,0,11.594014022762,0,"chi","I",1000,1000,0.5,0,0,0,FALSE,0,FALSE,0.5,"leave-d",200,0.7,1e+05,TRUE,586
10,0,0,0,10.94708920489,9.67632429643447,12.2178541133456,11.0399723681093,8.89200966595581,13.1879350702629,10.9842219784916,0,11.2368734069997,0,"chi","I",1000,1000,0.5,0,0,0,FALSE,0,FALSE,0.5,"leave-d",200,0.7,1e+05,TRUE,586
10,0,0,0,10.94708920489,9.67632429643447,12.2178541133456,9.5832506848525,7.49913830701895,11.667363062686,10.9842219784916,0,9.39900967853728,0,"chi","I",1000,1000,0.5,0,0,0,FALSE,0,FALSE,0.5,"leave-d",200,0.7,1e+05,TRUE,586
10,0,0,0,10.94708920489,9.67632429643447,12.2178541133456,11.3653029039919,9.12911267041798,13.6014931375659,10.9842219784916,0,11.3273645154476,0,"chi","I",1000,1000,0.5,0,0,0,FALSE,0,FALSE,0.5,"leave-d",200,0.7,1e+05,TRUE,586
10,0,0,0,10.94708920489,9.67632429643447,12.2178541133456,9.17636725602839,7.19502861025599,11.1577059018008,10.9842219784916,0,9.43173397018493,0,"chi","I",1000,1000,0.5,0,0,0,FALSE,0,FALSE,0.5,"leave-d",200,0.7,1e+05,TRUE,586
10,0,0,0,10.94708920489,9.67632429643447,12.2178541133456,10.4195431816496,8.32269758306455,12.5163887802346,10.9842219784916,0,10.5700833249379,0,"chi","I",1000,1000,0.5,0,0,0,FALSE,0,FALSE,0.5,"leave-d",200,0.7,1e+05,TRUE,586
10,0,0,0,10.94708920489,9.67632429643447,12.2178541133456,10.434792645175,8.27754466048481,12.5920406298652,10.9842219784916,0,10.3386905753568,0,"chi","I",1000,1000,0.5,0,0,0,FALSE,0,FALSE,0.5,"leave-d",200,0.7,1e+05,TRUE,586
10,0,0,0,10.94708920489,9.67632429643447,12.2178541133456,12.5692326012398,10.2810682525502,14.8573969499294,10.9842219784916,0,12.076144468587,0,"chi","I",1000,1000,0.5,0,0,0,FALSE,0,FALSE,0.5,"leave-d",200,0.7,1e+05,TRUE,586
10,0,0,0,10.94708920489,9.67632429643447,12.2178541133456,10.2590815249335,8.1742838496406,12.3438792002264,10.9842219784916,0,11.2674560908318,0,"chi","I",1000,1000,0.5,0,0,0,FALSE,0,FALSE,0.5,"leave-d",200,0.7,1e+05,TRUE,586
10,0,0,0,10.94708920489,9.67632429643447,12.2178541133456,11.1275724119886,8.98815398506045,13.2669908389168,10.9842219784916,0,11.5549082242106,0,"chi","I",1000,1000,0.5,0,0,0,FALSE,0,FALSE,0.5,"leave-d",200,0.7,1e+05,TRUE,586
10,0,0,0,10.94708920489,9.67632429643447,12.2178541133456,11.1564865801569,8.9973920881969,13.3155810721169,10.9842219784916,0,11.1013256012001,0,"chi","I",1000,1000,0.5,0,0,0,FALSE,0,FALSE,0.5,"leave-d",200,0.7,1e+05,TRUE,586
10,0,0,0,10.94708920489,9.67632429643447,12.2178541133456,9.51003341510189,7.60958436614675,11.410482464057,10.9842219784916,0,9.71558752243531,0,"chi","I",1000,1000,0.5,0,0,0,FALSE,0,FALSE,0.5,"leave-d",200,0.7,1e+05,TRUE,586
10,0,0,0,10.94708920489,9.67632429643447,12.2178541133456,12.3088090857653,10.1367710742444,14.4808470972862,10.9842219784916,0,11.940667188981,0,"chi","I",1000,1000,0.5,0,0,0,FALSE,0,FALSE,0.5,"leave-d",200,0.7,1e+05,TRUE,586
10,0,0,0,10.94708920489,9.67632429643447,12.2178541133456,9.76425117729984,7.69108312624239,11.8374192283573,10.9842219784916,0,10.0458954347047,0,"chi","I",1000,1000,0.5,0,0,0,FALSE,0,FALSE,0.5,"leave-d",200,0.7,1e+05,TRUE,586
10,0,0,0,10.94708920489,9.67632429643447,12.2178541133456,10.0014080673361,7.94097880129676,12.0618373333754,10.9842219784916,0,10.3011960944022,0,"chi","I",1000,1000,0.5,0,0,0,FALSE,0,FALSE,0.5,"leave-d",200,0.7,1e+05,TRUE,586
10,0,0,0,10.94708920489,9.67632429643447,12.2178541133456,9.8898869917088,7.89789288856525,11.8818810948524,10.9842219784916,0,10.2123210645659,0,"chi","I",1000,1000,0.5,0,0,0,FALSE,0,FALSE,0.5,"leave-d",200,0.7,1e+05,TRUE,586
10,0,0,0,10.94708920489,9.67632429643447,12.2178541133456,9.26865307590022,7.3149775054557,11.2223286463447,10.9842219784916,0,9.2705127755908,0,"chi","I",1000,1000,0.5,0,0,0,FALSE,0,FALSE,0.5,"leave-d",200,0.7,1e+05,TRUE,586
10,0,0,0,10.94708920489,9.67632429643447,12.2178541133456,11.508358952286,9.37297160742897,13.6437462971431,10.9842219784916,0,12.2418690968913,0,"chi","I",1000,1000,0.5,0,0,0,FALSE,0,FALSE,0.5,"leave-d",200,0.7,1e+05,TRUE,586
10,0,0,0,10.94708920489,9.67632429643447,12.2178541133456,8.684146157721,6.61740755817353,10.7508847572685,10.9842219784916,0,9.0883907806564,0,"chi","I",1000,1000,0.5,0,0,0,FALSE,0,FALSE,0.5,"leave-d",200,0.7,1e+05,TRUE,586
10,0,0,0,10.94708920489,9.67632429643447,12.2178541133456,11.5759642819907,9.44230119148982,13.7096273724915,10.9842219784916,0,11.4911092875232,0,"chi","I",1000,1000,0.5,0,0,0,FALSE,0,FALSE,0.5,"leave-d",200,0.7,1e+05,TRUE,586
10,0,0,0,10.94708920489,9.67632429643447,12.2178541133456,10.1878973797843,8.06855727979947,12.3072374797691,10.9842219784916,0,10.0171068765951,0,"chi","I",1000,1000,0.5,0,0,0,FALSE,0,FALSE,0.5,"leave-d",200,0.7,1e+05,TRUE,586
10,0,0,0,10.94708920489,9.67632429643447,12.2178541133456,11.2842721345417,9.15716879754227,13.4113754715411,10.9842219784916,0,11.3144375309925,0,"chi","I",1000,1000,0.5,0,0,0,FALSE,0,FALSE,0.5,"leave-d",200,0.7,1e+05,TRUE,586
10,0,0,0,10.94708920489,9.67632429643447,12.2178541133456,11.6059880581429,9.38889666193672,13.8230794543492,10.9842219784916,0,11.5187381993422,0,"chi","I",1000,1000,0.5,0,0,0,FALSE,0,FALSE,0.5,"leave-d",200,0.7,1e+05,TRUE,586
10,0,0,0,10.94708920489,9.67632429643447,12.2178541133456,10.2367106613214,8.11908090073646,12.3543404219064,10.9842219784916,0,10.4377385275763,0,"chi","I",1000,1000,0.5,0,0,0,FALSE,0,FALSE,0.5,"leave-d",200,0.7,1e+05,TRUE,586
10,0,0,0,10.94708920489,9.67632429643447,12.2178541133456,11.0137745799496,8.94041217406018,13.0871369858391,10.9842219784916,0,11.51723175345,0,"chi","I",1000,1000,0.5,0,0,0,FALSE,0,FALSE,0.5,"leave-d",200,0.7,1e+05,TRUE,586
10,0,0,0,10.94708920489,9.67632429643447,12.2178541133456,8.98144128727517,6.96580074729124,10.9970818272591,10.9842219784916,0,9.1274820314402,0,"chi","I",1000,1000,0.5,0,0,0,FALSE,0,FALSE,0.5,"leave-d",200,0.7,1e+05,TRUE,586
10,0,0,0,10.94708920489,9.67632429643447,12.2178541133456,11.0218217972025,8.84018340432415,13.2034601900809,10.9842219784916,0,11.1502804234762,0,"chi","I",1000,1000,0.5,0,0,0,FALSE,0,FALSE,0.5,"leave-d",200,0.7,1e+05,TRUE,586
10,0,0,0,10.94708920489,9.67632429643447,12.2178541133456,8.72829719570159,6.69111415296215,10.765480238441,10.9842219784916,0,8.45406766137494,0,"chi","I",1000,1000,0.5,0,0,0,FALSE,0,FALSE,0.5,"leave-d",200,0.7,1e+05,TRUE,586
10,0,0,0,10.94708920489,9.67632429643447,12.2178541133456,11.0782024171379,8.87628659791673,13.2801182363592,10.9842219784916,0,12.4519767282166,0,"chi","I",1000,1000,0.5,0,0,0,FALSE,0,FALSE,0.5,"leave-d",200,0.7,1e+05,TRUE,586
10,0,0,0,10.94708920489,9.67632429643447,12.2178541133456,11.9444214962984,9.8773255656233,14.0115174269734,10.9842219784916,0,12.3002167308281,0,"chi","I",1000,1000,0.5,0,0,0,FALSE,0,FALSE,0.5,"leave-d",200,0.7,1e+05,TRUE,586
10,0,0,0,10.94708920489,9.67632429643447,12.2178541133456,11.9831889643153,9.84821302412101,14.1181649045096,10.9842219784916,0,11.2253741592924,0,"chi","I",1000,1000,0.5,0,0,0,FALSE,0,FALSE,0.5,"leave-d",200,0.7,1e+05,TRUE,586
10,0,0,0,10.94708920489,9.67632429643447,12.2178541133456,10.9994593893521,8.97102780273661,13.0278909759677,10.9842219784916,0,10.7234007727792,0,"chi","I",1000,1000,0.5,0,0,0,FALSE,0,FALSE,0.5,"leave-d",200,0.7,1e+05,TRUE,586
10,0,0,0,10.94708920489,9.67632429643447,12.2178541133456,11.7836080619655,9.68403317199625,13.8831829519347,10.9842219784916,0,11.5975873476486,0,"chi","I",1000,1000,0.5,0,0,0,FALSE,0,FALSE,0.5,"leave-d",200,0.7,1e+05,TRUE,586
10,0,0,0,10.94708920489,9.67632429643447,12.2178541133456,10.736299582213,8.6350923333213,12.8375068311047,10.9842219784916,0,11.0491255917071,0,"chi","I",1000,1000,0.5,0,0,0,FALSE,0,FALSE,0.5,"leave-d",200,0.7,1e+05,TRUE,586
10,0,0,0,10.94708920489,9.67632429643447,12.2178541133456,9.73911411200571,7.65014945785207,11.8280787661594,10.9842219784916,0,9.87823493652722,0,"chi","I",1000,1000,0.5,0,0,0,FALSE,0,FALSE,0.5,"leave-d",200,0.7,1e+05,TRUE,586
10,0,0,0,10.94708920489,9.67632429643447,12.2178541133456,10.9620405423977,8.79462817264121,13.1294529121543,10.9842219784916,0,10.8001646620997,0,"chi","I",1000,1000,0.5,0,0,0,FALSE,0,FALSE,0.5,"leave-d",200,0.7,1e+05,TRUE,586
10,0,0,0,10.94708920489,9.67632429643447,12.2178541133456,11.2603921433129,9.05180179095143,13.4689824956744,10.9842219784916,0,11.5011694146988,0,"chi","I",1000,1000,0.5,0,0,0,FALSE,0,FALSE,0.5,"leave-d",200,0.7,1e+05,TRUE,586
10,0,0,0,10.94708920489,9.67632429643447,12.2178541133456,10.1046209416424,8.014557827029,12.1946840562557,10.9842219784916,0,10.1743668541709,0,"chi","I",1000,1000,0.5,0,0,0,FALSE,0,FALSE,0.5,"leave-d",200,0.7,1e+05,TRUE,586
10,0,0,0,10.94708920489,9.67632429643447,12.2178541133456,10.1723542104284,8.00117364771693,12.3435347731399,10.9842219784916,0,10.1446955604692,0,"chi","I",1000,1000,0.5,0,0,0,FALSE,0,FALSE,0.5,"leave-d",200,0.7,1e+05,TRUE,586
10,0,0,0,10.94708920489,9.67632429643447,12.2178541133456,10.7054716333769,8.52629876830182,12.884644498452,10.9842219784916,0,10.9784156341501,0,"chi","I",1000,1000,0.5,0,0,0,FALSE,0,FALSE,0.5,"leave-d",200,0.7,1e+05,TRUE,586
10,0,0,0,10.94708920489,9.67632429643447,12.2178541133456,9.40741860179625,7.29414604200596,11.5206911615865,10.9842219784916,0,9.75735563828378,0,"chi","I",1000,1000,0.5,0,0,0,FALSE,0,FALSE,0.5,"leave-d",200,0.7,1e+05,TRUE,586
10,0,0,0,10.94708920489,9.67632429643447,12.2178541133456,9.76104844113894,7.65128423466777,11.8708126476101,10.9842219784916,0,9.81102440521055,0,"chi","I",1000,1000,0.5,0,0,0,FALSE,0,FALSE,0.5,"leave-d",200,0.7,1e+05,TRUE,586
10,0,0,0,10.94708920489,9.67632429643447,12.2178541133456,12.6234689013591,10.3051183117003,14.9418194910179,10.9842219784916,0,13.1313886109518,0,"chi","I",1000,1000,0.5,0,0,0,FALSE,0,FALSE,0.5,"leave-d",200,0.7,1e+05,TRUE,586
10,0,0,0,10.94708920489,9.67632429643447,12.2178541133456,7.90827589887604,6.02181122712726,9.79474057062482,10.9842219784916,0,8.02932987593941,0,"chi","I",1000,1000,0.5,0,0,0,FALSE,0,FALSE,0.5,"leave-d",200,0.7,1e+05,TRUE,586
10,0,0,0,10.94708920489,9.67632429643447,12.2178541133456,8.46211271791337,6.41391884923262,10.5103065865941,10.9842219784916,0,8.56653852056533,0,"chi","I",1000,1000,0.5,0,0,0,FALSE,0,FALSE,0.5,"leave-d",200,0.7,1e+05,TRUE,586
10,0,0,0,10.94708920489,9.67632429643447,12.2178541133456,10.5066286499372,8.40578696183053,12.6074703380439,10.9842219784916,0,10.6864230116796,0,"chi","I",1000,1000,0.5,0,0,0,FALSE,0,FALSE,0.5,"leave-d",200,0.7,1e+05,TRUE,586
10,0,0,0,10.94708920489,9.67632429643447,12.2178541133456,9.84692264059803,7.67836340844167,12.0154818727544,10.9842219784916,0,9.69526912331524,0,"chi","I",1000,1000,0.5,0,0,0,FALSE,0,FALSE,0.5,"leave-d",200,0.7,1e+05,TRUE,586
10,0,0,0,10.94708920489,9.67632429643447,12.2178541133456,9.87537843117895,7.74870594205451,12.0020509203034,10.9842219784916,0,10.064105649829,0,"chi","I",1000,1000,0.5,0,0,0,FALSE,0,FALSE,0.5,"leave-d",200,0.7,1e+05,TRUE,586
10,0,0,0,10.94708920489,9.67632429643447,12.2178541133456,11.2541044960755,9.11093603372304,13.3972729584279,10.9842219784916,0,11.4725807990053,0,"chi","I",1000,1000,0.5,0,0,0,FALSE,0,FALSE,0.5,"leave-d",200,0.7,1e+05,TRUE,586
10,0,0,0,10.94708920489,9.67632429643447,12.2178541133456,11.0741843287215,8.94953134912699,13.198837308316,10.9842219784916,0,11.1632974847636,0,"chi","I",1000,1000,0.5,0,0,0,FALSE,0,FALSE,0.5,"leave-d",200,0.7,1e+05,TRUE,586
10,0,0,0,10.94708920489,9.67632429643447,12.2178541133456,9.56034881000036,7.58252318731129,11.5381744326894,10.9842219784916,0,9.33079280067303,0,"chi","I",1000,1000,0.5,0,0,0,FALSE,0,FALSE,0.5,"leave-d",200,0.7,1e+05,TRUE,586
10,0,0,0,10.94708920489,9.67632429643447,12.2178541133456,9.61451625812473,7.65052630685624,11.5785062093932,10.9842219784916,0,9.82823991790093,0,"chi","I",1000,1000,0.5,0,0,0,FALSE,0,FALSE,0.5,"leave-d",200,0.7,1e+05,TRUE,586
10,0,0,0,10.94708920489,9.67632429643447,12.2178541133456,11.0860835003645,8.9752051959964,13.1969618047326,10.9842219784916,0,10.9684975153414,0,"chi","I",1000,1000,0.5,0,0,0,FALSE,0,FALSE,0.5,"leave-d",200,0.7,1e+05,TRUE,586
10,0,0,0,10.94708920489,9.67632429643447,12.2178541133456,10.0327087744198,7.98757779567435,12.0778397531651,10.9842219784916,0,9.97023654441847,0,"chi","I",1000,1000,0.5,0,0,0,FALSE,0,FALSE,0.5,"leave-d",200,0.7,1e+05,TRUE,586
10,0,0,0,10.94708920489,9.67632429643447,12.2178541133456,11.1736220944058,9.00702989084182,13.3402142979698,10.9842219784916,0,12.1153955986144,0,"chi","I",1000,1000,0.5,0,0,0,FALSE,0,FALSE,0.5,"leave-d",200,0.7,1e+05,TRUE,586
10,0,0,0,10.94708920489,9.67632429643447,12.2178541133456,10.3768656360602,8.26592734193604,12.4878039301844,10.9842219784916,0,10.8023164493586,0,"chi","I",1000,1000,0.5,0,0,0,FALSE,0,FALSE,0.5,"leave-d",200,0.7,1e+05,TRUE,586
10,0,0,0,10.94708920489,9.67632429643447,12.2178541133456,9.40351597469721,7.41784369240838,11.389188256986,10.9842219784916,0,9.26002932196006,0,"chi","I",1000,1000,0.5,0,0,0,FALSE,0,FALSE,0.5,"leave-d",200,0.7,1e+05,TRUE,586
10,0,0,0,10.94708920489,9.67632429643447,12.2178541133456,11.1702910893657,8.99151564207345,13.3490665366579,10.9842219784916,0,11.707862373738,0,"chi","I",1000,1000,0.5,0,0,0,FALSE,0,FALSE,0.5,"leave-d",200,0.7,1e+05,TRUE,586
10,0,0,0,10.94708920489,9.67632429643447,12.2178541133456,10.9595372847202,8.90890007544363,13.0101744939968,10.9842219784916,0,11.6907738226211,0,"chi","I",1000,1000,0.5,0,0,0,FALSE,0,FALSE,0.5,"leave-d",200,0.7,1e+05,TRUE,586
10,0,0,0,10.94708920489,9.67632429643447,12.2178541133456,10.8476791810992,8.75567523793428,12.9396831242642,10.9842219784916,0,11.1243653024122,0,"chi","I",1000,1000,0.5,0,0,0,FALSE,0,FALSE,0.5,"leave-d",200,0.7,1e+05,TRUE,586
10,0,0,0,10.94708920489,9.67632429643447,12.2178541133456,10.6737009616306,8.54438400532689,12.8030179179344,10.9842219784916,0,11.1457942023305,0,"chi","I",1000,1000,0.5,0,0,0,FALSE,0,FALSE,0.5,"leave-d",200,0.7,1e+05,TRUE,586
