"var_main_effect","var_inter_effect","cov_main_inter_effect","var_total_effect","EigenPrism_main","EigenPrism_CI1","EigenPrism_CI2","sub_EigenPrism_main","sub_EigenPrism_CI1","sub_EigenPrism_CI2","GCTA_main","GCTA_inter","sub_GCTA_main","sub_GCTA_inter","x_dist","structure","p","n","main_fixed_var","main_random_var","inter_fixed_var","inter_random_var","decor","interact","combine","pro","bs","n_sub","rho_e","emp_n","inter_std","i"
10,0,0,0,2.27386417268532,-4.5172339560668,9.06496230143744,-11.734206212785,-23.5313161576889,0.0629037321189188,4.0420358979947,0,0,0,"chi","I",1000,500,0.5,0,0,0,FALSE,0,FALSE,0.5,"leave-d",200,0.2,1e+05,TRUE,417
10,0,0,0,2.27386417268532,-4.5172339560668,9.06496230143744,16.5498666113013,3.73261962748229,29.3671135951204,4.0420358979947,0,15.2869272322302,0,"chi","I",1000,500,0.5,0,0,0,FALSE,0,FALSE,0.5,"leave-d",200,0.2,1e+05,TRUE,417
10,0,0,0,2.27386417268532,-4.5172339560668,9.06496230143744,-1.40801953003552,-13.1460506224429,10.3300115623719,4.0420358979947,0,0,0,"chi","I",1000,500,0.5,0,0,0,FALSE,0,FALSE,0.5,"leave-d",200,0.2,1e+05,TRUE,417
10,0,0,0,2.27386417268532,-4.5172339560668,9.06496230143744,1.88081354686035,-9.67480426959998,13.4364313633207,4.0420358979947,0,0,0,"chi","I",1000,500,0.5,0,0,0,FALSE,0,FALSE,0.5,"leave-d",200,0.2,1e+05,TRUE,417
10,0,0,0,2.27386417268532,-4.5172339560668,9.06496230143744,4.68464557478603,-7.90885827082276,17.2781494203948,4.0420358979947,0,2.72145676209607,0,"chi","I",1000,500,0.5,0,0,0,FALSE,0,FALSE,0.5,"leave-d",200,0.2,1e+05,TRUE,417
10,0,0,0,2.27386417268532,-4.5172339560668,9.06496230143744,-0.782095397737163,-13.5595895058899,11.9953987104156,4.0420358979947,0,0,0,"chi","I",1000,500,0.5,0,0,0,FALSE,0,FALSE,0.5,"leave-d",200,0.2,1e+05,TRUE,417
10,0,0,0,2.27386417268532,-4.5172339560668,9.06496230143744,0.42949379734009,-11.1707345525257,12.0297221472058,4.0420358979947,0,0.146957223817557,0,"chi","I",1000,500,0.5,0,0,0,FALSE,0,FALSE,0.5,"leave-d",200,0.2,1e+05,TRUE,417
10,0,0,0,2.27386417268532,-4.5172339560668,9.06496230143744,-5.27850889775212,-17.1281308750837,6.57111307957949,4.0420358979947,0,0,0,"chi","I",1000,500,0.5,0,0,0,FALSE,0,FALSE,0.5,"leave-d",200,0.2,1e+05,TRUE,417
10,0,0,0,2.27386417268532,-4.5172339560668,9.06496230143744,-6.27705731522089,-19.1611676419191,6.60705301147728,4.0420358979947,0,0,0,"chi","I",1000,500,0.5,0,0,0,FALSE,0,FALSE,0.5,"leave-d",200,0.2,1e+05,TRUE,417
10,0,0,0,2.27386417268532,-4.5172339560668,9.06496230143744,14.4340976036496,2.18740848055758,26.6807867267416,4.0420358979947,0,14.0636340233167,0,"chi","I",1000,500,0.5,0,0,0,FALSE,0,FALSE,0.5,"leave-d",200,0.2,1e+05,TRUE,417
10,0,0,0,2.27386417268532,-4.5172339560668,9.06496230143744,-2.77571651874882,-14.4131485823109,8.8617155448133,4.0420358979947,0,0,0,"chi","I",1000,500,0.5,0,0,0,FALSE,0,FALSE,0.5,"leave-d",200,0.2,1e+05,TRUE,417
10,0,0,0,2.27386417268532,-4.5172339560668,9.06496230143744,-0.376411520911797,-13.961946046752,13.2091230049284,4.0420358979947,0,0,0,"chi","I",1000,500,0.5,0,0,0,FALSE,0,FALSE,0.5,"leave-d",200,0.2,1e+05,TRUE,417
10,0,0,0,2.27386417268532,-4.5172339560668,9.06496230143744,-18.7885253733146,-32.0376988443507,-5.53935190227848,4.0420358979947,0,0,0,"chi","I",1000,500,0.5,0,0,0,FALSE,0,FALSE,0.5,"leave-d",200,0.2,1e+05,TRUE,417
10,0,0,0,2.27386417268532,-4.5172339560668,9.06496230143744,18.2738736674191,4.5356799850873,32.0120673497509,4.0420358979947,0,13.9355178395121,0,"chi","I",1000,500,0.5,0,0,0,FALSE,0,FALSE,0.5,"leave-d",200,0.2,1e+05,TRUE,417
10,0,0,0,2.27386417268532,-4.5172339560668,9.06496230143744,11.57633127028,-0.931607355288216,24.0842698958482,4.0420358979947,0,12.2386736132156,0,"chi","I",1000,500,0.5,0,0,0,FALSE,0,FALSE,0.5,"leave-d",200,0.2,1e+05,TRUE,417
10,0,0,0,2.27386417268532,-4.5172339560668,9.06496230143744,10.4201785216671,-1.80802810423096,22.6483851475651,4.0420358979947,0,11.3683062969585,0,"chi","I",1000,500,0.5,0,0,0,FALSE,0,FALSE,0.5,"leave-d",200,0.2,1e+05,TRUE,417
10,0,0,0,2.27386417268532,-4.5172339560668,9.06496230143744,8.58928728157775,-4.49416982785327,21.6727443910088,4.0420358979947,0,13.532492128276,0,"chi","I",1000,500,0.5,0,0,0,FALSE,0,FALSE,0.5,"leave-d",200,0.2,1e+05,TRUE,417
10,0,0,0,2.27386417268532,-4.5172339560668,9.06496230143744,0.685900426897325,-12.5093442969168,13.8811451507114,4.0420358979947,0,2.57190796209074,0,"chi","I",1000,500,0.5,0,0,0,FALSE,0,FALSE,0.5,"leave-d",200,0.2,1e+05,TRUE,417
10,0,0,0,2.27386417268532,-4.5172339560668,9.06496230143744,7.83805264648407,-3.68486044094934,19.3609657339175,4.0420358979947,0,9.00987102527902,0,"chi","I",1000,500,0.5,0,0,0,FALSE,0,FALSE,0.5,"leave-d",200,0.2,1e+05,TRUE,417
10,0,0,0,2.27386417268532,-4.5172339560668,9.06496230143744,12.6504284844271,-0.860516957126089,26.1613739259803,4.0420358979947,0,10.0459796454823,0,"chi","I",1000,500,0.5,0,0,0,FALSE,0,FALSE,0.5,"leave-d",200,0.2,1e+05,TRUE,417
10,0,0,0,2.27386417268532,-4.5172339560668,9.06496230143744,7.97614679556824,-4.48519183400273,20.4374854251392,4.0420358979947,0,6.20471409050866,0,"chi","I",1000,500,0.5,0,0,0,FALSE,0,FALSE,0.5,"leave-d",200,0.2,1e+05,TRUE,417
10,0,0,0,2.27386417268532,-4.5172339560668,9.06496230143744,2.83779215477453,-10.4389010286299,16.114485338179,4.0420358979947,0,7.16599801885008,0,"chi","I",1000,500,0.5,0,0,0,FALSE,0,FALSE,0.5,"leave-d",200,0.2,1e+05,TRUE,417
10,0,0,0,2.27386417268532,-4.5172339560668,9.06496230143744,9.11203644072209,-2.39358620086582,20.61765908231,4.0420358979947,0,9.02564798008094,0,"chi","I",1000,500,0.5,0,0,0,FALSE,0,FALSE,0.5,"leave-d",200,0.2,1e+05,TRUE,417
10,0,0,0,2.27386417268532,-4.5172339560668,9.06496230143744,2.79795333029548,-8.50681761621777,14.1027242768087,4.0420358979947,0,3.02172021188652,0,"chi","I",1000,500,0.5,0,0,0,FALSE,0,FALSE,0.5,"leave-d",200,0.2,1e+05,TRUE,417
10,0,0,0,2.27386417268532,-4.5172339560668,9.06496230143744,5.82207585525341,-5.95732255463648,17.6014742651433,4.0420358979947,0,3.7774063271612,0,"chi","I",1000,500,0.5,0,0,0,FALSE,0,FALSE,0.5,"leave-d",200,0.2,1e+05,TRUE,417
10,0,0,0,2.27386417268532,-4.5172339560668,9.06496230143744,4.61448367407107,-6.03919122698425,15.2681585751264,4.0420358979947,0,0,0,"chi","I",1000,500,0.5,0,0,0,FALSE,0,FALSE,0.5,"leave-d",200,0.2,1e+05,TRUE,417
10,0,0,0,2.27386417268532,-4.5172339560668,9.06496230143744,2.05679889994994,-10.5531701703314,14.6667679702312,4.0420358979947,0,0.782639959677103,0,"chi","I",1000,500,0.5,0,0,0,FALSE,0,FALSE,0.5,"leave-d",200,0.2,1e+05,TRUE,417
10,0,0,0,2.27386417268532,-4.5172339560668,9.06496230143744,-1.54855989516655,-13.6670224494731,10.56990265914,4.0420358979947,0,0.571551256009433,0,"chi","I",1000,500,0.5,0,0,0,FALSE,0,FALSE,0.5,"leave-d",200,0.2,1e+05,TRUE,417
10,0,0,0,2.27386417268532,-4.5172339560668,9.06496230143744,1.88926767540445,-9.39415027156772,13.1726856223766,4.0420358979947,0,1.7923498515437,0,"chi","I",1000,500,0.5,0,0,0,FALSE,0,FALSE,0.5,"leave-d",200,0.2,1e+05,TRUE,417
10,0,0,0,2.27386417268532,-4.5172339560668,9.06496230143744,11.3171713702879,-2.10959250467932,24.7439352452551,4.0420358979947,0,3.61827047688268,0,"chi","I",1000,500,0.5,0,0,0,FALSE,0,FALSE,0.5,"leave-d",200,0.2,1e+05,TRUE,417
10,0,0,0,2.27386417268532,-4.5172339560668,9.06496230143744,7.38269127944002,-5.18963986275431,19.9550224216343,4.0420358979947,0,4.21345445767981,0,"chi","I",1000,500,0.5,0,0,0,FALSE,0,FALSE,0.5,"leave-d",200,0.2,1e+05,TRUE,417
10,0,0,0,2.27386417268532,-4.5172339560668,9.06496230143744,-1.77680165071817,-13.4080185707409,9.8544152693046,4.0420358979947,0,0,0,"chi","I",1000,500,0.5,0,0,0,FALSE,0,FALSE,0.5,"leave-d",200,0.2,1e+05,TRUE,417
10,0,0,0,2.27386417268532,-4.5172339560668,9.06496230143744,2.29870914695508,-10.9418377351316,15.5392560290417,4.0420358979947,0,3.3146540272772,0,"chi","I",1000,500,0.5,0,0,0,FALSE,0,FALSE,0.5,"leave-d",200,0.2,1e+05,TRUE,417
10,0,0,0,2.27386417268532,-4.5172339560668,9.06496230143744,1.91751767476422,-10.1423010278646,13.9773363773931,4.0420358979947,0,0,0,"chi","I",1000,500,0.5,0,0,0,FALSE,0,FALSE,0.5,"leave-d",200,0.2,1e+05,TRUE,417
10,0,0,0,2.27386417268532,-4.5172339560668,9.06496230143744,16.5386487241242,4.66077418889884,28.4165232593496,4.0420358979947,0,14.1008366702966,0,"chi","I",1000,500,0.5,0,0,0,FALSE,0,FALSE,0.5,"leave-d",200,0.2,1e+05,TRUE,417
10,0,0,0,2.27386417268532,-4.5172339560668,9.06496230143744,13.0930383547239,1.39032102264035,24.7957556868074,4.0420358979947,0,11.2805795502073,0,"chi","I",1000,500,0.5,0,0,0,FALSE,0,FALSE,0.5,"leave-d",200,0.2,1e+05,TRUE,417
10,0,0,0,2.27386417268532,-4.5172339560668,9.06496230143744,-0.408538443644848,-12.6018427005135,11.7847658132238,4.0420358979947,0,0,0,"chi","I",1000,500,0.5,0,0,0,FALSE,0,FALSE,0.5,"leave-d",200,0.2,1e+05,TRUE,417
10,0,0,0,2.27386417268532,-4.5172339560668,9.06496230143744,12.1457574708337,-0.713096769371402,25.0046117110388,4.0420358979947,0,12.8681057035006,0,"chi","I",1000,500,0.5,0,0,0,FALSE,0,FALSE,0.5,"leave-d",200,0.2,1e+05,TRUE,417
10,0,0,0,2.27386417268532,-4.5172339560668,9.06496230143744,10.5516173583339,-2.75253439570849,23.8557691123764,4.0420358979947,0,7.96774644584451,0,"chi","I",1000,500,0.5,0,0,0,FALSE,0,FALSE,0.5,"leave-d",200,0.2,1e+05,TRUE,417
10,0,0,0,2.27386417268532,-4.5172339560668,9.06496230143744,19.744114389298,7.7705875290334,31.7176412495627,4.0420358979947,0,17.9203326245293,0,"chi","I",1000,500,0.5,0,0,0,FALSE,0,FALSE,0.5,"leave-d",200,0.2,1e+05,TRUE,417
10,0,0,0,2.27386417268532,-4.5172339560668,9.06496230143744,-9.19323631621987,-21.2481081876195,2.8616355551798,4.0420358979947,0,0,0,"chi","I",1000,500,0.5,0,0,0,FALSE,0,FALSE,0.5,"leave-d",200,0.2,1e+05,TRUE,417
10,0,0,0,2.27386417268532,-4.5172339560668,9.06496230143744,16.7224671314712,4.58980203661418,28.8551322263283,4.0420358979947,0,16.5905827690898,0,"chi","I",1000,500,0.5,0,0,0,FALSE,0,FALSE,0.5,"leave-d",200,0.2,1e+05,TRUE,417
10,0,0,0,2.27386417268532,-4.5172339560668,9.06496230143744,-6.28788567919093,-18.318875133165,5.74310377478318,4.0420358979947,0,0,0,"chi","I",1000,500,0.5,0,0,0,FALSE,0,FALSE,0.5,"leave-d",200,0.2,1e+05,TRUE,417
10,0,0,0,2.27386417268532,-4.5172339560668,9.06496230143744,6.31522147212617,-5.09043079077762,17.72087373503,4.0420358979947,0,3.0840135432838,0,"chi","I",1000,500,0.5,0,0,0,FALSE,0,FALSE,0.5,"leave-d",200,0.2,1e+05,TRUE,417
10,0,0,0,2.27386417268532,-4.5172339560668,9.06496230143744,16.8747557522013,4.98853256075192,28.7609789436508,4.0420358979947,0,17.1857629376381,0,"chi","I",1000,500,0.5,0,0,0,FALSE,0,FALSE,0.5,"leave-d",200,0.2,1e+05,TRUE,417
10,0,0,0,2.27386417268532,-4.5172339560668,9.06496230143744,20.4276578190913,7.23594766876064,33.6193679694219,4.0420358979947,0,20.1183729602891,0,"chi","I",1000,500,0.5,0,0,0,FALSE,0,FALSE,0.5,"leave-d",200,0.2,1e+05,TRUE,417
10,0,0,0,2.27386417268532,-4.5172339560668,9.06496230143744,6.26961170731545,-6.20910097955259,18.7483243941835,4.0420358979947,0,7.31938047124026,0,"chi","I",1000,500,0.5,0,0,0,FALSE,0,FALSE,0.5,"leave-d",200,0.2,1e+05,TRUE,417
10,0,0,0,2.27386417268532,-4.5172339560668,9.06496230143744,12.830731904016,0.516198673334792,25.1452651346972,4.0420358979947,0,11.3044659281615,0,"chi","I",1000,500,0.5,0,0,0,FALSE,0,FALSE,0.5,"leave-d",200,0.2,1e+05,TRUE,417
10,0,0,0,2.27386417268532,-4.5172339560668,9.06496230143744,-4.99675883612791,-17.7389275804496,7.7454099081938,4.0420358979947,0,0,0,"chi","I",1000,500,0.5,0,0,0,FALSE,0,FALSE,0.5,"leave-d",200,0.2,1e+05,TRUE,417
10,0,0,0,2.27386417268532,-4.5172339560668,9.06496230143744,13.07339565494,0.702252375503576,25.4445389343764,4.0420358979947,0,8.94873457197921,0,"chi","I",1000,500,0.5,0,0,0,FALSE,0,FALSE,0.5,"leave-d",200,0.2,1e+05,TRUE,417
10,0,0,0,2.27386417268532,-4.5172339560668,9.06496230143744,3.84057240357369,-8.26318730170539,15.9443321088528,4.0420358979947,0,0.971986898639915,0,"chi","I",1000,500,0.5,0,0,0,FALSE,0,FALSE,0.5,"leave-d",200,0.2,1e+05,TRUE,417
10,0,0,0,2.27386417268532,-4.5172339560668,9.06496230143744,1.49475677211931,-10.2717280407582,13.2612415849969,4.0420358979947,0,0,0,"chi","I",1000,500,0.5,0,0,0,FALSE,0,FALSE,0.5,"leave-d",200,0.2,1e+05,TRUE,417
10,0,0,0,2.27386417268532,-4.5172339560668,9.06496230143744,5.99975512871372,-6.78569043269997,18.7852006901274,4.0420358979947,0,6.34604511940882,0,"chi","I",1000,500,0.5,0,0,0,FALSE,0,FALSE,0.5,"leave-d",200,0.2,1e+05,TRUE,417
10,0,0,0,2.27386417268532,-4.5172339560668,9.06496230143744,12.582929651255,-0.947330267858682,26.1131895703687,4.0420358979947,0,7.93474484565509,0,"chi","I",1000,500,0.5,0,0,0,FALSE,0,FALSE,0.5,"leave-d",200,0.2,1e+05,TRUE,417
10,0,0,0,2.27386417268532,-4.5172339560668,9.06496230143744,13.7803922345852,0.150814949111368,27.4099695200591,4.0420358979947,0,12.019700106479,0,"chi","I",1000,500,0.5,0,0,0,FALSE,0,FALSE,0.5,"leave-d",200,0.2,1e+05,TRUE,417
10,0,0,0,2.27386417268532,-4.5172339560668,9.06496230143744,14.3348451909892,1.2861431295519,27.3835472524266,4.0420358979947,0,11.6285943881634,0,"chi","I",1000,500,0.5,0,0,0,FALSE,0,FALSE,0.5,"leave-d",200,0.2,1e+05,TRUE,417
10,0,0,0,2.27386417268532,-4.5172339560668,9.06496230143744,6.15801915856582,-5.75583760824571,18.0718759253773,4.0420358979947,0,4.17667757757682,0,"chi","I",1000,500,0.5,0,0,0,FALSE,0,FALSE,0.5,"leave-d",200,0.2,1e+05,TRUE,417
10,0,0,0,2.27386417268532,-4.5172339560668,9.06496230143744,25.2466312357961,13.393289666965,37.0999728046272,4.0420358979947,0,25.1888324427626,0,"chi","I",1000,500,0.5,0,0,0,FALSE,0,FALSE,0.5,"leave-d",200,0.2,1e+05,TRUE,417
10,0,0,0,2.27386417268532,-4.5172339560668,9.06496230143744,-3.88602250292864,-16.3475178179395,8.57547281208219,4.0420358979947,0,0,0,"chi","I",1000,500,0.5,0,0,0,FALSE,0,FALSE,0.5,"leave-d",200,0.2,1e+05,TRUE,417
10,0,0,0,2.27386417268532,-4.5172339560668,9.06496230143744,-0.588849940570972,-12.4495108156585,11.2718109345165,4.0420358979947,0,0,0,"chi","I",1000,500,0.5,0,0,0,FALSE,0,FALSE,0.5,"leave-d",200,0.2,1e+05,TRUE,417
10,0,0,0,2.27386417268532,-4.5172339560668,9.06496230143744,-9.30124763763261,-20.5970144948442,1.99451921957898,4.0420358979947,0,0,0,"chi","I",1000,500,0.5,0,0,0,FALSE,0,FALSE,0.5,"leave-d",200,0.2,1e+05,TRUE,417
10,0,0,0,2.27386417268532,-4.5172339560668,9.06496230143744,-15.8382739982808,-26.9763319583277,-4.70021603823399,4.0420358979947,0,0,0,"chi","I",1000,500,0.5,0,0,0,FALSE,0,FALSE,0.5,"leave-d",200,0.2,1e+05,TRUE,417
10,0,0,0,2.27386417268532,-4.5172339560668,9.06496230143744,3.73478626645758,-9.96082809430015,17.4304006272153,4.0420358979947,0,6.02925958997509,0,"chi","I",1000,500,0.5,0,0,0,FALSE,0,FALSE,0.5,"leave-d",200,0.2,1e+05,TRUE,417
10,0,0,0,2.27386417268532,-4.5172339560668,9.06496230143744,2.54980387687258,-9.97842402161134,15.0780317753565,4.0420358979947,0,5.50828671426327,0,"chi","I",1000,500,0.5,0,0,0,FALSE,0,FALSE,0.5,"leave-d",200,0.2,1e+05,TRUE,417
10,0,0,0,2.27386417268532,-4.5172339560668,9.06496230143744,9.9740567713794,-1.69501434761305,21.6431278903719,4.0420358979947,0,7.08263380414183,0,"chi","I",1000,500,0.5,0,0,0,FALSE,0,FALSE,0.5,"leave-d",200,0.2,1e+05,TRUE,417
10,0,0,0,2.27386417268532,-4.5172339560668,9.06496230143744,5.26130367927401,-5.44909034015079,15.9716976986988,4.0420358979947,0,1.56995951946852,0,"chi","I",1000,500,0.5,0,0,0,FALSE,0,FALSE,0.5,"leave-d",200,0.2,1e+05,TRUE,417
10,0,0,0,2.27386417268532,-4.5172339560668,9.06496230143744,13.096919062306,1.10302073321655,25.0908173913954,4.0420358979947,0,12.9466944100992,0,"chi","I",1000,500,0.5,0,0,0,FALSE,0,FALSE,0.5,"leave-d",200,0.2,1e+05,TRUE,417
10,0,0,0,2.27386417268532,-4.5172339560668,9.06496230143744,14.7927870463295,3.73323848787087,25.8523356047881,4.0420358979947,0,12.995692805577,0,"chi","I",1000,500,0.5,0,0,0,FALSE,0,FALSE,0.5,"leave-d",200,0.2,1e+05,TRUE,417
10,0,0,0,2.27386417268532,-4.5172339560668,9.06496230143744,3.30556033428334,-8.52142042481536,15.132541093382,4.0420358979947,0,0,0,"chi","I",1000,500,0.5,0,0,0,FALSE,0,FALSE,0.5,"leave-d",200,0.2,1e+05,TRUE,417
10,0,0,0,2.27386417268532,-4.5172339560668,9.06496230143744,-3.64276749099494,-15.3097248396335,8.02418985764359,4.0420358979947,0,0,0,"chi","I",1000,500,0.5,0,0,0,FALSE,0,FALSE,0.5,"leave-d",200,0.2,1e+05,TRUE,417
10,0,0,0,2.27386417268532,-4.5172339560668,9.06496230143744,11.9553207848772,-0.349960911298417,24.2606024810529,4.0420358979947,0,5.9701319379903,0,"chi","I",1000,500,0.5,0,0,0,FALSE,0,FALSE,0.5,"leave-d",200,0.2,1e+05,TRUE,417
10,0,0,0,2.27386417268532,-4.5172339560668,9.06496230143744,16.2282044136673,4.55532465299482,27.9010841743398,4.0420358979947,0,16.7920802312399,0,"chi","I",1000,500,0.5,0,0,0,FALSE,0,FALSE,0.5,"leave-d",200,0.2,1e+05,TRUE,417
10,0,0,0,2.27386417268532,-4.5172339560668,9.06496230143744,8.96152190941886,-4.02305456398662,21.9460983828243,4.0420358979947,0,8.05515891713498,0,"chi","I",1000,500,0.5,0,0,0,FALSE,0,FALSE,0.5,"leave-d",200,0.2,1e+05,TRUE,417
10,0,0,0,2.27386417268532,-4.5172339560668,9.06496230143744,-2.73696645420812,-14.332315506105,8.85838259768877,4.0420358979947,0,0,0,"chi","I",1000,500,0.5,0,0,0,FALSE,0,FALSE,0.5,"leave-d",200,0.2,1e+05,TRUE,417
10,0,0,0,2.27386417268532,-4.5172339560668,9.06496230143744,16.8719577349938,4.51792488570638,29.2259905842813,4.0420358979947,0,16.9503718173233,0,"chi","I",1000,500,0.5,0,0,0,FALSE,0,FALSE,0.5,"leave-d",200,0.2,1e+05,TRUE,417
10,0,0,0,2.27386417268532,-4.5172339560668,9.06496230143744,-2.65844455190414,-14.788890059064,9.47200095525576,4.0420358979947,0,4.54190575038261,0,"chi","I",1000,500,0.5,0,0,0,FALSE,0,FALSE,0.5,"leave-d",200,0.2,1e+05,TRUE,417
10,0,0,0,2.27386417268532,-4.5172339560668,9.06496230143744,3.35207365278809,-9.06106255218973,15.7652098577659,4.0420358979947,0,1.19610321139155,0,"chi","I",1000,500,0.5,0,0,0,FALSE,0,FALSE,0.5,"leave-d",200,0.2,1e+05,TRUE,417
10,0,0,0,2.27386417268532,-4.5172339560668,9.06496230143744,6.85159813714564,-4.17204948984711,17.8752457641384,4.0420358979947,0,4.96615642356817,0,"chi","I",1000,500,0.5,0,0,0,FALSE,0,FALSE,0.5,"leave-d",200,0.2,1e+05,TRUE,417
10,0,0,0,2.27386417268532,-4.5172339560668,9.06496230143744,13.4774609501557,0.205264533414223,26.7496573668972,4.0420358979947,0,13.9123828624515,0,"chi","I",1000,500,0.5,0,0,0,FALSE,0,FALSE,0.5,"leave-d",200,0.2,1e+05,TRUE,417
10,0,0,0,2.27386417268532,-4.5172339560668,9.06496230143744,1.28696485833506,-9.88502570856956,12.4589554252397,4.0420358979947,0,0,0,"chi","I",1000,500,0.5,0,0,0,FALSE,0,FALSE,0.5,"leave-d",200,0.2,1e+05,TRUE,417
10,0,0,0,2.27386417268532,-4.5172339560668,9.06496230143744,-1.89462841992562,-14.0415987161522,10.2523418763009,4.0420358979947,0,1.52847506168119,0,"chi","I",1000,500,0.5,0,0,0,FALSE,0,FALSE,0.5,"leave-d",200,0.2,1e+05,TRUE,417
10,0,0,0,2.27386417268532,-4.5172339560668,9.06496230143744,6.33733625968537,-6.64198867811163,19.3166611974824,4.0420358979947,0,5.87876553826733,0,"chi","I",1000,500,0.5,0,0,0,FALSE,0,FALSE,0.5,"leave-d",200,0.2,1e+05,TRUE,417
10,0,0,0,2.27386417268532,-4.5172339560668,9.06496230143744,-16.6325756942565,-28.3965830338269,-4.8685683546861,4.0420358979947,0,0,0,"chi","I",1000,500,0.5,0,0,0,FALSE,0,FALSE,0.5,"leave-d",200,0.2,1e+05,TRUE,417
10,0,0,0,2.27386417268532,-4.5172339560668,9.06496230143744,9.33482404423498,-2.19561912124934,20.8652672097193,4.0420358979947,0,8.43082360169126,0,"chi","I",1000,500,0.5,0,0,0,FALSE,0,FALSE,0.5,"leave-d",200,0.2,1e+05,TRUE,417
10,0,0,0,2.27386417268532,-4.5172339560668,9.06496230143744,7.54980428374863,-4.68492867063755,19.7845372381348,4.0420358979947,0,6.47874356598228,0,"chi","I",1000,500,0.5,0,0,0,FALSE,0,FALSE,0.5,"leave-d",200,0.2,1e+05,TRUE,417
10,0,0,0,2.27386417268532,-4.5172339560668,9.06496230143744,-1.58838924476235,-14.9860978526112,11.8093193630865,4.0420358979947,0,0,0,"chi","I",1000,500,0.5,0,0,0,FALSE,0,FALSE,0.5,"leave-d",200,0.2,1e+05,TRUE,417
10,0,0,0,2.27386417268532,-4.5172339560668,9.06496230143744,11.3860920159321,0.252273859508055,22.5199101723562,4.0420358979947,0,9.9053576747281,0,"chi","I",1000,500,0.5,0,0,0,FALSE,0,FALSE,0.5,"leave-d",200,0.2,1e+05,TRUE,417
10,0,0,0,2.27386417268532,-4.5172339560668,9.06496230143744,-1.5015480754468,-13.1826479184237,10.1795517675301,4.0420358979947,0,0,0,"chi","I",1000,500,0.5,0,0,0,FALSE,0,FALSE,0.5,"leave-d",200,0.2,1e+05,TRUE,417
10,0,0,0,2.27386417268532,-4.5172339560668,9.06496230143744,2.39807613892795,-9.20309762872731,13.9992499065832,4.0420358979947,0,2.44766574556879,0,"chi","I",1000,500,0.5,0,0,0,FALSE,0,FALSE,0.5,"leave-d",200,0.2,1e+05,TRUE,417
10,0,0,0,2.27386417268532,-4.5172339560668,9.06496230143744,7.68983520006719,-4.08479666196742,19.4644670621018,4.0420358979947,0,6.1959357414834,0,"chi","I",1000,500,0.5,0,0,0,FALSE,0,FALSE,0.5,"leave-d",200,0.2,1e+05,TRUE,417
10,0,0,0,2.27386417268532,-4.5172339560668,9.06496230143744,3.25167435287462,-8.64354742566688,15.1468961314161,4.0420358979947,0,0.65297997653046,0,"chi","I",1000,500,0.5,0,0,0,FALSE,0,FALSE,0.5,"leave-d",200,0.2,1e+05,TRUE,417
10,0,0,0,2.27386417268532,-4.5172339560668,9.06496230143744,9.68793059950205,-3.71679725460492,23.092658453609,4.0420358979947,0,8.49151793479111,0,"chi","I",1000,500,0.5,0,0,0,FALSE,0,FALSE,0.5,"leave-d",200,0.2,1e+05,TRUE,417
10,0,0,0,2.27386417268532,-4.5172339560668,9.06496230143744,-2.28800908047615,-14.7269926772434,10.1509745162911,4.0420358979947,0,0,0,"chi","I",1000,500,0.5,0,0,0,FALSE,0,FALSE,0.5,"leave-d",200,0.2,1e+05,TRUE,417
10,0,0,0,2.27386417268532,-4.5172339560668,9.06496230143744,-1.30580574613711,-12.4033729212126,9.79176142893839,4.0420358979947,0,0,0,"chi","I",1000,500,0.5,0,0,0,FALSE,0,FALSE,0.5,"leave-d",200,0.2,1e+05,TRUE,417
10,0,0,0,2.27386417268532,-4.5172339560668,9.06496230143744,17.6681469370002,4.92527273004547,30.411021143955,4.0420358979947,0,13.3643698605131,0,"chi","I",1000,500,0.5,0,0,0,FALSE,0,FALSE,0.5,"leave-d",200,0.2,1e+05,TRUE,417
10,0,0,0,2.27386417268532,-4.5172339560668,9.06496230143744,10.2801694355742,-2.58628578972651,23.1466246608748,4.0420358979947,0,11.2681316700811,0,"chi","I",1000,500,0.5,0,0,0,FALSE,0,FALSE,0.5,"leave-d",200,0.2,1e+05,TRUE,417
10,0,0,0,2.27386417268532,-4.5172339560668,9.06496230143744,-5.9390752865903,-19.744729583085,7.86657900990437,4.0420358979947,0,0,0,"chi","I",1000,500,0.5,0,0,0,FALSE,0,FALSE,0.5,"leave-d",200,0.2,1e+05,TRUE,417
10,0,0,0,2.27386417268532,-4.5172339560668,9.06496230143744,2.96174864327286,-8.15793818654478,14.0814354730905,4.0420358979947,0,0,0,"chi","I",1000,500,0.5,0,0,0,FALSE,0,FALSE,0.5,"leave-d",200,0.2,1e+05,TRUE,417
10,0,0,0,2.27386417268532,-4.5172339560668,9.06496230143744,6.1613671941472,-5.72777945709301,18.0505138453874,4.0420358979947,0,4.92788564561272,0,"chi","I",1000,500,0.5,0,0,0,FALSE,0,FALSE,0.5,"leave-d",200,0.2,1e+05,TRUE,417
10,0,0,0,2.27386417268532,-4.5172339560668,9.06496230143744,5.44756549690007,-7.16695771112805,18.0620887049282,4.0420358979947,0,3.85178820046674,0,"chi","I",1000,500,0.5,0,0,0,FALSE,0,FALSE,0.5,"leave-d",200,0.2,1e+05,TRUE,417
10,0,0,0,2.27386417268532,-4.5172339560668,9.06496230143744,-9.6456939954793,-21.4152504085945,2.12386241763586,4.0420358979947,0,0,0,"chi","I",1000,500,0.5,0,0,0,FALSE,0,FALSE,0.5,"leave-d",200,0.2,1e+05,TRUE,417
10,0,0,0,2.27386417268532,-4.5172339560668,9.06496230143744,8.41025050110813,-3.93416421086723,20.7546652130835,4.0420358979947,0,8.6882260869514,0,"chi","I",1000,500,0.5,0,0,0,FALSE,0,FALSE,0.5,"leave-d",200,0.2,1e+05,TRUE,417
10,0,0,0,2.27386417268532,-4.5172339560668,9.06496230143744,8.52777268833519,-4.27303451600743,21.3285798926778,4.0420358979947,0,7.14345882298394,0,"chi","I",1000,500,0.5,0,0,0,FALSE,0,FALSE,0.5,"leave-d",200,0.2,1e+05,TRUE,417
10,0,0,0,2.27386417268532,-4.5172339560668,9.06496230143744,10.1708233248333,-0.338067540028717,20.6797141896954,4.0420358979947,0,6.50563996759408,0,"chi","I",1000,500,0.5,0,0,0,FALSE,0,FALSE,0.5,"leave-d",200,0.2,1e+05,TRUE,417
10,0,0,0,2.27386417268532,-4.5172339560668,9.06496230143744,4.33194173667258,-7.50954168163277,16.1734251549779,4.0420358979947,0,3.77144203901525,0,"chi","I",1000,500,0.5,0,0,0,FALSE,0,FALSE,0.5,"leave-d",200,0.2,1e+05,TRUE,417
10,0,0,0,2.27386417268532,-4.5172339560668,9.06496230143744,2.29718869566121,-8.34802494720862,12.942402338531,4.0420358979947,0,3.96567320804492,0,"chi","I",1000,500,0.5,0,0,0,FALSE,0,FALSE,0.5,"leave-d",200,0.2,1e+05,TRUE,417
10,0,0,0,2.27386417268532,-4.5172339560668,9.06496230143744,9.59215200784123,-3.74662428758966,22.9309283032721,4.0420358979947,0,9.04774951754558,0,"chi","I",1000,500,0.5,0,0,0,FALSE,0,FALSE,0.5,"leave-d",200,0.2,1e+05,TRUE,417
10,0,0,0,2.27386417268532,-4.5172339560668,9.06496230143744,-0.50881846962976,-13.6129259030948,12.5952889638353,4.0420358979947,0,2.88600249674365,0,"chi","I",1000,500,0.5,0,0,0,FALSE,0,FALSE,0.5,"leave-d",200,0.2,1e+05,TRUE,417
10,0,0,0,2.27386417268532,-4.5172339560668,9.06496230143744,10.6190771236677,-1.95037596773877,23.1885302150741,4.0420358979947,0,10.3069217203384,0,"chi","I",1000,500,0.5,0,0,0,FALSE,0,FALSE,0.5,"leave-d",200,0.2,1e+05,TRUE,417
10,0,0,0,2.27386417268532,-4.5172339560668,9.06496230143744,5.86062540159481,-5.78693133440835,17.508182137598,4.0420358979947,0,3.46172193369676,0,"chi","I",1000,500,0.5,0,0,0,FALSE,0,FALSE,0.5,"leave-d",200,0.2,1e+05,TRUE,417
10,0,0,0,2.27386417268532,-4.5172339560668,9.06496230143744,13.2516960247956,2.28769436935809,24.2156976802331,4.0420358979947,0,13.1476956729718,0,"chi","I",1000,500,0.5,0,0,0,FALSE,0,FALSE,0.5,"leave-d",200,0.2,1e+05,TRUE,417
10,0,0,0,2.27386417268532,-4.5172339560668,9.06496230143744,12.9670935360128,0.407662520986463,25.5265245510391,4.0420358979947,0,6.49561094326804,0,"chi","I",1000,500,0.5,0,0,0,FALSE,0,FALSE,0.5,"leave-d",200,0.2,1e+05,TRUE,417
10,0,0,0,2.27386417268532,-4.5172339560668,9.06496230143744,6.06844221627225,-6.48375636044708,18.6206407929916,4.0420358979947,0,2.34061684824324,0,"chi","I",1000,500,0.5,0,0,0,FALSE,0,FALSE,0.5,"leave-d",200,0.2,1e+05,TRUE,417
10,0,0,0,2.27386417268532,-4.5172339560668,9.06496230143744,17.4785377532554,5.60619785144845,29.3508776550623,4.0420358979947,0,16.4033836780785,0,"chi","I",1000,500,0.5,0,0,0,FALSE,0,FALSE,0.5,"leave-d",200,0.2,1e+05,TRUE,417
10,0,0,0,2.27386417268532,-4.5172339560668,9.06496230143744,3.32640356079098,-8.55181037203926,15.2046174936212,4.0420358979947,0,2.5097130738318,0,"chi","I",1000,500,0.5,0,0,0,FALSE,0,FALSE,0.5,"leave-d",200,0.2,1e+05,TRUE,417
10,0,0,0,2.27386417268532,-4.5172339560668,9.06496230143744,6.95052966669455,-4.78791777873238,18.6889771121215,4.0420358979947,0,7.05752495021395,0,"chi","I",1000,500,0.5,0,0,0,FALSE,0,FALSE,0.5,"leave-d",200,0.2,1e+05,TRUE,417
10,0,0,0,2.27386417268532,-4.5172339560668,9.06496230143744,1.1414449883459,-10.4370859910759,12.7199759677677,4.0420358979947,0,2.23921226466563,0,"chi","I",1000,500,0.5,0,0,0,FALSE,0,FALSE,0.5,"leave-d",200,0.2,1e+05,TRUE,417
10,0,0,0,2.27386417268532,-4.5172339560668,9.06496230143744,11.6193026371519,-0.286402631941634,23.5250079062454,4.0420358979947,0,13.5431025477035,0,"chi","I",1000,500,0.5,0,0,0,FALSE,0,FALSE,0.5,"leave-d",200,0.2,1e+05,TRUE,417
10,0,0,0,2.27386417268532,-4.5172339560668,9.06496230143744,19.7413786696742,7.12223367300781,32.3605236663407,4.0420358979947,0,19.2070737813145,0,"chi","I",1000,500,0.5,0,0,0,FALSE,0,FALSE,0.5,"leave-d",200,0.2,1e+05,TRUE,417
10,0,0,0,2.27386417268532,-4.5172339560668,9.06496230143744,2.49904684576021,-9.85749683473609,14.8555905262565,4.0420358979947,0,3.32716554367797,0,"chi","I",1000,500,0.5,0,0,0,FALSE,0,FALSE,0.5,"leave-d",200,0.2,1e+05,TRUE,417
10,0,0,0,2.27386417268532,-4.5172339560668,9.06496230143744,0.205984573557795,-13.3044868257553,13.7164559728708,4.0420358979947,0,6.67058023632221,0,"chi","I",1000,500,0.5,0,0,0,FALSE,0,FALSE,0.5,"leave-d",200,0.2,1e+05,TRUE,417
10,0,0,0,2.27386417268532,-4.5172339560668,9.06496230143744,15.617185042036,4.56085264777511,26.6735174362969,4.0420358979947,0,12.7798395108801,0,"chi","I",1000,500,0.5,0,0,0,FALSE,0,FALSE,0.5,"leave-d",200,0.2,1e+05,TRUE,417
10,0,0,0,2.27386417268532,-4.5172339560668,9.06496230143744,8.1036006128,-4.39088896500561,20.5980901906056,4.0420358979947,0,5.88085745353292,0,"chi","I",1000,500,0.5,0,0,0,FALSE,0,FALSE,0.5,"leave-d",200,0.2,1e+05,TRUE,417
10,0,0,0,2.27386417268532,-4.5172339560668,9.06496230143744,-3.44346837006006,-15.4124453352768,8.52550859515665,4.0420358979947,0,1.35865660051533,0,"chi","I",1000,500,0.5,0,0,0,FALSE,0,FALSE,0.5,"leave-d",200,0.2,1e+05,TRUE,417
10,0,0,0,2.27386417268532,-4.5172339560668,9.06496230143744,-5.20963843831772,-18.1531271711215,7.73385029448603,4.0420358979947,0,0,0,"chi","I",1000,500,0.5,0,0,0,FALSE,0,FALSE,0.5,"leave-d",200,0.2,1e+05,TRUE,417
10,0,0,0,2.27386417268532,-4.5172339560668,9.06496230143744,18.1405306387948,7.50380586417374,28.7772554134159,4.0420358979947,0,18.02524148637,0,"chi","I",1000,500,0.5,0,0,0,FALSE,0,FALSE,0.5,"leave-d",200,0.2,1e+05,TRUE,417
10,0,0,0,2.27386417268532,-4.5172339560668,9.06496230143744,9.55480397038141,-3.35906682837334,22.4686747691362,4.0420358979947,0,9.33487710766651,0,"chi","I",1000,500,0.5,0,0,0,FALSE,0,FALSE,0.5,"leave-d",200,0.2,1e+05,TRUE,417
10,0,0,0,2.27386417268532,-4.5172339560668,9.06496230143744,1.03383743455404,-12.5257275685352,14.5934024376433,4.0420358979947,0,1.45668482092621,0,"chi","I",1000,500,0.5,0,0,0,FALSE,0,FALSE,0.5,"leave-d",200,0.2,1e+05,TRUE,417
10,0,0,0,2.27386417268532,-4.5172339560668,9.06496230143744,5.73762895093067,-6.54988811283985,18.0251460147012,4.0420358979947,0,4.47426213719499,0,"chi","I",1000,500,0.5,0,0,0,FALSE,0,FALSE,0.5,"leave-d",200,0.2,1e+05,TRUE,417
10,0,0,0,2.27386417268532,-4.5172339560668,9.06496230143744,26.3745370427152,14.8640480364985,37.885026048932,4.0420358979947,0,26.6457316794314,0,"chi","I",1000,500,0.5,0,0,0,FALSE,0,FALSE,0.5,"leave-d",200,0.2,1e+05,TRUE,417
10,0,0,0,2.27386417268532,-4.5172339560668,9.06496230143744,-6.90625999421046,-19.0562032734742,5.24368328505329,4.0420358979947,0,0,0,"chi","I",1000,500,0.5,0,0,0,FALSE,0,FALSE,0.5,"leave-d",200,0.2,1e+05,TRUE,417
10,0,0,0,2.27386417268532,-4.5172339560668,9.06496230143744,13.6322423545521,1.51313595257647,25.7513487565277,4.0420358979947,0,13.711211018217,0,"chi","I",1000,500,0.5,0,0,0,FALSE,0,FALSE,0.5,"leave-d",200,0.2,1e+05,TRUE,417
10,0,0,0,2.27386417268532,-4.5172339560668,9.06496230143744,0.806682344486073,-12.3422681277797,13.9556328167518,4.0420358979947,0,0,0,"chi","I",1000,500,0.5,0,0,0,FALSE,0,FALSE,0.5,"leave-d",200,0.2,1e+05,TRUE,417
10,0,0,0,2.27386417268532,-4.5172339560668,9.06496230143744,6.5230670037495,-5.46433116761911,18.5104651751181,4.0420358979947,0,8.12514063663719,0,"chi","I",1000,500,0.5,0,0,0,FALSE,0,FALSE,0.5,"leave-d",200,0.2,1e+05,TRUE,417
10,0,0,0,2.27386417268532,-4.5172339560668,9.06496230143744,18.530785538928,7.67470789634472,29.3868631815112,4.0420358979947,0,16.2362346162683,0,"chi","I",1000,500,0.5,0,0,0,FALSE,0,FALSE,0.5,"leave-d",200,0.2,1e+05,TRUE,417
10,0,0,0,2.27386417268532,-4.5172339560668,9.06496230143744,-0.0237166486964411,-11.795044263858,11.7476109664651,4.0420358979947,0,1.98537677723978,0,"chi","I",1000,500,0.5,0,0,0,FALSE,0,FALSE,0.5,"leave-d",200,0.2,1e+05,TRUE,417
10,0,0,0,2.27386417268532,-4.5172339560668,9.06496230143744,2.25502503146204,-10.2613775737939,14.771427636718,4.0420358979947,0,4.72998436800589,0,"chi","I",1000,500,0.5,0,0,0,FALSE,0,FALSE,0.5,"leave-d",200,0.2,1e+05,TRUE,417
10,0,0,0,2.27386417268532,-4.5172339560668,9.06496230143744,0.264277542813975,-12.4807585690614,13.0093136546894,4.0420358979947,0,1.5843231164326,0,"chi","I",1000,500,0.5,0,0,0,FALSE,0,FALSE,0.5,"leave-d",200,0.2,1e+05,TRUE,417
10,0,0,0,2.27386417268532,-4.5172339560668,9.06496230143744,15.5185622870566,2.20318054631067,28.8339440278026,4.0420358979947,0,13.0595583625613,0,"chi","I",1000,500,0.5,0,0,0,FALSE,0,FALSE,0.5,"leave-d",200,0.2,1e+05,TRUE,417
10,0,0,0,2.27386417268532,-4.5172339560668,9.06496230143744,-3.21538440521553,-14.7487826508021,8.31801384037107,4.0420358979947,0,0,0,"chi","I",1000,500,0.5,0,0,0,FALSE,0,FALSE,0.5,"leave-d",200,0.2,1e+05,TRUE,417
10,0,0,0,2.27386417268532,-4.5172339560668,9.06496230143744,2.87065846504726,-9.29841967594008,15.0397366060346,4.0420358979947,0,0.393434190313412,0,"chi","I",1000,500,0.5,0,0,0,FALSE,0,FALSE,0.5,"leave-d",200,0.2,1e+05,TRUE,417
10,0,0,0,2.27386417268532,-4.5172339560668,9.06496230143744,11.7854028744722,-0.0285107222347776,23.5993164711793,4.0420358979947,0,11.7993223377139,0,"chi","I",1000,500,0.5,0,0,0,FALSE,0,FALSE,0.5,"leave-d",200,0.2,1e+05,TRUE,417
10,0,0,0,2.27386417268532,-4.5172339560668,9.06496230143744,-2.30383676856379,-13.7664344756751,9.15876093854756,4.0420358979947,0,2.62225351561419,0,"chi","I",1000,500,0.5,0,0,0,FALSE,0,FALSE,0.5,"leave-d",200,0.2,1e+05,TRUE,417
10,0,0,0,2.27386417268532,-4.5172339560668,9.06496230143744,9.16157637610709,-3.37661202750667,21.6997647797208,4.0420358979947,0,7.48740476422409,0,"chi","I",1000,500,0.5,0,0,0,FALSE,0,FALSE,0.5,"leave-d",200,0.2,1e+05,TRUE,417
10,0,0,0,2.27386417268532,-4.5172339560668,9.06496230143744,7.26869299022361,-5.72375272044449,20.2611387008917,4.0420358979947,0,3.7259402307072,0,"chi","I",1000,500,0.5,0,0,0,FALSE,0,FALSE,0.5,"leave-d",200,0.2,1e+05,TRUE,417
10,0,0,0,2.27386417268532,-4.5172339560668,9.06496230143744,1.12512070595713,-12.4854646224265,14.7357060343408,4.0420358979947,0,0,0,"chi","I",1000,500,0.5,0,0,0,FALSE,0,FALSE,0.5,"leave-d",200,0.2,1e+05,TRUE,417
10,0,0,0,2.27386417268532,-4.5172339560668,9.06496230143744,4.37654448928965,-7.38899281708633,16.1420817956656,4.0420358979947,0,0,0,"chi","I",1000,500,0.5,0,0,0,FALSE,0,FALSE,0.5,"leave-d",200,0.2,1e+05,TRUE,417
10,0,0,0,2.27386417268532,-4.5172339560668,9.06496230143744,-10.5201425097464,-21.1362472331579,0.0959622136650378,4.0420358979947,0,0,0,"chi","I",1000,500,0.5,0,0,0,FALSE,0,FALSE,0.5,"leave-d",200,0.2,1e+05,TRUE,417
10,0,0,0,2.27386417268532,-4.5172339560668,9.06496230143744,1.14051909257275,-12.0976011870076,14.3786393721531,4.0420358979947,0,0.936852315079524,0,"chi","I",1000,500,0.5,0,0,0,FALSE,0,FALSE,0.5,"leave-d",200,0.2,1e+05,TRUE,417
10,0,0,0,2.27386417268532,-4.5172339560668,9.06496230143744,-7.813320362018,-20.2349621686525,4.60832144461651,4.0420358979947,0,0,0,"chi","I",1000,500,0.5,0,0,0,FALSE,0,FALSE,0.5,"leave-d",200,0.2,1e+05,TRUE,417
10,0,0,0,2.27386417268532,-4.5172339560668,9.06496230143744,0.0525611486884419,-13.0095834526016,13.1147057499785,4.0420358979947,0,0.109152263366091,0,"chi","I",1000,500,0.5,0,0,0,FALSE,0,FALSE,0.5,"leave-d",200,0.2,1e+05,TRUE,417
10,0,0,0,2.27386417268532,-4.5172339560668,9.06496230143744,1.0260082691482,-10.1627480798317,12.214764618128,4.0420358979947,0,2.84763572466362,0,"chi","I",1000,500,0.5,0,0,0,FALSE,0,FALSE,0.5,"leave-d",200,0.2,1e+05,TRUE,417
10,0,0,0,2.27386417268532,-4.5172339560668,9.06496230143744,4.3600941247118,-7.85191623806826,16.5721044874919,4.0420358979947,0,3.4498547258018,0,"chi","I",1000,500,0.5,0,0,0,FALSE,0,FALSE,0.5,"leave-d",200,0.2,1e+05,TRUE,417
10,0,0,0,2.27386417268532,-4.5172339560668,9.06496230143744,6.83586759174027,-4.32013702782062,17.9918722113012,4.0420358979947,0,6.90796060190161,0,"chi","I",1000,500,0.5,0,0,0,FALSE,0,FALSE,0.5,"leave-d",200,0.2,1e+05,TRUE,417
10,0,0,0,2.27386417268532,-4.5172339560668,9.06496230143744,4.83494168175416,-7.0507622712941,16.7206456348024,4.0420358979947,0,0.330467185490283,0,"chi","I",1000,500,0.5,0,0,0,FALSE,0,FALSE,0.5,"leave-d",200,0.2,1e+05,TRUE,417
10,0,0,0,2.27386417268532,-4.5172339560668,9.06496230143744,-11.8139768261316,-25.9154283519843,2.2874746997212,4.0420358979947,0,0,0,"chi","I",1000,500,0.5,0,0,0,FALSE,0,FALSE,0.5,"leave-d",200,0.2,1e+05,TRUE,417
10,0,0,0,2.27386417268532,-4.5172339560668,9.06496230143744,11.0992486289289,-1.39908310715675,23.5975803650146,4.0420358979947,0,10.0713119822514,0,"chi","I",1000,500,0.5,0,0,0,FALSE,0,FALSE,0.5,"leave-d",200,0.2,1e+05,TRUE,417
10,0,0,0,2.27386417268532,-4.5172339560668,9.06496230143744,5.9673604686954,-5.4541743541295,17.3888952915203,4.0420358979947,0,4.0251160962374,0,"chi","I",1000,500,0.5,0,0,0,FALSE,0,FALSE,0.5,"leave-d",200,0.2,1e+05,TRUE,417
10,0,0,0,2.27386417268532,-4.5172339560668,9.06496230143744,2.40373682127378,-10.618297399927,15.4257710424746,4.0420358979947,0,4.65662797986254,0,"chi","I",1000,500,0.5,0,0,0,FALSE,0,FALSE,0.5,"leave-d",200,0.2,1e+05,TRUE,417
10,0,0,0,2.27386417268532,-4.5172339560668,9.06496230143744,-2.48192128000809,-14.719612624161,9.75577006414482,4.0420358979947,0,0,0,"chi","I",1000,500,0.5,0,0,0,FALSE,0,FALSE,0.5,"leave-d",200,0.2,1e+05,TRUE,417
10,0,0,0,2.27386417268532,-4.5172339560668,9.06496230143744,12.4472622245961,0.217377146105809,24.6771473030865,4.0420358979947,0,11.8859084303175,0,"chi","I",1000,500,0.5,0,0,0,FALSE,0,FALSE,0.5,"leave-d",200,0.2,1e+05,TRUE,417
10,0,0,0,2.27386417268532,-4.5172339560668,9.06496230143744,6.44979211052771,-6.13107285099849,19.0306570720539,4.0420358979947,0,5.85839797528168,0,"chi","I",1000,500,0.5,0,0,0,FALSE,0,FALSE,0.5,"leave-d",200,0.2,1e+05,TRUE,417
10,0,0,0,2.27386417268532,-4.5172339560668,9.06496230143744,8.45722289387735,-4.5350680844462,21.4495138722009,4.0420358979947,0,9.02263197344755,0,"chi","I",1000,500,0.5,0,0,0,FALSE,0,FALSE,0.5,"leave-d",200,0.2,1e+05,TRUE,417
10,0,0,0,2.27386417268532,-4.5172339560668,9.06496230143744,8.48868676021232,-3.36887058267293,20.3462441030976,4.0420358979947,0,8.39775145720064,0,"chi","I",1000,500,0.5,0,0,0,FALSE,0,FALSE,0.5,"leave-d",200,0.2,1e+05,TRUE,417
10,0,0,0,2.27386417268532,-4.5172339560668,9.06496230143744,5.42871408055844,-7.07740753262078,17.9348356937377,4.0420358979947,0,0,0,"chi","I",1000,500,0.5,0,0,0,FALSE,0,FALSE,0.5,"leave-d",200,0.2,1e+05,TRUE,417
10,0,0,0,2.27386417268532,-4.5172339560668,9.06496230143744,-6.62105538241383,-19.3687434682171,6.12663270338942,4.0420358979947,0,0,0,"chi","I",1000,500,0.5,0,0,0,FALSE,0,FALSE,0.5,"leave-d",200,0.2,1e+05,TRUE,417
10,0,0,0,2.27386417268532,-4.5172339560668,9.06496230143744,17.397460137179,5.66968800670219,29.1252322676559,4.0420358979947,0,17.0709450206145,0,"chi","I",1000,500,0.5,0,0,0,FALSE,0,FALSE,0.5,"leave-d",200,0.2,1e+05,TRUE,417
10,0,0,0,2.27386417268532,-4.5172339560668,9.06496230143744,-6.07998561089003,-18.3121980291906,6.15222680741057,4.0420358979947,0,3.79370276924552,0,"chi","I",1000,500,0.5,0,0,0,FALSE,0,FALSE,0.5,"leave-d",200,0.2,1e+05,TRUE,417
10,0,0,0,2.27386417268532,-4.5172339560668,9.06496230143744,0.580746380002642,-10.3354111811742,11.4969039411795,4.0420358979947,0,2.45364134355323,0,"chi","I",1000,500,0.5,0,0,0,FALSE,0,FALSE,0.5,"leave-d",200,0.2,1e+05,TRUE,417
10,0,0,0,2.27386417268532,-4.5172339560668,9.06496230143744,6.18471237962941,-5.92286883022413,18.292293589483,4.0420358979947,0,5.82324144784378,0,"chi","I",1000,500,0.5,0,0,0,FALSE,0,FALSE,0.5,"leave-d",200,0.2,1e+05,TRUE,417
10,0,0,0,2.27386417268532,-4.5172339560668,9.06496230143744,9.43676596191026,-3.49469192727143,22.3682238510919,4.0420358979947,0,7.43392480685821,0,"chi","I",1000,500,0.5,0,0,0,FALSE,0,FALSE,0.5,"leave-d",200,0.2,1e+05,TRUE,417
10,0,0,0,2.27386417268532,-4.5172339560668,9.06496230143744,19.3347579212482,6.36989412062415,32.2996217218722,4.0420358979947,0,17.6979989206326,0,"chi","I",1000,500,0.5,0,0,0,FALSE,0,FALSE,0.5,"leave-d",200,0.2,1e+05,TRUE,417
10,0,0,0,2.27386417268532,-4.5172339560668,9.06496230143744,11.1139110756242,-1.69928063399053,23.9271027852389,4.0420358979947,0,9.7262749688194,0,"chi","I",1000,500,0.5,0,0,0,FALSE,0,FALSE,0.5,"leave-d",200,0.2,1e+05,TRUE,417
10,0,0,0,2.27386417268532,-4.5172339560668,9.06496230143744,9.81439447652994,-1.94227531094579,21.5710642640057,4.0420358979947,0,11.2604770368702,0,"chi","I",1000,500,0.5,0,0,0,FALSE,0,FALSE,0.5,"leave-d",200,0.2,1e+05,TRUE,417
10,0,0,0,2.27386417268532,-4.5172339560668,9.06496230143744,7.07000574576281,-4.73791020740903,18.8779216989346,4.0420358979947,0,4.47941835951991,0,"chi","I",1000,500,0.5,0,0,0,FALSE,0,FALSE,0.5,"leave-d",200,0.2,1e+05,TRUE,417
10,0,0,0,2.27386417268532,-4.5172339560668,9.06496230143744,-7.56212613689212,-20.1957867670923,5.07153449330808,4.0420358979947,0,0,0,"chi","I",1000,500,0.5,0,0,0,FALSE,0,FALSE,0.5,"leave-d",200,0.2,1e+05,TRUE,417
10,0,0,0,2.27386417268532,-4.5172339560668,9.06496230143744,-1.23647948762989,-13.4759341244566,11.0029751491969,4.0420358979947,0,0,0,"chi","I",1000,500,0.5,0,0,0,FALSE,0,FALSE,0.5,"leave-d",200,0.2,1e+05,TRUE,417
10,0,0,0,2.27386417268532,-4.5172339560668,9.06496230143744,17.0050249750346,4.31260703617652,29.6974429138928,4.0420358979947,0,16.7070715351742,0,"chi","I",1000,500,0.5,0,0,0,FALSE,0,FALSE,0.5,"leave-d",200,0.2,1e+05,TRUE,417
10,0,0,0,2.27386417268532,-4.5172339560668,9.06496230143744,-5.12936400591357,-16.9351794325532,6.67645142072609,4.0420358979947,0,0,0,"chi","I",1000,500,0.5,0,0,0,FALSE,0,FALSE,0.5,"leave-d",200,0.2,1e+05,TRUE,417
10,0,0,0,2.27386417268532,-4.5172339560668,9.06496230143744,16.9596174672371,4.14611786076657,29.7731170737076,4.0420358979947,0,16.6430389711633,0,"chi","I",1000,500,0.5,0,0,0,FALSE,0,FALSE,0.5,"leave-d",200,0.2,1e+05,TRUE,417
10,0,0,0,2.27386417268532,-4.5172339560668,9.06496230143744,3.96946351940456,-8.98008721008785,16.919014248897,4.0420358979947,0,4.27605202826385,0,"chi","I",1000,500,0.5,0,0,0,FALSE,0,FALSE,0.5,"leave-d",200,0.2,1e+05,TRUE,417
10,0,0,0,2.27386417268532,-4.5172339560668,9.06496230143744,2.69551187263573,-9.68014927321143,15.0711730184829,4.0420358979947,0,5.48277891463881,0,"chi","I",1000,500,0.5,0,0,0,FALSE,0,FALSE,0.5,"leave-d",200,0.2,1e+05,TRUE,417
10,0,0,0,2.27386417268532,-4.5172339560668,9.06496230143744,-7.5646204895068,-18.0971165084083,2.96787552939474,4.0420358979947,0,0,0,"chi","I",1000,500,0.5,0,0,0,FALSE,0,FALSE,0.5,"leave-d",200,0.2,1e+05,TRUE,417
10,0,0,0,2.27386417268532,-4.5172339560668,9.06496230143744,3.65311381115629,-7.3701690475775,14.6763966698901,4.0420358979947,0,5.77503004721767,0,"chi","I",1000,500,0.5,0,0,0,FALSE,0,FALSE,0.5,"leave-d",200,0.2,1e+05,TRUE,417
10,0,0,0,2.27386417268532,-4.5172339560668,9.06496230143744,-5.2865040919308,-16.9219859280924,6.3489777442308,4.0420358979947,0,0,0,"chi","I",1000,500,0.5,0,0,0,FALSE,0,FALSE,0.5,"leave-d",200,0.2,1e+05,TRUE,417
10,0,0,0,2.27386417268532,-4.5172339560668,9.06496230143744,9.80817443365832,-1.89436182671174,21.5107106940284,4.0420358979947,0,8.82885950180121,0,"chi","I",1000,500,0.5,0,0,0,FALSE,0,FALSE,0.5,"leave-d",200,0.2,1e+05,TRUE,417
10,0,0,0,2.27386417268532,-4.5172339560668,9.06496230143744,-4.79980570118638,-16.4568782293783,6.85726682700556,4.0420358979947,0,0,0,"chi","I",1000,500,0.5,0,0,0,FALSE,0,FALSE,0.5,"leave-d",200,0.2,1e+05,TRUE,417
10,0,0,0,2.27386417268532,-4.5172339560668,9.06496230143744,-2.73283246063091,-16.1441889591959,10.678524037934,4.0420358979947,0,0,0,"chi","I",1000,500,0.5,0,0,0,FALSE,0,FALSE,0.5,"leave-d",200,0.2,1e+05,TRUE,417
10,0,0,0,2.27386417268532,-4.5172339560668,9.06496230143744,14.1217310773326,2.83284368848275,25.4106184661824,4.0420358979947,0,15.4331220324156,0,"chi","I",1000,500,0.5,0,0,0,FALSE,0,FALSE,0.5,"leave-d",200,0.2,1e+05,TRUE,417
10,0,0,0,2.27386417268532,-4.5172339560668,9.06496230143744,9.65568444117107,-1.75242552694451,21.0637944092867,4.0420358979947,0,5.69069143063676,0,"chi","I",1000,500,0.5,0,0,0,FALSE,0,FALSE,0.5,"leave-d",200,0.2,1e+05,TRUE,417
10,0,0,0,2.27386417268532,-4.5172339560668,9.06496230143744,-2.39990828344971,-13.5657896402935,8.76597307339407,4.0420358979947,0,3.64945637043262,0,"chi","I",1000,500,0.5,0,0,0,FALSE,0,FALSE,0.5,"leave-d",200,0.2,1e+05,TRUE,417
10,0,0,0,2.27386417268532,-4.5172339560668,9.06496230143744,1.16704437402112,-8.89945509248868,11.2335438405309,4.0420358979947,0,0.950317882970506,0,"chi","I",1000,500,0.5,0,0,0,FALSE,0,FALSE,0.5,"leave-d",200,0.2,1e+05,TRUE,417
10,0,0,0,2.27386417268532,-4.5172339560668,9.06496230143744,-2.30209500174061,-14.913673962661,10.3094839591798,4.0420358979947,0,0,0,"chi","I",1000,500,0.5,0,0,0,FALSE,0,FALSE,0.5,"leave-d",200,0.2,1e+05,TRUE,417
10,0,0,0,2.27386417268532,-4.5172339560668,9.06496230143744,-2.19480509088699,-13.5423447522938,9.15273457051981,4.0420358979947,0,2.13857096275603,0,"chi","I",1000,500,0.5,0,0,0,FALSE,0,FALSE,0.5,"leave-d",200,0.2,1e+05,TRUE,417
10,0,0,0,2.27386417268532,-4.5172339560668,9.06496230143744,3.44027613481125,-8.10109597341598,14.9816482430385,4.0420358979947,0,4.6101403582895,0,"chi","I",1000,500,0.5,0,0,0,FALSE,0,FALSE,0.5,"leave-d",200,0.2,1e+05,TRUE,417
10,0,0,0,2.27386417268532,-4.5172339560668,9.06496230143744,5.79246602609945,-6.34577846856213,17.930710520761,4.0420358979947,0,9.37258653256494,0,"chi","I",1000,500,0.5,0,0,0,FALSE,0,FALSE,0.5,"leave-d",200,0.2,1e+05,TRUE,417
10,0,0,0,2.27386417268532,-4.5172339560668,9.06496230143744,8.19893540578248,-4.77302340957109,21.170894221136,4.0420358979947,0,3.86441070859848,0,"chi","I",1000,500,0.5,0,0,0,FALSE,0,FALSE,0.5,"leave-d",200,0.2,1e+05,TRUE,417
10,0,0,0,2.27386417268532,-4.5172339560668,9.06496230143744,0.760399494387197,-12.7735242107039,14.2943231994783,4.0420358979947,0,0,0,"chi","I",1000,500,0.5,0,0,0,FALSE,0,FALSE,0.5,"leave-d",200,0.2,1e+05,TRUE,417
10,0,0,0,2.27386417268532,-4.5172339560668,9.06496230143744,8.21280648764047,-2.92382609296624,19.3494390682472,4.0420358979947,0,7.617108088362,0,"chi","I",1000,500,0.5,0,0,0,FALSE,0,FALSE,0.5,"leave-d",200,0.2,1e+05,TRUE,417
10,0,0,0,2.27386417268532,-4.5172339560668,9.06496230143744,-1.8432585525837,-13.9617096425757,10.2751925374083,4.0420358979947,0,0.462498614885859,0,"chi","I",1000,500,0.5,0,0,0,FALSE,0,FALSE,0.5,"leave-d",200,0.2,1e+05,TRUE,417
