"var_main_effect","var_inter_effect","cov_main_inter_effect","var_total_effect","EigenPrism_main","EigenPrism_CI1","EigenPrism_CI2","sub_EigenPrism_main","sub_EigenPrism_CI1","sub_EigenPrism_CI2","GCTA_main","GCTA_inter","sub_GCTA_main","sub_GCTA_inter","x_dist","structure","p","n","main_fixed_var","main_random_var","inter_fixed_var","inter_random_var","decor","interact","combine","pro","bs","n_sub","rho_e","emp_n","inter_std","i"
10,0,0,0,8.07794418137672,-0.920008540355621,17.0758969031091,12.9790547594419,-7.06165056646428,33.019760085348,7.75649002526711,0,10.9663254355344,0,"chi","I",1000,100,0.5,0,0,0,FALSE,0,FALSE,0.5,"leave-d",200,0.5,1e+05,TRUE,51
10,0,0,0,8.07794418137672,-0.920008540355621,17.0758969031091,22.5775946884986,4.86754827659939,40.2876411003978,7.75649002526711,0,17.9424374748226,0,"chi","I",1000,100,0.5,0,0,0,FALSE,0,FALSE,0.5,"leave-d",200,0.5,1e+05,TRUE,51
10,0,0,0,8.07794418137672,-0.920008540355621,17.0758969031091,6.44715518058242,-8.60516934882286,21.4994797099877,7.75649002526711,0,4.30932965207654,0,"chi","I",1000,100,0.5,0,0,0,FALSE,0,FALSE,0.5,"leave-d",200,0.5,1e+05,TRUE,51
10,0,0,0,8.07794418137672,-0.920008540355621,17.0758969031091,7.35064149797883,-6.49278792298965,21.1940709189473,7.75649002526711,0,4.45575789635205,0,"chi","I",1000,100,0.5,0,0,0,FALSE,0,FALSE,0.5,"leave-d",200,0.5,1e+05,TRUE,51
10,0,0,0,8.07794418137672,-0.920008540355621,17.0758969031091,12.196726165001,-5.78089908515568,30.1743514151577,7.75649002526711,0,6.79729090655293,0,"chi","I",1000,100,0.5,0,0,0,FALSE,0,FALSE,0.5,"leave-d",200,0.5,1e+05,TRUE,51
10,0,0,0,8.07794418137672,-0.920008540355621,17.0758969031091,18.6641326455757,0.838739376060687,36.4895259150908,7.75649002526711,0,18.0661520591828,0,"chi","I",1000,100,0.5,0,0,0,FALSE,0,FALSE,0.5,"leave-d",200,0.5,1e+05,TRUE,51
10,0,0,0,8.07794418137672,-0.920008540355621,17.0758969031091,10.3019477807388,-7.43916008850272,28.0430556499804,7.75649002526711,0,9.99825073906802,0,"chi","I",1000,100,0.5,0,0,0,FALSE,0,FALSE,0.5,"leave-d",200,0.5,1e+05,TRUE,51
10,0,0,0,8.07794418137672,-0.920008540355621,17.0758969031091,28.3440924571288,13.4487204916479,43.2394644226098,7.75649002526711,0,14.9596102342539,0,"chi","I",1000,100,0.5,0,0,0,FALSE,0,FALSE,0.5,"leave-d",200,0.5,1e+05,TRUE,51
10,0,0,0,8.07794418137672,-0.920008540355621,17.0758969031091,14.9912041334836,0.172048114175311,29.8103601527919,7.75649002526711,0,14.8053192309645,0,"chi","I",1000,100,0.5,0,0,0,FALSE,0,FALSE,0.5,"leave-d",200,0.5,1e+05,TRUE,51
10,0,0,0,8.07794418137672,-0.920008540355621,17.0758969031091,29.6872131335674,11.5493824159041,47.8250438512307,7.75649002526711,0,18.1107613866776,0,"chi","I",1000,100,0.5,0,0,0,FALSE,0,FALSE,0.5,"leave-d",200,0.5,1e+05,TRUE,51
10,0,0,0,8.07794418137672,-0.920008540355621,17.0758969031091,5.91832395043388,-8.31846688900774,20.1551147898755,7.75649002526711,0,4.46365726634362,0,"chi","I",1000,100,0.5,0,0,0,FALSE,0,FALSE,0.5,"leave-d",200,0.5,1e+05,TRUE,51
10,0,0,0,8.07794418137672,-0.920008540355621,17.0758969031091,4.49152098069639,-13.0821752817628,22.0652172431556,7.75649002526711,0,0,0,"chi","I",1000,100,0.5,0,0,0,FALSE,0,FALSE,0.5,"leave-d",200,0.5,1e+05,TRUE,51
10,0,0,0,8.07794418137672,-0.920008540355621,17.0758969031091,18.9415775231412,2.10701144966078,35.7761435966217,7.75649002526711,0,17.4789994161789,0,"chi","I",1000,100,0.5,0,0,0,FALSE,0,FALSE,0.5,"leave-d",200,0.5,1e+05,TRUE,51
10,0,0,0,8.07794418137672,-0.920008540355621,17.0758969031091,1.35268313075063,-16.2673181106651,18.9726843721664,7.75649002526711,0,0,0,"chi","I",1000,100,0.5,0,0,0,FALSE,0,FALSE,0.5,"leave-d",200,0.5,1e+05,TRUE,51
10,0,0,0,8.07794418137672,-0.920008540355621,17.0758969031091,8.95594200293723,-4.94615340973841,22.8580374156129,7.75649002526711,0,4.84746448139529,0,"chi","I",1000,100,0.5,0,0,0,FALSE,0,FALSE,0.5,"leave-d",200,0.5,1e+05,TRUE,51
10,0,0,0,8.07794418137672,-0.920008540355621,17.0758969031091,8.17171438187246,-9.37789911238021,25.7213278761251,7.75649002526711,0,4.46627472707721,0,"chi","I",1000,100,0.5,0,0,0,FALSE,0,FALSE,0.5,"leave-d",200,0.5,1e+05,TRUE,51
10,0,0,0,8.07794418137672,-0.920008540355621,17.0758969031091,3.96027567423759,-13.5556645514649,21.4762158999401,7.75649002526711,0,0,0,"chi","I",1000,100,0.5,0,0,0,FALSE,0,FALSE,0.5,"leave-d",200,0.5,1e+05,TRUE,51
10,0,0,0,8.07794418137672,-0.920008540355621,17.0758969031091,13.9523856113326,-1.17592614046697,29.0806973631322,7.75649002526711,0,12.2724423881084,0,"chi","I",1000,100,0.5,0,0,0,FALSE,0,FALSE,0.5,"leave-d",200,0.5,1e+05,TRUE,51
10,0,0,0,8.07794418137672,-0.920008540355621,17.0758969031091,10.9758968499922,-6.10844956385537,28.0602432638398,7.75649002526711,0,6.80864136656809,0,"chi","I",1000,100,0.5,0,0,0,FALSE,0,FALSE,0.5,"leave-d",200,0.5,1e+05,TRUE,51
10,0,0,0,8.07794418137672,-0.920008540355621,17.0758969031091,14.0591778670955,-2.67224997480425,30.7906057089953,7.75649002526711,0,16.9926864042481,0,"chi","I",1000,100,0.5,0,0,0,FALSE,0,FALSE,0.5,"leave-d",200,0.5,1e+05,TRUE,51
10,0,0,0,8.07794418137672,-0.920008540355621,17.0758969031091,7.10763150528352,-7.36880890422597,21.584071914793,7.75649002526711,0,2.91477102796694,0,"chi","I",1000,100,0.5,0,0,0,FALSE,0,FALSE,0.5,"leave-d",200,0.5,1e+05,TRUE,51
10,0,0,0,8.07794418137672,-0.920008540355621,17.0758969031091,-3.52824381110865,-15.4012751671504,8.34478754493312,7.75649002526711,0,0,0,"chi","I",1000,100,0.5,0,0,0,FALSE,0,FALSE,0.5,"leave-d",200,0.5,1e+05,TRUE,51
10,0,0,0,8.07794418137672,-0.920008540355621,17.0758969031091,14.7906904514736,-2.5607697184956,32.1421506214428,7.75649002526711,0,17.2244663707502,0,"chi","I",1000,100,0.5,0,0,0,FALSE,0,FALSE,0.5,"leave-d",200,0.5,1e+05,TRUE,51
10,0,0,0,8.07794418137672,-0.920008540355621,17.0758969031091,13.1120504297501,-5.08048222142662,31.3045830809267,7.75649002526711,0,13.3720331554546,0,"chi","I",1000,100,0.5,0,0,0,FALSE,0,FALSE,0.5,"leave-d",200,0.5,1e+05,TRUE,51
10,0,0,0,8.07794418137672,-0.920008540355621,17.0758969031091,-4.63140674836762,-21.7029746984966,12.4401612017614,7.75649002526711,0,0,0,"chi","I",1000,100,0.5,0,0,0,FALSE,0,FALSE,0.5,"leave-d",200,0.5,1e+05,TRUE,51
10,0,0,0,8.07794418137672,-0.920008540355621,17.0758969031091,20.148257300714,1.74483591360699,38.5516786878211,7.75649002526711,0,18.7591127352285,0,"chi","I",1000,100,0.5,0,0,0,FALSE,0,FALSE,0.5,"leave-d",200,0.5,1e+05,TRUE,51
10,0,0,0,8.07794418137672,-0.920008540355621,17.0758969031091,8.28559676768008,-5.48073410812914,22.0519276434893,7.75649002526711,0,6.04823341098176,0,"chi","I",1000,100,0.5,0,0,0,FALSE,0,FALSE,0.5,"leave-d",200,0.5,1e+05,TRUE,51
10,0,0,0,8.07794418137672,-0.920008540355621,17.0758969031091,8.55814361965535,-7.887002263877,25.0032895031877,7.75649002526711,0,7.91786859908714,0,"chi","I",1000,100,0.5,0,0,0,FALSE,0,FALSE,0.5,"leave-d",200,0.5,1e+05,TRUE,51
10,0,0,0,8.07794418137672,-0.920008540355621,17.0758969031091,14.8485440386786,0.365405407117226,29.33168267024,7.75649002526711,0,14.8742856515718,0,"chi","I",1000,100,0.5,0,0,0,FALSE,0,FALSE,0.5,"leave-d",200,0.5,1e+05,TRUE,51
10,0,0,0,8.07794418137672,-0.920008540355621,17.0758969031091,-1.00623150458948,-17.3987292881658,15.3862662789868,7.75649002526711,0,0,0,"chi","I",1000,100,0.5,0,0,0,FALSE,0,FALSE,0.5,"leave-d",200,0.5,1e+05,TRUE,51
10,0,0,0,8.07794418137672,-0.920008540355621,17.0758969031091,-8.00457586150833,-20.9364693065035,4.92731758348682,7.75649002526711,0,0,0,"chi","I",1000,100,0.5,0,0,0,FALSE,0,FALSE,0.5,"leave-d",200,0.5,1e+05,TRUE,51
10,0,0,0,8.07794418137672,-0.920008540355621,17.0758969031091,4.94042182865518,-11.1958958469735,21.0767395042838,7.75649002526711,0,0.107222640779304,0,"chi","I",1000,100,0.5,0,0,0,FALSE,0,FALSE,0.5,"leave-d",200,0.5,1e+05,TRUE,51
10,0,0,0,8.07794418137672,-0.920008540355621,17.0758969031091,-9.53242098460808,-22.3227955991058,3.25795362988965,7.75649002526711,0,0,0,"chi","I",1000,100,0.5,0,0,0,FALSE,0,FALSE,0.5,"leave-d",200,0.5,1e+05,TRUE,51
10,0,0,0,8.07794418137672,-0.920008540355621,17.0758969031091,-4.70331674600109,-21.5935211372863,12.1868876452841,7.75649002526711,0,0,0,"chi","I",1000,100,0.5,0,0,0,FALSE,0,FALSE,0.5,"leave-d",200,0.5,1e+05,TRUE,51
10,0,0,0,8.07794418137672,-0.920008540355621,17.0758969031091,6.83917492434355,-10.0307052038021,23.7090550524892,7.75649002526711,0,2.4715482675351,0,"chi","I",1000,100,0.5,0,0,0,FALSE,0,FALSE,0.5,"leave-d",200,0.5,1e+05,TRUE,51
10,0,0,0,8.07794418137672,-0.920008540355621,17.0758969031091,-2.56941475337989,-21.9825698359972,16.8437403292374,7.75649002526711,0,0,0,"chi","I",1000,100,0.5,0,0,0,FALSE,0,FALSE,0.5,"leave-d",200,0.5,1e+05,TRUE,51
10,0,0,0,8.07794418137672,-0.920008540355621,17.0758969031091,6.66682976214883,-9.8631894605197,23.1968489848174,7.75649002526711,0,2.92362888893194,0,"chi","I",1000,100,0.5,0,0,0,FALSE,0,FALSE,0.5,"leave-d",200,0.5,1e+05,TRUE,51
10,0,0,0,8.07794418137672,-0.920008540355621,17.0758969031091,-3.60827581772089,-17.7159013121532,10.4993496767115,7.75649002526711,0,0,0,"chi","I",1000,100,0.5,0,0,0,FALSE,0,FALSE,0.5,"leave-d",200,0.5,1e+05,TRUE,51
10,0,0,0,8.07794418137672,-0.920008540355621,17.0758969031091,16.1927086008078,3.30071852842552,29.08469867319,7.75649002526711,0,12.7439551005111,0,"chi","I",1000,100,0.5,0,0,0,FALSE,0,FALSE,0.5,"leave-d",200,0.5,1e+05,TRUE,51
10,0,0,0,8.07794418137672,-0.920008540355621,17.0758969031091,10.1850125197391,-5.24771290311004,25.6177379425883,7.75649002526711,0,6.24920293016824,0,"chi","I",1000,100,0.5,0,0,0,FALSE,0,FALSE,0.5,"leave-d",200,0.5,1e+05,TRUE,51
10,0,0,0,8.07794418137672,-0.920008540355621,17.0758969031091,18.4359780507312,1.15954060019021,35.7124155012721,7.75649002526711,0,11.4564029424456,0,"chi","I",1000,100,0.5,0,0,0,FALSE,0,FALSE,0.5,"leave-d",200,0.5,1e+05,TRUE,51
10,0,0,0,8.07794418137672,-0.920008540355621,17.0758969031091,1.10529715907974,-9.37484140968518,11.5854357278447,7.75649002526711,0,0,0,"chi","I",1000,100,0.5,0,0,0,FALSE,0,FALSE,0.5,"leave-d",200,0.5,1e+05,TRUE,51
10,0,0,0,8.07794418137672,-0.920008540355621,17.0758969031091,15.3078937318444,0.806462564745543,29.8093248989432,7.75649002526711,0,14.7950944996759,0,"chi","I",1000,100,0.5,0,0,0,FALSE,0,FALSE,0.5,"leave-d",200,0.5,1e+05,TRUE,51
10,0,0,0,8.07794418137672,-0.920008540355621,17.0758969031091,17.0072187705175,-1.25768376915734,35.2721213101923,7.75649002526711,0,18.1881496771596,0,"chi","I",1000,100,0.5,0,0,0,FALSE,0,FALSE,0.5,"leave-d",200,0.5,1e+05,TRUE,51
10,0,0,0,8.07794418137672,-0.920008540355621,17.0758969031091,12.5285271797075,-0.612229737935206,25.6692840973502,7.75649002526711,0,11.0116406611803,0,"chi","I",1000,100,0.5,0,0,0,FALSE,0,FALSE,0.5,"leave-d",200,0.5,1e+05,TRUE,51
10,0,0,0,8.07794418137672,-0.920008540355621,17.0758969031091,1.85016736711924,-15.2759352356002,18.9762699698387,7.75649002526711,0,0,0,"chi","I",1000,100,0.5,0,0,0,FALSE,0,FALSE,0.5,"leave-d",200,0.5,1e+05,TRUE,51
10,0,0,0,8.07794418137672,-0.920008540355621,17.0758969031091,27.6203245898057,12.1028786995178,43.1377704800937,7.75649002526711,0,15.3359628720805,0,"chi","I",1000,100,0.5,0,0,0,FALSE,0,FALSE,0.5,"leave-d",200,0.5,1e+05,TRUE,51
10,0,0,0,8.07794418137672,-0.920008540355621,17.0758969031091,12.0554702342253,-2.56580792144509,26.6767483898956,7.75649002526711,0,5.91286353960726,0,"chi","I",1000,100,0.5,0,0,0,FALSE,0,FALSE,0.5,"leave-d",200,0.5,1e+05,TRUE,51
10,0,0,0,8.07794418137672,-0.920008540355621,17.0758969031091,12.8284139819318,-2.50172241600158,28.1585503798652,7.75649002526711,0,15.590531393506,0,"chi","I",1000,100,0.5,0,0,0,FALSE,0,FALSE,0.5,"leave-d",200,0.5,1e+05,TRUE,51
10,0,0,0,8.07794418137672,-0.920008540355621,17.0758969031091,0.655287616687998,-14.3542070436672,15.6647822770432,7.75649002526711,0,0,0,"chi","I",1000,100,0.5,0,0,0,FALSE,0,FALSE,0.5,"leave-d",200,0.5,1e+05,TRUE,51
10,0,0,0,8.07794418137672,-0.920008540355621,17.0758969031091,10.9109787227698,-6.6842465237744,28.506203969314,7.75649002526711,0,7.62477743529672,0,"chi","I",1000,100,0.5,0,0,0,FALSE,0,FALSE,0.5,"leave-d",200,0.5,1e+05,TRUE,51
10,0,0,0,8.07794418137672,-0.920008540355621,17.0758969031091,4.72410538106194,-9.42125009920353,18.8694608613274,7.75649002526711,0,1.0392493001601,0,"chi","I",1000,100,0.5,0,0,0,FALSE,0,FALSE,0.5,"leave-d",200,0.5,1e+05,TRUE,51
10,0,0,0,8.07794418137672,-0.920008540355621,17.0758969031091,7.11834297791741,-7.67159972482466,21.9082856806595,7.75649002526711,0,3.10437631375247,0,"chi","I",1000,100,0.5,0,0,0,FALSE,0,FALSE,0.5,"leave-d",200,0.5,1e+05,TRUE,51
10,0,0,0,8.07794418137672,-0.920008540355621,17.0758969031091,11.3896930399881,-5.55367203821806,28.3330581181943,7.75649002526711,0,10.5111934591736,0,"chi","I",1000,100,0.5,0,0,0,FALSE,0,FALSE,0.5,"leave-d",200,0.5,1e+05,TRUE,51
10,0,0,0,8.07794418137672,-0.920008540355621,17.0758969031091,12.6436152108391,-4.93100709996035,30.2182375216385,7.75649002526711,0,12.6825586765333,0,"chi","I",1000,100,0.5,0,0,0,FALSE,0,FALSE,0.5,"leave-d",200,0.5,1e+05,TRUE,51
10,0,0,0,8.07794418137672,-0.920008540355621,17.0758969031091,20.791756126701,4.02675312372396,37.556759129678,7.75649002526711,0,17.1919097635455,0,"chi","I",1000,100,0.5,0,0,0,FALSE,0,FALSE,0.5,"leave-d",200,0.5,1e+05,TRUE,51
10,0,0,0,8.07794418137672,-0.920008540355621,17.0758969031091,18.3241629763542,2.45408905436887,34.1942368983395,7.75649002526711,0,16.3907198824598,0,"chi","I",1000,100,0.5,0,0,0,FALSE,0,FALSE,0.5,"leave-d",200,0.5,1e+05,TRUE,51
10,0,0,0,8.07794418137672,-0.920008540355621,17.0758969031091,16.5187018497167,2.6900162548822,30.3473874445511,7.75649002526711,0,14.1590563134915,0,"chi","I",1000,100,0.5,0,0,0,FALSE,0,FALSE,0.5,"leave-d",200,0.5,1e+05,TRUE,51
10,0,0,0,8.07794418137672,-0.920008540355621,17.0758969031091,7.51041224687501,-5.2788771714856,20.2997016652356,7.75649002526711,0,6.52039867746774,0,"chi","I",1000,100,0.5,0,0,0,FALSE,0,FALSE,0.5,"leave-d",200,0.5,1e+05,TRUE,51
10,0,0,0,8.07794418137672,-0.920008540355621,17.0758969031091,15.7271643169521,-0.364100245835859,31.8184288797401,7.75649002526711,0,12.9034569841127,0,"chi","I",1000,100,0.5,0,0,0,FALSE,0,FALSE,0.5,"leave-d",200,0.5,1e+05,TRUE,51
10,0,0,0,8.07794418137672,-0.920008540355621,17.0758969031091,21.4107316445132,7.83000754808281,34.9914557409436,7.75649002526711,0,13.3288169521329,0,"chi","I",1000,100,0.5,0,0,0,FALSE,0,FALSE,0.5,"leave-d",200,0.5,1e+05,TRUE,51
10,0,0,0,8.07794418137672,-0.920008540355621,17.0758969031091,16.7840813679454,-2.14881902484331,35.716981760734,7.75649002526711,0,12.7534073769115,0,"chi","I",1000,100,0.5,0,0,0,FALSE,0,FALSE,0.5,"leave-d",200,0.5,1e+05,TRUE,51
10,0,0,0,8.07794418137672,-0.920008540355621,17.0758969031091,13.3865218079645,2.39225419280234,24.3807894231266,7.75649002526711,0,10.989591689499,0,"chi","I",1000,100,0.5,0,0,0,FALSE,0,FALSE,0.5,"leave-d",200,0.5,1e+05,TRUE,51
10,0,0,0,8.07794418137672,-0.920008540355621,17.0758969031091,3.00718521338362,-7.82231939489184,13.8366898216591,7.75649002526711,0,0,0,"chi","I",1000,100,0.5,0,0,0,FALSE,0,FALSE,0.5,"leave-d",200,0.5,1e+05,TRUE,51
10,0,0,0,8.07794418137672,-0.920008540355621,17.0758969031091,-5.67082231448209,-23.441497867071,12.0998532381068,7.75649002526711,0,0,0,"chi","I",1000,100,0.5,0,0,0,FALSE,0,FALSE,0.5,"leave-d",200,0.5,1e+05,TRUE,51
10,0,0,0,8.07794418137672,-0.920008540355621,17.0758969031091,3.28475399182401,-9.96215090669345,16.5316588903415,7.75649002526711,0,0,0,"chi","I",1000,100,0.5,0,0,0,FALSE,0,FALSE,0.5,"leave-d",200,0.5,1e+05,TRUE,51
10,0,0,0,8.07794418137672,-0.920008540355621,17.0758969031091,18.2905565631175,3.48065589062793,33.1004572356071,7.75649002526711,0,14.8156678000226,0,"chi","I",1000,100,0.5,0,0,0,FALSE,0,FALSE,0.5,"leave-d",200,0.5,1e+05,TRUE,51
10,0,0,0,8.07794418137672,-0.920008540355621,17.0758969031091,10.1045010638736,-3.12850103804861,23.3375031657959,7.75649002526711,0,7.60326039992663,0,"chi","I",1000,100,0.5,0,0,0,FALSE,0,FALSE,0.5,"leave-d",200,0.5,1e+05,TRUE,51
10,0,0,0,8.07794418137672,-0.920008540355621,17.0758969031091,11.3053994968575,-6.76942202244427,29.3802210161592,7.75649002526711,0,14.5808151429726,0,"chi","I",1000,100,0.5,0,0,0,FALSE,0,FALSE,0.5,"leave-d",200,0.5,1e+05,TRUE,51
10,0,0,0,8.07794418137672,-0.920008540355621,17.0758969031091,3.16130651489489,-11.3534774212445,17.6760904510342,7.75649002526711,0,0,0,"chi","I",1000,100,0.5,0,0,0,FALSE,0,FALSE,0.5,"leave-d",200,0.5,1e+05,TRUE,51
10,0,0,0,8.07794418137672,-0.920008540355621,17.0758969031091,3.73616843874506,-9.49386242398737,16.9661993014775,7.75649002526711,0,0,0,"chi","I",1000,100,0.5,0,0,0,FALSE,0,FALSE,0.5,"leave-d",200,0.5,1e+05,TRUE,51
10,0,0,0,8.07794418137672,-0.920008540355621,17.0758969031091,-1.65969426256355,-14.9539142158344,11.6345256907073,7.75649002526711,0,0,0,"chi","I",1000,100,0.5,0,0,0,FALSE,0,FALSE,0.5,"leave-d",200,0.5,1e+05,TRUE,51
10,0,0,0,8.07794418137672,-0.920008540355621,17.0758969031091,16.3190301522469,1.50505296873059,31.1330073357633,7.75649002526711,0,15.0793401093321,0,"chi","I",1000,100,0.5,0,0,0,FALSE,0,FALSE,0.5,"leave-d",200,0.5,1e+05,TRUE,51
10,0,0,0,8.07794418137672,-0.920008540355621,17.0758969031091,8.92896482676282,-6.72248026544772,24.5804099189734,7.75649002526711,0,5.16397288560285,0,"chi","I",1000,100,0.5,0,0,0,FALSE,0,FALSE,0.5,"leave-d",200,0.5,1e+05,TRUE,51
10,0,0,0,8.07794418137672,-0.920008540355621,17.0758969031091,2.27834721548728,-12.2657221000177,16.8224165309923,7.75649002526711,0,0,0,"chi","I",1000,100,0.5,0,0,0,FALSE,0,FALSE,0.5,"leave-d",200,0.5,1e+05,TRUE,51
10,0,0,0,8.07794418137672,-0.920008540355621,17.0758969031091,1.66167902401198,-12.598047257588,15.9214053056119,7.75649002526711,0,0,0,"chi","I",1000,100,0.5,0,0,0,FALSE,0,FALSE,0.5,"leave-d",200,0.5,1e+05,TRUE,51
10,0,0,0,8.07794418137672,-0.920008540355621,17.0758969031091,14.1709588637534,-2.99723277925554,31.3391505067624,7.75649002526711,0,13.1243367846032,0,"chi","I",1000,100,0.5,0,0,0,FALSE,0,FALSE,0.5,"leave-d",200,0.5,1e+05,TRUE,51
10,0,0,0,8.07794418137672,-0.920008540355621,17.0758969031091,8.92669732149363,-4.52128738209393,22.3746820250812,7.75649002526711,0,10.0910264023395,0,"chi","I",1000,100,0.5,0,0,0,FALSE,0,FALSE,0.5,"leave-d",200,0.5,1e+05,TRUE,51
10,0,0,0,8.07794418137672,-0.920008540355621,17.0758969031091,7.05942013984654,-9.30519382586909,23.4240341055622,7.75649002526711,0,5.24162986807056,0,"chi","I",1000,100,0.5,0,0,0,FALSE,0,FALSE,0.5,"leave-d",200,0.5,1e+05,TRUE,51
10,0,0,0,8.07794418137672,-0.920008540355621,17.0758969031091,4.04714252877296,-11.2344973139292,19.3287823714751,7.75649002526711,0,0,0,"chi","I",1000,100,0.5,0,0,0,FALSE,0,FALSE,0.5,"leave-d",200,0.5,1e+05,TRUE,51
10,0,0,0,8.07794418137672,-0.920008540355621,17.0758969031091,10.5849352545274,-3.45236837475684,24.6222388838116,7.75649002526711,0,14.3994368382479,0,"chi","I",1000,100,0.5,0,0,0,FALSE,0,FALSE,0.5,"leave-d",200,0.5,1e+05,TRUE,51
10,0,0,0,8.07794418137672,-0.920008540355621,17.0758969031091,8.34161037842531,-4.31651215333448,20.9997329101851,7.75649002526711,0,8.94324434300478,0,"chi","I",1000,100,0.5,0,0,0,FALSE,0,FALSE,0.5,"leave-d",200,0.5,1e+05,TRUE,51
10,0,0,0,8.07794418137672,-0.920008540355621,17.0758969031091,7.47592677601144,-5.41616717784071,20.3680207298636,7.75649002526711,0,8.94988178863096,0,"chi","I",1000,100,0.5,0,0,0,FALSE,0,FALSE,0.5,"leave-d",200,0.5,1e+05,TRUE,51
10,0,0,0,8.07794418137672,-0.920008540355621,17.0758969031091,7.53187241463593,-9.85645010999369,24.9201949392655,7.75649002526711,0,4.4004260898815,0,"chi","I",1000,100,0.5,0,0,0,FALSE,0,FALSE,0.5,"leave-d",200,0.5,1e+05,TRUE,51
10,0,0,0,8.07794418137672,-0.920008540355621,17.0758969031091,3.64893569694601,-14.9158625811438,22.2137339750359,7.75649002526711,0,0,0,"chi","I",1000,100,0.5,0,0,0,FALSE,0,FALSE,0.5,"leave-d",200,0.5,1e+05,TRUE,51
10,0,0,0,8.07794418137672,-0.920008540355621,17.0758969031091,7.9288080354161,-9.3429065681186,25.2005226389508,7.75649002526711,0,6.65464757916597,0,"chi","I",1000,100,0.5,0,0,0,FALSE,0,FALSE,0.5,"leave-d",200,0.5,1e+05,TRUE,51
10,0,0,0,8.07794418137672,-0.920008540355621,17.0758969031091,10.6091353333071,-2.62488394979458,23.8431546164087,7.75649002526711,0,12.7096720093663,0,"chi","I",1000,100,0.5,0,0,0,FALSE,0,FALSE,0.5,"leave-d",200,0.5,1e+05,TRUE,51
10,0,0,0,8.07794418137672,-0.920008540355621,17.0758969031091,2.11440503293418,-11.2076898752891,15.4364999411575,7.75649002526711,0,0,0,"chi","I",1000,100,0.5,0,0,0,FALSE,0,FALSE,0.5,"leave-d",200,0.5,1e+05,TRUE,51
10,0,0,0,8.07794418137672,-0.920008540355621,17.0758969031091,-1.96318645738617,-15.7972005454171,11.8708276306448,7.75649002526711,0,0,0,"chi","I",1000,100,0.5,0,0,0,FALSE,0,FALSE,0.5,"leave-d",200,0.5,1e+05,TRUE,51
10,0,0,0,8.07794418137672,-0.920008540355621,17.0758969031091,-0.0457289506579556,-13.4110028890109,13.319544987695,7.75649002526711,0,0,0,"chi","I",1000,100,0.5,0,0,0,FALSE,0,FALSE,0.5,"leave-d",200,0.5,1e+05,TRUE,51
10,0,0,0,8.07794418137672,-0.920008540355621,17.0758969031091,7.52469952015922,-6.01878201943885,21.0681810597573,7.75649002526711,0,5.90900272528934,0,"chi","I",1000,100,0.5,0,0,0,FALSE,0,FALSE,0.5,"leave-d",200,0.5,1e+05,TRUE,51
10,0,0,0,8.07794418137672,-0.920008540355621,17.0758969031091,-13.3677690307919,-25.7260123405663,-1.00952572101755,7.75649002526711,0,0,0,"chi","I",1000,100,0.5,0,0,0,FALSE,0,FALSE,0.5,"leave-d",200,0.5,1e+05,TRUE,51
10,0,0,0,8.07794418137672,-0.920008540355621,17.0758969031091,5.99503026393488,-12.6822010350454,24.6722615629151,7.75649002526711,0,0.622724296959293,0,"chi","I",1000,100,0.5,0,0,0,FALSE,0,FALSE,0.5,"leave-d",200,0.5,1e+05,TRUE,51
10,0,0,0,8.07794418137672,-0.920008540355621,17.0758969031091,16.7816273743923,2.54408981543195,31.0191649333527,7.75649002526711,0,14.9297565681616,0,"chi","I",1000,100,0.5,0,0,0,FALSE,0,FALSE,0.5,"leave-d",200,0.5,1e+05,TRUE,51
10,0,0,0,8.07794418137672,-0.920008540355621,17.0758969031091,16.4586950447353,2.92982471640134,29.9875653730692,7.75649002526711,0,13.7485729979242,0,"chi","I",1000,100,0.5,0,0,0,FALSE,0,FALSE,0.5,"leave-d",200,0.5,1e+05,TRUE,51
10,0,0,0,8.07794418137672,-0.920008540355621,17.0758969031091,19.4479032184889,4.15676391597293,34.7390425210049,7.75649002526711,0,15.7958621192897,0,"chi","I",1000,100,0.5,0,0,0,FALSE,0,FALSE,0.5,"leave-d",200,0.5,1e+05,TRUE,51
10,0,0,0,8.07794418137672,-0.920008540355621,17.0758969031091,7.56598502723584,-8.32357075389896,23.4555408083706,7.75649002526711,0,4.12959155539904,0,"chi","I",1000,100,0.5,0,0,0,FALSE,0,FALSE,0.5,"leave-d",200,0.5,1e+05,TRUE,51
10,0,0,0,8.07794418137672,-0.920008540355621,17.0758969031091,11.9626631242591,-1.53835237903757,25.4636786275557,7.75649002526711,0,7.67060938209013,0,"chi","I",1000,100,0.5,0,0,0,FALSE,0,FALSE,0.5,"leave-d",200,0.5,1e+05,TRUE,51
10,0,0,0,8.07794418137672,-0.920008540355621,17.0758969031091,13.0061006323968,-1.00911641067311,27.0213176754667,7.75649002526711,0,14.4960991978907,0,"chi","I",1000,100,0.5,0,0,0,FALSE,0,FALSE,0.5,"leave-d",200,0.5,1e+05,TRUE,51
10,0,0,0,8.07794418137672,-0.920008540355621,17.0758969031091,7.9033787198571,-10.5649145606695,26.3716720003837,7.75649002526711,0,8.26489873266803,0,"chi","I",1000,100,0.5,0,0,0,FALSE,0,FALSE,0.5,"leave-d",200,0.5,1e+05,TRUE,51
10,0,0,0,8.07794418137672,-0.920008540355621,17.0758969031091,16.1250245870064,3.01414505430731,29.2359041197055,7.75649002526711,0,13.2035981665652,0,"chi","I",1000,100,0.5,0,0,0,FALSE,0,FALSE,0.5,"leave-d",200,0.5,1e+05,TRUE,51
10,0,0,0,8.07794418137672,-0.920008540355621,17.0758969031091,-4.69903353049278,-20.7879919037634,11.3899248427778,7.75649002526711,0,0,0,"chi","I",1000,100,0.5,0,0,0,FALSE,0,FALSE,0.5,"leave-d",200,0.5,1e+05,TRUE,51
10,0,0,0,8.07794418137672,-0.920008540355621,17.0758969031091,15.7174195886215,0.224990880155527,31.2098482970874,7.75649002526711,0,12.6678665311757,0,"chi","I",1000,100,0.5,0,0,0,FALSE,0,FALSE,0.5,"leave-d",200,0.5,1e+05,TRUE,51
10,0,0,0,8.07794418137672,-0.920008540355621,17.0758969031091,12.5312782319361,-1.9278520866497,26.990408550522,7.75649002526711,0,9.79456520945893,0,"chi","I",1000,100,0.5,0,0,0,FALSE,0,FALSE,0.5,"leave-d",200,0.5,1e+05,TRUE,51
10,0,0,0,8.07794418137672,-0.920008540355621,17.0758969031091,17.8186080963645,1.63985306405982,33.9973631286691,7.75649002526711,0,13.2006454964345,0,"chi","I",1000,100,0.5,0,0,0,FALSE,0,FALSE,0.5,"leave-d",200,0.5,1e+05,TRUE,51
10,0,0,0,8.07794418137672,-0.920008540355621,17.0758969031091,4.38535796364223,-12.5708637300311,21.3415796573155,7.75649002526711,0,0,0,"chi","I",1000,100,0.5,0,0,0,FALSE,0,FALSE,0.5,"leave-d",200,0.5,1e+05,TRUE,51
10,0,0,0,8.07794418137672,-0.920008540355621,17.0758969031091,22.1917721804144,3.71687056622554,40.6666737946032,7.75649002526711,0,18.6607657433439,0,"chi","I",1000,100,0.5,0,0,0,FALSE,0,FALSE,0.5,"leave-d",200,0.5,1e+05,TRUE,51
10,0,0,0,8.07794418137672,-0.920008540355621,17.0758969031091,8.99468756404935,-5.61509044424206,23.6044655723408,7.75649002526711,0,4.84354370923803,0,"chi","I",1000,100,0.5,0,0,0,FALSE,0,FALSE,0.5,"leave-d",200,0.5,1e+05,TRUE,51
10,0,0,0,8.07794418137672,-0.920008540355621,17.0758969031091,12.1731686032513,-2.67851400491977,27.0248512114224,7.75649002526711,0,15.4799751410997,0,"chi","I",1000,100,0.5,0,0,0,FALSE,0,FALSE,0.5,"leave-d",200,0.5,1e+05,TRUE,51
10,0,0,0,8.07794418137672,-0.920008540355621,17.0758969031091,1.56884070156216,-16.6905606484476,19.8282420515719,7.75649002526711,0,0,0,"chi","I",1000,100,0.5,0,0,0,FALSE,0,FALSE,0.5,"leave-d",200,0.5,1e+05,TRUE,51
10,0,0,0,8.07794418137672,-0.920008540355621,17.0758969031091,14.9685490001168,0.253315465637671,29.683782534596,7.75649002526711,0,12.1539359766443,0,"chi","I",1000,100,0.5,0,0,0,FALSE,0,FALSE,0.5,"leave-d",200,0.5,1e+05,TRUE,51
10,0,0,0,8.07794418137672,-0.920008540355621,17.0758969031091,12.2834349605993,-1.87217417388165,26.4390440950803,7.75649002526711,0,13.4633372101384,0,"chi","I",1000,100,0.5,0,0,0,FALSE,0,FALSE,0.5,"leave-d",200,0.5,1e+05,TRUE,51
10,0,0,0,8.07794418137672,-0.920008540355621,17.0758969031091,-2.81497338082018,-17.8297299840219,12.1997832223816,7.75649002526711,0,0,0,"chi","I",1000,100,0.5,0,0,0,FALSE,0,FALSE,0.5,"leave-d",200,0.5,1e+05,TRUE,51
10,0,0,0,8.07794418137672,-0.920008540355621,17.0758969031091,12.230422068548,-2.73724062254493,27.1980847596409,7.75649002526711,0,15.6086577293424,0,"chi","I",1000,100,0.5,0,0,0,FALSE,0,FALSE,0.5,"leave-d",200,0.5,1e+05,TRUE,51
10,0,0,0,8.07794418137672,-0.920008540355621,17.0758969031091,-4.52271484220606,-19.6646094764085,10.6191797919964,7.75649002526711,0,0,0,"chi","I",1000,100,0.5,0,0,0,FALSE,0,FALSE,0.5,"leave-d",200,0.5,1e+05,TRUE,51
10,0,0,0,8.07794418137672,-0.920008540355621,17.0758969031091,16.6802047260686,2.20150575784311,31.1589036942941,7.75649002526711,0,14.5357220050986,0,"chi","I",1000,100,0.5,0,0,0,FALSE,0,FALSE,0.5,"leave-d",200,0.5,1e+05,TRUE,51
10,0,0,0,8.07794418137672,-0.920008540355621,17.0758969031091,8.86285689871053,-5.46363195781399,23.189345755235,7.75649002526711,0,8.43641226339278,0,"chi","I",1000,100,0.5,0,0,0,FALSE,0,FALSE,0.5,"leave-d",200,0.5,1e+05,TRUE,51
10,0,0,0,8.07794418137672,-0.920008540355621,17.0758969031091,15.9977552096992,-0.126051405840983,32.1215618252395,7.75649002526711,0,16.3577764078465,0,"chi","I",1000,100,0.5,0,0,0,FALSE,0,FALSE,0.5,"leave-d",200,0.5,1e+05,TRUE,51
10,0,0,0,8.07794418137672,-0.920008540355621,17.0758969031091,12.2856623527827,-3.10619926574023,27.6775239713056,7.75649002526711,0,10.5175436905477,0,"chi","I",1000,100,0.5,0,0,0,FALSE,0,FALSE,0.5,"leave-d",200,0.5,1e+05,TRUE,51
10,0,0,0,8.07794418137672,-0.920008540355621,17.0758969031091,-7.55542855209039,-20.4221039052722,5.31124680109142,7.75649002526711,0,0,0,"chi","I",1000,100,0.5,0,0,0,FALSE,0,FALSE,0.5,"leave-d",200,0.5,1e+05,TRUE,51
10,0,0,0,8.07794418137672,-0.920008540355621,17.0758969031091,-2.28895255098729,-12.2133117018555,7.63540659988093,7.75649002526711,0,0,0,"chi","I",1000,100,0.5,0,0,0,FALSE,0,FALSE,0.5,"leave-d",200,0.5,1e+05,TRUE,51
10,0,0,0,8.07794418137672,-0.920008540355621,17.0758969031091,14.2995981459458,0.301209882157941,28.2979864097336,7.75649002526711,0,14.2567132014582,0,"chi","I",1000,100,0.5,0,0,0,FALSE,0,FALSE,0.5,"leave-d",200,0.5,1e+05,TRUE,51
10,0,0,0,8.07794418137672,-0.920008540355621,17.0758969031091,16.3116587366522,2.52484510761289,30.0984723656915,7.75649002526711,0,11.0940762570367,0,"chi","I",1000,100,0.5,0,0,0,FALSE,0,FALSE,0.5,"leave-d",200,0.5,1e+05,TRUE,51
10,0,0,0,8.07794418137672,-0.920008540355621,17.0758969031091,-1.5825018512427,-17.445248466031,14.2802447635456,7.75649002526711,0,0,0,"chi","I",1000,100,0.5,0,0,0,FALSE,0,FALSE,0.5,"leave-d",200,0.5,1e+05,TRUE,51
10,0,0,0,8.07794418137672,-0.920008540355621,17.0758969031091,13.1705709427491,-2.86284276948009,29.2039846549784,7.75649002526711,0,13.5074383572861,0,"chi","I",1000,100,0.5,0,0,0,FALSE,0,FALSE,0.5,"leave-d",200,0.5,1e+05,TRUE,51
10,0,0,0,8.07794418137672,-0.920008540355621,17.0758969031091,4.04754877773975,-9.7190346925904,17.8141322480699,7.75649002526711,0,0,0,"chi","I",1000,100,0.5,0,0,0,FALSE,0,FALSE,0.5,"leave-d",200,0.5,1e+05,TRUE,51
10,0,0,0,8.07794418137672,-0.920008540355621,17.0758969031091,9.75051968431442,-5.83143663120606,25.3324759998349,7.75649002526711,0,6.97515597229441,0,"chi","I",1000,100,0.5,0,0,0,FALSE,0,FALSE,0.5,"leave-d",200,0.5,1e+05,TRUE,51
10,0,0,0,8.07794418137672,-0.920008540355621,17.0758969031091,13.5251993987247,-0.530300687621668,27.580699485071,7.75649002526711,0,13.31566886276,0,"chi","I",1000,100,0.5,0,0,0,FALSE,0,FALSE,0.5,"leave-d",200,0.5,1e+05,TRUE,51
10,0,0,0,8.07794418137672,-0.920008540355621,17.0758969031091,-5.91157296553317,-20.3432317022901,8.52008577122373,7.75649002526711,0,0,0,"chi","I",1000,100,0.5,0,0,0,FALSE,0,FALSE,0.5,"leave-d",200,0.5,1e+05,TRUE,51
10,0,0,0,8.07794418137672,-0.920008540355621,17.0758969031091,11.247048094658,-3.48623295388544,25.9803291432014,7.75649002526711,0,15.1443899846862,0,"chi","I",1000,100,0.5,0,0,0,FALSE,0,FALSE,0.5,"leave-d",200,0.5,1e+05,TRUE,51
10,0,0,0,8.07794418137672,-0.920008540355621,17.0758969031091,11.5708022014849,-7.99549116600494,31.1370955689747,7.75649002526711,0,8.20780929081798,0,"chi","I",1000,100,0.5,0,0,0,FALSE,0,FALSE,0.5,"leave-d",200,0.5,1e+05,TRUE,51
10,0,0,0,8.07794418137672,-0.920008540355621,17.0758969031091,15.1322977004344,-0.368290734170738,30.6328861350396,7.75649002526711,0,15.9822308428958,0,"chi","I",1000,100,0.5,0,0,0,FALSE,0,FALSE,0.5,"leave-d",200,0.5,1e+05,TRUE,51
10,0,0,0,8.07794418137672,-0.920008540355621,17.0758969031091,6.28068866741134,-9.10543771627878,21.6668150511015,7.75649002526711,0,3.26707804308018,0,"chi","I",1000,100,0.5,0,0,0,FALSE,0,FALSE,0.5,"leave-d",200,0.5,1e+05,TRUE,51
10,0,0,0,8.07794418137672,-0.920008540355621,17.0758969031091,4.41607218288232,-10.7801143789977,19.6122587447623,7.75649002526711,0,0,0,"chi","I",1000,100,0.5,0,0,0,FALSE,0,FALSE,0.5,"leave-d",200,0.5,1e+05,TRUE,51
10,0,0,0,8.07794418137672,-0.920008540355621,17.0758969031091,5.41774606723588,-8.98751944020045,19.8230115746722,7.75649002526711,0,2.30850186089418,0,"chi","I",1000,100,0.5,0,0,0,FALSE,0,FALSE,0.5,"leave-d",200,0.5,1e+05,TRUE,51
10,0,0,0,8.07794418137672,-0.920008540355621,17.0758969031091,9.52015786476337,-5.78855240726297,24.8288681367897,7.75649002526711,0,9.89740953609842,0,"chi","I",1000,100,0.5,0,0,0,FALSE,0,FALSE,0.5,"leave-d",200,0.5,1e+05,TRUE,51
10,0,0,0,8.07794418137672,-0.920008540355621,17.0758969031091,10.9873194902265,-2.39945846394823,24.3740974444013,7.75649002526711,0,9.8682587454209,0,"chi","I",1000,100,0.5,0,0,0,FALSE,0,FALSE,0.5,"leave-d",200,0.5,1e+05,TRUE,51
10,0,0,0,8.07794418137672,-0.920008540355621,17.0758969031091,13.5388694265702,-5.50084915029145,32.5785880034319,7.75649002526711,0,15.2722426889183,0,"chi","I",1000,100,0.5,0,0,0,FALSE,0,FALSE,0.5,"leave-d",200,0.5,1e+05,TRUE,51
10,0,0,0,8.07794418137672,-0.920008540355621,17.0758969031091,7.11124327606948,-5.38214072436761,19.6046272765066,7.75649002526711,0,6.64428284275883,0,"chi","I",1000,100,0.5,0,0,0,FALSE,0,FALSE,0.5,"leave-d",200,0.5,1e+05,TRUE,51
10,0,0,0,8.07794418137672,-0.920008540355621,17.0758969031091,18.5008221682045,2.59858339133461,34.4030609450744,7.75649002526711,0,16.0637838323948,0,"chi","I",1000,100,0.5,0,0,0,FALSE,0,FALSE,0.5,"leave-d",200,0.5,1e+05,TRUE,51
10,0,0,0,8.07794418137672,-0.920008540355621,17.0758969031091,18.4075763742675,2.36766220873428,34.4474905398008,7.75649002526711,0,15.1970662315503,0,"chi","I",1000,100,0.5,0,0,0,FALSE,0,FALSE,0.5,"leave-d",200,0.5,1e+05,TRUE,51
10,0,0,0,8.07794418137672,-0.920008540355621,17.0758969031091,9.42577552238575,-2.46801353165158,21.3195645764231,7.75649002526711,0,6.49114862116044,0,"chi","I",1000,100,0.5,0,0,0,FALSE,0,FALSE,0.5,"leave-d",200,0.5,1e+05,TRUE,51
10,0,0,0,8.07794418137672,-0.920008540355621,17.0758969031091,13.3418589356149,-3.171298041811,29.8550159130409,7.75649002526711,0,13.8692744220599,0,"chi","I",1000,100,0.5,0,0,0,FALSE,0,FALSE,0.5,"leave-d",200,0.5,1e+05,TRUE,51
10,0,0,0,8.07794418137672,-0.920008540355621,17.0758969031091,1.53294151272871,-14.3633482273514,17.4292312528088,7.75649002526711,0,0,0,"chi","I",1000,100,0.5,0,0,0,FALSE,0,FALSE,0.5,"leave-d",200,0.5,1e+05,TRUE,51
10,0,0,0,8.07794418137672,-0.920008540355621,17.0758969031091,22.6458049706332,4.37529691168058,40.9163130295858,7.75649002526711,0,18.5448475695158,0,"chi","I",1000,100,0.5,0,0,0,FALSE,0,FALSE,0.5,"leave-d",200,0.5,1e+05,TRUE,51
10,0,0,0,8.07794418137672,-0.920008540355621,17.0758969031091,7.53357353969344,-8.08411920503361,23.1512662844205,7.75649002526711,0,5.63818462540502,0,"chi","I",1000,100,0.5,0,0,0,FALSE,0,FALSE,0.5,"leave-d",200,0.5,1e+05,TRUE,51
10,0,0,0,8.07794418137672,-0.920008540355621,17.0758969031091,0.752421618157337,-13.1397573569527,14.6446005932674,7.75649002526711,0,0,0,"chi","I",1000,100,0.5,0,0,0,FALSE,0,FALSE,0.5,"leave-d",200,0.5,1e+05,TRUE,51
10,0,0,0,8.07794418137672,-0.920008540355621,17.0758969031091,-4.65303996158689,-17.6095443548005,8.30346443162668,7.75649002526711,0,0,0,"chi","I",1000,100,0.5,0,0,0,FALSE,0,FALSE,0.5,"leave-d",200,0.5,1e+05,TRUE,51
10,0,0,0,8.07794418137672,-0.920008540355621,17.0758969031091,9.48825709044613,-6.77314204440944,25.7496562253017,7.75649002526711,0,16.8028803237172,0,"chi","I",1000,100,0.5,0,0,0,FALSE,0,FALSE,0.5,"leave-d",200,0.5,1e+05,TRUE,51
10,0,0,0,8.07794418137672,-0.920008540355621,17.0758969031091,25.9301302807216,10.0691071371867,41.7911534242564,7.75649002526711,0,15.4506650655907,0,"chi","I",1000,100,0.5,0,0,0,FALSE,0,FALSE,0.5,"leave-d",200,0.5,1e+05,TRUE,51
10,0,0,0,8.07794418137672,-0.920008540355621,17.0758969031091,12.6796501731563,-3.04663628884092,28.4059366351535,7.75649002526711,0,9.68351173406962,0,"chi","I",1000,100,0.5,0,0,0,FALSE,0,FALSE,0.5,"leave-d",200,0.5,1e+05,TRUE,51
10,0,0,0,8.07794418137672,-0.920008540355621,17.0758969031091,15.3891568754015,-2.83260894946003,33.610922700263,7.75649002526711,0,18.3784475976078,0,"chi","I",1000,100,0.5,0,0,0,FALSE,0,FALSE,0.5,"leave-d",200,0.5,1e+05,TRUE,51
10,0,0,0,8.07794418137672,-0.920008540355621,17.0758969031091,8.17490377832515,-6.09834269450296,22.4481502511533,7.75649002526711,0,5.09066897559788,0,"chi","I",1000,100,0.5,0,0,0,FALSE,0,FALSE,0.5,"leave-d",200,0.5,1e+05,TRUE,51
10,0,0,0,8.07794418137672,-0.920008540355621,17.0758969031091,27.7996211999093,8.96439923273894,46.6348431670796,7.75649002526711,0,18.7319113460382,0,"chi","I",1000,100,0.5,0,0,0,FALSE,0,FALSE,0.5,"leave-d",200,0.5,1e+05,TRUE,51
10,0,0,0,8.07794418137672,-0.920008540355621,17.0758969031091,-3.31619397387941,-21.3053953048859,14.6730073571271,7.75649002526711,0,0,0,"chi","I",1000,100,0.5,0,0,0,FALSE,0,FALSE,0.5,"leave-d",200,0.5,1e+05,TRUE,51
10,0,0,0,8.07794418137672,-0.920008540355621,17.0758969031091,11.9005997428292,-2.85954361761016,26.6607431032685,7.75649002526711,0,15.0013035057193,0,"chi","I",1000,100,0.5,0,0,0,FALSE,0,FALSE,0.5,"leave-d",200,0.5,1e+05,TRUE,51
10,0,0,0,8.07794418137672,-0.920008540355621,17.0758969031091,18.6594584148098,4.17452831042763,33.144388519192,7.75649002526711,0,14.4842208326697,0,"chi","I",1000,100,0.5,0,0,0,FALSE,0,FALSE,0.5,"leave-d",200,0.5,1e+05,TRUE,51
10,0,0,0,8.07794418137672,-0.920008540355621,17.0758969031091,9.77523537339881,-6.4378474153285,25.9883181621261,7.75649002526711,0,5.83504424528192,0,"chi","I",1000,100,0.5,0,0,0,FALSE,0,FALSE,0.5,"leave-d",200,0.5,1e+05,TRUE,51
10,0,0,0,8.07794418137672,-0.920008540355621,17.0758969031091,15.8570453421157,-0.0623623605919068,31.7764530448233,7.75649002526711,0,16.2725405202514,0,"chi","I",1000,100,0.5,0,0,0,FALSE,0,FALSE,0.5,"leave-d",200,0.5,1e+05,TRUE,51
10,0,0,0,8.07794418137672,-0.920008540355621,17.0758969031091,8.67276355049071,-6.07922356734062,23.424750668322,7.75649002526711,0,4.27434913650655,0,"chi","I",1000,100,0.5,0,0,0,FALSE,0,FALSE,0.5,"leave-d",200,0.5,1e+05,TRUE,51
10,0,0,0,8.07794418137672,-0.920008540355621,17.0758969031091,3.1325702258924,-8.94958732382058,15.2147277756054,7.75649002526711,0,0,0,"chi","I",1000,100,0.5,0,0,0,FALSE,0,FALSE,0.5,"leave-d",200,0.5,1e+05,TRUE,51
10,0,0,0,8.07794418137672,-0.920008540355621,17.0758969031091,10.325230123584,-2.544320917682,23.19478116485,7.75649002526711,0,7.5291549826084,0,"chi","I",1000,100,0.5,0,0,0,FALSE,0,FALSE,0.5,"leave-d",200,0.5,1e+05,TRUE,51
10,0,0,0,8.07794418137672,-0.920008540355621,17.0758969031091,3.91226793202488,-10.6450284317806,18.4695642958304,7.75649002526711,0,0,0,"chi","I",1000,100,0.5,0,0,0,FALSE,0,FALSE,0.5,"leave-d",200,0.5,1e+05,TRUE,51
10,0,0,0,8.07794418137672,-0.920008540355621,17.0758969031091,9.81641502051802,-2.12161283127667,21.7544428723127,7.75649002526711,0,11.8654530242438,0,"chi","I",1000,100,0.5,0,0,0,FALSE,0,FALSE,0.5,"leave-d",200,0.5,1e+05,TRUE,51
10,0,0,0,8.07794418137672,-0.920008540355621,17.0758969031091,18.6624063360242,0.530204055485108,36.7946086165632,7.75649002526711,0,18.605454918715,0,"chi","I",1000,100,0.5,0,0,0,FALSE,0,FALSE,0.5,"leave-d",200,0.5,1e+05,TRUE,51
10,0,0,0,8.07794418137672,-0.920008540355621,17.0758969031091,10.0776406270893,-1.94579646553937,22.101077719718,7.75649002526711,0,12.4752304507673,0,"chi","I",1000,100,0.5,0,0,0,FALSE,0,FALSE,0.5,"leave-d",200,0.5,1e+05,TRUE,51
10,0,0,0,8.07794418137672,-0.920008540355621,17.0758969031091,4.40555819519219,-8.39063929339133,17.2017556837757,7.75649002526711,0,1.39897187529649,0,"chi","I",1000,100,0.5,0,0,0,FALSE,0,FALSE,0.5,"leave-d",200,0.5,1e+05,TRUE,51
10,0,0,0,8.07794418137672,-0.920008540355621,17.0758969031091,8.48556263446871,-9.87337050561054,26.844495774548,7.75649002526711,0,10.23501262947,0,"chi","I",1000,100,0.5,0,0,0,FALSE,0,FALSE,0.5,"leave-d",200,0.5,1e+05,TRUE,51
10,0,0,0,8.07794418137672,-0.920008540355621,17.0758969031091,9.29966338816435,-4.28500379058118,22.8843305669099,7.75649002526711,0,13.246054087379,0,"chi","I",1000,100,0.5,0,0,0,FALSE,0,FALSE,0.5,"leave-d",200,0.5,1e+05,TRUE,51
10,0,0,0,8.07794418137672,-0.920008540355621,17.0758969031091,7.09259819004561,-9.82527477360334,24.0104711536946,7.75649002526711,0,2.64725490057597,0,"chi","I",1000,100,0.5,0,0,0,FALSE,0,FALSE,0.5,"leave-d",200,0.5,1e+05,TRUE,51
10,0,0,0,8.07794418137672,-0.920008540355621,17.0758969031091,13.490555524244,-3.53371360934304,30.514824657831,7.75649002526711,0,11.6046275010091,0,"chi","I",1000,100,0.5,0,0,0,FALSE,0,FALSE,0.5,"leave-d",200,0.5,1e+05,TRUE,51
10,0,0,0,8.07794418137672,-0.920008540355621,17.0758969031091,22.9759039858176,11.9476792156163,34.0041287560189,7.75649002526711,0,10.7286403327892,0,"chi","I",1000,100,0.5,0,0,0,FALSE,0,FALSE,0.5,"leave-d",200,0.5,1e+05,TRUE,51
10,0,0,0,8.07794418137672,-0.920008540355621,17.0758969031091,8.73875389036223,-9.49885225742667,26.9763600381511,7.75649002526711,0,6.53733688419856,0,"chi","I",1000,100,0.5,0,0,0,FALSE,0,FALSE,0.5,"leave-d",200,0.5,1e+05,TRUE,51
10,0,0,0,8.07794418137672,-0.920008540355621,17.0758969031091,10.7137572239029,-5.29308558321169,26.7206000310175,7.75649002526711,0,6.49622211195187,0,"chi","I",1000,100,0.5,0,0,0,FALSE,0,FALSE,0.5,"leave-d",200,0.5,1e+05,TRUE,51
10,0,0,0,8.07794418137672,-0.920008540355621,17.0758969031091,16.5666056176852,0.178378189279243,32.9548330460911,7.75649002526711,0,16.6359115996111,0,"chi","I",1000,100,0.5,0,0,0,FALSE,0,FALSE,0.5,"leave-d",200,0.5,1e+05,TRUE,51
10,0,0,0,8.07794418137672,-0.920008540355621,17.0758969031091,4.63064320840774,-10.3252800359709,19.5865664527864,7.75649002526711,0,0.312617918087121,0,"chi","I",1000,100,0.5,0,0,0,FALSE,0,FALSE,0.5,"leave-d",200,0.5,1e+05,TRUE,51
10,0,0,0,8.07794418137672,-0.920008540355621,17.0758969031091,19.2105019042165,1.26092536825961,37.1600784401733,7.75649002526711,0,17.8856657638746,0,"chi","I",1000,100,0.5,0,0,0,FALSE,0,FALSE,0.5,"leave-d",200,0.5,1e+05,TRUE,51
10,0,0,0,8.07794418137672,-0.920008540355621,17.0758969031091,7.08487082604994,-5.7794638441603,19.9492054962602,7.75649002526711,0,5.27124950787916,0,"chi","I",1000,100,0.5,0,0,0,FALSE,0,FALSE,0.5,"leave-d",200,0.5,1e+05,TRUE,51
10,0,0,0,8.07794418137672,-0.920008540355621,17.0758969031091,-0.266477728111665,-14.3631530230414,13.8301975668181,7.75649002526711,0,0,0,"chi","I",1000,100,0.5,0,0,0,FALSE,0,FALSE,0.5,"leave-d",200,0.5,1e+05,TRUE,51
10,0,0,0,8.07794418137672,-0.920008540355621,17.0758969031091,3.85576734691207,-10.772672456901,18.4842071507252,7.75649002526711,0,0,0,"chi","I",1000,100,0.5,0,0,0,FALSE,0,FALSE,0.5,"leave-d",200,0.5,1e+05,TRUE,51
10,0,0,0,8.07794418137672,-0.920008540355621,17.0758969031091,8.95139027186908,-3.722899461179,21.6256800049172,7.75649002526711,0,5.8215713420611,0,"chi","I",1000,100,0.5,0,0,0,FALSE,0,FALSE,0.5,"leave-d",200,0.5,1e+05,TRUE,51
10,0,0,0,8.07794418137672,-0.920008540355621,17.0758969031091,-8.25274284263899,-20.9962366729244,4.49075098764644,7.75649002526711,0,0,0,"chi","I",1000,100,0.5,0,0,0,FALSE,0,FALSE,0.5,"leave-d",200,0.5,1e+05,TRUE,51
10,0,0,0,8.07794418137672,-0.920008540355621,17.0758969031091,-1.77855511818529,-16.8556558426233,13.2985456062527,7.75649002526711,0,0,0,"chi","I",1000,100,0.5,0,0,0,FALSE,0,FALSE,0.5,"leave-d",200,0.5,1e+05,TRUE,51
10,0,0,0,8.07794418137672,-0.920008540355621,17.0758969031091,9.73836862104285,-4.81926961287777,24.2960068549635,7.75649002526711,0,4.70113791029387,0,"chi","I",1000,100,0.5,0,0,0,FALSE,0,FALSE,0.5,"leave-d",200,0.5,1e+05,TRUE,51
10,0,0,0,8.07794418137672,-0.920008540355621,17.0758969031091,11.0386646361591,-2.12850823493469,24.205837507253,7.75649002526711,0,13.4910572340036,0,"chi","I",1000,100,0.5,0,0,0,FALSE,0,FALSE,0.5,"leave-d",200,0.5,1e+05,TRUE,51
10,0,0,0,8.07794418137672,-0.920008540355621,17.0758969031091,10.3644866149739,-8.7483162130932,29.477289443041,7.75649002526711,0,7.18577316060061,0,"chi","I",1000,100,0.5,0,0,0,FALSE,0,FALSE,0.5,"leave-d",200,0.5,1e+05,TRUE,51
10,0,0,0,8.07794418137672,-0.920008540355621,17.0758969031091,-0.740771747438288,-14.3784186821296,12.896875187253,7.75649002526711,0,0,0,"chi","I",1000,100,0.5,0,0,0,FALSE,0,FALSE,0.5,"leave-d",200,0.5,1e+05,TRUE,51
10,0,0,0,8.07794418137672,-0.920008540355621,17.0758969031091,25.5123362947963,9.05686445619306,41.9678081333996,7.75649002526711,0,16.1041270797476,0,"chi","I",1000,100,0.5,0,0,0,FALSE,0,FALSE,0.5,"leave-d",200,0.5,1e+05,TRUE,51
10,0,0,0,8.07794418137672,-0.920008540355621,17.0758969031091,3.12418736114537,-10.3287597940091,16.5771345162998,7.75649002526711,0,0,0,"chi","I",1000,100,0.5,0,0,0,FALSE,0,FALSE,0.5,"leave-d",200,0.5,1e+05,TRUE,51
10,0,0,0,8.07794418137672,-0.920008540355621,17.0758969031091,23.4773543806046,8.3443954743501,38.6103132868592,7.75649002526711,0,14.8307152098455,0,"chi","I",1000,100,0.5,0,0,0,FALSE,0,FALSE,0.5,"leave-d",200,0.5,1e+05,TRUE,51
10,0,0,0,8.07794418137672,-0.920008540355621,17.0758969031091,6.3384153376221,-8.49950977163194,21.1763404468761,7.75649002526711,0,2.16463608071271,0,"chi","I",1000,100,0.5,0,0,0,FALSE,0,FALSE,0.5,"leave-d",200,0.5,1e+05,TRUE,51
10,0,0,0,8.07794418137672,-0.920008540355621,17.0758969031091,6.16331355558162,-6.16716834345024,18.4937954546135,7.75649002526711,0,3.62509775491848,0,"chi","I",1000,100,0.5,0,0,0,FALSE,0,FALSE,0.5,"leave-d",200,0.5,1e+05,TRUE,51
10,0,0,0,8.07794418137672,-0.920008540355621,17.0758969031091,4.15265795760764,-15.198649575787,23.5039654910023,7.75649002526711,0,0,0,"chi","I",1000,100,0.5,0,0,0,FALSE,0,FALSE,0.5,"leave-d",200,0.5,1e+05,TRUE,51
10,0,0,0,8.07794418137672,-0.920008540355621,17.0758969031091,18.1891577096341,3.43879267484488,32.9395227444234,7.75649002526711,0,11.6479025639912,0,"chi","I",1000,100,0.5,0,0,0,FALSE,0,FALSE,0.5,"leave-d",200,0.5,1e+05,TRUE,51
10,0,0,0,8.07794418137672,-0.920008540355621,17.0758969031091,5.2237830576677,-13.0830708638739,23.5306369792093,7.75649002526711,0,0,0,"chi","I",1000,100,0.5,0,0,0,FALSE,0,FALSE,0.5,"leave-d",200,0.5,1e+05,TRUE,51
10,0,0,0,8.07794418137672,-0.920008540355621,17.0758969031091,13.2055231775214,-3.97496053072222,30.3860068857651,7.75649002526711,0,13.0699323546003,0,"chi","I",1000,100,0.5,0,0,0,FALSE,0,FALSE,0.5,"leave-d",200,0.5,1e+05,TRUE,51
10,0,0,0,8.07794418137672,-0.920008540355621,17.0758969031091,11.1736650161722,-0.896096213346574,23.243426245691,7.75649002526711,0,12.3103167510146,0,"chi","I",1000,100,0.5,0,0,0,FALSE,0,FALSE,0.5,"leave-d",200,0.5,1e+05,TRUE,51
10,0,0,0,8.07794418137672,-0.920008540355621,17.0758969031091,8.54405339754879,-8.35833468832147,25.4464414834191,7.75649002526711,0,5.44987715838781,0,"chi","I",1000,100,0.5,0,0,0,FALSE,0,FALSE,0.5,"leave-d",200,0.5,1e+05,TRUE,51
10,0,0,0,8.07794418137672,-0.920008540355621,17.0758969031091,13.6068482382162,-4.06445878640701,31.2781552628394,7.75649002526711,0,12.6394304106404,0,"chi","I",1000,100,0.5,0,0,0,FALSE,0,FALSE,0.5,"leave-d",200,0.5,1e+05,TRUE,51
10,0,0,0,8.07794418137672,-0.920008540355621,17.0758969031091,3.84040689629858,-12.0561022448128,19.73691603741,7.75649002526711,0,0,0,"chi","I",1000,100,0.5,0,0,0,FALSE,0,FALSE,0.5,"leave-d",200,0.5,1e+05,TRUE,51
