"var_main_effect","var_inter_effect","cov_main_inter_effect","var_total_effect","EigenPrism_main","EigenPrism_CI1","EigenPrism_CI2","sub_EigenPrism_main","sub_EigenPrism_CI1","sub_EigenPrism_CI2","GCTA_main","GCTA_inter","sub_GCTA_main","sub_GCTA_inter","x_dist","structure","p","n","main_fixed_var","main_random_var","inter_fixed_var","inter_random_var","decor","interact","combine","pro","bs","n_sub","rho_e","emp_n","inter_std","i"
10,0,0,0,7.980154622292,5.39533998388665,10.5649692606974,13.0493349044525,8.35491770610751,17.7437521027976,8.16748524953341,0,12.1138101463242,0,"chi","I",1000,500,0.5,0,0,0,FALSE,0,FALSE,0.5,"leave-d",200,0.5,1e+05,TRUE,608
10,0,0,0,7.980154622292,5.39533998388665,10.5649692606974,9.94916798715909,5.59779588472515,14.300540089593,8.16748524953341,0,9.27171216969392,0,"chi","I",1000,500,0.5,0,0,0,FALSE,0,FALSE,0.5,"leave-d",200,0.5,1e+05,TRUE,608
10,0,0,0,7.980154622292,5.39533998388665,10.5649692606974,13.7058521535435,8.59185691061486,18.8198473964722,8.16748524953341,0,13.0012935551315,0,"chi","I",1000,500,0.5,0,0,0,FALSE,0,FALSE,0.5,"leave-d",200,0.5,1e+05,TRUE,608
10,0,0,0,7.980154622292,5.39533998388665,10.5649692606974,4.61117705917106,0.0916719033733546,9.13068221496876,8.16748524953341,0,4.43326924159917,0,"chi","I",1000,500,0.5,0,0,0,FALSE,0,FALSE,0.5,"leave-d",200,0.5,1e+05,TRUE,608
10,0,0,0,7.980154622292,5.39533998388665,10.5649692606974,11.3561487112067,6.72738165200538,15.9849157704081,8.16748524953341,0,10.5125123012264,0,"chi","I",1000,500,0.5,0,0,0,FALSE,0,FALSE,0.5,"leave-d",200,0.5,1e+05,TRUE,608
10,0,0,0,7.980154622292,5.39533998388665,10.5649692606974,12.8140559411772,7.96908737899972,17.6590245033547,8.16748524953341,0,13.0498181573072,0,"chi","I",1000,500,0.5,0,0,0,FALSE,0,FALSE,0.5,"leave-d",200,0.5,1e+05,TRUE,608
10,0,0,0,7.980154622292,5.39533998388665,10.5649692606974,11.7031906376343,7.15913263023429,16.2472486450343,8.16748524953341,0,12.1669169285351,0,"chi","I",1000,500,0.5,0,0,0,FALSE,0,FALSE,0.5,"leave-d",200,0.5,1e+05,TRUE,608
10,0,0,0,7.980154622292,5.39533998388665,10.5649692606974,15.2585622901195,10.3299444968082,20.1871800834308,8.16748524953341,0,15.8333934531815,0,"chi","I",1000,500,0.5,0,0,0,FALSE,0,FALSE,0.5,"leave-d",200,0.5,1e+05,TRUE,608
10,0,0,0,7.980154622292,5.39533998388665,10.5649692606974,13.3340273311254,8.31566192148313,18.3523927407677,8.16748524953341,0,14.3219247595058,0,"chi","I",1000,500,0.5,0,0,0,FALSE,0,FALSE,0.5,"leave-d",200,0.5,1e+05,TRUE,608
10,0,0,0,7.980154622292,5.39533998388665,10.5649692606974,9.47359617600713,4.71407733656267,14.2331150154516,8.16748524953341,0,9.25986047810456,0,"chi","I",1000,500,0.5,0,0,0,FALSE,0,FALSE,0.5,"leave-d",200,0.5,1e+05,TRUE,608
10,0,0,0,7.980154622292,5.39533998388665,10.5649692606974,12.0283784294479,7.36949662901156,16.6872602298841,8.16748524953341,0,11.7311689696949,0,"chi","I",1000,500,0.5,0,0,0,FALSE,0,FALSE,0.5,"leave-d",200,0.5,1e+05,TRUE,608
10,0,0,0,7.980154622292,5.39533998388665,10.5649692606974,10.2218515010502,5.84914753342877,14.5945554686716,8.16748524953341,0,9.72172396898754,0,"chi","I",1000,500,0.5,0,0,0,FALSE,0,FALSE,0.5,"leave-d",200,0.5,1e+05,TRUE,608
10,0,0,0,7.980154622292,5.39533998388665,10.5649692606974,4.92058330210857,0.0920111122102973,9.74915549200684,8.16748524953341,0,4.26997868548934,0,"chi","I",1000,500,0.5,0,0,0,FALSE,0,FALSE,0.5,"leave-d",200,0.5,1e+05,TRUE,608
10,0,0,0,7.980154622292,5.39533998388665,10.5649692606974,8.91934071322528,4.52023283549097,13.3184485909596,8.16748524953341,0,8.68862484494088,0,"chi","I",1000,500,0.5,0,0,0,FALSE,0,FALSE,0.5,"leave-d",200,0.5,1e+05,TRUE,608
10,0,0,0,7.980154622292,5.39533998388665,10.5649692606974,12.6446489179598,7.41149259360264,17.8778052423169,8.16748524953341,0,12.8629179793929,0,"chi","I",1000,500,0.5,0,0,0,FALSE,0,FALSE,0.5,"leave-d",200,0.5,1e+05,TRUE,608
10,0,0,0,7.980154622292,5.39533998388665,10.5649692606974,7.18294600756032,2.87130983221184,11.4945821829088,8.16748524953341,0,7.06104571830518,0,"chi","I",1000,500,0.5,0,0,0,FALSE,0,FALSE,0.5,"leave-d",200,0.5,1e+05,TRUE,608
10,0,0,0,7.980154622292,5.39533998388665,10.5649692606974,6.4285355355234,2.07301312553759,10.7840579455092,8.16748524953341,0,6.63692960348651,0,"chi","I",1000,500,0.5,0,0,0,FALSE,0,FALSE,0.5,"leave-d",200,0.5,1e+05,TRUE,608
10,0,0,0,7.980154622292,5.39533998388665,10.5649692606974,9.04228838733343,4.39619953667524,13.6883772379916,8.16748524953341,0,8.71128452732423,0,"chi","I",1000,500,0.5,0,0,0,FALSE,0,FALSE,0.5,"leave-d",200,0.5,1e+05,TRUE,608
10,0,0,0,7.980154622292,5.39533998388665,10.5649692606974,9.40777416382354,4.67396504357518,14.1415832840719,8.16748524953341,0,8.60305762363999,0,"chi","I",1000,500,0.5,0,0,0,FALSE,0,FALSE,0.5,"leave-d",200,0.5,1e+05,TRUE,608
10,0,0,0,7.980154622292,5.39533998388665,10.5649692606974,10.3227075049052,5.26677123498388,15.3786437748265,8.16748524953341,0,10.0051554060127,0,"chi","I",1000,500,0.5,0,0,0,FALSE,0,FALSE,0.5,"leave-d",200,0.5,1e+05,TRUE,608
10,0,0,0,7.980154622292,5.39533998388665,10.5649692606974,4.69192826847044,-0.0486403446029602,9.43249688154385,8.16748524953341,0,4.34745242482073,0,"chi","I",1000,500,0.5,0,0,0,FALSE,0,FALSE,0.5,"leave-d",200,0.5,1e+05,TRUE,608
10,0,0,0,7.980154622292,5.39533998388665,10.5649692606974,10.4402555352062,5.57571631235823,15.3047947580543,8.16748524953341,0,10.0720133915423,0,"chi","I",1000,500,0.5,0,0,0,FALSE,0,FALSE,0.5,"leave-d",200,0.5,1e+05,TRUE,608
10,0,0,0,7.980154622292,5.39533998388665,10.5649692606974,8.2161879600588,3.98508737478005,12.4472885453376,8.16748524953341,0,7.96370229486324,0,"chi","I",1000,500,0.5,0,0,0,FALSE,0,FALSE,0.5,"leave-d",200,0.5,1e+05,TRUE,608
10,0,0,0,7.980154622292,5.39533998388665,10.5649692606974,5.18384863023335,0.263418218802841,10.1042790416639,8.16748524953341,0,4.89708922027014,0,"chi","I",1000,500,0.5,0,0,0,FALSE,0,FALSE,0.5,"leave-d",200,0.5,1e+05,TRUE,608
10,0,0,0,7.980154622292,5.39533998388665,10.5649692606974,6.14994824746849,1.43424647773514,10.8656500172018,8.16748524953341,0,5.1949120780154,0,"chi","I",1000,500,0.5,0,0,0,FALSE,0,FALSE,0.5,"leave-d",200,0.5,1e+05,TRUE,608
10,0,0,0,7.980154622292,5.39533998388665,10.5649692606974,13.2079627153139,8.49126989532244,17.9246555353053,8.16748524953341,0,14.1758013167013,0,"chi","I",1000,500,0.5,0,0,0,FALSE,0,FALSE,0.5,"leave-d",200,0.5,1e+05,TRUE,608
10,0,0,0,7.980154622292,5.39533998388665,10.5649692606974,8.04159696316298,3.70932081832543,12.3738731080005,8.16748524953341,0,7.9973419104988,0,"chi","I",1000,500,0.5,0,0,0,FALSE,0,FALSE,0.5,"leave-d",200,0.5,1e+05,TRUE,608
10,0,0,0,7.980154622292,5.39533998388665,10.5649692606974,13.2154152282723,8.38385526259337,18.0469751939511,8.16748524953341,0,14.2329281043728,0,"chi","I",1000,500,0.5,0,0,0,FALSE,0,FALSE,0.5,"leave-d",200,0.5,1e+05,TRUE,608
10,0,0,0,7.980154622292,5.39533998388665,10.5649692606974,4.53054798302106,-0.0322412142654143,9.09333718030754,8.16748524953341,0,4.35506863504532,0,"chi","I",1000,500,0.5,0,0,0,FALSE,0,FALSE,0.5,"leave-d",200,0.5,1e+05,TRUE,608
10,0,0,0,7.980154622292,5.39533998388665,10.5649692606974,4.33544848823847,-0.558989578864393,9.22988655534133,8.16748524953341,0,4.4462406154327,0,"chi","I",1000,500,0.5,0,0,0,FALSE,0,FALSE,0.5,"leave-d",200,0.5,1e+05,TRUE,608
10,0,0,0,7.980154622292,5.39533998388665,10.5649692606974,9.68342343570179,4.70615494263085,14.6606919287727,8.16748524953341,0,9.41045747371744,0,"chi","I",1000,500,0.5,0,0,0,FALSE,0,FALSE,0.5,"leave-d",200,0.5,1e+05,TRUE,608
10,0,0,0,7.980154622292,5.39533998388665,10.5649692606974,13.3210554052099,8.77933833580326,17.8627724746164,8.16748524953341,0,12.8406596023576,0,"chi","I",1000,500,0.5,0,0,0,FALSE,0,FALSE,0.5,"leave-d",200,0.5,1e+05,TRUE,608
10,0,0,0,7.980154622292,5.39533998388665,10.5649692606974,11.5009886345075,6.64881760374864,16.3531596652664,8.16748524953341,0,11.057064931183,0,"chi","I",1000,500,0.5,0,0,0,FALSE,0,FALSE,0.5,"leave-d",200,0.5,1e+05,TRUE,608
10,0,0,0,7.980154622292,5.39533998388665,10.5649692606974,12.806895073275,7.90524177416925,17.7085483723808,8.16748524953341,0,12.7031588334786,0,"chi","I",1000,500,0.5,0,0,0,FALSE,0,FALSE,0.5,"leave-d",200,0.5,1e+05,TRUE,608
10,0,0,0,7.980154622292,5.39533998388665,10.5649692606974,9.7938987055905,5.0000189268531,14.5877784843279,8.16748524953341,0,9.49413699789536,0,"chi","I",1000,500,0.5,0,0,0,FALSE,0,FALSE,0.5,"leave-d",200,0.5,1e+05,TRUE,608
10,0,0,0,7.980154622292,5.39533998388665,10.5649692606974,12.4337059665583,7.64448108803114,17.2229308450854,8.16748524953341,0,12.630304576888,0,"chi","I",1000,500,0.5,0,0,0,FALSE,0,FALSE,0.5,"leave-d",200,0.5,1e+05,TRUE,608
10,0,0,0,7.980154622292,5.39533998388665,10.5649692606974,12.0965307925002,7.20380145039043,16.9892601346099,8.16748524953341,0,11.5248704311787,0,"chi","I",1000,500,0.5,0,0,0,FALSE,0,FALSE,0.5,"leave-d",200,0.5,1e+05,TRUE,608
10,0,0,0,7.980154622292,5.39533998388665,10.5649692606974,16.1106299465876,11.0915902686518,21.1296696245234,8.16748524953341,0,14.7312817834042,0,"chi","I",1000,500,0.5,0,0,0,FALSE,0,FALSE,0.5,"leave-d",200,0.5,1e+05,TRUE,608
10,0,0,0,7.980154622292,5.39533998388665,10.5649692606974,8.74696420160214,4.14347971781043,13.3504486853938,8.16748524953341,0,8.71759584278109,0,"chi","I",1000,500,0.5,0,0,0,FALSE,0,FALSE,0.5,"leave-d",200,0.5,1e+05,TRUE,608
10,0,0,0,7.980154622292,5.39533998388665,10.5649692606974,13.2350562049191,8.29144427026493,18.1786681395732,8.16748524953341,0,12.6968150143149,0,"chi","I",1000,500,0.5,0,0,0,FALSE,0,FALSE,0.5,"leave-d",200,0.5,1e+05,TRUE,608
10,0,0,0,7.980154622292,5.39533998388665,10.5649692606974,9.57982061188869,4.4812664849813,14.6783747387961,8.16748524953341,0,8.97586994770581,0,"chi","I",1000,500,0.5,0,0,0,FALSE,0,FALSE,0.5,"leave-d",200,0.5,1e+05,TRUE,608
10,0,0,0,7.980154622292,5.39533998388665,10.5649692606974,7.40847288344274,2.78963455693634,12.0273112099491,8.16748524953341,0,7.27116503117072,0,"chi","I",1000,500,0.5,0,0,0,FALSE,0,FALSE,0.5,"leave-d",200,0.5,1e+05,TRUE,608
10,0,0,0,7.980154622292,5.39533998388665,10.5649692606974,8.822606987367,3.7935294883534,13.8516844863806,8.16748524953341,0,8.5951350111918,0,"chi","I",1000,500,0.5,0,0,0,FALSE,0,FALSE,0.5,"leave-d",200,0.5,1e+05,TRUE,608
10,0,0,0,7.980154622292,5.39533998388665,10.5649692606974,12.4286020619804,7.42685315539396,17.4303509685668,8.16748524953341,0,12.1031719580185,0,"chi","I",1000,500,0.5,0,0,0,FALSE,0,FALSE,0.5,"leave-d",200,0.5,1e+05,TRUE,608
10,0,0,0,7.980154622292,5.39533998388665,10.5649692606974,14.9194963787548,9.82886110520178,20.0101316523077,8.16748524953341,0,15.2912994270314,0,"chi","I",1000,500,0.5,0,0,0,FALSE,0,FALSE,0.5,"leave-d",200,0.5,1e+05,TRUE,608
10,0,0,0,7.980154622292,5.39533998388665,10.5649692606974,5.01217137978023,0.498826727076077,9.52551603248439,8.16748524953341,0,4.12980777468434,0,"chi","I",1000,500,0.5,0,0,0,FALSE,0,FALSE,0.5,"leave-d",200,0.5,1e+05,TRUE,608
10,0,0,0,7.980154622292,5.39533998388665,10.5649692606974,9.08064644174994,4.16294654634357,13.9983463371563,8.16748524953341,0,8.90823872905698,0,"chi","I",1000,500,0.5,0,0,0,FALSE,0,FALSE,0.5,"leave-d",200,0.5,1e+05,TRUE,608
10,0,0,0,7.980154622292,5.39533998388665,10.5649692606974,11.8085921608711,7.02221258282164,16.5949717389205,8.16748524953341,0,11.5987991665926,0,"chi","I",1000,500,0.5,0,0,0,FALSE,0,FALSE,0.5,"leave-d",200,0.5,1e+05,TRUE,608
10,0,0,0,7.980154622292,5.39533998388665,10.5649692606974,9.14823233130818,4.5021366857525,13.7943279768639,8.16748524953341,0,8.58826988599901,0,"chi","I",1000,500,0.5,0,0,0,FALSE,0,FALSE,0.5,"leave-d",200,0.5,1e+05,TRUE,608
10,0,0,0,7.980154622292,5.39533998388665,10.5649692606974,10.3311653246685,5.92475981552843,14.7375708338085,8.16748524953341,0,10.0092276819046,0,"chi","I",1000,500,0.5,0,0,0,FALSE,0,FALSE,0.5,"leave-d",200,0.5,1e+05,TRUE,608
10,0,0,0,7.980154622292,5.39533998388665,10.5649692606974,14.4190421882875,9.66017328126413,19.1779110953109,8.16748524953341,0,14.9196128574808,0,"chi","I",1000,500,0.5,0,0,0,FALSE,0,FALSE,0.5,"leave-d",200,0.5,1e+05,TRUE,608
10,0,0,0,7.980154622292,5.39533998388665,10.5649692606974,9.44173078704738,4.39446680031578,14.488994773779,8.16748524953341,0,8.74113227930238,0,"chi","I",1000,500,0.5,0,0,0,FALSE,0,FALSE,0.5,"leave-d",200,0.5,1e+05,TRUE,608
10,0,0,0,7.980154622292,5.39533998388665,10.5649692606974,5.68612080905115,0.660668310387972,10.7115733077143,8.16748524953341,0,5.15647244708283,0,"chi","I",1000,500,0.5,0,0,0,FALSE,0,FALSE,0.5,"leave-d",200,0.5,1e+05,TRUE,608
10,0,0,0,7.980154622292,5.39533998388665,10.5649692606974,9.23938238272116,4.7219266354776,13.7568381299647,8.16748524953341,0,8.84338582540646,0,"chi","I",1000,500,0.5,0,0,0,FALSE,0,FALSE,0.5,"leave-d",200,0.5,1e+05,TRUE,608
10,0,0,0,7.980154622292,5.39533998388665,10.5649692606974,5.95434832148451,1.46855934351842,10.4401372994506,8.16748524953341,0,5.62391443347825,0,"chi","I",1000,500,0.5,0,0,0,FALSE,0,FALSE,0.5,"leave-d",200,0.5,1e+05,TRUE,608
10,0,0,0,7.980154622292,5.39533998388665,10.5649692606974,10.3149037583393,6.06647070005794,14.5633368166207,8.16748524953341,0,9.81278474779233,0,"chi","I",1000,500,0.5,0,0,0,FALSE,0,FALSE,0.5,"leave-d",200,0.5,1e+05,TRUE,608
10,0,0,0,7.980154622292,5.39533998388665,10.5649692606974,12.0871619016185,7.38157317390072,16.7927506293362,8.16748524953341,0,11.6778575157295,0,"chi","I",1000,500,0.5,0,0,0,FALSE,0,FALSE,0.5,"leave-d",200,0.5,1e+05,TRUE,608
10,0,0,0,7.980154622292,5.39533998388665,10.5649692606974,13.5376250118862,8.89449005054985,18.1807599732226,8.16748524953341,0,12.1170480546888,0,"chi","I",1000,500,0.5,0,0,0,FALSE,0,FALSE,0.5,"leave-d",200,0.5,1e+05,TRUE,608
10,0,0,0,7.980154622292,5.39533998388665,10.5649692606974,14.520896111032,9.39033761954045,19.6514546025236,8.16748524953341,0,13.2225328880738,0,"chi","I",1000,500,0.5,0,0,0,FALSE,0,FALSE,0.5,"leave-d",200,0.5,1e+05,TRUE,608
10,0,0,0,7.980154622292,5.39533998388665,10.5649692606974,11.9406771288644,7.21167512759187,16.6696791301368,8.16748524953341,0,11.4202955695088,0,"chi","I",1000,500,0.5,0,0,0,FALSE,0,FALSE,0.5,"leave-d",200,0.5,1e+05,TRUE,608
10,0,0,0,7.980154622292,5.39533998388665,10.5649692606974,5.83103731439845,1.21143826662417,10.4506363621727,8.16748524953341,0,6.25246224745781,0,"chi","I",1000,500,0.5,0,0,0,FALSE,0,FALSE,0.5,"leave-d",200,0.5,1e+05,TRUE,608
10,0,0,0,7.980154622292,5.39533998388665,10.5649692606974,11.4294539832293,6.9289659780956,15.929941988363,8.16748524953341,0,10.5511514241791,0,"chi","I",1000,500,0.5,0,0,0,FALSE,0,FALSE,0.5,"leave-d",200,0.5,1e+05,TRUE,608
10,0,0,0,7.980154622292,5.39533998388665,10.5649692606974,9.04131038585036,4.70189967174475,13.380721099956,8.16748524953341,0,9.14691093974535,0,"chi","I",1000,500,0.5,0,0,0,FALSE,0,FALSE,0.5,"leave-d",200,0.5,1e+05,TRUE,608
10,0,0,0,7.980154622292,5.39533998388665,10.5649692606974,8.36361414810049,4.04679149695278,12.6804367992482,8.16748524953341,0,7.960907394448,0,"chi","I",1000,500,0.5,0,0,0,FALSE,0,FALSE,0.5,"leave-d",200,0.5,1e+05,TRUE,608
10,0,0,0,7.980154622292,5.39533998388665,10.5649692606974,12.116518191591,7.13534223526037,17.0976941479217,8.16748524953341,0,11.8874879364011,0,"chi","I",1000,500,0.5,0,0,0,FALSE,0,FALSE,0.5,"leave-d",200,0.5,1e+05,TRUE,608
10,0,0,0,7.980154622292,5.39533998388665,10.5649692606974,9.22162888991367,5.00488623071428,13.4383715491131,8.16748524953341,0,9.28138297295925,0,"chi","I",1000,500,0.5,0,0,0,FALSE,0,FALSE,0.5,"leave-d",200,0.5,1e+05,TRUE,608
10,0,0,0,7.980154622292,5.39533998388665,10.5649692606974,4.84508715264432,0.593419289425307,9.09675501586332,8.16748524953341,0,5.2139233988723,0,"chi","I",1000,500,0.5,0,0,0,FALSE,0,FALSE,0.5,"leave-d",200,0.5,1e+05,TRUE,608
10,0,0,0,7.980154622292,5.39533998388665,10.5649692606974,8.91430971023097,4.26348405272868,13.5651353677333,8.16748524953341,0,8.34356398079012,0,"chi","I",1000,500,0.5,0,0,0,FALSE,0,FALSE,0.5,"leave-d",200,0.5,1e+05,TRUE,608
10,0,0,0,7.980154622292,5.39533998388665,10.5649692606974,11.4611240456266,6.46567031392644,16.4565777773267,8.16748524953341,0,11.0587035960416,0,"chi","I",1000,500,0.5,0,0,0,FALSE,0,FALSE,0.5,"leave-d",200,0.5,1e+05,TRUE,608
10,0,0,0,7.980154622292,5.39533998388665,10.5649692606974,13.9859023324031,9.20381416834119,18.7679904964649,8.16748524953341,0,13.0994585217386,0,"chi","I",1000,500,0.5,0,0,0,FALSE,0,FALSE,0.5,"leave-d",200,0.5,1e+05,TRUE,608
10,0,0,0,7.980154622292,5.39533998388665,10.5649692606974,6.87648707059868,2.5169030076739,11.2360711335235,8.16748524953341,0,6.27248469986426,0,"chi","I",1000,500,0.5,0,0,0,FALSE,0,FALSE,0.5,"leave-d",200,0.5,1e+05,TRUE,608
10,0,0,0,7.980154622292,5.39533998388665,10.5649692606974,6.91859629676676,2.27853969384419,11.5586528996893,8.16748524953341,0,6.4605025319118,0,"chi","I",1000,500,0.5,0,0,0,FALSE,0,FALSE,0.5,"leave-d",200,0.5,1e+05,TRUE,608
10,0,0,0,7.980154622292,5.39533998388665,10.5649692606974,10.9102527938242,6.29272204197863,15.5277835456698,8.16748524953341,0,10.23911596891,0,"chi","I",1000,500,0.5,0,0,0,FALSE,0,FALSE,0.5,"leave-d",200,0.5,1e+05,TRUE,608
10,0,0,0,7.980154622292,5.39533998388665,10.5649692606974,9.91740194233438,5.51186886978926,14.3229350148795,8.16748524953341,0,9.18325733389903,0,"chi","I",1000,500,0.5,0,0,0,FALSE,0,FALSE,0.5,"leave-d",200,0.5,1e+05,TRUE,608
10,0,0,0,7.980154622292,5.39533998388665,10.5649692606974,13.124836765582,8.65322574816395,17.5964477830001,8.16748524953341,0,12.3630226742994,0,"chi","I",1000,500,0.5,0,0,0,FALSE,0,FALSE,0.5,"leave-d",200,0.5,1e+05,TRUE,608
10,0,0,0,7.980154622292,5.39533998388665,10.5649692606974,7.63422746106452,3.02892753921259,12.2395273829164,8.16748524953341,0,7.91190631324086,0,"chi","I",1000,500,0.5,0,0,0,FALSE,0,FALSE,0.5,"leave-d",200,0.5,1e+05,TRUE,608
10,0,0,0,7.980154622292,5.39533998388665,10.5649692606974,9.95165930760482,5.61731539108437,14.2860032241253,8.16748524953341,0,9.83798851304647,0,"chi","I",1000,500,0.5,0,0,0,FALSE,0,FALSE,0.5,"leave-d",200,0.5,1e+05,TRUE,608
10,0,0,0,7.980154622292,5.39533998388665,10.5649692606974,9.83096266507644,5.13508225533141,14.5268430748215,8.16748524953341,0,9.7172426472842,0,"chi","I",1000,500,0.5,0,0,0,FALSE,0,FALSE,0.5,"leave-d",200,0.5,1e+05,TRUE,608
10,0,0,0,7.980154622292,5.39533998388665,10.5649692606974,8.80957202477609,4.08016248439709,13.5389815651551,8.16748524953341,0,8.44092970611481,0,"chi","I",1000,500,0.5,0,0,0,FALSE,0,FALSE,0.5,"leave-d",200,0.5,1e+05,TRUE,608
10,0,0,0,7.980154622292,5.39533998388665,10.5649692606974,8.95533296535604,4.51901949675353,13.3916464339586,8.16748524953341,0,8.96540129476302,0,"chi","I",1000,500,0.5,0,0,0,FALSE,0,FALSE,0.5,"leave-d",200,0.5,1e+05,TRUE,608
10,0,0,0,7.980154622292,5.39533998388665,10.5649692606974,11.7564646192509,6.99611925186957,16.5168099866322,8.16748524953341,0,11.0029373331796,0,"chi","I",1000,500,0.5,0,0,0,FALSE,0,FALSE,0.5,"leave-d",200,0.5,1e+05,TRUE,608
10,0,0,0,7.980154622292,5.39533998388665,10.5649692606974,10.0697296891623,5.14505382134543,14.9944055569791,8.16748524953341,0,9.62288028545819,0,"chi","I",1000,500,0.5,0,0,0,FALSE,0,FALSE,0.5,"leave-d",200,0.5,1e+05,TRUE,608
10,0,0,0,7.980154622292,5.39533998388665,10.5649692606974,8.87412037264185,3.96061891189069,13.787621833393,8.16748524953341,0,8.490486003296,0,"chi","I",1000,500,0.5,0,0,0,FALSE,0,FALSE,0.5,"leave-d",200,0.5,1e+05,TRUE,608
10,0,0,0,7.980154622292,5.39533998388665,10.5649692606974,10.2752030521288,5.43070154076049,15.1197045634971,8.16748524953341,0,10.5384711456971,0,"chi","I",1000,500,0.5,0,0,0,FALSE,0,FALSE,0.5,"leave-d",200,0.5,1e+05,TRUE,608
10,0,0,0,7.980154622292,5.39533998388665,10.5649692606974,7.07252833559307,2.31703155884121,11.8280251123449,8.16748524953341,0,6.9748023150495,0,"chi","I",1000,500,0.5,0,0,0,FALSE,0,FALSE,0.5,"leave-d",200,0.5,1e+05,TRUE,608
10,0,0,0,7.980154622292,5.39533998388665,10.5649692606974,7.65330681165857,3.23949410928807,12.0671195140291,8.16748524953341,0,7.08786749633336,0,"chi","I",1000,500,0.5,0,0,0,FALSE,0,FALSE,0.5,"leave-d",200,0.5,1e+05,TRUE,608
10,0,0,0,7.980154622292,5.39533998388665,10.5649692606974,7.26244170603719,2.41865096995354,12.1062324421208,8.16748524953341,0,6.08316263488151,0,"chi","I",1000,500,0.5,0,0,0,FALSE,0,FALSE,0.5,"leave-d",200,0.5,1e+05,TRUE,608
10,0,0,0,7.980154622292,5.39533998388665,10.5649692606974,8.26121551842455,3.79344180449357,12.7289892323555,8.16748524953341,0,8.00149525732757,0,"chi","I",1000,500,0.5,0,0,0,FALSE,0,FALSE,0.5,"leave-d",200,0.5,1e+05,TRUE,608
10,0,0,0,7.980154622292,5.39533998388665,10.5649692606974,7.98202553324235,3.50081769658742,12.4632333698973,8.16748524953341,0,7.41532435134782,0,"chi","I",1000,500,0.5,0,0,0,FALSE,0,FALSE,0.5,"leave-d",200,0.5,1e+05,TRUE,608
10,0,0,0,7.980154622292,5.39533998388665,10.5649692606974,9.35177769512599,5.15879751298078,13.5447578772712,8.16748524953341,0,9.33466842875065,0,"chi","I",1000,500,0.5,0,0,0,FALSE,0,FALSE,0.5,"leave-d",200,0.5,1e+05,TRUE,608
10,0,0,0,7.980154622292,5.39533998388665,10.5649692606974,4.86103936660191,0.318992790202887,9.40308594300094,8.16748524953341,0,5.18575532194349,0,"chi","I",1000,500,0.5,0,0,0,FALSE,0,FALSE,0.5,"leave-d",200,0.5,1e+05,TRUE,608
10,0,0,0,7.980154622292,5.39533998388665,10.5649692606974,4.80665175878974,0.224233651417006,9.38906986616248,8.16748524953341,0,4.36268866402356,0,"chi","I",1000,500,0.5,0,0,0,FALSE,0,FALSE,0.5,"leave-d",200,0.5,1e+05,TRUE,608
10,0,0,0,7.980154622292,5.39533998388665,10.5649692606974,9.25736172220276,4.66646182388577,13.8482616205198,8.16748524953341,0,9.33212219048831,0,"chi","I",1000,500,0.5,0,0,0,FALSE,0,FALSE,0.5,"leave-d",200,0.5,1e+05,TRUE,608
10,0,0,0,7.980154622292,5.39533998388665,10.5649692606974,13.6109009995516,8.8945326699919,18.3272693291112,8.16748524953341,0,13.5757530593094,0,"chi","I",1000,500,0.5,0,0,0,FALSE,0,FALSE,0.5,"leave-d",200,0.5,1e+05,TRUE,608
10,0,0,0,7.980154622292,5.39533998388665,10.5649692606974,4.43948282335253,0.21121496361826,8.6677506830868,8.16748524953341,0,4.16587672981803,0,"chi","I",1000,500,0.5,0,0,0,FALSE,0,FALSE,0.5,"leave-d",200,0.5,1e+05,TRUE,608
10,0,0,0,7.980154622292,5.39533998388665,10.5649692606974,12.2780326305504,7.25557920588547,17.3004860552153,8.16748524953341,0,12.2197668781773,0,"chi","I",1000,500,0.5,0,0,0,FALSE,0,FALSE,0.5,"leave-d",200,0.5,1e+05,TRUE,608
10,0,0,0,7.980154622292,5.39533998388665,10.5649692606974,8.2636041556108,3.70316450705744,12.8240438041642,8.16748524953341,0,7.9542211303568,0,"chi","I",1000,500,0.5,0,0,0,FALSE,0,FALSE,0.5,"leave-d",200,0.5,1e+05,TRUE,608
10,0,0,0,7.980154622292,5.39533998388665,10.5649692606974,6.50707425424842,2.39492488264974,10.6192236258471,8.16748524953341,0,6.66819837657795,0,"chi","I",1000,500,0.5,0,0,0,FALSE,0,FALSE,0.5,"leave-d",200,0.5,1e+05,TRUE,608
10,0,0,0,7.980154622292,5.39533998388665,10.5649692606974,11.9005262747142,7.07529765234719,16.7257548970813,8.16748524953341,0,11.9815554294901,0,"chi","I",1000,500,0.5,0,0,0,FALSE,0,FALSE,0.5,"leave-d",200,0.5,1e+05,TRUE,608
10,0,0,0,7.980154622292,5.39533998388665,10.5649692606974,9.75164164999994,4.81799383930379,14.6852894606961,8.16748524953341,0,9.22200481773559,0,"chi","I",1000,500,0.5,0,0,0,FALSE,0,FALSE,0.5,"leave-d",200,0.5,1e+05,TRUE,608
10,0,0,0,7.980154622292,5.39533998388665,10.5649692606974,9.85023236959775,4.59773474010385,15.1027299990916,8.16748524953341,0,9.72646710472338,0,"chi","I",1000,500,0.5,0,0,0,FALSE,0,FALSE,0.5,"leave-d",200,0.5,1e+05,TRUE,608
10,0,0,0,7.980154622292,5.39533998388665,10.5649692606974,9.29347290669733,4.56091767536541,14.0260281380292,8.16748524953341,0,9.04978474048387,0,"chi","I",1000,500,0.5,0,0,0,FALSE,0,FALSE,0.5,"leave-d",200,0.5,1e+05,TRUE,608
10,0,0,0,7.980154622292,5.39533998388665,10.5649692606974,6.45313668240194,2.47398340140437,10.4322899633995,8.16748524953341,0,6.14191742317094,0,"chi","I",1000,500,0.5,0,0,0,FALSE,0,FALSE,0.5,"leave-d",200,0.5,1e+05,TRUE,608
10,0,0,0,7.980154622292,5.39533998388665,10.5649692606974,7.76137144504101,3.0641100748126,12.4586328152694,8.16748524953341,0,7.3377400536275,0,"chi","I",1000,500,0.5,0,0,0,FALSE,0,FALSE,0.5,"leave-d",200,0.5,1e+05,TRUE,608
10,0,0,0,7.980154622292,5.39533998388665,10.5649692606974,14.8159515594508,9.42104199684844,20.2108611220532,8.16748524953341,0,14.0451485580881,0,"chi","I",1000,500,0.5,0,0,0,FALSE,0,FALSE,0.5,"leave-d",200,0.5,1e+05,TRUE,608
10,0,0,0,7.980154622292,5.39533998388665,10.5649692606974,11.0536287449387,6.51941357020173,15.5878439196757,8.16748524953341,0,10.5964652366346,0,"chi","I",1000,500,0.5,0,0,0,FALSE,0,FALSE,0.5,"leave-d",200,0.5,1e+05,TRUE,608
10,0,0,0,7.980154622292,5.39533998388665,10.5649692606974,10.0473551942022,5.84040315091747,14.254307237487,8.16748524953341,0,9.58178303059003,0,"chi","I",1000,500,0.5,0,0,0,FALSE,0,FALSE,0.5,"leave-d",200,0.5,1e+05,TRUE,608
10,0,0,0,7.980154622292,5.39533998388665,10.5649692606974,8.29561225803412,3.49991927061981,13.0913052454484,8.16748524953341,0,8.12931490362522,0,"chi","I",1000,500,0.5,0,0,0,FALSE,0,FALSE,0.5,"leave-d",200,0.5,1e+05,TRUE,608
10,0,0,0,7.980154622292,5.39533998388665,10.5649692606974,6.94305769551676,2.05865944751421,11.8274559435193,8.16748524953341,0,7.33843513434409,0,"chi","I",1000,500,0.5,0,0,0,FALSE,0,FALSE,0.5,"leave-d",200,0.5,1e+05,TRUE,608
10,0,0,0,7.980154622292,5.39533998388665,10.5649692606974,8.41112103328895,3.69004012485576,13.1322019417221,8.16748524953341,0,7.85986902057743,0,"chi","I",1000,500,0.5,0,0,0,FALSE,0,FALSE,0.5,"leave-d",200,0.5,1e+05,TRUE,608
10,0,0,0,7.980154622292,5.39533998388665,10.5649692606974,7.83988976006286,3.26209839084662,12.4176811292791,8.16748524953341,0,7.25556048152692,0,"chi","I",1000,500,0.5,0,0,0,FALSE,0,FALSE,0.5,"leave-d",200,0.5,1e+05,TRUE,608
10,0,0,0,7.980154622292,5.39533998388665,10.5649692606974,11.6396878725708,6.87296333224016,16.4064124129014,8.16748524953341,0,11.8149453357343,0,"chi","I",1000,500,0.5,0,0,0,FALSE,0,FALSE,0.5,"leave-d",200,0.5,1e+05,TRUE,608
10,0,0,0,7.980154622292,5.39533998388665,10.5649692606974,11.524530068538,6.24562094263967,16.8034391944363,8.16748524953341,0,11.1868374258954,0,"chi","I",1000,500,0.5,0,0,0,FALSE,0,FALSE,0.5,"leave-d",200,0.5,1e+05,TRUE,608
10,0,0,0,7.980154622292,5.39533998388665,10.5649692606974,12.1797656900078,7.86559814380387,16.4939332362117,8.16748524953341,0,11.7613494157632,0,"chi","I",1000,500,0.5,0,0,0,FALSE,0,FALSE,0.5,"leave-d",200,0.5,1e+05,TRUE,608
10,0,0,0,7.980154622292,5.39533998388665,10.5649692606974,11.4784129508501,6.74271716702181,16.2141087346784,8.16748524953341,0,11.1411711213299,0,"chi","I",1000,500,0.5,0,0,0,FALSE,0,FALSE,0.5,"leave-d",200,0.5,1e+05,TRUE,608
10,0,0,0,7.980154622292,5.39533998388665,10.5649692606974,17.1262188807254,11.8809291415977,22.3715086198531,8.16748524953341,0,17.6819091471557,0,"chi","I",1000,500,0.5,0,0,0,FALSE,0,FALSE,0.5,"leave-d",200,0.5,1e+05,TRUE,608
10,0,0,0,7.980154622292,5.39533998388665,10.5649692606974,9.94593857881942,4.67693405993143,15.2149430977074,8.16748524953341,0,9.86645856892692,0,"chi","I",1000,500,0.5,0,0,0,FALSE,0,FALSE,0.5,"leave-d",200,0.5,1e+05,TRUE,608
10,0,0,0,7.980154622292,5.39533998388665,10.5649692606974,5.59179005531373,1.72108400348789,9.46249610713956,8.16748524953341,0,5.83156522305313,0,"chi","I",1000,500,0.5,0,0,0,FALSE,0,FALSE,0.5,"leave-d",200,0.5,1e+05,TRUE,608
10,0,0,0,7.980154622292,5.39533998388665,10.5649692606974,9.56373786887402,5.04632337854239,14.0811523592056,8.16748524953341,0,9.469628994493,0,"chi","I",1000,500,0.5,0,0,0,FALSE,0,FALSE,0.5,"leave-d",200,0.5,1e+05,TRUE,608
10,0,0,0,7.980154622292,5.39533998388665,10.5649692606974,1.46511827744161,-3.05184327034545,5.98207982522867,8.16748524953341,0,1.33904730940418,0,"chi","I",1000,500,0.5,0,0,0,FALSE,0,FALSE,0.5,"leave-d",200,0.5,1e+05,TRUE,608
10,0,0,0,7.980154622292,5.39533998388665,10.5649692606974,10.3414378008392,5.75223843001001,14.9306371716684,8.16748524953341,0,10.0753866718033,0,"chi","I",1000,500,0.5,0,0,0,FALSE,0,FALSE,0.5,"leave-d",200,0.5,1e+05,TRUE,608
10,0,0,0,7.980154622292,5.39533998388665,10.5649692606974,6.83009143417611,2.03642983099366,11.6237530373585,8.16748524953341,0,6.68486912406147,0,"chi","I",1000,500,0.5,0,0,0,FALSE,0,FALSE,0.5,"leave-d",200,0.5,1e+05,TRUE,608
10,0,0,0,7.980154622292,5.39533998388665,10.5649692606974,9.28233139451024,4.56196519208854,14.0026975969319,8.16748524953341,0,9.02042364622281,0,"chi","I",1000,500,0.5,0,0,0,FALSE,0,FALSE,0.5,"leave-d",200,0.5,1e+05,TRUE,608
10,0,0,0,7.980154622292,5.39533998388665,10.5649692606974,11.6125677814209,7.11211652127189,16.11301904157,8.16748524953341,0,10.8610294342274,0,"chi","I",1000,500,0.5,0,0,0,FALSE,0,FALSE,0.5,"leave-d",200,0.5,1e+05,TRUE,608
10,0,0,0,7.980154622292,5.39533998388665,10.5649692606974,10.0254765469192,5.484464201381,14.5664888924575,8.16748524953341,0,9.84015442495456,0,"chi","I",1000,500,0.5,0,0,0,FALSE,0,FALSE,0.5,"leave-d",200,0.5,1e+05,TRUE,608
10,0,0,0,7.980154622292,5.39533998388665,10.5649692606974,7.27704204747105,2.82414724964251,11.7299368452996,8.16748524953341,0,6.63565572425086,0,"chi","I",1000,500,0.5,0,0,0,FALSE,0,FALSE,0.5,"leave-d",200,0.5,1e+05,TRUE,608
10,0,0,0,7.980154622292,5.39533998388665,10.5649692606974,12.3482548158083,7.53498500092255,17.1615246306941,8.16748524953341,0,11.5469505875663,0,"chi","I",1000,500,0.5,0,0,0,FALSE,0,FALSE,0.5,"leave-d",200,0.5,1e+05,TRUE,608
10,0,0,0,7.980154622292,5.39533998388665,10.5649692606974,5.98551642600792,1.60727332244749,10.3637595295684,8.16748524953341,0,5.75470863362152,0,"chi","I",1000,500,0.5,0,0,0,FALSE,0,FALSE,0.5,"leave-d",200,0.5,1e+05,TRUE,608
10,0,0,0,7.980154622292,5.39533998388665,10.5649692606974,4.97652902964125,0.438758985054905,9.5142990742276,8.16748524953341,0,5.33274482238337,0,"chi","I",1000,500,0.5,0,0,0,FALSE,0,FALSE,0.5,"leave-d",200,0.5,1e+05,TRUE,608
10,0,0,0,7.980154622292,5.39533998388665,10.5649692606974,11.6800147135457,6.62860641274968,16.7314230143417,8.16748524953341,0,11.9789039953336,0,"chi","I",1000,500,0.5,0,0,0,FALSE,0,FALSE,0.5,"leave-d",200,0.5,1e+05,TRUE,608
10,0,0,0,7.980154622292,5.39533998388665,10.5649692606974,10.2150359603101,5.33091571631083,15.0991562043094,8.16748524953341,0,9.60972879635808,0,"chi","I",1000,500,0.5,0,0,0,FALSE,0,FALSE,0.5,"leave-d",200,0.5,1e+05,TRUE,608
10,0,0,0,7.980154622292,5.39533998388665,10.5649692606974,11.5926569064442,6.7793652313352,16.4059485815533,8.16748524953341,0,11.0393422644557,0,"chi","I",1000,500,0.5,0,0,0,FALSE,0,FALSE,0.5,"leave-d",200,0.5,1e+05,TRUE,608
10,0,0,0,7.980154622292,5.39533998388665,10.5649692606974,14.2902710371535,10.0519298063733,18.5286122679338,8.16748524953341,0,14.0453178453494,0,"chi","I",1000,500,0.5,0,0,0,FALSE,0,FALSE,0.5,"leave-d",200,0.5,1e+05,TRUE,608
10,0,0,0,7.980154622292,5.39533998388665,10.5649692606974,7.15082952209564,2.06416267882443,12.2374963653669,8.16748524953341,0,6.94316566013968,0,"chi","I",1000,500,0.5,0,0,0,FALSE,0,FALSE,0.5,"leave-d",200,0.5,1e+05,TRUE,608
10,0,0,0,7.980154622292,5.39533998388665,10.5649692606974,10.5056451050664,5.65300634353338,15.3582838665994,8.16748524953341,0,10.3106371758609,0,"chi","I",1000,500,0.5,0,0,0,FALSE,0,FALSE,0.5,"leave-d",200,0.5,1e+05,TRUE,608
10,0,0,0,7.980154622292,5.39533998388665,10.5649692606974,10.7656502169593,6.4030501105966,15.128250323322,8.16748524953341,0,10.494826493215,0,"chi","I",1000,500,0.5,0,0,0,FALSE,0,FALSE,0.5,"leave-d",200,0.5,1e+05,TRUE,608
10,0,0,0,7.980154622292,5.39533998388665,10.5649692606974,13.9042882955875,9.09620276798877,18.7123738231862,8.16748524953341,0,14.393137641385,0,"chi","I",1000,500,0.5,0,0,0,FALSE,0,FALSE,0.5,"leave-d",200,0.5,1e+05,TRUE,608
10,0,0,0,7.980154622292,5.39533998388665,10.5649692606974,13.0796759844181,8.70964452920242,17.4497074396338,8.16748524953341,0,12.8293008567422,0,"chi","I",1000,500,0.5,0,0,0,FALSE,0,FALSE,0.5,"leave-d",200,0.5,1e+05,TRUE,608
10,0,0,0,7.980154622292,5.39533998388665,10.5649692606974,9.01651233692873,5.11012783119679,12.9228968426607,8.16748524953341,0,9.13490156292004,0,"chi","I",1000,500,0.5,0,0,0,FALSE,0,FALSE,0.5,"leave-d",200,0.5,1e+05,TRUE,608
10,0,0,0,7.980154622292,5.39533998388665,10.5649692606974,13.3229916062705,8.89724764906068,17.7487355634804,8.16748524953341,0,12.807011067361,0,"chi","I",1000,500,0.5,0,0,0,FALSE,0,FALSE,0.5,"leave-d",200,0.5,1e+05,TRUE,608
10,0,0,0,7.980154622292,5.39533998388665,10.5649692606974,9.39361106530174,4.54912337021998,14.2380987603835,8.16748524953341,0,9.29482808698026,0,"chi","I",1000,500,0.5,0,0,0,FALSE,0,FALSE,0.5,"leave-d",200,0.5,1e+05,TRUE,608
10,0,0,0,7.980154622292,5.39533998388665,10.5649692606974,8.24367611875932,4.15764804434962,12.329704193169,8.16748524953341,0,8.05989814775812,0,"chi","I",1000,500,0.5,0,0,0,FALSE,0,FALSE,0.5,"leave-d",200,0.5,1e+05,TRUE,608
10,0,0,0,7.980154622292,5.39533998388665,10.5649692606974,11.6849835678785,7.20217083246561,16.1677963032913,8.16748524953341,0,11.5338914095048,0,"chi","I",1000,500,0.5,0,0,0,FALSE,0,FALSE,0.5,"leave-d",200,0.5,1e+05,TRUE,608
10,0,0,0,7.980154622292,5.39533998388665,10.5649692606974,11.1880642657541,6.53393710551171,15.8421914259964,8.16748524953341,0,11.5344476122859,0,"chi","I",1000,500,0.5,0,0,0,FALSE,0,FALSE,0.5,"leave-d",200,0.5,1e+05,TRUE,608
10,0,0,0,7.980154622292,5.39533998388665,10.5649692606974,6.65227764350864,1.76251292450109,11.5420423625162,8.16748524953341,0,6.51626732717799,0,"chi","I",1000,500,0.5,0,0,0,FALSE,0,FALSE,0.5,"leave-d",200,0.5,1e+05,TRUE,608
10,0,0,0,7.980154622292,5.39533998388665,10.5649692606974,14.1043574001386,9.14930123865837,19.0594135616187,8.16748524953341,0,13.8695317329102,0,"chi","I",1000,500,0.5,0,0,0,FALSE,0,FALSE,0.5,"leave-d",200,0.5,1e+05,TRUE,608
10,0,0,0,7.980154622292,5.39533998388665,10.5649692606974,6.76379241284594,1.94595371765594,11.5816311080359,8.16748524953341,0,6.84302508823475,0,"chi","I",1000,500,0.5,0,0,0,FALSE,0,FALSE,0.5,"leave-d",200,0.5,1e+05,TRUE,608
10,0,0,0,7.980154622292,5.39533998388665,10.5649692606974,14.2209960708634,8.8683817047014,19.5736104370253,8.16748524953341,0,14.0234862802819,0,"chi","I",1000,500,0.5,0,0,0,FALSE,0,FALSE,0.5,"leave-d",200,0.5,1e+05,TRUE,608
10,0,0,0,7.980154622292,5.39533998388665,10.5649692606974,6.80628438989934,2.20960137700049,11.4029674027982,8.16748524953341,0,6.08751090581194,0,"chi","I",1000,500,0.5,0,0,0,FALSE,0,FALSE,0.5,"leave-d",200,0.5,1e+05,TRUE,608
10,0,0,0,7.980154622292,5.39533998388665,10.5649692606974,8.23368252813447,3.53165905248103,12.9357060037879,8.16748524953341,0,7.76389934973121,0,"chi","I",1000,500,0.5,0,0,0,FALSE,0,FALSE,0.5,"leave-d",200,0.5,1e+05,TRUE,608
10,0,0,0,7.980154622292,5.39533998388665,10.5649692606974,11.7217307613982,7.26594421068977,16.1775173121066,8.16748524953341,0,12.0812555451739,0,"chi","I",1000,500,0.5,0,0,0,FALSE,0,FALSE,0.5,"leave-d",200,0.5,1e+05,TRUE,608
10,0,0,0,7.980154622292,5.39533998388665,10.5649692606974,6.04724009952714,1.68153711930348,10.4129430797508,8.16748524953341,0,5.97622231012941,0,"chi","I",1000,500,0.5,0,0,0,FALSE,0,FALSE,0.5,"leave-d",200,0.5,1e+05,TRUE,608
10,0,0,0,7.980154622292,5.39533998388665,10.5649692606974,7.12697171458484,2.95378982636589,11.3001536028038,8.16748524953341,0,7.18244021978831,0,"chi","I",1000,500,0.5,0,0,0,FALSE,0,FALSE,0.5,"leave-d",200,0.5,1e+05,TRUE,608
10,0,0,0,7.980154622292,5.39533998388665,10.5649692606974,8.8021629460919,4.73079044362744,12.8735354485564,8.16748524953341,0,8.68181600344591,0,"chi","I",1000,500,0.5,0,0,0,FALSE,0,FALSE,0.5,"leave-d",200,0.5,1e+05,TRUE,608
10,0,0,0,7.980154622292,5.39533998388665,10.5649692606974,7.23761293508896,2.86142227596384,11.6138035942141,8.16748524953341,0,6.75654093483961,0,"chi","I",1000,500,0.5,0,0,0,FALSE,0,FALSE,0.5,"leave-d",200,0.5,1e+05,TRUE,608
10,0,0,0,7.980154622292,5.39533998388665,10.5649692606974,4.07568305874747,-0.628862835590425,8.78022895308537,8.16748524953341,0,3.89787179706928,0,"chi","I",1000,500,0.5,0,0,0,FALSE,0,FALSE,0.5,"leave-d",200,0.5,1e+05,TRUE,608
10,0,0,0,7.980154622292,5.39533998388665,10.5649692606974,13.3866479951884,8.71882574050664,18.0544702498701,8.16748524953341,0,13.3424929278827,0,"chi","I",1000,500,0.5,0,0,0,FALSE,0,FALSE,0.5,"leave-d",200,0.5,1e+05,TRUE,608
10,0,0,0,7.980154622292,5.39533998388665,10.5649692606974,10.1199299685511,5.71477245785585,14.5250874792464,8.16748524953341,0,9.79682041472203,0,"chi","I",1000,500,0.5,0,0,0,FALSE,0,FALSE,0.5,"leave-d",200,0.5,1e+05,TRUE,608
10,0,0,0,7.980154622292,5.39533998388665,10.5649692606974,10.2899801549738,5.64309667949045,14.9368636304571,8.16748524953341,0,9.93310339365108,0,"chi","I",1000,500,0.5,0,0,0,FALSE,0,FALSE,0.5,"leave-d",200,0.5,1e+05,TRUE,608
10,0,0,0,7.980154622292,5.39533998388665,10.5649692606974,9.80919063804435,4.77628521872824,14.8420960573605,8.16748524953341,0,9.35306528503039,0,"chi","I",1000,500,0.5,0,0,0,FALSE,0,FALSE,0.5,"leave-d",200,0.5,1e+05,TRUE,608
10,0,0,0,7.980154622292,5.39533998388665,10.5649692606974,8.06737675376777,3.426982481273,12.7077710262625,8.16748524953341,0,8.15761700919192,0,"chi","I",1000,500,0.5,0,0,0,FALSE,0,FALSE,0.5,"leave-d",200,0.5,1e+05,TRUE,608
10,0,0,0,7.980154622292,5.39533998388665,10.5649692606974,7.66277383127307,3.6305660628202,11.6949815997259,8.16748524953341,0,7.55389270742938,0,"chi","I",1000,500,0.5,0,0,0,FALSE,0,FALSE,0.5,"leave-d",200,0.5,1e+05,TRUE,608
10,0,0,0,7.980154622292,5.39533998388665,10.5649692606974,8.60880999071317,3.87875037117493,13.3388696102514,8.16748524953341,0,8.25868138982774,0,"chi","I",1000,500,0.5,0,0,0,FALSE,0,FALSE,0.5,"leave-d",200,0.5,1e+05,TRUE,608
10,0,0,0,7.980154622292,5.39533998388665,10.5649692606974,12.4813760874184,7.59890566748233,17.3638465073544,8.16748524953341,0,12.0928461738001,0,"chi","I",1000,500,0.5,0,0,0,FALSE,0,FALSE,0.5,"leave-d",200,0.5,1e+05,TRUE,608
10,0,0,0,7.980154622292,5.39533998388665,10.5649692606974,10.9881784661721,6.52392321550236,15.4524337168418,8.16748524953341,0,10.3065931291707,0,"chi","I",1000,500,0.5,0,0,0,FALSE,0,FALSE,0.5,"leave-d",200,0.5,1e+05,TRUE,608
10,0,0,0,7.980154622292,5.39533998388665,10.5649692606974,12.1895666246782,7.8016727255986,16.5774605237579,8.16748524953341,0,12.120040109616,0,"chi","I",1000,500,0.5,0,0,0,FALSE,0,FALSE,0.5,"leave-d",200,0.5,1e+05,TRUE,608
10,0,0,0,7.980154622292,5.39533998388665,10.5649692606974,16.5638836101361,11.7467839514377,21.3809832688345,8.16748524953341,0,14.5882885717305,0,"chi","I",1000,500,0.5,0,0,0,FALSE,0,FALSE,0.5,"leave-d",200,0.5,1e+05,TRUE,608
10,0,0,0,7.980154622292,5.39533998388665,10.5649692606974,6.60357582281468,2.4828492666461,10.7243023789833,8.16748524953341,0,5.90947849506758,0,"chi","I",1000,500,0.5,0,0,0,FALSE,0,FALSE,0.5,"leave-d",200,0.5,1e+05,TRUE,608
10,0,0,0,7.980154622292,5.39533998388665,10.5649692606974,4.39031065356215,-0.345173497276099,9.12579480440039,8.16748524953341,0,2.97628324477877,0,"chi","I",1000,500,0.5,0,0,0,FALSE,0,FALSE,0.5,"leave-d",200,0.5,1e+05,TRUE,608
10,0,0,0,7.980154622292,5.39533998388665,10.5649692606974,12.0199570450503,7.29766476260692,16.7422493274936,8.16748524953341,0,12.6306165057649,0,"chi","I",1000,500,0.5,0,0,0,FALSE,0,FALSE,0.5,"leave-d",200,0.5,1e+05,TRUE,608
10,0,0,0,7.980154622292,5.39533998388665,10.5649692606974,12.6189161112698,7.88596685385747,17.3518653686821,8.16748524953341,0,12.1116963435278,0,"chi","I",1000,500,0.5,0,0,0,FALSE,0,FALSE,0.5,"leave-d",200,0.5,1e+05,TRUE,608
10,0,0,0,7.980154622292,5.39533998388665,10.5649692606974,4.77649201332686,0.899291084704833,8.65369294194888,8.16748524953341,0,4.73332779432194,0,"chi","I",1000,500,0.5,0,0,0,FALSE,0,FALSE,0.5,"leave-d",200,0.5,1e+05,TRUE,608
10,0,0,0,7.980154622292,5.39533998388665,10.5649692606974,7.68044578378135,3.23294478122156,12.1279467863411,8.16748524953341,0,7.59802955948736,0,"chi","I",1000,500,0.5,0,0,0,FALSE,0,FALSE,0.5,"leave-d",200,0.5,1e+05,TRUE,608
10,0,0,0,7.980154622292,5.39533998388665,10.5649692606974,7.46785473209907,2.85169190424012,12.084017559958,8.16748524953341,0,7.42179094025051,0,"chi","I",1000,500,0.5,0,0,0,FALSE,0,FALSE,0.5,"leave-d",200,0.5,1e+05,TRUE,608
10,0,0,0,7.980154622292,5.39533998388665,10.5649692606974,8.60426444130114,3.9449067113881,13.2636221712142,8.16748524953341,0,8.39356649947831,0,"chi","I",1000,500,0.5,0,0,0,FALSE,0,FALSE,0.5,"leave-d",200,0.5,1e+05,TRUE,608
10,0,0,0,7.980154622292,5.39533998388665,10.5649692606974,10.0088254217709,5.14026896303136,14.8773818805105,8.16748524953341,0,9.64816284797243,0,"chi","I",1000,500,0.5,0,0,0,FALSE,0,FALSE,0.5,"leave-d",200,0.5,1e+05,TRUE,608
10,0,0,0,7.980154622292,5.39533998388665,10.5649692606974,14.9174999986767,9.94204331789006,19.8929566794634,8.16748524953341,0,13.6922496468348,0,"chi","I",1000,500,0.5,0,0,0,FALSE,0,FALSE,0.5,"leave-d",200,0.5,1e+05,TRUE,608
10,0,0,0,7.980154622292,5.39533998388665,10.5649692606974,11.3018839644146,6.59244002433189,16.0113279044972,8.16748524953341,0,10.9633385715653,0,"chi","I",1000,500,0.5,0,0,0,FALSE,0,FALSE,0.5,"leave-d",200,0.5,1e+05,TRUE,608
10,0,0,0,7.980154622292,5.39533998388665,10.5649692606974,8.95859275521568,4.23189848478654,13.6852870256448,8.16748524953341,0,8.57075145415921,0,"chi","I",1000,500,0.5,0,0,0,FALSE,0,FALSE,0.5,"leave-d",200,0.5,1e+05,TRUE,608
10,0,0,0,7.980154622292,5.39533998388665,10.5649692606974,5.89823732431966,1.84008762112259,9.95638702751672,8.16748524953341,0,5.46688439476426,0,"chi","I",1000,500,0.5,0,0,0,FALSE,0,FALSE,0.5,"leave-d",200,0.5,1e+05,TRUE,608
10,0,0,0,7.980154622292,5.39533998388665,10.5649692606974,9.72392992484778,5.30136923703742,14.1464906126581,8.16748524953341,0,9.39269509174118,0,"chi","I",1000,500,0.5,0,0,0,FALSE,0,FALSE,0.5,"leave-d",200,0.5,1e+05,TRUE,608
10,0,0,0,7.980154622292,5.39533998388665,10.5649692606974,13.0647252407197,8.20977426472695,17.9196762167125,8.16748524953341,0,12.8363804033177,0,"chi","I",1000,500,0.5,0,0,0,FALSE,0,FALSE,0.5,"leave-d",200,0.5,1e+05,TRUE,608
10,0,0,0,7.980154622292,5.39533998388665,10.5649692606974,11.3800986994545,7.03093092588045,15.7292664730285,8.16748524953341,0,11.6223305726779,0,"chi","I",1000,500,0.5,0,0,0,FALSE,0,FALSE,0.5,"leave-d",200,0.5,1e+05,TRUE,608
10,0,0,0,7.980154622292,5.39533998388665,10.5649692606974,6.50965131701448,2.52143175237462,10.4978708816543,8.16748524953341,0,6.71872241896001,0,"chi","I",1000,500,0.5,0,0,0,FALSE,0,FALSE,0.5,"leave-d",200,0.5,1e+05,TRUE,608
10,0,0,0,7.980154622292,5.39533998388665,10.5649692606974,11.6609978281992,6.22991061079446,17.0920850456038,8.16748524953341,0,11.4256921855689,0,"chi","I",1000,500,0.5,0,0,0,FALSE,0,FALSE,0.5,"leave-d",200,0.5,1e+05,TRUE,608
10,0,0,0,7.980154622292,5.39533998388665,10.5649692606974,7.83158078372151,3.48155761331585,12.1816039541272,8.16748524953341,0,7.65657658399567,0,"chi","I",1000,500,0.5,0,0,0,FALSE,0,FALSE,0.5,"leave-d",200,0.5,1e+05,TRUE,608
10,0,0,0,7.980154622292,5.39533998388665,10.5649692606974,8.45469829959806,4.07894705465359,12.8304495445425,8.16748524953341,0,7.72553851308738,0,"chi","I",1000,500,0.5,0,0,0,FALSE,0,FALSE,0.5,"leave-d",200,0.5,1e+05,TRUE,608
10,0,0,0,7.980154622292,5.39533998388665,10.5649692606974,13.1061482013764,8.68809196430804,17.5242044384447,8.16748524953341,0,12.5886839733545,0,"chi","I",1000,500,0.5,0,0,0,FALSE,0,FALSE,0.5,"leave-d",200,0.5,1e+05,TRUE,608
10,0,0,0,7.980154622292,5.39533998388665,10.5649692606974,10.5278077616052,6.265781679264,14.7898338439464,8.16748524953341,0,10.0715427568384,0,"chi","I",1000,500,0.5,0,0,0,FALSE,0,FALSE,0.5,"leave-d",200,0.5,1e+05,TRUE,608
10,0,0,0,7.980154622292,5.39533998388665,10.5649692606974,9.05372215025252,4.21914644147575,13.8882978590293,8.16748524953341,0,8.74626235134876,0,"chi","I",1000,500,0.5,0,0,0,FALSE,0,FALSE,0.5,"leave-d",200,0.5,1e+05,TRUE,608
10,0,0,0,7.980154622292,5.39533998388665,10.5649692606974,9.62127644436355,5.40224076632414,13.840312122403,8.16748524953341,0,9.25171840639814,0,"chi","I",1000,500,0.5,0,0,0,FALSE,0,FALSE,0.5,"leave-d",200,0.5,1e+05,TRUE,608
10,0,0,0,7.980154622292,5.39533998388665,10.5649692606974,10.0683949182669,5.23303965501274,14.903750181521,8.16748524953341,0,9.47224556960698,0,"chi","I",1000,500,0.5,0,0,0,FALSE,0,FALSE,0.5,"leave-d",200,0.5,1e+05,TRUE,608
10,0,0,0,7.980154622292,5.39533998388665,10.5649692606974,11.0007314025764,6.46828528779655,15.5331775173562,8.16748524953341,0,10.2415563271611,0,"chi","I",1000,500,0.5,0,0,0,FALSE,0,FALSE,0.5,"leave-d",200,0.5,1e+05,TRUE,608
10,0,0,0,7.980154622292,5.39533998388665,10.5649692606974,13.3333432791426,8.65194716721376,18.0147393910715,8.16748524953341,0,13.3472543489707,0,"chi","I",1000,500,0.5,0,0,0,FALSE,0,FALSE,0.5,"leave-d",200,0.5,1e+05,TRUE,608
10,0,0,0,7.980154622292,5.39533998388665,10.5649692606974,10.963088039763,6.43365482651004,15.4925212530159,8.16748524953341,0,10.7646003907181,0,"chi","I",1000,500,0.5,0,0,0,FALSE,0,FALSE,0.5,"leave-d",200,0.5,1e+05,TRUE,608
10,0,0,0,7.980154622292,5.39533998388665,10.5649692606974,8.1992372686877,3.90746970092257,12.4910048364528,8.16748524953341,0,7.86358153064242,0,"chi","I",1000,500,0.5,0,0,0,FALSE,0,FALSE,0.5,"leave-d",200,0.5,1e+05,TRUE,608
10,0,0,0,7.980154622292,5.39533998388665,10.5649692606974,11.4044839474534,6.89514360076858,15.9138242941383,8.16748524953341,0,10.5390213127938,0,"chi","I",1000,500,0.5,0,0,0,FALSE,0,FALSE,0.5,"leave-d",200,0.5,1e+05,TRUE,608
10,0,0,0,7.980154622292,5.39533998388665,10.5649692606974,12.296578068111,7.31756382223128,17.2755923139908,8.16748524953341,0,11.4835615633825,0,"chi","I",1000,500,0.5,0,0,0,FALSE,0,FALSE,0.5,"leave-d",200,0.5,1e+05,TRUE,608
10,0,0,0,7.980154622292,5.39533998388665,10.5649692606974,11.673892796696,6.71289015952167,16.6348954338703,8.16748524953341,0,11.2762387289792,0,"chi","I",1000,500,0.5,0,0,0,FALSE,0,FALSE,0.5,"leave-d",200,0.5,1e+05,TRUE,608
10,0,0,0,7.980154622292,5.39533998388665,10.5649692606974,6.46344106059013,2.08718530242782,10.8396968187524,8.16748524953341,0,6.65843814645588,0,"chi","I",1000,500,0.5,0,0,0,FALSE,0,FALSE,0.5,"leave-d",200,0.5,1e+05,TRUE,608
