"var_main_effect","var_inter_effect","cov_main_inter_effect","var_total_effect","EigenPrism_main","EigenPrism_CI1","EigenPrism_CI2","sub_EigenPrism_main","sub_EigenPrism_CI1","sub_EigenPrism_CI2","GCTA_main","GCTA_inter","sub_GCTA_main","sub_GCTA_inter","x_dist","structure","p","n","main_fixed_var","main_random_var","inter_fixed_var","inter_random_var","decor","interact","combine","pro","bs","n_sub","rho_e","emp_n","inter_std","i"
10,0,0,0,8.77212127887279,5.87288810174313,11.6713544560024,9.73969749450866,4.22611773257001,15.2532772564473,8.51541387042222,0,9.70073786457697,0,"chi","I",1000,500,0.5,0,0,0,FALSE,0,FALSE,0.5,"leave-d",200,0.5,1e+05,TRUE,390
10,0,0,0,8.77212127887279,5.87288810174313,11.6713544560024,12.4414699095082,7.15968914121554,17.7232506778008,8.51541387042222,0,12.8493170095339,0,"chi","I",1000,500,0.5,0,0,0,FALSE,0,FALSE,0.5,"leave-d",200,0.5,1e+05,TRUE,390
10,0,0,0,8.77212127887279,5.87288810174313,11.6713544560024,5.73132852792815,1.04816719948178,10.4144898563745,8.51541387042222,0,5.66709920370679,0,"chi","I",1000,500,0.5,0,0,0,FALSE,0,FALSE,0.5,"leave-d",200,0.5,1e+05,TRUE,390
10,0,0,0,8.77212127887279,5.87288810174313,11.6713544560024,8.39717650327832,3.01352059607711,13.7808324104795,8.51541387042222,0,7.40857522010448,0,"chi","I",1000,500,0.5,0,0,0,FALSE,0,FALSE,0.5,"leave-d",200,0.5,1e+05,TRUE,390
10,0,0,0,8.77212127887279,5.87288810174313,11.6713544560024,5.42665789206526,0.530879237240479,10.32243654689,8.51541387042222,0,5.15005758767005,0,"chi","I",1000,500,0.5,0,0,0,FALSE,0,FALSE,0.5,"leave-d",200,0.5,1e+05,TRUE,390
10,0,0,0,8.77212127887279,5.87288810174313,11.6713544560024,4.55081017373287,0.027357494099622,9.07426285336612,8.51541387042222,0,4.47577711981282,0,"chi","I",1000,500,0.5,0,0,0,FALSE,0,FALSE,0.5,"leave-d",200,0.5,1e+05,TRUE,390
10,0,0,0,8.77212127887279,5.87288810174313,11.6713544560024,5.52095956942881,-0.0512709273966943,11.0931900662543,8.51541387042222,0,4.92786455785265,0,"chi","I",1000,500,0.5,0,0,0,FALSE,0,FALSE,0.5,"leave-d",200,0.5,1e+05,TRUE,390
10,0,0,0,8.77212127887279,5.87288810174313,11.6713544560024,6.57829206478641,1.58866759178641,11.5679165377864,8.51541387042222,0,6.53306598422392,0,"chi","I",1000,500,0.5,0,0,0,FALSE,0,FALSE,0.5,"leave-d",200,0.5,1e+05,TRUE,390
10,0,0,0,8.77212127887279,5.87288810174313,11.6713544560024,12.4015592429959,7.3363610269412,17.4667574590505,8.51541387042222,0,12.6002303181548,0,"chi","I",1000,500,0.5,0,0,0,FALSE,0,FALSE,0.5,"leave-d",200,0.5,1e+05,TRUE,390
10,0,0,0,8.77212127887279,5.87288810174313,11.6713544560024,7.77764202594655,2.80918205756288,12.7461019943302,8.51541387042222,0,7.81196612811689,0,"chi","I",1000,500,0.5,0,0,0,FALSE,0,FALSE,0.5,"leave-d",200,0.5,1e+05,TRUE,390
10,0,0,0,8.77212127887279,5.87288810174313,11.6713544560024,7.24970129792672,1.92204461929726,12.5773579765562,8.51541387042222,0,6.21431745753108,0,"chi","I",1000,500,0.5,0,0,0,FALSE,0,FALSE,0.5,"leave-d",200,0.5,1e+05,TRUE,390
10,0,0,0,8.77212127887279,5.87288810174313,11.6713544560024,8.94445727183012,3.4759184400404,14.4129961036198,8.51541387042222,0,8.66376977042787,0,"chi","I",1000,500,0.5,0,0,0,FALSE,0,FALSE,0.5,"leave-d",200,0.5,1e+05,TRUE,390
10,0,0,0,8.77212127887279,5.87288810174313,11.6713544560024,8.78645854999368,3.68081307971816,13.8921040202692,8.51541387042222,0,8.47213911483726,0,"chi","I",1000,500,0.5,0,0,0,FALSE,0,FALSE,0.5,"leave-d",200,0.5,1e+05,TRUE,390
10,0,0,0,8.77212127887279,5.87288810174313,11.6713544560024,6.41334777506313,1.08472640312839,11.7419691469979,8.51541387042222,0,4.80874028694543,0,"chi","I",1000,500,0.5,0,0,0,FALSE,0,FALSE,0.5,"leave-d",200,0.5,1e+05,TRUE,390
10,0,0,0,8.77212127887279,5.87288810174313,11.6713544560024,15.7518520095179,10.1055977340707,21.3981062849651,8.51541387042222,0,15.4537089603835,0,"chi","I",1000,500,0.5,0,0,0,FALSE,0,FALSE,0.5,"leave-d",200,0.5,1e+05,TRUE,390
10,0,0,0,8.77212127887279,5.87288810174313,11.6713544560024,13.0808090786252,7.6626186996874,18.498999457563,8.51541387042222,0,12.6745606029532,0,"chi","I",1000,500,0.5,0,0,0,FALSE,0,FALSE,0.5,"leave-d",200,0.5,1e+05,TRUE,390
10,0,0,0,8.77212127887279,5.87288810174313,11.6713544560024,8.51107915592893,3.08698596691958,13.9351723449383,8.51541387042222,0,8.27284951983941,0,"chi","I",1000,500,0.5,0,0,0,FALSE,0,FALSE,0.5,"leave-d",200,0.5,1e+05,TRUE,390
10,0,0,0,8.77212127887279,5.87288810174313,11.6713544560024,7.91570093602337,2.79562969545375,13.035772176593,8.51541387042222,0,7.58389821356456,0,"chi","I",1000,500,0.5,0,0,0,FALSE,0,FALSE,0.5,"leave-d",200,0.5,1e+05,TRUE,390
10,0,0,0,8.77212127887279,5.87288810174313,11.6713544560024,14.7272950632572,9.81641415670263,19.6381759698118,8.51541387042222,0,14.2263269761537,0,"chi","I",1000,500,0.5,0,0,0,FALSE,0,FALSE,0.5,"leave-d",200,0.5,1e+05,TRUE,390
10,0,0,0,8.77212127887279,5.87288810174313,11.6713544560024,5.43903798611005,0.352127192614526,10.5259487796056,8.51541387042222,0,5.5306165367951,0,"chi","I",1000,500,0.5,0,0,0,FALSE,0,FALSE,0.5,"leave-d",200,0.5,1e+05,TRUE,390
10,0,0,0,8.77212127887279,5.87288810174313,11.6713544560024,12.4967924961913,7.83181628481816,17.1617687075645,8.51541387042222,0,13.6190044439493,0,"chi","I",1000,500,0.5,0,0,0,FALSE,0,FALSE,0.5,"leave-d",200,0.5,1e+05,TRUE,390
10,0,0,0,8.77212127887279,5.87288810174313,11.6713544560024,6.7860396227689,2.0819790234097,11.4901002221281,8.51541387042222,0,6.08874547545291,0,"chi","I",1000,500,0.5,0,0,0,FALSE,0,FALSE,0.5,"leave-d",200,0.5,1e+05,TRUE,390
10,0,0,0,8.77212127887279,5.87288810174313,11.6713544560024,8.52477092254333,3.4500881137709,13.5994537313158,8.51541387042222,0,8.19431349572994,0,"chi","I",1000,500,0.5,0,0,0,FALSE,0,FALSE,0.5,"leave-d",200,0.5,1e+05,TRUE,390
10,0,0,0,8.77212127887279,5.87288810174313,11.6713544560024,15.41277412847,10.2938766154789,20.531671641461,8.51541387042222,0,13.7797461771153,0,"chi","I",1000,500,0.5,0,0,0,FALSE,0,FALSE,0.5,"leave-d",200,0.5,1e+05,TRUE,390
10,0,0,0,8.77212127887279,5.87288810174313,11.6713544560024,6.14381346717669,1.72328240256549,10.5643445317879,8.51541387042222,0,5.89907024413659,0,"chi","I",1000,500,0.5,0,0,0,FALSE,0,FALSE,0.5,"leave-d",200,0.5,1e+05,TRUE,390
10,0,0,0,8.77212127887279,5.87288810174313,11.6713544560024,6.64807212076832,1.31542976905402,11.9807144724826,8.51541387042222,0,6.14154406088668,0,"chi","I",1000,500,0.5,0,0,0,FALSE,0,FALSE,0.5,"leave-d",200,0.5,1e+05,TRUE,390
10,0,0,0,8.77212127887279,5.87288810174313,11.6713544560024,5.64410633835389,-0.199948914275413,11.4881615909832,8.51541387042222,0,5.52403562835324,0,"chi","I",1000,500,0.5,0,0,0,FALSE,0,FALSE,0.5,"leave-d",200,0.5,1e+05,TRUE,390
10,0,0,0,8.77212127887279,5.87288810174313,11.6713544560024,7.71750006926123,2.75428591918209,12.6807142193404,8.51541387042222,0,7.79815294493953,0,"chi","I",1000,500,0.5,0,0,0,FALSE,0,FALSE,0.5,"leave-d",200,0.5,1e+05,TRUE,390
10,0,0,0,8.77212127887279,5.87288810174313,11.6713544560024,9.04343711530355,4.41619322715146,13.6706810034556,8.51541387042222,0,8.86872796755016,0,"chi","I",1000,500,0.5,0,0,0,FALSE,0,FALSE,0.5,"leave-d",200,0.5,1e+05,TRUE,390
10,0,0,0,8.77212127887279,5.87288810174313,11.6713544560024,8.17041853072523,2.76369528917128,13.5771417722792,8.51541387042222,0,7.52967342673753,0,"chi","I",1000,500,0.5,0,0,0,FALSE,0,FALSE,0.5,"leave-d",200,0.5,1e+05,TRUE,390
10,0,0,0,8.77212127887279,5.87288810174313,11.6713544560024,8.00551229058298,2.78106490220936,13.2299596789566,8.51541387042222,0,7.65411744990993,0,"chi","I",1000,500,0.5,0,0,0,FALSE,0,FALSE,0.5,"leave-d",200,0.5,1e+05,TRUE,390
10,0,0,0,8.77212127887279,5.87288810174313,11.6713544560024,6.54118168571694,1.67325147841131,11.4091118930226,8.51541387042222,0,5.32536362490958,0,"chi","I",1000,500,0.5,0,0,0,FALSE,0,FALSE,0.5,"leave-d",200,0.5,1e+05,TRUE,390
10,0,0,0,8.77212127887279,5.87288810174313,11.6713544560024,12.0521913143442,6.75160778513672,17.3527748435517,8.51541387042222,0,12.2408391104535,0,"chi","I",1000,500,0.5,0,0,0,FALSE,0,FALSE,0.5,"leave-d",200,0.5,1e+05,TRUE,390
10,0,0,0,8.77212127887279,5.87288810174313,11.6713544560024,14.5421024346253,9.1817710753395,19.902433793911,8.51541387042222,0,13.798911953203,0,"chi","I",1000,500,0.5,0,0,0,FALSE,0,FALSE,0.5,"leave-d",200,0.5,1e+05,TRUE,390
10,0,0,0,8.77212127887279,5.87288810174313,11.6713544560024,10.1129737626794,5.25657364247409,14.9693738828847,8.51541387042222,0,9.9897679737956,0,"chi","I",1000,500,0.5,0,0,0,FALSE,0,FALSE,0.5,"leave-d",200,0.5,1e+05,TRUE,390
10,0,0,0,8.77212127887279,5.87288810174313,11.6713544560024,11.117385692067,5.8036504614318,16.4311209227023,8.51541387042222,0,10.9852202849461,0,"chi","I",1000,500,0.5,0,0,0,FALSE,0,FALSE,0.5,"leave-d",200,0.5,1e+05,TRUE,390
10,0,0,0,8.77212127887279,5.87288810174313,11.6713544560024,11.7348585530556,6.18803254605153,17.2816845600598,8.51541387042222,0,11.1134491643853,0,"chi","I",1000,500,0.5,0,0,0,FALSE,0,FALSE,0.5,"leave-d",200,0.5,1e+05,TRUE,390
10,0,0,0,8.77212127887279,5.87288810174313,11.6713544560024,10.5794123599866,5.64182940902713,15.5169953109461,8.51541387042222,0,10.2339096381264,0,"chi","I",1000,500,0.5,0,0,0,FALSE,0,FALSE,0.5,"leave-d",200,0.5,1e+05,TRUE,390
10,0,0,0,8.77212127887279,5.87288810174313,11.6713544560024,1.56273059133619,-2.95798141545264,6.08344259812502,8.51541387042222,0,2.49879847245201,0,"chi","I",1000,500,0.5,0,0,0,FALSE,0,FALSE,0.5,"leave-d",200,0.5,1e+05,TRUE,390
10,0,0,0,8.77212127887279,5.87288810174313,11.6713544560024,15.5820227762046,9.8425349402394,21.3215106121697,8.51541387042222,0,17.6348703640673,0,"chi","I",1000,500,0.5,0,0,0,FALSE,0,FALSE,0.5,"leave-d",200,0.5,1e+05,TRUE,390
10,0,0,0,8.77212127887279,5.87288810174313,11.6713544560024,7.54075965440665,2.33212659675166,12.7493927120616,8.51541387042222,0,7.5606618254186,0,"chi","I",1000,500,0.5,0,0,0,FALSE,0,FALSE,0.5,"leave-d",200,0.5,1e+05,TRUE,390
10,0,0,0,8.77212127887279,5.87288810174313,11.6713544560024,10.1198955963726,4.79513867421263,15.4446525185325,8.51541387042222,0,9.72239375799395,0,"chi","I",1000,500,0.5,0,0,0,FALSE,0,FALSE,0.5,"leave-d",200,0.5,1e+05,TRUE,390
10,0,0,0,8.77212127887279,5.87288810174313,11.6713544560024,4.92599824332587,0.0740909694252991,9.77790551722643,8.51541387042222,0,5.94922754454724,0,"chi","I",1000,500,0.5,0,0,0,FALSE,0,FALSE,0.5,"leave-d",200,0.5,1e+05,TRUE,390
10,0,0,0,8.77212127887279,5.87288810174313,11.6713544560024,14.9134691115163,9.44705231892349,20.3798859041092,8.51541387042222,0,16.5095240848052,0,"chi","I",1000,500,0.5,0,0,0,FALSE,0,FALSE,0.5,"leave-d",200,0.5,1e+05,TRUE,390
10,0,0,0,8.77212127887279,5.87288810174313,11.6713544560024,9.61151215826662,4.61630532838034,14.6067189881529,8.51541387042222,0,9.21756722511816,0,"chi","I",1000,500,0.5,0,0,0,FALSE,0,FALSE,0.5,"leave-d",200,0.5,1e+05,TRUE,390
10,0,0,0,8.77212127887279,5.87288810174313,11.6713544560024,10.152298910741,5.1396441964333,15.1649536250486,8.51541387042222,0,9.58498244914044,0,"chi","I",1000,500,0.5,0,0,0,FALSE,0,FALSE,0.5,"leave-d",200,0.5,1e+05,TRUE,390
10,0,0,0,8.77212127887279,5.87288810174313,11.6713544560024,7.65142981132836,2.49385848790512,12.8090011347516,8.51541387042222,0,7.8699960263103,0,"chi","I",1000,500,0.5,0,0,0,FALSE,0,FALSE,0.5,"leave-d",200,0.5,1e+05,TRUE,390
10,0,0,0,8.77212127887279,5.87288810174313,11.6713544560024,3.55929006742797,-0.929878073253664,8.0484582081096,8.51541387042222,0,2.99928360732026,0,"chi","I",1000,500,0.5,0,0,0,FALSE,0,FALSE,0.5,"leave-d",200,0.5,1e+05,TRUE,390
10,0,0,0,8.77212127887279,5.87288810174313,11.6713544560024,13.4666637884123,7.86420790363555,19.0691196731891,8.51541387042222,0,12.8428649546966,0,"chi","I",1000,500,0.5,0,0,0,FALSE,0,FALSE,0.5,"leave-d",200,0.5,1e+05,TRUE,390
10,0,0,0,8.77212127887279,5.87288810174313,11.6713544560024,9.94831307228614,4.62771540666145,15.2689107379108,8.51541387042222,0,9.48166445611589,0,"chi","I",1000,500,0.5,0,0,0,FALSE,0,FALSE,0.5,"leave-d",200,0.5,1e+05,TRUE,390
10,0,0,0,8.77212127887279,5.87288810174313,11.6713544560024,2.62370649288003,-2.2564446729556,7.50385765871566,8.51541387042222,0,2.42574961684978,0,"chi","I",1000,500,0.5,0,0,0,FALSE,0,FALSE,0.5,"leave-d",200,0.5,1e+05,TRUE,390
10,0,0,0,8.77212127887279,5.87288810174313,11.6713544560024,7.68115276800791,2.46515005387256,12.8971554821433,8.51541387042222,0,7.3879130652078,0,"chi","I",1000,500,0.5,0,0,0,FALSE,0,FALSE,0.5,"leave-d",200,0.5,1e+05,TRUE,390
10,0,0,0,8.77212127887279,5.87288810174313,11.6713544560024,7.03629630418464,2.02883946365623,12.043753144713,8.51541387042222,0,7.0149063624371,0,"chi","I",1000,500,0.5,0,0,0,FALSE,0,FALSE,0.5,"leave-d",200,0.5,1e+05,TRUE,390
10,0,0,0,8.77212127887279,5.87288810174313,11.6713544560024,11.9128490917897,6.92710339804101,16.8985947855384,8.51541387042222,0,12.357721246502,0,"chi","I",1000,500,0.5,0,0,0,FALSE,0,FALSE,0.5,"leave-d",200,0.5,1e+05,TRUE,390
10,0,0,0,8.77212127887279,5.87288810174313,11.6713544560024,5.51396574828442,-0.15094435230718,11.178875848876,8.51541387042222,0,3.84225458085218,0,"chi","I",1000,500,0.5,0,0,0,FALSE,0,FALSE,0.5,"leave-d",200,0.5,1e+05,TRUE,390
10,0,0,0,8.77212127887279,5.87288810174313,11.6713544560024,9.48969267738869,4.48316562781282,14.4962197269646,8.51541387042222,0,9.31449578374932,0,"chi","I",1000,500,0.5,0,0,0,FALSE,0,FALSE,0.5,"leave-d",200,0.5,1e+05,TRUE,390
10,0,0,0,8.77212127887279,5.87288810174313,11.6713544560024,2.65210077883371,-2.45121364562318,7.7554152032906,8.51541387042222,0,3.17106391248215,0,"chi","I",1000,500,0.5,0,0,0,FALSE,0,FALSE,0.5,"leave-d",200,0.5,1e+05,TRUE,390
10,0,0,0,8.77212127887279,5.87288810174313,11.6713544560024,11.3325310314621,5.81546176162598,16.8496003012982,8.51541387042222,0,11.3483524679689,0,"chi","I",1000,500,0.5,0,0,0,FALSE,0,FALSE,0.5,"leave-d",200,0.5,1e+05,TRUE,390
10,0,0,0,8.77212127887279,5.87288810174313,11.6713544560024,9.59403774458767,4.40798884535727,14.7800866438181,8.51541387042222,0,9.34864842976128,0,"chi","I",1000,500,0.5,0,0,0,FALSE,0,FALSE,0.5,"leave-d",200,0.5,1e+05,TRUE,390
10,0,0,0,8.77212127887279,5.87288810174313,11.6713544560024,13.4360538267478,7.8444333608942,19.0276742926015,8.51541387042222,0,13.2908903472563,0,"chi","I",1000,500,0.5,0,0,0,FALSE,0,FALSE,0.5,"leave-d",200,0.5,1e+05,TRUE,390
10,0,0,0,8.77212127887279,5.87288810174313,11.6713544560024,14.6562773115816,8.8689403301466,20.4436142930167,8.51541387042222,0,14.132524291527,0,"chi","I",1000,500,0.5,0,0,0,FALSE,0,FALSE,0.5,"leave-d",200,0.5,1e+05,TRUE,390
10,0,0,0,8.77212127887279,5.87288810174313,11.6713544560024,8.81081702231713,3.73214127353655,13.8894927710977,8.51541387042222,0,8.24469312580487,0,"chi","I",1000,500,0.5,0,0,0,FALSE,0,FALSE,0.5,"leave-d",200,0.5,1e+05,TRUE,390
10,0,0,0,8.77212127887279,5.87288810174313,11.6713544560024,7.76746038152375,3.16296943428588,12.3719513287616,8.51541387042222,0,6.17341992771332,0,"chi","I",1000,500,0.5,0,0,0,FALSE,0,FALSE,0.5,"leave-d",200,0.5,1e+05,TRUE,390
10,0,0,0,8.77212127887279,5.87288810174313,11.6713544560024,9.35798587309004,4.59468672806018,14.1212850181199,8.51541387042222,0,8.97205312892477,0,"chi","I",1000,500,0.5,0,0,0,FALSE,0,FALSE,0.5,"leave-d",200,0.5,1e+05,TRUE,390
10,0,0,0,8.77212127887279,5.87288810174313,11.6713544560024,14.9111098936671,9.75446644306741,20.0677533442669,8.51541387042222,0,16.7383629485876,0,"chi","I",1000,500,0.5,0,0,0,FALSE,0,FALSE,0.5,"leave-d",200,0.5,1e+05,TRUE,390
10,0,0,0,8.77212127887279,5.87288810174313,11.6713544560024,11.6706069747003,6.53271754289349,16.8084964065071,8.51541387042222,0,11.3780272450406,0,"chi","I",1000,500,0.5,0,0,0,FALSE,0,FALSE,0.5,"leave-d",200,0.5,1e+05,TRUE,390
10,0,0,0,8.77212127887279,5.87288810174313,11.6713544560024,7.11310018529908,1.3428455991977,12.8833547714005,8.51541387042222,0,5.08626203365067,0,"chi","I",1000,500,0.5,0,0,0,FALSE,0,FALSE,0.5,"leave-d",200,0.5,1e+05,TRUE,390
10,0,0,0,8.77212127887279,5.87288810174313,11.6713544560024,10.2781621318919,4.8836175389413,15.6727067248424,8.51541387042222,0,9.94005099971352,0,"chi","I",1000,500,0.5,0,0,0,FALSE,0,FALSE,0.5,"leave-d",200,0.5,1e+05,TRUE,390
10,0,0,0,8.77212127887279,5.87288810174313,11.6713544560024,2.23173484421129,-2.36954526506942,6.83301495349199,8.51541387042222,0,3.30292644003166,0,"chi","I",1000,500,0.5,0,0,0,FALSE,0,FALSE,0.5,"leave-d",200,0.5,1e+05,TRUE,390
10,0,0,0,8.77212127887279,5.87288810174313,11.6713544560024,4.06022459061724,-0.890686973152291,9.01113615438677,8.51541387042222,0,4.52929087364943,0,"chi","I",1000,500,0.5,0,0,0,FALSE,0,FALSE,0.5,"leave-d",200,0.5,1e+05,TRUE,390
10,0,0,0,8.77212127887279,5.87288810174313,11.6713544560024,7.86817267385496,2.21233728631315,13.5240080613968,8.51541387042222,0,7.94620823601021,0,"chi","I",1000,500,0.5,0,0,0,FALSE,0,FALSE,0.5,"leave-d",200,0.5,1e+05,TRUE,390
10,0,0,0,8.77212127887279,5.87288810174313,11.6713544560024,8.03405438446278,3.32300674162979,12.7451020272958,8.51541387042222,0,7.8035062065089,0,"chi","I",1000,500,0.5,0,0,0,FALSE,0,FALSE,0.5,"leave-d",200,0.5,1e+05,TRUE,390
10,0,0,0,8.77212127887279,5.87288810174313,11.6713544560024,6.42650932042047,1.01738792662233,11.8356307142186,8.51541387042222,0,6.92423461307383,0,"chi","I",1000,500,0.5,0,0,0,FALSE,0,FALSE,0.5,"leave-d",200,0.5,1e+05,TRUE,390
10,0,0,0,8.77212127887279,5.87288810174313,11.6713544560024,14.3250392885792,9.20784428717445,19.4422342899839,8.51541387042222,0,13.8796363686941,0,"chi","I",1000,500,0.5,0,0,0,FALSE,0,FALSE,0.5,"leave-d",200,0.5,1e+05,TRUE,390
10,0,0,0,8.77212127887279,5.87288810174313,11.6713544560024,11.7648508695482,6.51387708169941,17.0158246573971,8.51541387042222,0,11.675915372427,0,"chi","I",1000,500,0.5,0,0,0,FALSE,0,FALSE,0.5,"leave-d",200,0.5,1e+05,TRUE,390
10,0,0,0,8.77212127887279,5.87288810174313,11.6713544560024,9.67370907567359,4.65577514836827,14.6916430029789,8.51541387042222,0,8.89416935991475,0,"chi","I",1000,500,0.5,0,0,0,FALSE,0,FALSE,0.5,"leave-d",200,0.5,1e+05,TRUE,390
10,0,0,0,8.77212127887279,5.87288810174313,11.6713544560024,8.3248653917657,3.10778707687125,13.5419437066601,8.51541387042222,0,8.49952291991946,0,"chi","I",1000,500,0.5,0,0,0,FALSE,0,FALSE,0.5,"leave-d",200,0.5,1e+05,TRUE,390
10,0,0,0,8.77212127887279,5.87288810174313,11.6713544560024,7.27601874103533,2.42156398291653,12.1304734991541,8.51541387042222,0,7.26308001870359,0,"chi","I",1000,500,0.5,0,0,0,FALSE,0,FALSE,0.5,"leave-d",200,0.5,1e+05,TRUE,390
10,0,0,0,8.77212127887279,5.87288810174313,11.6713544560024,6.69892616051746,1.78691110405505,11.6109412169799,8.51541387042222,0,4.84089650890198,0,"chi","I",1000,500,0.5,0,0,0,FALSE,0,FALSE,0.5,"leave-d",200,0.5,1e+05,TRUE,390
10,0,0,0,8.77212127887279,5.87288810174313,11.6713544560024,9.5875680996766,4.12555612846364,15.0495800708896,8.51541387042222,0,9.3704319548603,0,"chi","I",1000,500,0.5,0,0,0,FALSE,0,FALSE,0.5,"leave-d",200,0.5,1e+05,TRUE,390
10,0,0,0,8.77212127887279,5.87288810174313,11.6713544560024,10.8650867518631,5.64136791392369,16.0888055898024,8.51541387042222,0,10.6252061890528,0,"chi","I",1000,500,0.5,0,0,0,FALSE,0,FALSE,0.5,"leave-d",200,0.5,1e+05,TRUE,390
10,0,0,0,8.77212127887279,5.87288810174313,11.6713544560024,3.37851415158484,-1.602497879624,8.35952618279368,8.51541387042222,0,3.95257637214316,0,"chi","I",1000,500,0.5,0,0,0,FALSE,0,FALSE,0.5,"leave-d",200,0.5,1e+05,TRUE,390
10,0,0,0,8.77212127887279,5.87288810174313,11.6713544560024,6.53343060797929,1.42681145741144,11.6400497585471,8.51541387042222,0,5.50200093051718,0,"chi","I",1000,500,0.5,0,0,0,FALSE,0,FALSE,0.5,"leave-d",200,0.5,1e+05,TRUE,390
10,0,0,0,8.77212127887279,5.87288810174313,11.6713544560024,8.08174277331831,3.60375971203963,12.559725834597,8.51541387042222,0,7.34173862622402,0,"chi","I",1000,500,0.5,0,0,0,FALSE,0,FALSE,0.5,"leave-d",200,0.5,1e+05,TRUE,390
10,0,0,0,8.77212127887279,5.87288810174313,11.6713544560024,7.02595558819593,1.79306014813037,12.2588510282615,8.51541387042222,0,6.30063757884881,0,"chi","I",1000,500,0.5,0,0,0,FALSE,0,FALSE,0.5,"leave-d",200,0.5,1e+05,TRUE,390
10,0,0,0,8.77212127887279,5.87288810174313,11.6713544560024,6.78117217744242,1.38871095309514,12.1736334017897,8.51541387042222,0,4.86805295195384,0,"chi","I",1000,500,0.5,0,0,0,FALSE,0,FALSE,0.5,"leave-d",200,0.5,1e+05,TRUE,390
10,0,0,0,8.77212127887279,5.87288810174313,11.6713544560024,2.60251149193999,-2.54848167245772,7.75350465633771,8.51541387042222,0,2.19656449745786,0,"chi","I",1000,500,0.5,0,0,0,FALSE,0,FALSE,0.5,"leave-d",200,0.5,1e+05,TRUE,390
10,0,0,0,8.77212127887279,5.87288810174313,11.6713544560024,7.88550660199159,2.18462096660911,13.5863922373741,8.51541387042222,0,6.84092621482336,0,"chi","I",1000,500,0.5,0,0,0,FALSE,0,FALSE,0.5,"leave-d",200,0.5,1e+05,TRUE,390
10,0,0,0,8.77212127887279,5.87288810174313,11.6713544560024,8.15944126826353,2.60732127719372,13.7115612593333,8.51541387042222,0,7.84176185386107,0,"chi","I",1000,500,0.5,0,0,0,FALSE,0,FALSE,0.5,"leave-d",200,0.5,1e+05,TRUE,390
10,0,0,0,8.77212127887279,5.87288810174313,11.6713544560024,10.6111936813078,5.75091068312455,15.4714766794911,8.51541387042222,0,10.4149611132841,0,"chi","I",1000,500,0.5,0,0,0,FALSE,0,FALSE,0.5,"leave-d",200,0.5,1e+05,TRUE,390
10,0,0,0,8.77212127887279,5.87288810174313,11.6713544560024,6.18800032435875,1.33799490003566,11.0380057486818,8.51541387042222,0,6.29987445165285,0,"chi","I",1000,500,0.5,0,0,0,FALSE,0,FALSE,0.5,"leave-d",200,0.5,1e+05,TRUE,390
10,0,0,0,8.77212127887279,5.87288810174313,11.6713544560024,9.55511584426099,4.01168842718638,15.0985432613356,8.51541387042222,0,9.06352485028437,0,"chi","I",1000,500,0.5,0,0,0,FALSE,0,FALSE,0.5,"leave-d",200,0.5,1e+05,TRUE,390
10,0,0,0,8.77212127887279,5.87288810174313,11.6713544560024,3.24472388905595,-1.89434559364818,8.38379337176008,8.51541387042222,0,3.10317608013516,0,"chi","I",1000,500,0.5,0,0,0,FALSE,0,FALSE,0.5,"leave-d",200,0.5,1e+05,TRUE,390
10,0,0,0,8.77212127887279,5.87288810174313,11.6713544560024,6.43223271368639,1.13855125038625,11.7259141769865,8.51541387042222,0,5.61309558252325,0,"chi","I",1000,500,0.5,0,0,0,FALSE,0,FALSE,0.5,"leave-d",200,0.5,1e+05,TRUE,390
10,0,0,0,8.77212127887279,5.87288810174313,11.6713544560024,15.665279466682,9.97248356871985,21.3580753646441,8.51541387042222,0,16.3686700305575,0,"chi","I",1000,500,0.5,0,0,0,FALSE,0,FALSE,0.5,"leave-d",200,0.5,1e+05,TRUE,390
10,0,0,0,8.77212127887279,5.87288810174313,11.6713544560024,9.03371419646553,4.58693431400302,13.480494078928,8.51541387042222,0,8.91703529928947,0,"chi","I",1000,500,0.5,0,0,0,FALSE,0,FALSE,0.5,"leave-d",200,0.5,1e+05,TRUE,390
10,0,0,0,8.77212127887279,5.87288810174313,11.6713544560024,6.34357757484371,1.1168731806497,11.5702819690377,8.51541387042222,0,6.47478024599408,0,"chi","I",1000,500,0.5,0,0,0,FALSE,0,FALSE,0.5,"leave-d",200,0.5,1e+05,TRUE,390
10,0,0,0,8.77212127887279,5.87288810174313,11.6713544560024,12.4612609194286,7.01483599071782,17.9076858481393,8.51541387042222,0,12.2174934365232,0,"chi","I",1000,500,0.5,0,0,0,FALSE,0,FALSE,0.5,"leave-d",200,0.5,1e+05,TRUE,390
10,0,0,0,8.77212127887279,5.87288810174313,11.6713544560024,6.49369942853892,1.98927098265668,10.9981278744212,8.51541387042222,0,6.33431077856717,0,"chi","I",1000,500,0.5,0,0,0,FALSE,0,FALSE,0.5,"leave-d",200,0.5,1e+05,TRUE,390
10,0,0,0,8.77212127887279,5.87288810174313,11.6713544560024,9.7893647539115,4.51163778190398,15.067091725919,8.51541387042222,0,9.72017341988955,0,"chi","I",1000,500,0.5,0,0,0,FALSE,0,FALSE,0.5,"leave-d",200,0.5,1e+05,TRUE,390
10,0,0,0,8.77212127887279,5.87288810174313,11.6713544560024,13.1146346984681,7.56290624788252,18.6663631490538,8.51541387042222,0,12.3722612860131,0,"chi","I",1000,500,0.5,0,0,0,FALSE,0,FALSE,0.5,"leave-d",200,0.5,1e+05,TRUE,390
10,0,0,0,8.77212127887279,5.87288810174313,11.6713544560024,12.593140631572,7.57492412239586,17.6113571407481,8.51541387042222,0,12.4866497681922,0,"chi","I",1000,500,0.5,0,0,0,FALSE,0,FALSE,0.5,"leave-d",200,0.5,1e+05,TRUE,390
10,0,0,0,8.77212127887279,5.87288810174313,11.6713544560024,8.75030584160175,3.49046498476135,14.0101466984421,8.51541387042222,0,8.48194650388478,0,"chi","I",1000,500,0.5,0,0,0,FALSE,0,FALSE,0.5,"leave-d",200,0.5,1e+05,TRUE,390
10,0,0,0,8.77212127887279,5.87288810174313,11.6713544560024,9.25063556731715,3.73330102705596,14.7679701075783,8.51541387042222,0,9.16345302459999,0,"chi","I",1000,500,0.5,0,0,0,FALSE,0,FALSE,0.5,"leave-d",200,0.5,1e+05,TRUE,390
10,0,0,0,8.77212127887279,5.87288810174313,11.6713544560024,13.7231585819646,8.22475737592925,19.221559788,8.51541387042222,0,13.3456310652747,0,"chi","I",1000,500,0.5,0,0,0,FALSE,0,FALSE,0.5,"leave-d",200,0.5,1e+05,TRUE,390
10,0,0,0,8.77212127887279,5.87288810174313,11.6713544560024,11.3151813096629,6.36013864927276,16.270223970053,8.51541387042222,0,10.9974581706481,0,"chi","I",1000,500,0.5,0,0,0,FALSE,0,FALSE,0.5,"leave-d",200,0.5,1e+05,TRUE,390
10,0,0,0,8.77212127887279,5.87288810174313,11.6713544560024,1.11033245194801,-3.38738610938838,5.6080510132844,8.51541387042222,0,1.01863182369419,0,"chi","I",1000,500,0.5,0,0,0,FALSE,0,FALSE,0.5,"leave-d",200,0.5,1e+05,TRUE,390
10,0,0,0,8.77212127887279,5.87288810174313,11.6713544560024,7.14684750430476,2.25459841082858,12.0390965977809,8.51541387042222,0,6.20471688699586,0,"chi","I",1000,500,0.5,0,0,0,FALSE,0,FALSE,0.5,"leave-d",200,0.5,1e+05,TRUE,390
10,0,0,0,8.77212127887279,5.87288810174313,11.6713544560024,4.18962980226132,-1.33911811199464,9.71837771651728,8.51541387042222,0,4.48097738106103,0,"chi","I",1000,500,0.5,0,0,0,FALSE,0,FALSE,0.5,"leave-d",200,0.5,1e+05,TRUE,390
10,0,0,0,8.77212127887279,5.87288810174313,11.6713544560024,6.41053847205902,1.40103996899993,11.4200369751181,8.51541387042222,0,6.44282304639455,0,"chi","I",1000,500,0.5,0,0,0,FALSE,0,FALSE,0.5,"leave-d",200,0.5,1e+05,TRUE,390
10,0,0,0,8.77212127887279,5.87288810174313,11.6713544560024,10.9553119310245,5.17933204969088,16.7312918123582,8.51541387042222,0,10.7059717140057,0,"chi","I",1000,500,0.5,0,0,0,FALSE,0,FALSE,0.5,"leave-d",200,0.5,1e+05,TRUE,390
10,0,0,0,8.77212127887279,5.87288810174313,11.6713544560024,7.46793148025414,2.09690893621931,12.838954024289,8.51541387042222,0,7.08881237660869,0,"chi","I",1000,500,0.5,0,0,0,FALSE,0,FALSE,0.5,"leave-d",200,0.5,1e+05,TRUE,390
10,0,0,0,8.77212127887279,5.87288810174313,11.6713544560024,10.3624373832634,5.02060721715219,15.7042675493747,8.51541387042222,0,10.1284412536212,0,"chi","I",1000,500,0.5,0,0,0,FALSE,0,FALSE,0.5,"leave-d",200,0.5,1e+05,TRUE,390
10,0,0,0,8.77212127887279,5.87288810174313,11.6713544560024,7.58874748545826,2.97961042909404,12.1978845418225,8.51541387042222,0,7.2239057523241,0,"chi","I",1000,500,0.5,0,0,0,FALSE,0,FALSE,0.5,"leave-d",200,0.5,1e+05,TRUE,390
10,0,0,0,8.77212127887279,5.87288810174313,11.6713544560024,12.4272254644142,7.10259029508169,17.7518606337468,8.51541387042222,0,12.655745182893,0,"chi","I",1000,500,0.5,0,0,0,FALSE,0,FALSE,0.5,"leave-d",200,0.5,1e+05,TRUE,390
10,0,0,0,8.77212127887279,5.87288810174313,11.6713544560024,3.6017040246313,-0.831526395995123,8.03493444525772,8.51541387042222,0,2.54164417963929,0,"chi","I",1000,500,0.5,0,0,0,FALSE,0,FALSE,0.5,"leave-d",200,0.5,1e+05,TRUE,390
10,0,0,0,8.77212127887279,5.87288810174313,11.6713544560024,14.5505741993516,9.26418367611227,19.8369647225908,8.51541387042222,0,15.2243730479958,0,"chi","I",1000,500,0.5,0,0,0,FALSE,0,FALSE,0.5,"leave-d",200,0.5,1e+05,TRUE,390
10,0,0,0,8.77212127887279,5.87288810174313,11.6713544560024,10.510750713936,5.32912973359004,15.6923716942819,8.51541387042222,0,10.2519927145131,0,"chi","I",1000,500,0.5,0,0,0,FALSE,0,FALSE,0.5,"leave-d",200,0.5,1e+05,TRUE,390
10,0,0,0,8.77212127887279,5.87288810174313,11.6713544560024,6.70463675309226,1.19796981948556,12.211303686699,8.51541387042222,0,6.72038931927781,0,"chi","I",1000,500,0.5,0,0,0,FALSE,0,FALSE,0.5,"leave-d",200,0.5,1e+05,TRUE,390
10,0,0,0,8.77212127887279,5.87288810174313,11.6713544560024,12.0341672437945,6.77383386327982,17.2945006243091,8.51541387042222,0,12.189699933387,0,"chi","I",1000,500,0.5,0,0,0,FALSE,0,FALSE,0.5,"leave-d",200,0.5,1e+05,TRUE,390
10,0,0,0,8.77212127887279,5.87288810174313,11.6713544560024,9.39502853590937,4.80720351723726,13.9828535545815,8.51541387042222,0,8.9332910065968,0,"chi","I",1000,500,0.5,0,0,0,FALSE,0,FALSE,0.5,"leave-d",200,0.5,1e+05,TRUE,390
10,0,0,0,8.77212127887279,5.87288810174313,11.6713544560024,7.68752846327405,2.37827689663642,12.9967800299117,8.51541387042222,0,6.39458496665958,0,"chi","I",1000,500,0.5,0,0,0,FALSE,0,FALSE,0.5,"leave-d",200,0.5,1e+05,TRUE,390
10,0,0,0,8.77212127887279,5.87288810174313,11.6713544560024,8.1450758053947,2.9802585107711,13.3098931000183,8.51541387042222,0,7.6107290131589,0,"chi","I",1000,500,0.5,0,0,0,FALSE,0,FALSE,0.5,"leave-d",200,0.5,1e+05,TRUE,390
10,0,0,0,8.77212127887279,5.87288810174313,11.6713544560024,7.08123469180507,1.96253365238115,12.199935731229,8.51541387042222,0,5.85078547580972,0,"chi","I",1000,500,0.5,0,0,0,FALSE,0,FALSE,0.5,"leave-d",200,0.5,1e+05,TRUE,390
10,0,0,0,8.77212127887279,5.87288810174313,11.6713544560024,2.38824475381851,-2.90702264619624,7.68351215383325,8.51541387042222,0,2.91913519286548,0,"chi","I",1000,500,0.5,0,0,0,FALSE,0,FALSE,0.5,"leave-d",200,0.5,1e+05,TRUE,390
10,0,0,0,8.77212127887279,5.87288810174313,11.6713544560024,14.1569185233058,9.01881542736728,19.2950216192444,8.51541387042222,0,14.168434927607,0,"chi","I",1000,500,0.5,0,0,0,FALSE,0,FALSE,0.5,"leave-d",200,0.5,1e+05,TRUE,390
10,0,0,0,8.77212127887279,5.87288810174313,11.6713544560024,9.64777958087319,4.97476549443281,14.3207936673136,8.51541387042222,0,9.17232258581752,0,"chi","I",1000,500,0.5,0,0,0,FALSE,0,FALSE,0.5,"leave-d",200,0.5,1e+05,TRUE,390
10,0,0,0,8.77212127887279,5.87288810174313,11.6713544560024,6.68148896282482,1.70019735110708,11.6627805745426,8.51541387042222,0,5.87559097814766,0,"chi","I",1000,500,0.5,0,0,0,FALSE,0,FALSE,0.5,"leave-d",200,0.5,1e+05,TRUE,390
10,0,0,0,8.77212127887279,5.87288810174313,11.6713544560024,8.1199718751111,2.93177917857397,13.3081645716482,8.51541387042222,0,7.83983709093067,0,"chi","I",1000,500,0.5,0,0,0,FALSE,0,FALSE,0.5,"leave-d",200,0.5,1e+05,TRUE,390
10,0,0,0,8.77212127887279,5.87288810174313,11.6713544560024,10.6780912719794,5.68683361660024,15.6693489273585,8.51541387042222,0,10.4773284436474,0,"chi","I",1000,500,0.5,0,0,0,FALSE,0,FALSE,0.5,"leave-d",200,0.5,1e+05,TRUE,390
10,0,0,0,8.77212127887279,5.87288810174313,11.6713544560024,11.0634789502039,5.96685396331596,16.1601039370919,8.51541387042222,0,10.8160674316442,0,"chi","I",1000,500,0.5,0,0,0,FALSE,0,FALSE,0.5,"leave-d",200,0.5,1e+05,TRUE,390
10,0,0,0,8.77212127887279,5.87288810174313,11.6713544560024,8.60889501870043,3.35599374664736,13.8617962907535,8.51541387042222,0,8.05124766264903,0,"chi","I",1000,500,0.5,0,0,0,FALSE,0,FALSE,0.5,"leave-d",200,0.5,1e+05,TRUE,390
10,0,0,0,8.77212127887279,5.87288810174313,11.6713544560024,12.6853918182427,7.41373982547957,17.9570438110058,8.51541387042222,0,12.9003140811042,0,"chi","I",1000,500,0.5,0,0,0,FALSE,0,FALSE,0.5,"leave-d",200,0.5,1e+05,TRUE,390
10,0,0,0,8.77212127887279,5.87288810174313,11.6713544560024,11.0740277501186,5.90107301521293,16.2469824850243,8.51541387042222,0,10.8321010254692,0,"chi","I",1000,500,0.5,0,0,0,FALSE,0,FALSE,0.5,"leave-d",200,0.5,1e+05,TRUE,390
10,0,0,0,8.77212127887279,5.87288810174313,11.6713544560024,7.32608506938982,2.48978911191293,12.1623810268667,8.51541387042222,0,7.39025088240299,0,"chi","I",1000,500,0.5,0,0,0,FALSE,0,FALSE,0.5,"leave-d",200,0.5,1e+05,TRUE,390
10,0,0,0,8.77212127887279,5.87288810174313,11.6713544560024,5.33668608925708,-0.2498413705915,10.9232135491057,8.51541387042222,0,5.03684205093565,0,"chi","I",1000,500,0.5,0,0,0,FALSE,0,FALSE,0.5,"leave-d",200,0.5,1e+05,TRUE,390
10,0,0,0,8.77212127887279,5.87288810174313,11.6713544560024,5.98331963128603,1.45580017376771,10.5108390888043,8.51541387042222,0,6.49617738283815,0,"chi","I",1000,500,0.5,0,0,0,FALSE,0,FALSE,0.5,"leave-d",200,0.5,1e+05,TRUE,390
10,0,0,0,8.77212127887279,5.87288810174313,11.6713544560024,11.8676247687885,7.0007016592052,16.7345478783719,8.51541387042222,0,12.1631897662064,0,"chi","I",1000,500,0.5,0,0,0,FALSE,0,FALSE,0.5,"leave-d",200,0.5,1e+05,TRUE,390
10,0,0,0,8.77212127887279,5.87288810174313,11.6713544560024,9.81002475093458,4.56444742775329,15.0556020741159,8.51541387042222,0,9.13931482165685,0,"chi","I",1000,500,0.5,0,0,0,FALSE,0,FALSE,0.5,"leave-d",200,0.5,1e+05,TRUE,390
10,0,0,0,8.77212127887279,5.87288810174313,11.6713544560024,8.38372013502465,3.5882242099071,13.1792160601422,8.51541387042222,0,7.86172077489584,0,"chi","I",1000,500,0.5,0,0,0,FALSE,0,FALSE,0.5,"leave-d",200,0.5,1e+05,TRUE,390
10,0,0,0,8.77212127887279,5.87288810174313,11.6713544560024,15.1805408616589,9.6681953172604,20.6928864060574,8.51541387042222,0,14.204379300453,0,"chi","I",1000,500,0.5,0,0,0,FALSE,0,FALSE,0.5,"leave-d",200,0.5,1e+05,TRUE,390
10,0,0,0,8.77212127887279,5.87288810174313,11.6713544560024,6.00113663566493,0.634170676635881,11.368102594694,8.51541387042222,0,5.46094208545896,0,"chi","I",1000,500,0.5,0,0,0,FALSE,0,FALSE,0.5,"leave-d",200,0.5,1e+05,TRUE,390
10,0,0,0,8.77212127887279,5.87288810174313,11.6713544560024,8.13680386603274,3.4332788824427,12.8403288496228,8.51541387042222,0,7.94209537898388,0,"chi","I",1000,500,0.5,0,0,0,FALSE,0,FALSE,0.5,"leave-d",200,0.5,1e+05,TRUE,390
10,0,0,0,8.77212127887279,5.87288810174313,11.6713544560024,15.5032730541267,9.99923547711404,21.0073106311394,8.51541387042222,0,15.5694979446154,0,"chi","I",1000,500,0.5,0,0,0,FALSE,0,FALSE,0.5,"leave-d",200,0.5,1e+05,TRUE,390
10,0,0,0,8.77212127887279,5.87288810174313,11.6713544560024,5.8913773500006,0.946346385035123,10.8364083149661,8.51541387042222,0,5.73320207712163,0,"chi","I",1000,500,0.5,0,0,0,FALSE,0,FALSE,0.5,"leave-d",200,0.5,1e+05,TRUE,390
10,0,0,0,8.77212127887279,5.87288810174313,11.6713544560024,9.84504888683691,4.96066235337809,14.7294354202957,8.51541387042222,0,9.32907182045916,0,"chi","I",1000,500,0.5,0,0,0,FALSE,0,FALSE,0.5,"leave-d",200,0.5,1e+05,TRUE,390
10,0,0,0,8.77212127887279,5.87288810174313,11.6713544560024,10.5018267422829,5.19069195522675,15.8129615293391,8.51541387042222,0,10.2408644434793,0,"chi","I",1000,500,0.5,0,0,0,FALSE,0,FALSE,0.5,"leave-d",200,0.5,1e+05,TRUE,390
10,0,0,0,8.77212127887279,5.87288810174313,11.6713544560024,6.44032378199072,1.20648033454508,11.6741672294363,8.51541387042222,0,6.13888584172387,0,"chi","I",1000,500,0.5,0,0,0,FALSE,0,FALSE,0.5,"leave-d",200,0.5,1e+05,TRUE,390
10,0,0,0,8.77212127887279,5.87288810174313,11.6713544560024,9.74029750991799,4.06228539400563,15.4183096258303,8.51541387042222,0,8.74768235959219,0,"chi","I",1000,500,0.5,0,0,0,FALSE,0,FALSE,0.5,"leave-d",200,0.5,1e+05,TRUE,390
10,0,0,0,8.77212127887279,5.87288810174313,11.6713544560024,10.1090895322827,4.6740274387249,15.5441516258404,8.51541387042222,0,9.85238659731548,0,"chi","I",1000,500,0.5,0,0,0,FALSE,0,FALSE,0.5,"leave-d",200,0.5,1e+05,TRUE,390
10,0,0,0,8.77212127887279,5.87288810174313,11.6713544560024,7.91808840049988,2.39189358902141,13.4442832119784,8.51541387042222,0,7.95266598577383,0,"chi","I",1000,500,0.5,0,0,0,FALSE,0,FALSE,0.5,"leave-d",200,0.5,1e+05,TRUE,390
10,0,0,0,8.77212127887279,5.87288810174313,11.6713544560024,13.7437662444675,8.61344354080892,18.874088948126,8.51541387042222,0,13.6437921531207,0,"chi","I",1000,500,0.5,0,0,0,FALSE,0,FALSE,0.5,"leave-d",200,0.5,1e+05,TRUE,390
10,0,0,0,8.77212127887279,5.87288810174313,11.6713544560024,14.3636384792832,9.80746319788669,18.9198137606798,8.51541387042222,0,14.1134220182851,0,"chi","I",1000,500,0.5,0,0,0,FALSE,0,FALSE,0.5,"leave-d",200,0.5,1e+05,TRUE,390
10,0,0,0,8.77212127887279,5.87288810174313,11.6713544560024,5.90139335025705,1.04550173968356,10.7572849608305,8.51541387042222,0,5.97640285400149,0,"chi","I",1000,500,0.5,0,0,0,FALSE,0,FALSE,0.5,"leave-d",200,0.5,1e+05,TRUE,390
10,0,0,0,8.77212127887279,5.87288810174313,11.6713544560024,11.339149455519,5.77828629655699,16.900012614481,8.51541387042222,0,10.9899726907124,0,"chi","I",1000,500,0.5,0,0,0,FALSE,0,FALSE,0.5,"leave-d",200,0.5,1e+05,TRUE,390
10,0,0,0,8.77212127887279,5.87288810174313,11.6713544560024,13.4818360215605,8.00017486831943,18.9634971748016,8.51541387042222,0,13.9771919145724,0,"chi","I",1000,500,0.5,0,0,0,FALSE,0,FALSE,0.5,"leave-d",200,0.5,1e+05,TRUE,390
10,0,0,0,8.77212127887279,5.87288810174313,11.6713544560024,6.9903287853297,2.06213962739023,11.9185179432692,8.51541387042222,0,5.73457710043288,0,"chi","I",1000,500,0.5,0,0,0,FALSE,0,FALSE,0.5,"leave-d",200,0.5,1e+05,TRUE,390
10,0,0,0,8.77212127887279,5.87288810174313,11.6713544560024,13.127916234338,8.33729175198099,17.918540716695,8.51541387042222,0,13.2604341159536,0,"chi","I",1000,500,0.5,0,0,0,FALSE,0,FALSE,0.5,"leave-d",200,0.5,1e+05,TRUE,390
10,0,0,0,8.77212127887279,5.87288810174313,11.6713544560024,13.9402857685138,9.02325095028341,18.8573205867442,8.51541387042222,0,13.652189917802,0,"chi","I",1000,500,0.5,0,0,0,FALSE,0,FALSE,0.5,"leave-d",200,0.5,1e+05,TRUE,390
10,0,0,0,8.77212127887279,5.87288810174313,11.6713544560024,8.12123139031716,2.62920595642321,13.6132568242111,8.51541387042222,0,6.83017983738414,0,"chi","I",1000,500,0.5,0,0,0,FALSE,0,FALSE,0.5,"leave-d",200,0.5,1e+05,TRUE,390
10,0,0,0,8.77212127887279,5.87288810174313,11.6713544560024,9.36678531363777,4.51304040596589,14.2205302213097,8.51541387042222,0,9.2325268462705,0,"chi","I",1000,500,0.5,0,0,0,FALSE,0,FALSE,0.5,"leave-d",200,0.5,1e+05,TRUE,390
10,0,0,0,8.77212127887279,5.87288810174313,11.6713544560024,9.53715568632934,4.83360428294503,14.2407070897137,8.51541387042222,0,9.09908543507961,0,"chi","I",1000,500,0.5,0,0,0,FALSE,0,FALSE,0.5,"leave-d",200,0.5,1e+05,TRUE,390
10,0,0,0,8.77212127887279,5.87288810174313,11.6713544560024,4.9218688883527,-0.248739725379303,10.0924775020847,8.51541387042222,0,5.54973707319316,0,"chi","I",1000,500,0.5,0,0,0,FALSE,0,FALSE,0.5,"leave-d",200,0.5,1e+05,TRUE,390
10,0,0,0,8.77212127887279,5.87288810174313,11.6713544560024,6.66219284110392,1.31056055472795,12.0138251274799,8.51541387042222,0,6.0291981106466,0,"chi","I",1000,500,0.5,0,0,0,FALSE,0,FALSE,0.5,"leave-d",200,0.5,1e+05,TRUE,390
10,0,0,0,8.77212127887279,5.87288810174313,11.6713544560024,3.62038289513571,-0.843039505890284,8.0838052961617,8.51541387042222,0,3.51839856334465,0,"chi","I",1000,500,0.5,0,0,0,FALSE,0,FALSE,0.5,"leave-d",200,0.5,1e+05,TRUE,390
10,0,0,0,8.77212127887279,5.87288810174313,11.6713544560024,8.71235909109635,3.19854427353208,14.2261739086606,8.51541387042222,0,8.49131181771997,0,"chi","I",1000,500,0.5,0,0,0,FALSE,0,FALSE,0.5,"leave-d",200,0.5,1e+05,TRUE,390
10,0,0,0,8.77212127887279,5.87288810174313,11.6713544560024,14.7381824895014,9.1786459763642,20.2977190026386,8.51541387042222,0,16.6038774700544,0,"chi","I",1000,500,0.5,0,0,0,FALSE,0,FALSE,0.5,"leave-d",200,0.5,1e+05,TRUE,390
10,0,0,0,8.77212127887279,5.87288810174313,11.6713544560024,7.59999652219706,3.10695703624737,12.0930360081467,8.51541387042222,0,7.00572614629534,0,"chi","I",1000,500,0.5,0,0,0,FALSE,0,FALSE,0.5,"leave-d",200,0.5,1e+05,TRUE,390
10,0,0,0,8.77212127887279,5.87288810174313,11.6713544560024,9.58075060694596,3.99293885959161,15.1685623543003,8.51541387042222,0,8.7727563957508,0,"chi","I",1000,500,0.5,0,0,0,FALSE,0,FALSE,0.5,"leave-d",200,0.5,1e+05,TRUE,390
10,0,0,0,8.77212127887279,5.87288810174313,11.6713544560024,13.3265554180529,7.86978015577152,18.7833306803343,8.51541387042222,0,12.6163962533282,0,"chi","I",1000,500,0.5,0,0,0,FALSE,0,FALSE,0.5,"leave-d",200,0.5,1e+05,TRUE,390
10,0,0,0,8.77212127887279,5.87288810174313,11.6713544560024,7.49654116287896,2.54885899384674,12.4442233319112,8.51541387042222,0,7.14364424789203,0,"chi","I",1000,500,0.5,0,0,0,FALSE,0,FALSE,0.5,"leave-d",200,0.5,1e+05,TRUE,390
10,0,0,0,8.77212127887279,5.87288810174313,11.6713544560024,8.96846524606617,3.65270359926599,14.2842268928664,8.51541387042222,0,8.32160990936244,0,"chi","I",1000,500,0.5,0,0,0,FALSE,0,FALSE,0.5,"leave-d",200,0.5,1e+05,TRUE,390
10,0,0,0,8.77212127887279,5.87288810174313,11.6713544560024,7.12022211467278,2.22027011792548,12.0201741114201,8.51541387042222,0,6.72804091723261,0,"chi","I",1000,500,0.5,0,0,0,FALSE,0,FALSE,0.5,"leave-d",200,0.5,1e+05,TRUE,390
10,0,0,0,8.77212127887279,5.87288810174313,11.6713544560024,6.38840177173037,1.68802262528343,11.0887809181773,8.51541387042222,0,5.29694274922998,0,"chi","I",1000,500,0.5,0,0,0,FALSE,0,FALSE,0.5,"leave-d",200,0.5,1e+05,TRUE,390
10,0,0,0,8.77212127887279,5.87288810174313,11.6713544560024,6.76038391186321,1.57632696410545,11.944440859621,8.51541387042222,0,5.7973454681895,0,"chi","I",1000,500,0.5,0,0,0,FALSE,0,FALSE,0.5,"leave-d",200,0.5,1e+05,TRUE,390
10,0,0,0,8.77212127887279,5.87288810174313,11.6713544560024,10.6670838008344,5.89321871190038,15.4409488897683,8.51541387042222,0,10.6244978020833,0,"chi","I",1000,500,0.5,0,0,0,FALSE,0,FALSE,0.5,"leave-d",200,0.5,1e+05,TRUE,390
10,0,0,0,8.77212127887279,5.87288810174313,11.6713544560024,10.2446129341398,5.3430423503644,15.1461835179151,8.51541387042222,0,10.0196034214084,0,"chi","I",1000,500,0.5,0,0,0,FALSE,0,FALSE,0.5,"leave-d",200,0.5,1e+05,TRUE,390
10,0,0,0,8.77212127887279,5.87288810174313,11.6713544560024,1.37451389858793,-3.67071872879588,6.41974652597175,8.51541387042222,0,0,0,"chi","I",1000,500,0.5,0,0,0,FALSE,0,FALSE,0.5,"leave-d",200,0.5,1e+05,TRUE,390
10,0,0,0,8.77212127887279,5.87288810174313,11.6713544560024,12.4103030758099,6.95259244542138,17.8680137061984,8.51541387042222,0,12.011525987881,0,"chi","I",1000,500,0.5,0,0,0,FALSE,0,FALSE,0.5,"leave-d",200,0.5,1e+05,TRUE,390
10,0,0,0,8.77212127887279,5.87288810174313,11.6713544560024,5.32482637829056,0.242427935525805,10.4072248210553,8.51541387042222,0,4.92473006192345,0,"chi","I",1000,500,0.5,0,0,0,FALSE,0,FALSE,0.5,"leave-d",200,0.5,1e+05,TRUE,390
10,0,0,0,8.77212127887279,5.87288810174313,11.6713544560024,10.7237775526716,5.57479372812303,15.8727613772203,8.51541387042222,0,10.682257896031,0,"chi","I",1000,500,0.5,0,0,0,FALSE,0,FALSE,0.5,"leave-d",200,0.5,1e+05,TRUE,390
10,0,0,0,8.77212127887279,5.87288810174313,11.6713544560024,6.71654796717003,1.20405553686264,12.2290403974774,8.51541387042222,0,6.80351858900441,0,"chi","I",1000,500,0.5,0,0,0,FALSE,0,FALSE,0.5,"leave-d",200,0.5,1e+05,TRUE,390
10,0,0,0,8.77212127887279,5.87288810174313,11.6713544560024,10.9948453685197,5.68686781907947,16.3028229179598,8.51541387042222,0,10.5347178324326,0,"chi","I",1000,500,0.5,0,0,0,FALSE,0,FALSE,0.5,"leave-d",200,0.5,1e+05,TRUE,390
10,0,0,0,8.77212127887279,5.87288810174313,11.6713544560024,4.39445648401913,-0.0258502628944122,8.81476323093266,8.51541387042222,0,3.93414523640066,0,"chi","I",1000,500,0.5,0,0,0,FALSE,0,FALSE,0.5,"leave-d",200,0.5,1e+05,TRUE,390
10,0,0,0,8.77212127887279,5.87288810174313,11.6713544560024,4.19710960613137,-0.762670721701855,9.15688993396459,8.51541387042222,0,2.74236703075534,0,"chi","I",1000,500,0.5,0,0,0,FALSE,0,FALSE,0.5,"leave-d",200,0.5,1e+05,TRUE,390
10,0,0,0,8.77212127887279,5.87288810174313,11.6713544560024,6.31211864773225,0.851280289393659,11.7729570060708,8.51541387042222,0,5.53778344841032,0,"chi","I",1000,500,0.5,0,0,0,FALSE,0,FALSE,0.5,"leave-d",200,0.5,1e+05,TRUE,390
10,0,0,0,8.77212127887279,5.87288810174313,11.6713544560024,6.86635813932217,1.57003901930206,12.1626772593423,8.51541387042222,0,7.07935626149843,0,"chi","I",1000,500,0.5,0,0,0,FALSE,0,FALSE,0.5,"leave-d",200,0.5,1e+05,TRUE,390
10,0,0,0,8.77212127887279,5.87288810174313,11.6713544560024,8.56825588190111,4.03329264620523,13.103219117597,8.51541387042222,0,8.14175957395795,0,"chi","I",1000,500,0.5,0,0,0,FALSE,0,FALSE,0.5,"leave-d",200,0.5,1e+05,TRUE,390
10,0,0,0,8.77212127887279,5.87288810174313,11.6713544560024,8.26862860332984,2.54908370400925,13.9881735026504,8.51541387042222,0,8.29193566144567,0,"chi","I",1000,500,0.5,0,0,0,FALSE,0,FALSE,0.5,"leave-d",200,0.5,1e+05,TRUE,390
10,0,0,0,8.77212127887279,5.87288810174313,11.6713544560024,12.0840169420211,6.26132061813346,17.9067132659087,8.51541387042222,0,11.7265090077148,0,"chi","I",1000,500,0.5,0,0,0,FALSE,0,FALSE,0.5,"leave-d",200,0.5,1e+05,TRUE,390
10,0,0,0,8.77212127887279,5.87288810174313,11.6713544560024,14.0708895235606,8.84274392667659,19.2990351204446,8.51541387042222,0,14.5858601949449,0,"chi","I",1000,500,0.5,0,0,0,FALSE,0,FALSE,0.5,"leave-d",200,0.5,1e+05,TRUE,390
10,0,0,0,8.77212127887279,5.87288810174313,11.6713544560024,9.06797708362684,3.36775662839007,14.7681975388636,8.51541387042222,0,7.46632074248446,0,"chi","I",1000,500,0.5,0,0,0,FALSE,0,FALSE,0.5,"leave-d",200,0.5,1e+05,TRUE,390
10,0,0,0,8.77212127887279,5.87288810174313,11.6713544560024,7.87774496080876,2.74700644940897,13.0084834722085,8.51541387042222,0,6.69950092282524,0,"chi","I",1000,500,0.5,0,0,0,FALSE,0,FALSE,0.5,"leave-d",200,0.5,1e+05,TRUE,390
10,0,0,0,8.77212127887279,5.87288810174313,11.6713544560024,10.2657164900766,5.15335533095991,15.3780776491933,8.51541387042222,0,10.1685000954347,0,"chi","I",1000,500,0.5,0,0,0,FALSE,0,FALSE,0.5,"leave-d",200,0.5,1e+05,TRUE,390
10,0,0,0,8.77212127887279,5.87288810174313,11.6713544560024,5.76349324747693,0.569768753759115,10.9572177411947,8.51541387042222,0,6.06200883156086,0,"chi","I",1000,500,0.5,0,0,0,FALSE,0,FALSE,0.5,"leave-d",200,0.5,1e+05,TRUE,390
10,0,0,0,8.77212127887279,5.87288810174313,11.6713544560024,11.5292316985507,6.33737913484567,16.7210842622558,8.51541387042222,0,11.2983522528837,0,"chi","I",1000,500,0.5,0,0,0,FALSE,0,FALSE,0.5,"leave-d",200,0.5,1e+05,TRUE,390
10,0,0,0,8.77212127887279,5.87288810174313,11.6713544560024,10.1561331404533,4.93103111426146,15.3812351666452,8.51541387042222,0,9.74924507041736,0,"chi","I",1000,500,0.5,0,0,0,FALSE,0,FALSE,0.5,"leave-d",200,0.5,1e+05,TRUE,390
10,0,0,0,8.77212127887279,5.87288810174313,11.6713544560024,8.31854599713749,3.62038752586911,13.0167044684059,8.51541387042222,0,7.9808340321957,0,"chi","I",1000,500,0.5,0,0,0,FALSE,0,FALSE,0.5,"leave-d",200,0.5,1e+05,TRUE,390
10,0,0,0,8.77212127887279,5.87288810174313,11.6713544560024,10.8891532026778,5.84276383252055,15.9355425728351,8.51541387042222,0,10.7203765972486,0,"chi","I",1000,500,0.5,0,0,0,FALSE,0,FALSE,0.5,"leave-d",200,0.5,1e+05,TRUE,390
10,0,0,0,8.77212127887279,5.87288810174313,11.6713544560024,7.04893149310735,2.02295138769674,12.0749115985179,8.51541387042222,0,7.37107221064114,0,"chi","I",1000,500,0.5,0,0,0,FALSE,0,FALSE,0.5,"leave-d",200,0.5,1e+05,TRUE,390
