"var_main_effect","var_inter_effect","cov_main_inter_effect","var_total_effect","EigenPrism_main","EigenPrism_CI1","EigenPrism_CI2","sub_EigenPrism_main","sub_EigenPrism_CI1","sub_EigenPrism_CI2","GCTA_main","GCTA_inter","sub_GCTA_main","sub_GCTA_inter","x_dist","structure","p","n","main_fixed_var","main_random_var","inter_fixed_var","inter_random_var","decor","interact","combine","pro","bs","n_sub","rho_e","emp_n","inter_std","i"
10,0,0,0,24.1145243505343,11.8067013532785,36.4223473477901,41.3760522763632,19.0947305198348,63.6573740328916,20.6765675085773,0,21.9054467841213,0,"chi","I",1000,100,0.5,0,0,0,FALSE,0,FALSE,0.5,"leave-d",200,0.5,1e+05,TRUE,794
10,0,0,0,24.1145243505343,11.8067013532785,36.4223473477901,23.3795721683835,-2.70152236104486,49.4606666978118,20.6765675085773,0,21.086665386778,0,"chi","I",1000,100,0.5,0,0,0,FALSE,0,FALSE,0.5,"leave-d",200,0.5,1e+05,TRUE,794
10,0,0,0,24.1145243505343,11.8067013532785,36.4223473477901,6.1561508806772,-6.62781137409032,18.9401131354447,20.6765675085773,0,9.57227771196945,0,"chi","I",1000,100,0.5,0,0,0,FALSE,0,FALSE,0.5,"leave-d",200,0.5,1e+05,TRUE,794
10,0,0,0,24.1145243505343,11.8067013532785,36.4223473477901,8.2621450493351,-10.83973742487,27.3640275235402,20.6765675085773,0,4.65873621989513,0,"chi","I",1000,100,0.5,0,0,0,FALSE,0,FALSE,0.5,"leave-d",200,0.5,1e+05,TRUE,794
10,0,0,0,24.1145243505343,11.8067013532785,36.4223473477901,21.1977061479012,-2.47837227163835,44.8737845674407,20.6765675085773,0,17.9933754114711,0,"chi","I",1000,100,0.5,0,0,0,FALSE,0,FALSE,0.5,"leave-d",200,0.5,1e+05,TRUE,794
10,0,0,0,24.1145243505343,11.8067013532785,36.4223473477901,30.2706424257757,5.30853057742005,55.2327542741313,20.6765675085773,0,25.2599255651695,0,"chi","I",1000,100,0.5,0,0,0,FALSE,0,FALSE,0.5,"leave-d",200,0.5,1e+05,TRUE,794
10,0,0,0,24.1145243505343,11.8067013532785,36.4223473477901,40.3685336115268,16.2381574074108,64.4989098156427,20.6765675085773,0,24.4788131851293,0,"chi","I",1000,100,0.5,0,0,0,FALSE,0,FALSE,0.5,"leave-d",200,0.5,1e+05,TRUE,794
10,0,0,0,24.1145243505343,11.8067013532785,36.4223473477901,31.3190038417664,9.99722612713948,52.6407815563933,20.6765675085773,0,21.7517246851357,0,"chi","I",1000,100,0.5,0,0,0,FALSE,0,FALSE,0.5,"leave-d",200,0.5,1e+05,TRUE,794
10,0,0,0,24.1145243505343,11.8067013532785,36.4223473477901,19.8749075790147,-4.06151320407239,43.8113283621018,20.6765675085773,0,13.5053817442464,0,"chi","I",1000,100,0.5,0,0,0,FALSE,0,FALSE,0.5,"leave-d",200,0.5,1e+05,TRUE,794
10,0,0,0,24.1145243505343,11.8067013532785,36.4223473477901,14.5383176805581,-8.62610234080847,37.7027377019247,20.6765675085773,0,9.78977559396713,0,"chi","I",1000,100,0.5,0,0,0,FALSE,0,FALSE,0.5,"leave-d",200,0.5,1e+05,TRUE,794
10,0,0,0,24.1145243505343,11.8067013532785,36.4223473477901,28.2778008750603,5.87708347828555,50.6785182718351,20.6765675085773,0,22.940692689462,0,"chi","I",1000,100,0.5,0,0,0,FALSE,0,FALSE,0.5,"leave-d",200,0.5,1e+05,TRUE,794
10,0,0,0,24.1145243505343,11.8067013532785,36.4223473477901,12.9165406239187,-14.0834860961387,39.9165673439761,20.6765675085773,0,7.16264185101012,0,"chi","I",1000,100,0.5,0,0,0,FALSE,0,FALSE,0.5,"leave-d",200,0.5,1e+05,TRUE,794
10,0,0,0,24.1145243505343,11.8067013532785,36.4223473477901,28.7347931625052,12.7970370548562,44.6725492701542,20.6765675085773,0,15.2070401876676,0,"chi","I",1000,100,0.5,0,0,0,FALSE,0,FALSE,0.5,"leave-d",200,0.5,1e+05,TRUE,794
10,0,0,0,24.1145243505343,11.8067013532785,36.4223473477901,22.9318618289616,4.18542066072447,41.6783029971987,20.6765675085773,0,13.6758699080959,0,"chi","I",1000,100,0.5,0,0,0,FALSE,0,FALSE,0.5,"leave-d",200,0.5,1e+05,TRUE,794
10,0,0,0,24.1145243505343,11.8067013532785,36.4223473477901,11.5894167116868,-6.12809920502738,29.3069326284011,20.6765675085773,0,5.60074788368933,0,"chi","I",1000,100,0.5,0,0,0,FALSE,0,FALSE,0.5,"leave-d",200,0.5,1e+05,TRUE,794
10,0,0,0,24.1145243505343,11.8067013532785,36.4223473477901,49.231410100261,29.198118913936,69.2647012865861,20.6765675085773,0,19.4811876829289,0,"chi","I",1000,100,0.5,0,0,0,FALSE,0,FALSE,0.5,"leave-d",200,0.5,1e+05,TRUE,794
10,0,0,0,24.1145243505343,11.8067013532785,36.4223473477901,52.262041844666,33.1266779116084,71.3974057777235,20.6765675085773,0,17.2847257947167,0,"chi","I",1000,100,0.5,0,0,0,FALSE,0,FALSE,0.5,"leave-d",200,0.5,1e+05,TRUE,794
10,0,0,0,24.1145243505343,11.8067013532785,36.4223473477901,27.0321365065904,7.48382900033604,46.5804440128447,20.6765675085773,0,19.4061990893806,0,"chi","I",1000,100,0.5,0,0,0,FALSE,0,FALSE,0.5,"leave-d",200,0.5,1e+05,TRUE,794
10,0,0,0,24.1145243505343,11.8067013532785,36.4223473477901,36.5561835193381,18.8102931555408,54.3020738831354,20.6765675085773,0,16.8315867904703,0,"chi","I",1000,100,0.5,0,0,0,FALSE,0,FALSE,0.5,"leave-d",200,0.5,1e+05,TRUE,794
10,0,0,0,24.1145243505343,11.8067013532785,36.4223473477901,20.284959726667,-2.53259052121279,43.1025099745467,20.6765675085773,0,23.0877459972754,0,"chi","I",1000,100,0.5,0,0,0,FALSE,0,FALSE,0.5,"leave-d",200,0.5,1e+05,TRUE,794
10,0,0,0,24.1145243505343,11.8067013532785,36.4223473477901,19.0128567076608,6.0804709422585,31.9452424730632,20.6765675085773,0,13.0071030552928,0,"chi","I",1000,100,0.5,0,0,0,FALSE,0,FALSE,0.5,"leave-d",200,0.5,1e+05,TRUE,794
10,0,0,0,24.1145243505343,11.8067013532785,36.4223473477901,16.0667710976226,-6.62627599779703,38.7598181930422,20.6765675085773,0,18.8653311503156,0,"chi","I",1000,100,0.5,0,0,0,FALSE,0,FALSE,0.5,"leave-d",200,0.5,1e+05,TRUE,794
10,0,0,0,24.1145243505343,11.8067013532785,36.4223473477901,2.89248810541027,-20.6992721481556,26.4842483589761,20.6765675085773,0,0,0,"chi","I",1000,100,0.5,0,0,0,FALSE,0,FALSE,0.5,"leave-d",200,0.5,1e+05,TRUE,794
10,0,0,0,24.1145243505343,11.8067013532785,36.4223473477901,27.9511715080034,6.16424644629113,49.7380965697156,20.6765675085773,0,21.9705572471133,0,"chi","I",1000,100,0.5,0,0,0,FALSE,0,FALSE,0.5,"leave-d",200,0.5,1e+05,TRUE,794
10,0,0,0,24.1145243505343,11.8067013532785,36.4223473477901,16.7813686827802,-3.81428011695949,37.3770174825198,20.6765675085773,0,20.8255139965418,0,"chi","I",1000,100,0.5,0,0,0,FALSE,0,FALSE,0.5,"leave-d",200,0.5,1e+05,TRUE,794
10,0,0,0,24.1145243505343,11.8067013532785,36.4223473477901,22.3834513650814,-0.628652484877819,45.3955552150407,20.6765675085773,0,23.6638280421606,0,"chi","I",1000,100,0.5,0,0,0,FALSE,0,FALSE,0.5,"leave-d",200,0.5,1e+05,TRUE,794
10,0,0,0,24.1145243505343,11.8067013532785,36.4223473477901,52.3959390450274,31.952641076696,72.8392370133587,20.6765675085773,0,19.2139822083007,0,"chi","I",1000,100,0.5,0,0,0,FALSE,0,FALSE,0.5,"leave-d",200,0.5,1e+05,TRUE,794
10,0,0,0,24.1145243505343,11.8067013532785,36.4223473477901,35.5858312875976,14.631809512909,56.5398530622861,20.6765675085773,0,21.0352799924689,0,"chi","I",1000,100,0.5,0,0,0,FALSE,0,FALSE,0.5,"leave-d",200,0.5,1e+05,TRUE,794
10,0,0,0,24.1145243505343,11.8067013532785,36.4223473477901,37.2419269192224,12.2013878613278,62.282465977117,20.6765675085773,0,24.9871103151063,0,"chi","I",1000,100,0.5,0,0,0,FALSE,0,FALSE,0.5,"leave-d",200,0.5,1e+05,TRUE,794
10,0,0,0,24.1145243505343,11.8067013532785,36.4223473477901,37.2739127412908,12.119361108954,62.4284643736275,20.6765675085773,0,24.7440160823384,0,"chi","I",1000,100,0.5,0,0,0,FALSE,0,FALSE,0.5,"leave-d",200,0.5,1e+05,TRUE,794
10,0,0,0,24.1145243505343,11.8067013532785,36.4223473477901,22.2248486773656,1.28466508558076,43.1650322691504,20.6765675085773,0,21.9264340061843,0,"chi","I",1000,100,0.5,0,0,0,FALSE,0,FALSE,0.5,"leave-d",200,0.5,1e+05,TRUE,794
10,0,0,0,24.1145243505343,11.8067013532785,36.4223473477901,31.2641725500465,13.5329544427903,48.9953906573028,20.6765675085773,0,16.682128413592,0,"chi","I",1000,100,0.5,0,0,0,FALSE,0,FALSE,0.5,"leave-d",200,0.5,1e+05,TRUE,794
10,0,0,0,24.1145243505343,11.8067013532785,36.4223473477901,-4.00984442940121,-21.9755238667372,13.9558350079348,20.6765675085773,0,0,0,"chi","I",1000,100,0.5,0,0,0,FALSE,0,FALSE,0.5,"leave-d",200,0.5,1e+05,TRUE,794
10,0,0,0,24.1145243505343,11.8067013532785,36.4223473477901,11.3106873969004,-10.8420812570404,33.4634560508412,20.6765675085773,0,9.1413185764365,0,"chi","I",1000,100,0.5,0,0,0,FALSE,0,FALSE,0.5,"leave-d",200,0.5,1e+05,TRUE,794
10,0,0,0,24.1145243505343,11.8067013532785,36.4223473477901,28.4157687698343,7.73842789689322,49.0931096427753,20.6765675085773,0,21.1424286648842,0,"chi","I",1000,100,0.5,0,0,0,FALSE,0,FALSE,0.5,"leave-d",200,0.5,1e+05,TRUE,794
10,0,0,0,24.1145243505343,11.8067013532785,36.4223473477901,21.7889133525114,2.27206915137878,41.305757553644,20.6765675085773,0,19.4368799257969,0,"chi","I",1000,100,0.5,0,0,0,FALSE,0,FALSE,0.5,"leave-d",200,0.5,1e+05,TRUE,794
10,0,0,0,24.1145243505343,11.8067013532785,36.4223473477901,21.3544292615434,-2.71367022821839,45.4225287513052,20.6765675085773,0,14.151835772945,0,"chi","I",1000,100,0.5,0,0,0,FALSE,0,FALSE,0.5,"leave-d",200,0.5,1e+05,TRUE,794
10,0,0,0,24.1145243505343,11.8067013532785,36.4223473477901,30.7298384604391,7.54969183739755,53.9099850834806,20.6765675085773,0,23.6463643049464,0,"chi","I",1000,100,0.5,0,0,0,FALSE,0,FALSE,0.5,"leave-d",200,0.5,1e+05,TRUE,794
10,0,0,0,24.1145243505343,11.8067013532785,36.4223473477901,25.292157556244,2.79065567813473,47.7936594343533,20.6765675085773,0,22.7156946107983,0,"chi","I",1000,100,0.5,0,0,0,FALSE,0,FALSE,0.5,"leave-d",200,0.5,1e+05,TRUE,794
10,0,0,0,24.1145243505343,11.8067013532785,36.4223473477901,36.744236191852,11.9115789508968,61.5768934328071,20.6765675085773,0,24.4866093834679,0,"chi","I",1000,100,0.5,0,0,0,FALSE,0,FALSE,0.5,"leave-d",200,0.5,1e+05,TRUE,794
10,0,0,0,24.1145243505343,11.8067013532785,36.4223473477901,53.2876870139864,29.3862841487529,77.1890898792199,20.6765675085773,0,23.2299699891354,0,"chi","I",1000,100,0.5,0,0,0,FALSE,0,FALSE,0.5,"leave-d",200,0.5,1e+05,TRUE,794
10,0,0,0,24.1145243505343,11.8067013532785,36.4223473477901,8.86151005180739,-6.14645265817859,23.8694727617934,20.6765675085773,0,5.55717097201736,0,"chi","I",1000,100,0.5,0,0,0,FALSE,0,FALSE,0.5,"leave-d",200,0.5,1e+05,TRUE,794
10,0,0,0,24.1145243505343,11.8067013532785,36.4223473477901,23.6627443774349,3.88391227325905,43.4415764816108,20.6765675085773,0,19.6431554805265,0,"chi","I",1000,100,0.5,0,0,0,FALSE,0,FALSE,0.5,"leave-d",200,0.5,1e+05,TRUE,794
10,0,0,0,24.1145243505343,11.8067013532785,36.4223473477901,39.3120086110033,18.9920947996544,59.6319224223522,20.6765675085773,0,19.4121818662376,0,"chi","I",1000,100,0.5,0,0,0,FALSE,0,FALSE,0.5,"leave-d",200,0.5,1e+05,TRUE,794
10,0,0,0,24.1145243505343,11.8067013532785,36.4223473477901,1.22272742103229,-17.5482019665302,19.9936568085948,20.6765675085773,0,0,0,"chi","I",1000,100,0.5,0,0,0,FALSE,0,FALSE,0.5,"leave-d",200,0.5,1e+05,TRUE,794
10,0,0,0,24.1145243505343,11.8067013532785,36.4223473477901,26.4166208755876,8.6134587341388,44.2197830170364,20.6765675085773,0,17.3196299047608,0,"chi","I",1000,100,0.5,0,0,0,FALSE,0,FALSE,0.5,"leave-d",200,0.5,1e+05,TRUE,794
10,0,0,0,24.1145243505343,11.8067013532785,36.4223473477901,-3.36931291264791,-21.858463441941,15.1198376166452,20.6765675085773,0,0,0,"chi","I",1000,100,0.5,0,0,0,FALSE,0,FALSE,0.5,"leave-d",200,0.5,1e+05,TRUE,794
10,0,0,0,24.1145243505343,11.8067013532785,36.4223473477901,31.739109535888,10.3758984122138,53.1023206595623,20.6765675085773,0,20.8267524939312,0,"chi","I",1000,100,0.5,0,0,0,FALSE,0,FALSE,0.5,"leave-d",200,0.5,1e+05,TRUE,794
10,0,0,0,24.1145243505343,11.8067013532785,36.4223473477901,11.3629470729883,-5.90291612512073,28.6288102710973,20.6765675085773,0,7.94132725942524,0,"chi","I",1000,100,0.5,0,0,0,FALSE,0,FALSE,0.5,"leave-d",200,0.5,1e+05,TRUE,794
10,0,0,0,24.1145243505343,11.8067013532785,36.4223473477901,50.3794012408442,28.2716333682375,72.4871691134508,20.6765675085773,0,20.3247646581977,0,"chi","I",1000,100,0.5,0,0,0,FALSE,0,FALSE,0.5,"leave-d",200,0.5,1e+05,TRUE,794
10,0,0,0,24.1145243505343,11.8067013532785,36.4223473477901,34.6885707912364,13.2560414534088,56.121100129064,20.6765675085773,0,21.0767131457463,0,"chi","I",1000,100,0.5,0,0,0,FALSE,0,FALSE,0.5,"leave-d",200,0.5,1e+05,TRUE,794
10,0,0,0,24.1145243505343,11.8067013532785,36.4223473477901,44.3939466490042,20.3553729081575,68.4325203898509,20.6765675085773,0,23.1051946743958,0,"chi","I",1000,100,0.5,0,0,0,FALSE,0,FALSE,0.5,"leave-d",200,0.5,1e+05,TRUE,794
10,0,0,0,24.1145243505343,11.8067013532785,36.4223473477901,8.36325808512151,-12.5747336684767,29.3012498387197,20.6765675085773,0,6.2735396777072,0,"chi","I",1000,100,0.5,0,0,0,FALSE,0,FALSE,0.5,"leave-d",200,0.5,1e+05,TRUE,794
10,0,0,0,24.1145243505343,11.8067013532785,36.4223473477901,21.7066245899922,6.02698462197064,37.3862645580138,20.6765675085773,0,15.496509948175,0,"chi","I",1000,100,0.5,0,0,0,FALSE,0,FALSE,0.5,"leave-d",200,0.5,1e+05,TRUE,794
10,0,0,0,24.1145243505343,11.8067013532785,36.4223473477901,23.2162027048079,0.253908927960897,46.178496481655,20.6765675085773,0,23.4363621970635,0,"chi","I",1000,100,0.5,0,0,0,FALSE,0,FALSE,0.5,"leave-d",200,0.5,1e+05,TRUE,794
10,0,0,0,24.1145243505343,11.8067013532785,36.4223473477901,49.6245597872597,27.1511056351271,72.0980139393923,20.6765675085773,0,21.6331174754159,0,"chi","I",1000,100,0.5,0,0,0,FALSE,0,FALSE,0.5,"leave-d",200,0.5,1e+05,TRUE,794
10,0,0,0,24.1145243505343,11.8067013532785,36.4223473477901,48.9678757463892,26.4297943422964,71.505957150482,20.6765675085773,0,21.6826625302705,0,"chi","I",1000,100,0.5,0,0,0,FALSE,0,FALSE,0.5,"leave-d",200,0.5,1e+05,TRUE,794
10,0,0,0,24.1145243505343,11.8067013532785,36.4223473477901,44.9504206803525,20.1433111368166,69.7575302238884,20.6765675085773,0,23.9573696169893,0,"chi","I",1000,100,0.5,0,0,0,FALSE,0,FALSE,0.5,"leave-d",200,0.5,1e+05,TRUE,794
10,0,0,0,24.1145243505343,11.8067013532785,36.4223473477901,45.6092813342395,25.8735989205168,65.3449637479622,20.6765675085773,0,18.5981012702285,0,"chi","I",1000,100,0.5,0,0,0,FALSE,0,FALSE,0.5,"leave-d",200,0.5,1e+05,TRUE,794
10,0,0,0,24.1145243505343,11.8067013532785,36.4223473477901,28.4259901384918,6.69914966276014,50.1528306142234,20.6765675085773,0,21.8405223033216,0,"chi","I",1000,100,0.5,0,0,0,FALSE,0,FALSE,0.5,"leave-d",200,0.5,1e+05,TRUE,794
10,0,0,0,24.1145243505343,11.8067013532785,36.4223473477901,1.86512549995069,-9.08936984013469,12.8196208400361,20.6765675085773,0,0,0,"chi","I",1000,100,0.5,0,0,0,FALSE,0,FALSE,0.5,"leave-d",200,0.5,1e+05,TRUE,794
10,0,0,0,24.1145243505343,11.8067013532785,36.4223473477901,14.1587577101846,-2.17664481502223,30.4941602353915,20.6765675085773,0,16.5894790563884,0,"chi","I",1000,100,0.5,0,0,0,FALSE,0,FALSE,0.5,"leave-d",200,0.5,1e+05,TRUE,794
10,0,0,0,24.1145243505343,11.8067013532785,36.4223473477901,21.9033368078053,3.85836236998565,39.948311245625,20.6765675085773,0,18.4545416385594,0,"chi","I",1000,100,0.5,0,0,0,FALSE,0,FALSE,0.5,"leave-d",200,0.5,1e+05,TRUE,794
10,0,0,0,24.1145243505343,11.8067013532785,36.4223473477901,28.5058534723651,6.03343839957103,50.9782685451591,20.6765675085773,0,22.910404192905,0,"chi","I",1000,100,0.5,0,0,0,FALSE,0,FALSE,0.5,"leave-d",200,0.5,1e+05,TRUE,794
10,0,0,0,24.1145243505343,11.8067013532785,36.4223473477901,36.6512779368749,11.9945017572954,61.3080541164544,20.6765675085773,0,24.9285086336983,0,"chi","I",1000,100,0.5,0,0,0,FALSE,0,FALSE,0.5,"leave-d",200,0.5,1e+05,TRUE,794
10,0,0,0,24.1145243505343,11.8067013532785,36.4223473477901,24.3451332292341,7.98030545662719,40.7099610018409,20.6765675085773,0,16.304823602864,0,"chi","I",1000,100,0.5,0,0,0,FALSE,0,FALSE,0.5,"leave-d",200,0.5,1e+05,TRUE,794
10,0,0,0,24.1145243505343,11.8067013532785,36.4223473477901,51.0687314785882,25.0090092046307,77.1284537525456,20.6765675085773,0,25.2238205726463,0,"chi","I",1000,100,0.5,0,0,0,FALSE,0,FALSE,0.5,"leave-d",200,0.5,1e+05,TRUE,794
10,0,0,0,24.1145243505343,11.8067013532785,36.4223473477901,60.6395361729959,40.5248386896315,80.7542336563602,20.6765675085773,0,18.4279967423771,0,"chi","I",1000,100,0.5,0,0,0,FALSE,0,FALSE,0.5,"leave-d",200,0.5,1e+05,TRUE,794
10,0,0,0,24.1145243505343,11.8067013532785,36.4223473477901,49.3806367217252,25.7314950862075,73.0297783572428,20.6765675085773,0,22.4796081690018,0,"chi","I",1000,100,0.5,0,0,0,FALSE,0,FALSE,0.5,"leave-d",200,0.5,1e+05,TRUE,794
10,0,0,0,24.1145243505343,11.8067013532785,36.4223473477901,20.8850014616504,-1.08670030849146,42.8567032317922,20.6765675085773,0,21.1615760347179,0,"chi","I",1000,100,0.5,0,0,0,FALSE,0,FALSE,0.5,"leave-d",200,0.5,1e+05,TRUE,794
10,0,0,0,24.1145243505343,11.8067013532785,36.4223473477901,7.39454060611601,-8.6815651240866,23.4706463363186,20.6765675085773,0,2.34927546075071,0,"chi","I",1000,100,0.5,0,0,0,FALSE,0,FALSE,0.5,"leave-d",200,0.5,1e+05,TRUE,794
10,0,0,0,24.1145243505343,11.8067013532785,36.4223473477901,11.7231169205753,-11.3675064228549,34.8137402640056,20.6765675085773,0,5.09085992191327,0,"chi","I",1000,100,0.5,0,0,0,FALSE,0,FALSE,0.5,"leave-d",200,0.5,1e+05,TRUE,794
10,0,0,0,24.1145243505343,11.8067013532785,36.4223473477901,10.4939992022183,-6.33770278786825,27.3257011923048,20.6765675085773,0,5.44387582767463,0,"chi","I",1000,100,0.5,0,0,0,FALSE,0,FALSE,0.5,"leave-d",200,0.5,1e+05,TRUE,794
10,0,0,0,24.1145243505343,11.8067013532785,36.4223473477901,29.0101714846956,9.02126722662762,48.9990757427636,20.6765675085773,0,20.0362009793104,0,"chi","I",1000,100,0.5,0,0,0,FALSE,0,FALSE,0.5,"leave-d",200,0.5,1e+05,TRUE,794
10,0,0,0,24.1145243505343,11.8067013532785,36.4223473477901,28.5822734807418,7.58196575475533,49.5825812067283,20.6765675085773,0,20.7926625470079,0,"chi","I",1000,100,0.5,0,0,0,FALSE,0,FALSE,0.5,"leave-d",200,0.5,1e+05,TRUE,794
10,0,0,0,24.1145243505343,11.8067013532785,36.4223473477901,25.4240430406787,3.10372896805759,47.7443571132997,20.6765675085773,0,20.5327537365582,0,"chi","I",1000,100,0.5,0,0,0,FALSE,0,FALSE,0.5,"leave-d",200,0.5,1e+05,TRUE,794
10,0,0,0,24.1145243505343,11.8067013532785,36.4223473477901,15.5947272360269,-7.61585421419093,38.8053086862447,20.6765675085773,0,19.5943017247744,0,"chi","I",1000,100,0.5,0,0,0,FALSE,0,FALSE,0.5,"leave-d",200,0.5,1e+05,TRUE,794
10,0,0,0,24.1145243505343,11.8067013532785,36.4223473477901,27.5484130497133,4.12812781591754,50.968698283509,20.6765675085773,0,24.4219294335582,0,"chi","I",1000,100,0.5,0,0,0,FALSE,0,FALSE,0.5,"leave-d",200,0.5,1e+05,TRUE,794
10,0,0,0,24.1145243505343,11.8067013532785,36.4223473477901,25.08470158944,3.25139007962384,46.9180130992563,20.6765675085773,0,22.5345934946125,0,"chi","I",1000,100,0.5,0,0,0,FALSE,0,FALSE,0.5,"leave-d",200,0.5,1e+05,TRUE,794
10,0,0,0,24.1145243505343,11.8067013532785,36.4223473477901,1.83702204193993,-18.5129342665658,22.1869783504456,20.6765675085773,0,0,0,"chi","I",1000,100,0.5,0,0,0,FALSE,0,FALSE,0.5,"leave-d",200,0.5,1e+05,TRUE,794
10,0,0,0,24.1145243505343,11.8067013532785,36.4223473477901,27.2730471878702,7.6133133578534,46.932781017887,20.6765675085773,0,19.6543433220575,0,"chi","I",1000,100,0.5,0,0,0,FALSE,0,FALSE,0.5,"leave-d",200,0.5,1e+05,TRUE,794
10,0,0,0,24.1145243505343,11.8067013532785,36.4223473477901,34.4667803595688,9.11340777478852,59.8201529443491,20.6765675085773,0,25.5318461709525,0,"chi","I",1000,100,0.5,0,0,0,FALSE,0,FALSE,0.5,"leave-d",200,0.5,1e+05,TRUE,794
10,0,0,0,24.1145243505343,11.8067013532785,36.4223473477901,15.017700765578,-9.73856332321394,39.77396485437,20.6765675085773,0,10.2424160137765,0,"chi","I",1000,100,0.5,0,0,0,FALSE,0,FALSE,0.5,"leave-d",200,0.5,1e+05,TRUE,794
10,0,0,0,24.1145243505343,11.8067013532785,36.4223473477901,62.3185302680194,36.4538608998753,88.1831996361636,20.6765675085773,0,24.2565602314567,0,"chi","I",1000,100,0.5,0,0,0,FALSE,0,FALSE,0.5,"leave-d",200,0.5,1e+05,TRUE,794
10,0,0,0,24.1145243505343,11.8067013532785,36.4223473477901,22.5572880983881,3.85025895513026,41.2643172416459,20.6765675085773,0,19.0080978942629,0,"chi","I",1000,100,0.5,0,0,0,FALSE,0,FALSE,0.5,"leave-d",200,0.5,1e+05,TRUE,794
10,0,0,0,24.1145243505343,11.8067013532785,36.4223473477901,29.339243163221,9.80737362650796,48.871112699934,20.6765675085773,0,19.0866251064142,0,"chi","I",1000,100,0.5,0,0,0,FALSE,0,FALSE,0.5,"leave-d",200,0.5,1e+05,TRUE,794
10,0,0,0,24.1145243505343,11.8067013532785,36.4223473477901,27.0422596459511,4.5572101973688,49.5273090945335,20.6765675085773,0,16.9485005262459,0,"chi","I",1000,100,0.5,0,0,0,FALSE,0,FALSE,0.5,"leave-d",200,0.5,1e+05,TRUE,794
10,0,0,0,24.1145243505343,11.8067013532785,36.4223473477901,24.2290584774098,2.07371394824708,46.3844030065725,20.6765675085773,0,20.2383859717632,0,"chi","I",1000,100,0.5,0,0,0,FALSE,0,FALSE,0.5,"leave-d",200,0.5,1e+05,TRUE,794
10,0,0,0,24.1145243505343,11.8067013532785,36.4223473477901,26.4886068142354,2.74192321655378,50.2352904119171,20.6765675085773,0,24.1023763168291,0,"chi","I",1000,100,0.5,0,0,0,FALSE,0,FALSE,0.5,"leave-d",200,0.5,1e+05,TRUE,794
10,0,0,0,24.1145243505343,11.8067013532785,36.4223473477901,-1.06925609661885,-19.3367494057515,17.1982372125138,20.6765675085773,0,0,0,"chi","I",1000,100,0.5,0,0,0,FALSE,0,FALSE,0.5,"leave-d",200,0.5,1e+05,TRUE,794
10,0,0,0,24.1145243505343,11.8067013532785,36.4223473477901,27.8864766365443,5.53698995228829,50.2359633208004,20.6765675085773,0,22.6267204203091,0,"chi","I",1000,100,0.5,0,0,0,FALSE,0,FALSE,0.5,"leave-d",200,0.5,1e+05,TRUE,794
10,0,0,0,24.1145243505343,11.8067013532785,36.4223473477901,25.6203040364314,2.99299014038832,48.2476179324746,20.6765675085773,0,22.7401304670841,0,"chi","I",1000,100,0.5,0,0,0,FALSE,0,FALSE,0.5,"leave-d",200,0.5,1e+05,TRUE,794
10,0,0,0,24.1145243505343,11.8067013532785,36.4223473477901,30.1236680207234,9.3227986836781,50.9245373577687,20.6765675085773,0,20.5758351517117,0,"chi","I",1000,100,0.5,0,0,0,FALSE,0,FALSE,0.5,"leave-d",200,0.5,1e+05,TRUE,794
10,0,0,0,24.1145243505343,11.8067013532785,36.4223473477901,6.33975298263692,-14.1248795978285,26.8043855631024,20.6765675085773,0,0,0,"chi","I",1000,100,0.5,0,0,0,FALSE,0,FALSE,0.5,"leave-d",200,0.5,1e+05,TRUE,794
10,0,0,0,24.1145243505343,11.8067013532785,36.4223473477901,3.58820153345432,-17.6050488693416,24.7814519362502,20.6765675085773,0,0,0,"chi","I",1000,100,0.5,0,0,0,FALSE,0,FALSE,0.5,"leave-d",200,0.5,1e+05,TRUE,794
10,0,0,0,24.1145243505343,11.8067013532785,36.4223473477901,23.1551430046487,4.1264625793081,42.1838234299893,20.6765675085773,0,17.7831971339634,0,"chi","I",1000,100,0.5,0,0,0,FALSE,0,FALSE,0.5,"leave-d",200,0.5,1e+05,TRUE,794
10,0,0,0,24.1145243505343,11.8067013532785,36.4223473477901,26.9834074256273,1.73678183509148,52.230033016163,20.6765675085773,0,25.5171998289003,0,"chi","I",1000,100,0.5,0,0,0,FALSE,0,FALSE,0.5,"leave-d",200,0.5,1e+05,TRUE,794
10,0,0,0,24.1145243505343,11.8067013532785,36.4223473477901,28.9468971231082,8.99894218415415,48.8948520620623,20.6765675085773,0,20.3038278678488,0,"chi","I",1000,100,0.5,0,0,0,FALSE,0,FALSE,0.5,"leave-d",200,0.5,1e+05,TRUE,794
10,0,0,0,24.1145243505343,11.8067013532785,36.4223473477901,23.7407622837701,1.3856089599306,46.0959156076096,20.6765675085773,0,20.4474508439922,0,"chi","I",1000,100,0.5,0,0,0,FALSE,0,FALSE,0.5,"leave-d",200,0.5,1e+05,TRUE,794
10,0,0,0,24.1145243505343,11.8067013532785,36.4223473477901,10.3576980068188,-6.92695401478719,27.6423500284249,20.6765675085773,0,12.7575575363257,0,"chi","I",1000,100,0.5,0,0,0,FALSE,0,FALSE,0.5,"leave-d",200,0.5,1e+05,TRUE,794
10,0,0,0,24.1145243505343,11.8067013532785,36.4223473477901,20.0792768908003,-1.0332220316827,41.1917758132832,20.6765675085773,0,16.0950728431256,0,"chi","I",1000,100,0.5,0,0,0,FALSE,0,FALSE,0.5,"leave-d",200,0.5,1e+05,TRUE,794
10,0,0,0,24.1145243505343,11.8067013532785,36.4223473477901,5.83631685867935,-17.0261849862613,28.69881870362,20.6765675085773,0,0,0,"chi","I",1000,100,0.5,0,0,0,FALSE,0,FALSE,0.5,"leave-d",200,0.5,1e+05,TRUE,794
10,0,0,0,24.1145243505343,11.8067013532785,36.4223473477901,17.8966258367494,-5.64729746262108,41.4405491361198,20.6765675085773,0,12.310091125864,0,"chi","I",1000,100,0.5,0,0,0,FALSE,0,FALSE,0.5,"leave-d",200,0.5,1e+05,TRUE,794
10,0,0,0,24.1145243505343,11.8067013532785,36.4223473477901,44.4067752860066,20.1595949730946,68.6539555989186,20.6765675085773,0,23.8753117878656,0,"chi","I",1000,100,0.5,0,0,0,FALSE,0,FALSE,0.5,"leave-d",200,0.5,1e+05,TRUE,794
10,0,0,0,24.1145243505343,11.8067013532785,36.4223473477901,17.1687566662095,-5.46743649460445,39.8049498270234,20.6765675085773,0,20.9403035330318,0,"chi","I",1000,100,0.5,0,0,0,FALSE,0,FALSE,0.5,"leave-d",200,0.5,1e+05,TRUE,794
10,0,0,0,24.1145243505343,11.8067013532785,36.4223473477901,12.7585062172346,-4.1700607112027,29.6870731456719,20.6765675085773,0,14.0222346310307,0,"chi","I",1000,100,0.5,0,0,0,FALSE,0,FALSE,0.5,"leave-d",200,0.5,1e+05,TRUE,794
10,0,0,0,24.1145243505343,11.8067013532785,36.4223473477901,31.3578917957551,13.9042539147108,48.8115296767994,20.6765675085773,0,17.2299317543438,0,"chi","I",1000,100,0.5,0,0,0,FALSE,0,FALSE,0.5,"leave-d",200,0.5,1e+05,TRUE,794
10,0,0,0,24.1145243505343,11.8067013532785,36.4223473477901,27.0491230948659,2.60168717866633,51.4965590110655,20.6765675085773,0,21.1548706150269,0,"chi","I",1000,100,0.5,0,0,0,FALSE,0,FALSE,0.5,"leave-d",200,0.5,1e+05,TRUE,794
10,0,0,0,24.1145243505343,11.8067013532785,36.4223473477901,35.2698501930468,10.8696534363735,59.6700469497201,20.6765675085773,0,25.174671123993,0,"chi","I",1000,100,0.5,0,0,0,FALSE,0,FALSE,0.5,"leave-d",200,0.5,1e+05,TRUE,794
10,0,0,0,24.1145243505343,11.8067013532785,36.4223473477901,22.9264391234704,-1.04499027674086,46.8978685236816,20.6765675085773,0,24.3771004107869,0,"chi","I",1000,100,0.5,0,0,0,FALSE,0,FALSE,0.5,"leave-d",200,0.5,1e+05,TRUE,794
10,0,0,0,24.1145243505343,11.8067013532785,36.4223473477901,18.1912703656684,-1.98613285407758,38.3686735854144,20.6765675085773,0,20.7152340125103,0,"chi","I",1000,100,0.5,0,0,0,FALSE,0,FALSE,0.5,"leave-d",200,0.5,1e+05,TRUE,794
10,0,0,0,24.1145243505343,11.8067013532785,36.4223473477901,43.2633444996645,18.4106284637718,68.1160605355572,20.6765675085773,0,24.4741775749521,0,"chi","I",1000,100,0.5,0,0,0,FALSE,0,FALSE,0.5,"leave-d",200,0.5,1e+05,TRUE,794
10,0,0,0,24.1145243505343,11.8067013532785,36.4223473477901,49.3020313056287,26.055203913406,72.5488586978515,20.6765675085773,0,22.3359832905831,0,"chi","I",1000,100,0.5,0,0,0,FALSE,0,FALSE,0.5,"leave-d",200,0.5,1e+05,TRUE,794
10,0,0,0,24.1145243505343,11.8067013532785,36.4223473477901,24.0111233575078,4.76756043702232,43.2546862779932,20.6765675085773,0,19.3553455422503,0,"chi","I",1000,100,0.5,0,0,0,FALSE,0,FALSE,0.5,"leave-d",200,0.5,1e+05,TRUE,794
10,0,0,0,24.1145243505343,11.8067013532785,36.4223473477901,29.7470312197069,4.30394236853836,55.1901200708755,20.6765675085773,0,25.8678093804847,0,"chi","I",1000,100,0.5,0,0,0,FALSE,0,FALSE,0.5,"leave-d",200,0.5,1e+05,TRUE,794
10,0,0,0,24.1145243505343,11.8067013532785,36.4223473477901,40.8738203030382,21.028500647568,60.7191399585084,20.6765675085773,0,18.9959351469565,0,"chi","I",1000,100,0.5,0,0,0,FALSE,0,FALSE,0.5,"leave-d",200,0.5,1e+05,TRUE,794
10,0,0,0,24.1145243505343,11.8067013532785,36.4223473477901,58.6939642890445,33.4211129480553,83.9668156300337,20.6765675085773,0,23.9769219674405,0,"chi","I",1000,100,0.5,0,0,0,FALSE,0,FALSE,0.5,"leave-d",200,0.5,1e+05,TRUE,794
10,0,0,0,24.1145243505343,11.8067013532785,36.4223473477901,4.61801275383982,-15.8499996298479,25.0860251375276,20.6765675085773,0,0,0,"chi","I",1000,100,0.5,0,0,0,FALSE,0,FALSE,0.5,"leave-d",200,0.5,1e+05,TRUE,794
10,0,0,0,24.1145243505343,11.8067013532785,36.4223473477901,11.1995457972418,-6.53911781185494,28.9382094063385,20.6765675085773,0,7.76543454051191,0,"chi","I",1000,100,0.5,0,0,0,FALSE,0,FALSE,0.5,"leave-d",200,0.5,1e+05,TRUE,794
10,0,0,0,24.1145243505343,11.8067013532785,36.4223473477901,34.9953062749746,13.5619267931098,56.4286857568394,20.6765675085773,0,21.0435157642417,0,"chi","I",1000,100,0.5,0,0,0,FALSE,0,FALSE,0.5,"leave-d",200,0.5,1e+05,TRUE,794
10,0,0,0,24.1145243505343,11.8067013532785,36.4223473477901,11.6122912742295,-11.4364804993336,34.6610630477926,20.6765675085773,0,8.00300644342626,0,"chi","I",1000,100,0.5,0,0,0,FALSE,0,FALSE,0.5,"leave-d",200,0.5,1e+05,TRUE,794
10,0,0,0,24.1145243505343,11.8067013532785,36.4223473477901,44.379373581962,19.491216886391,69.2675302775331,20.6765675085773,0,23.9587240616045,0,"chi","I",1000,100,0.5,0,0,0,FALSE,0,FALSE,0.5,"leave-d",200,0.5,1e+05,TRUE,794
10,0,0,0,24.1145243505343,11.8067013532785,36.4223473477901,4.29016456602692,-13.0521578163316,21.6324869483854,20.6765675085773,0,0,0,"chi","I",1000,100,0.5,0,0,0,FALSE,0,FALSE,0.5,"leave-d",200,0.5,1e+05,TRUE,794
10,0,0,0,24.1145243505343,11.8067013532785,36.4223473477901,24.9991545239563,1.77732049730005,48.2209885506126,20.6765675085773,0,23.119436994575,0,"chi","I",1000,100,0.5,0,0,0,FALSE,0,FALSE,0.5,"leave-d",200,0.5,1e+05,TRUE,794
10,0,0,0,24.1145243505343,11.8067013532785,36.4223473477901,6.21202183184953,-13.4338546469055,25.8578983106046,20.6765675085773,0,0.0236452952882683,0,"chi","I",1000,100,0.5,0,0,0,FALSE,0,FALSE,0.5,"leave-d",200,0.5,1e+05,TRUE,794
10,0,0,0,24.1145243505343,11.8067013532785,36.4223473477901,19.3645794764246,-1.52553217247356,40.2546911253227,20.6765675085773,0,13.2618865405854,0,"chi","I",1000,100,0.5,0,0,0,FALSE,0,FALSE,0.5,"leave-d",200,0.5,1e+05,TRUE,794
10,0,0,0,24.1145243505343,11.8067013532785,36.4223473477901,5.63472216104642,-13.4225588832922,24.692003205385,20.6765675085773,0,0,0,"chi","I",1000,100,0.5,0,0,0,FALSE,0,FALSE,0.5,"leave-d",200,0.5,1e+05,TRUE,794
10,0,0,0,24.1145243505343,11.8067013532785,36.4223473477901,15.3705098911327,-11.1029891419121,41.8440089241776,20.6765675085773,0,9.26584854295761,0,"chi","I",1000,100,0.5,0,0,0,FALSE,0,FALSE,0.5,"leave-d",200,0.5,1e+05,TRUE,794
10,0,0,0,24.1145243505343,11.8067013532785,36.4223473477901,6.95557363997156,-14.2412807014296,28.1524279813727,20.6765675085773,0,0.840260844641046,0,"chi","I",1000,100,0.5,0,0,0,FALSE,0,FALSE,0.5,"leave-d",200,0.5,1e+05,TRUE,794
10,0,0,0,24.1145243505343,11.8067013532785,36.4223473477901,26.6116367544974,2.42724512017389,50.7960283888209,20.6765675085773,0,24.5503669498858,0,"chi","I",1000,100,0.5,0,0,0,FALSE,0,FALSE,0.5,"leave-d",200,0.5,1e+05,TRUE,794
10,0,0,0,24.1145243505343,11.8067013532785,36.4223473477901,26.5323081805806,2.65488767087972,50.4097286902815,20.6765675085773,0,24.6674168342877,0,"chi","I",1000,100,0.5,0,0,0,FALSE,0,FALSE,0.5,"leave-d",200,0.5,1e+05,TRUE,794
10,0,0,0,24.1145243505343,11.8067013532785,36.4223473477901,23.1133687644558,7.5033051712953,38.7234323576163,20.6765675085773,0,16.0726236989307,0,"chi","I",1000,100,0.5,0,0,0,FALSE,0,FALSE,0.5,"leave-d",200,0.5,1e+05,TRUE,794
10,0,0,0,24.1145243505343,11.8067013532785,36.4223473477901,36.5867941403223,13.1852335119713,59.9883547686733,20.6765675085773,0,23.1112635292297,0,"chi","I",1000,100,0.5,0,0,0,FALSE,0,FALSE,0.5,"leave-d",200,0.5,1e+05,TRUE,794
10,0,0,0,24.1145243505343,11.8067013532785,36.4223473477901,28.7085790249266,8.43826981968364,48.9788882301695,20.6765675085773,0,20.5657724827581,0,"chi","I",1000,100,0.5,0,0,0,FALSE,0,FALSE,0.5,"leave-d",200,0.5,1e+05,TRUE,794
10,0,0,0,24.1145243505343,11.8067013532785,36.4223473477901,23.7896285379681,6.10179783985897,41.4774592360773,20.6765675085773,0,4.89167610378831,0,"chi","I",1000,100,0.5,0,0,0,FALSE,0,FALSE,0.5,"leave-d",200,0.5,1e+05,TRUE,794
10,0,0,0,24.1145243505343,11.8067013532785,36.4223473477901,29.6463254601611,10.988577425015,48.3040734953072,20.6765675085773,0,18.4611896339039,0,"chi","I",1000,100,0.5,0,0,0,FALSE,0,FALSE,0.5,"leave-d",200,0.5,1e+05,TRUE,794
10,0,0,0,24.1145243505343,11.8067013532785,36.4223473477901,33.9154265574832,12.8476763123107,54.9831768026556,20.6765675085773,0,20.7421821166023,0,"chi","I",1000,100,0.5,0,0,0,FALSE,0,FALSE,0.5,"leave-d",200,0.5,1e+05,TRUE,794
10,0,0,0,24.1145243505343,11.8067013532785,36.4223473477901,13.9899452609999,-5.86940635535331,33.8492968773531,20.6765675085773,0,10.598404227413,0,"chi","I",1000,100,0.5,0,0,0,FALSE,0,FALSE,0.5,"leave-d",200,0.5,1e+05,TRUE,794
10,0,0,0,24.1145243505343,11.8067013532785,36.4223473477901,33.2481306952926,17.0080072219924,49.4882541685928,20.6765675085773,0,15.5331133268022,0,"chi","I",1000,100,0.5,0,0,0,FALSE,0,FALSE,0.5,"leave-d",200,0.5,1e+05,TRUE,794
10,0,0,0,24.1145243505343,11.8067013532785,36.4223473477901,29.8303951718904,4.1153072498614,55.5454830939195,20.6765675085773,0,22.8380746633921,0,"chi","I",1000,100,0.5,0,0,0,FALSE,0,FALSE,0.5,"leave-d",200,0.5,1e+05,TRUE,794
10,0,0,0,24.1145243505343,11.8067013532785,36.4223473477901,45.9938198721972,22.4311100254831,69.5565297189112,20.6765675085773,0,22.4868048323779,0,"chi","I",1000,100,0.5,0,0,0,FALSE,0,FALSE,0.5,"leave-d",200,0.5,1e+05,TRUE,794
10,0,0,0,24.1145243505343,11.8067013532785,36.4223473477901,10.3752250316811,-10.2170979898993,30.9675480532614,20.6765675085773,0,6.38097140095766,0,"chi","I",1000,100,0.5,0,0,0,FALSE,0,FALSE,0.5,"leave-d",200,0.5,1e+05,TRUE,794
10,0,0,0,24.1145243505343,11.8067013532785,36.4223473477901,39.6854337769738,19.4058414166835,59.9650261372641,20.6765675085773,0,18.8885457075439,0,"chi","I",1000,100,0.5,0,0,0,FALSE,0,FALSE,0.5,"leave-d",200,0.5,1e+05,TRUE,794
10,0,0,0,24.1145243505343,11.8067013532785,36.4223473477901,32.1267906413479,9.92397013082669,54.329611151869,20.6765675085773,0,22.0015239136306,0,"chi","I",1000,100,0.5,0,0,0,FALSE,0,FALSE,0.5,"leave-d",200,0.5,1e+05,TRUE,794
10,0,0,0,24.1145243505343,11.8067013532785,36.4223473477901,-0.287190464171751,-18.5976885442766,18.0233076159331,20.6765675085773,0,0,0,"chi","I",1000,100,0.5,0,0,0,FALSE,0,FALSE,0.5,"leave-d",200,0.5,1e+05,TRUE,794
10,0,0,0,24.1145243505343,11.8067013532785,36.4223473477901,24.8616164790758,4.32119399692963,45.402038961222,20.6765675085773,0,20.5957517330067,0,"chi","I",1000,100,0.5,0,0,0,FALSE,0,FALSE,0.5,"leave-d",200,0.5,1e+05,TRUE,794
10,0,0,0,24.1145243505343,11.8067013532785,36.4223473477901,25.3856925287257,5.98901935920866,44.7823656982427,20.6765675085773,0,19.2252751900657,0,"chi","I",1000,100,0.5,0,0,0,FALSE,0,FALSE,0.5,"leave-d",200,0.5,1e+05,TRUE,794
10,0,0,0,24.1145243505343,11.8067013532785,36.4223473477901,29.4432627814835,9.02868526671703,49.85784029625,20.6765675085773,0,20.8361068428086,0,"chi","I",1000,100,0.5,0,0,0,FALSE,0,FALSE,0.5,"leave-d",200,0.5,1e+05,TRUE,794
10,0,0,0,24.1145243505343,11.8067013532785,36.4223473477901,28.3183735758051,5.71889095791346,50.9178561936968,20.6765675085773,0,19.4722840418038,0,"chi","I",1000,100,0.5,0,0,0,FALSE,0,FALSE,0.5,"leave-d",200,0.5,1e+05,TRUE,794
10,0,0,0,24.1145243505343,11.8067013532785,36.4223473477901,30.6108470257175,13.1890455514619,48.0326484999731,20.6765675085773,0,16.7301765554956,0,"chi","I",1000,100,0.5,0,0,0,FALSE,0,FALSE,0.5,"leave-d",200,0.5,1e+05,TRUE,794
10,0,0,0,24.1145243505343,11.8067013532785,36.4223473477901,19.5601332757448,0.445466700446104,38.6747998510434,20.6765675085773,0,17.9259691451332,0,"chi","I",1000,100,0.5,0,0,0,FALSE,0,FALSE,0.5,"leave-d",200,0.5,1e+05,TRUE,794
10,0,0,0,24.1145243505343,11.8067013532785,36.4223473477901,21.1640732593302,0.459691694423995,41.8684548242364,20.6765675085773,0,14.4078171075295,0,"chi","I",1000,100,0.5,0,0,0,FALSE,0,FALSE,0.5,"leave-d",200,0.5,1e+05,TRUE,794
10,0,0,0,24.1145243505343,11.8067013532785,36.4223473477901,31.3467543769223,10.4052991771867,52.288209576658,20.6765675085773,0,21.206639345401,0,"chi","I",1000,100,0.5,0,0,0,FALSE,0,FALSE,0.5,"leave-d",200,0.5,1e+05,TRUE,794
10,0,0,0,24.1145243505343,11.8067013532785,36.4223473477901,35.9549304446387,15.040058235864,56.8698026534134,20.6765675085773,0,20.8505070391826,0,"chi","I",1000,100,0.5,0,0,0,FALSE,0,FALSE,0.5,"leave-d",200,0.5,1e+05,TRUE,794
10,0,0,0,24.1145243505343,11.8067013532785,36.4223473477901,8.8154656489272,-10.8509061812787,28.4818374791331,20.6765675085773,0,4.40408875842259,0,"chi","I",1000,100,0.5,0,0,0,FALSE,0,FALSE,0.5,"leave-d",200,0.5,1e+05,TRUE,794
10,0,0,0,24.1145243505343,11.8067013532785,36.4223473477901,9.11089368323797,-8.06571437917862,26.2875017456546,20.6765675085773,0,9.87807988115668,0,"chi","I",1000,100,0.5,0,0,0,FALSE,0,FALSE,0.5,"leave-d",200,0.5,1e+05,TRUE,794
10,0,0,0,24.1145243505343,11.8067013532785,36.4223473477901,25.2900060016239,9.36280029339913,41.2172117098487,20.6765675085773,0,16.0631274536238,0,"chi","I",1000,100,0.5,0,0,0,FALSE,0,FALSE,0.5,"leave-d",200,0.5,1e+05,TRUE,794
10,0,0,0,24.1145243505343,11.8067013532785,36.4223473477901,24.8452045590804,4.97316591461261,44.7172432035481,20.6765675085773,0,19.7092343424518,0,"chi","I",1000,100,0.5,0,0,0,FALSE,0,FALSE,0.5,"leave-d",200,0.5,1e+05,TRUE,794
10,0,0,0,24.1145243505343,11.8067013532785,36.4223473477901,54.4191987237124,29.520066689301,79.3183307581239,20.6765675085773,0,23.4819838087734,0,"chi","I",1000,100,0.5,0,0,0,FALSE,0,FALSE,0.5,"leave-d",200,0.5,1e+05,TRUE,794
10,0,0,0,24.1145243505343,11.8067013532785,36.4223473477901,20.5261446308124,1.70438285681576,39.347906404809,20.6765675085773,0,18.221424700724,0,"chi","I",1000,100,0.5,0,0,0,FALSE,0,FALSE,0.5,"leave-d",200,0.5,1e+05,TRUE,794
10,0,0,0,24.1145243505343,11.8067013532785,36.4223473477901,28.9963563450307,8.38339859750037,49.6093140925611,20.6765675085773,0,20.3952247424505,0,"chi","I",1000,100,0.5,0,0,0,FALSE,0,FALSE,0.5,"leave-d",200,0.5,1e+05,TRUE,794
10,0,0,0,24.1145243505343,11.8067013532785,36.4223473477901,5.07874526063825,-12.9936210247199,23.1511115459964,20.6765675085773,0,0,0,"chi","I",1000,100,0.5,0,0,0,FALSE,0,FALSE,0.5,"leave-d",200,0.5,1e+05,TRUE,794
10,0,0,0,24.1145243505343,11.8067013532785,36.4223473477901,21.7732337221382,2.05885870694091,41.4876087373355,20.6765675085773,0,18.6574354163406,0,"chi","I",1000,100,0.5,0,0,0,FALSE,0,FALSE,0.5,"leave-d",200,0.5,1e+05,TRUE,794
10,0,0,0,24.1145243505343,11.8067013532785,36.4223473477901,6.73971105955012,-12.7047949453265,26.1842170644268,20.6765675085773,0,1.91685641102124,0,"chi","I",1000,100,0.5,0,0,0,FALSE,0,FALSE,0.5,"leave-d",200,0.5,1e+05,TRUE,794
10,0,0,0,24.1145243505343,11.8067013532785,36.4223473477901,16.8304214719451,-3.31640173950714,36.9772446833973,20.6765675085773,0,9.23606999397459,0,"chi","I",1000,100,0.5,0,0,0,FALSE,0,FALSE,0.5,"leave-d",200,0.5,1e+05,TRUE,794
10,0,0,0,24.1145243505343,11.8067013532785,36.4223473477901,21.7135233055928,-0.379711930592013,43.8067585417777,20.6765675085773,0,17.804331548805,0,"chi","I",1000,100,0.5,0,0,0,FALSE,0,FALSE,0.5,"leave-d",200,0.5,1e+05,TRUE,794
10,0,0,0,24.1145243505343,11.8067013532785,36.4223473477901,5.54263459816456,-12.3909229780543,23.4761921743834,20.6765675085773,0,0.0982982493882551,0,"chi","I",1000,100,0.5,0,0,0,FALSE,0,FALSE,0.5,"leave-d",200,0.5,1e+05,TRUE,794
10,0,0,0,24.1145243505343,11.8067013532785,36.4223473477901,26.4375517008858,2.67358186897919,50.2015215327924,20.6765675085773,0,20.795349079497,0,"chi","I",1000,100,0.5,0,0,0,FALSE,0,FALSE,0.5,"leave-d",200,0.5,1e+05,TRUE,794
10,0,0,0,24.1145243505343,11.8067013532785,36.4223473477901,16.8809336837507,-4.54593716561875,38.3078045331201,20.6765675085773,0,15.4583849486183,0,"chi","I",1000,100,0.5,0,0,0,FALSE,0,FALSE,0.5,"leave-d",200,0.5,1e+05,TRUE,794
10,0,0,0,24.1145243505343,11.8067013532785,36.4223473477901,18.9855919927648,3.531875394722,34.4393085908077,20.6765675085773,0,15.281664094382,0,"chi","I",1000,100,0.5,0,0,0,FALSE,0,FALSE,0.5,"leave-d",200,0.5,1e+05,TRUE,794
10,0,0,0,24.1145243505343,11.8067013532785,36.4223473477901,29.2916847585248,6.92539275614125,51.6579767609084,20.6765675085773,0,22.2585726656221,0,"chi","I",1000,100,0.5,0,0,0,FALSE,0,FALSE,0.5,"leave-d",200,0.5,1e+05,TRUE,794
10,0,0,0,24.1145243505343,11.8067013532785,36.4223473477901,28.9141399981904,9.6256136311946,48.2026663651862,20.6765675085773,0,19.0572594014475,0,"chi","I",1000,100,0.5,0,0,0,FALSE,0,FALSE,0.5,"leave-d",200,0.5,1e+05,TRUE,794
10,0,0,0,24.1145243505343,11.8067013532785,36.4223473477901,29.2994518785327,7.1026079417008,51.4962958153646,20.6765675085773,0,22.0430769547311,0,"chi","I",1000,100,0.5,0,0,0,FALSE,0,FALSE,0.5,"leave-d",200,0.5,1e+05,TRUE,794
10,0,0,0,24.1145243505343,11.8067013532785,36.4223473477901,43.46459183517,21.0256977870042,65.9034858833358,20.6765675085773,0,22.5546584479015,0,"chi","I",1000,100,0.5,0,0,0,FALSE,0,FALSE,0.5,"leave-d",200,0.5,1e+05,TRUE,794
10,0,0,0,24.1145243505343,11.8067013532785,36.4223473477901,3.32079238968482,-12.3517719189649,18.9933566983346,20.6765675085773,0,0,0,"chi","I",1000,100,0.5,0,0,0,FALSE,0,FALSE,0.5,"leave-d",200,0.5,1e+05,TRUE,794
10,0,0,0,24.1145243505343,11.8067013532785,36.4223473477901,34.5984278820817,8.89719992932416,60.2996558348391,20.6765675085773,0,25.397390425872,0,"chi","I",1000,100,0.5,0,0,0,FALSE,0,FALSE,0.5,"leave-d",200,0.5,1e+05,TRUE,794
10,0,0,0,24.1145243505343,11.8067013532785,36.4223473477901,25.9581463482338,6.44563490766622,45.4706577888014,20.6765675085773,0,19.1341036970215,0,"chi","I",1000,100,0.5,0,0,0,FALSE,0,FALSE,0.5,"leave-d",200,0.5,1e+05,TRUE,794
10,0,0,0,24.1145243505343,11.8067013532785,36.4223473477901,25.5932751934964,7.49857464609689,43.6879757408959,20.6765675085773,0,17.7164905719378,0,"chi","I",1000,100,0.5,0,0,0,FALSE,0,FALSE,0.5,"leave-d",200,0.5,1e+05,TRUE,794
10,0,0,0,24.1145243505343,11.8067013532785,36.4223473477901,31.4926703786256,10.0376338808662,52.947706876385,20.6765675085773,0,22.0755367590994,0,"chi","I",1000,100,0.5,0,0,0,FALSE,0,FALSE,0.5,"leave-d",200,0.5,1e+05,TRUE,794
10,0,0,0,24.1145243505343,11.8067013532785,36.4223473477901,34.4669655052967,14.8503598198236,54.0835711907698,20.6765675085773,0,19.0147308142278,0,"chi","I",1000,100,0.5,0,0,0,FALSE,0,FALSE,0.5,"leave-d",200,0.5,1e+05,TRUE,794
10,0,0,0,24.1145243505343,11.8067013532785,36.4223473477901,13.1804040766372,-3.17604651562304,29.5368546688975,20.6765675085773,0,17.0609486729224,0,"chi","I",1000,100,0.5,0,0,0,FALSE,0,FALSE,0.5,"leave-d",200,0.5,1e+05,TRUE,794
10,0,0,0,24.1145243505343,11.8067013532785,36.4223473477901,36.7114729371064,14.6636432841015,58.7593025901114,20.6765675085773,0,22.3576403254967,0,"chi","I",1000,100,0.5,0,0,0,FALSE,0,FALSE,0.5,"leave-d",200,0.5,1e+05,TRUE,794
10,0,0,0,24.1145243505343,11.8067013532785,36.4223473477901,27.1333306381138,0.845538232130085,53.4211230440975,20.6765675085773,0,25.1285373474587,0,"chi","I",1000,100,0.5,0,0,0,FALSE,0,FALSE,0.5,"leave-d",200,0.5,1e+05,TRUE,794
10,0,0,0,24.1145243505343,11.8067013532785,36.4223473477901,64.9350987941122,39.0765851300045,90.79361245822,20.6765675085773,0,24.5648217821073,0,"chi","I",1000,100,0.5,0,0,0,FALSE,0,FALSE,0.5,"leave-d",200,0.5,1e+05,TRUE,794
10,0,0,0,24.1145243505343,11.8067013532785,36.4223473477901,18.5142281482023,0.232002099581347,36.7964541968233,20.6765675085773,0,14.5705833100458,0,"chi","I",1000,100,0.5,0,0,0,FALSE,0,FALSE,0.5,"leave-d",200,0.5,1e+05,TRUE,794
10,0,0,0,24.1145243505343,11.8067013532785,36.4223473477901,10.4482112286266,-7.40798734311497,28.3044098003682,20.6765675085773,0,8.42487058235421,0,"chi","I",1000,100,0.5,0,0,0,FALSE,0,FALSE,0.5,"leave-d",200,0.5,1e+05,TRUE,794
10,0,0,0,24.1145243505343,11.8067013532785,36.4223473477901,28.8705557368851,7.02482219798454,50.7162892757856,20.6765675085773,0,22.2312192446849,0,"chi","I",1000,100,0.5,0,0,0,FALSE,0,FALSE,0.5,"leave-d",200,0.5,1e+05,TRUE,794
10,0,0,0,24.1145243505343,11.8067013532785,36.4223473477901,33.5202511185421,8.42918114230898,58.6113210947751,20.6765675085773,0,25.9379689718214,0,"chi","I",1000,100,0.5,0,0,0,FALSE,0,FALSE,0.5,"leave-d",200,0.5,1e+05,TRUE,794
10,0,0,0,24.1145243505343,11.8067013532785,36.4223473477901,10.4614147573572,-12.0342055770378,32.9570350917523,20.6765675085773,0,4.2200352407836,0,"chi","I",1000,100,0.5,0,0,0,FALSE,0,FALSE,0.5,"leave-d",200,0.5,1e+05,TRUE,794
10,0,0,0,24.1145243505343,11.8067013532785,36.4223473477901,18.3098115315084,0.910392921404142,35.7092301416127,20.6765675085773,0,15.5162627127479,0,"chi","I",1000,100,0.5,0,0,0,FALSE,0,FALSE,0.5,"leave-d",200,0.5,1e+05,TRUE,794
10,0,0,0,24.1145243505343,11.8067013532785,36.4223473477901,9.45287230313323,-12.0522270250126,30.957971631279,20.6765675085773,0,8.50294658740662,0,"chi","I",1000,100,0.5,0,0,0,FALSE,0,FALSE,0.5,"leave-d",200,0.5,1e+05,TRUE,794
10,0,0,0,24.1145243505343,11.8067013532785,36.4223473477901,32.7298655384037,11.1789944161069,54.2807366607004,20.6765675085773,0,19.4497633677596,0,"chi","I",1000,100,0.5,0,0,0,FALSE,0,FALSE,0.5,"leave-d",200,0.5,1e+05,TRUE,794
10,0,0,0,24.1145243505343,11.8067013532785,36.4223473477901,14.5097846610919,-4.4213294508682,33.440898773052,20.6765675085773,0,12.5004579268747,0,"chi","I",1000,100,0.5,0,0,0,FALSE,0,FALSE,0.5,"leave-d",200,0.5,1e+05,TRUE,794
10,0,0,0,24.1145243505343,11.8067013532785,36.4223473477901,24.7025067414696,3.98303400888567,45.4219794740536,20.6765675085773,0,21.4564817147363,0,"chi","I",1000,100,0.5,0,0,0,FALSE,0,FALSE,0.5,"leave-d",200,0.5,1e+05,TRUE,794
10,0,0,0,24.1145243505343,11.8067013532785,36.4223473477901,9.96428905343107,-10.9208465958254,30.8494247026875,20.6765675085773,0,5.79814845772209,0,"chi","I",1000,100,0.5,0,0,0,FALSE,0,FALSE,0.5,"leave-d",200,0.5,1e+05,TRUE,794
10,0,0,0,24.1145243505343,11.8067013532785,36.4223473477901,8.14421479746532,-10.9292605389174,27.2176901338481,20.6765675085773,0,2.42253224683977,0,"chi","I",1000,100,0.5,0,0,0,FALSE,0,FALSE,0.5,"leave-d",200,0.5,1e+05,TRUE,794
10,0,0,0,24.1145243505343,11.8067013532785,36.4223473477901,30.7976368033697,8.52645391142891,53.0688196953105,20.6765675085773,0,21.766200446285,0,"chi","I",1000,100,0.5,0,0,0,FALSE,0,FALSE,0.5,"leave-d",200,0.5,1e+05,TRUE,794
10,0,0,0,24.1145243505343,11.8067013532785,36.4223473477901,27.1256814868209,8.32895634760212,45.9224066260397,20.6765675085773,0,18.9066910337453,0,"chi","I",1000,100,0.5,0,0,0,FALSE,0,FALSE,0.5,"leave-d",200,0.5,1e+05,TRUE,794
10,0,0,0,24.1145243505343,11.8067013532785,36.4223473477901,37.7607465248249,18.2756024889285,57.2458905607214,20.6765675085773,0,19.5070429530943,0,"chi","I",1000,100,0.5,0,0,0,FALSE,0,FALSE,0.5,"leave-d",200,0.5,1e+05,TRUE,794
10,0,0,0,24.1145243505343,11.8067013532785,36.4223473477901,NA,NA,NA,20.6765675085773,0,20.8127980014297,0,"chi","I",1000,100,0.5,0,0,0,FALSE,0,FALSE,0.5,"leave-d",200,0.5,1e+05,TRUE,794
