"var_main_effect","var_inter_effect","cov_main_inter_effect","var_total_effect","EigenPrism_main","EigenPrism_CI1","EigenPrism_CI2","sub_EigenPrism_main","sub_EigenPrism_CI1","sub_EigenPrism_CI2","GCTA_main","GCTA_inter","sub_GCTA_main","sub_GCTA_inter","x_dist","structure","p","n","main_fixed_var","main_random_var","inter_fixed_var","inter_random_var","decor","interact","combine","pro","bs","n_sub","rho_e","emp_n","inter_std","i"
10,0,0,0,11.1211673054496,-0.215747510869978,22.4580821217691,7.72092608825691,-8.43798993059418,23.879842107108,9.96259317481206,0,6.54092985551982,0,"chi","I",1000,100,0.5,0,0,0,FALSE,0,FALSE,0.5,"leave-d",200,0.5,1e+05,TRUE,692
10,0,0,0,11.1211673054496,-0.215747510869978,22.4580821217691,8.92534620352147,-13.2403116356613,31.0910040427042,9.96259317481206,0,5.27344159047172,0,"chi","I",1000,100,0.5,0,0,0,FALSE,0,FALSE,0.5,"leave-d",200,0.5,1e+05,TRUE,692
10,0,0,0,11.1211673054496,-0.215747510869978,22.4580821217691,22.7751950467463,2.64695022613724,42.9034398673554,9.96259317481206,0,20.7132797524987,0,"chi","I",1000,100,0.5,0,0,0,FALSE,0,FALSE,0.5,"leave-d",200,0.5,1e+05,TRUE,692
10,0,0,0,11.1211673054496,-0.215747510869978,22.4580821217691,-6.91121443625896,-23.7964604968055,9.97403162428753,9.96259317481206,0,0,0,"chi","I",1000,100,0.5,0,0,0,FALSE,0,FALSE,0.5,"leave-d",200,0.5,1e+05,TRUE,692
10,0,0,0,11.1211673054496,-0.215747510869978,22.4580821217691,16.7640935016467,-10.0441314185022,43.5723184217957,9.96259317481206,0,15.1811773935778,0,"chi","I",1000,100,0.5,0,0,0,FALSE,0,FALSE,0.5,"leave-d",200,0.5,1e+05,TRUE,692
10,0,0,0,11.1211673054496,-0.215747510869978,22.4580821217691,-0.557890703277335,-15.6640748350058,14.5482934284512,9.96259317481206,0,0,0,"chi","I",1000,100,0.5,0,0,0,FALSE,0,FALSE,0.5,"leave-d",200,0.5,1e+05,TRUE,692
10,0,0,0,11.1211673054496,-0.215747510869978,22.4580821217691,7.00627527058548,-14.6875544011566,28.7001049423276,9.96259317481206,0,0.474593735396742,0,"chi","I",1000,100,0.5,0,0,0,FALSE,0,FALSE,0.5,"leave-d",200,0.5,1e+05,TRUE,692
10,0,0,0,11.1211673054496,-0.215747510869978,22.4580821217691,1.52593098361209,-16.7891456964142,19.8410076636384,9.96259317481206,0,0,0,"chi","I",1000,100,0.5,0,0,0,FALSE,0,FALSE,0.5,"leave-d",200,0.5,1e+05,TRUE,692
10,0,0,0,11.1211673054496,-0.215747510869978,22.4580821217691,18.6727483029394,-0.0519446840290563,37.397441289908,9.96259317481206,0,19.0951771263301,0,"chi","I",1000,100,0.5,0,0,0,FALSE,0,FALSE,0.5,"leave-d",200,0.5,1e+05,TRUE,692
10,0,0,0,11.1211673054496,-0.215747510869978,22.4580821217691,14.77092811593,-5.44912973690189,34.9909859687619,9.96259317481206,0,12.0698758666423,0,"chi","I",1000,100,0.5,0,0,0,FALSE,0,FALSE,0.5,"leave-d",200,0.5,1e+05,TRUE,692
10,0,0,0,11.1211673054496,-0.215747510869978,22.4580821217691,15.8702142934089,-7.17311399796735,38.9135425847851,9.96259317481206,0,12.6340402858185,0,"chi","I",1000,100,0.5,0,0,0,FALSE,0,FALSE,0.5,"leave-d",200,0.5,1e+05,TRUE,692
10,0,0,0,11.1211673054496,-0.215747510869978,22.4580821217691,6.62311394690072,-12.7992736515459,26.0455015453473,9.96259317481206,0,1.90287024889148,0,"chi","I",1000,100,0.5,0,0,0,FALSE,0,FALSE,0.5,"leave-d",200,0.5,1e+05,TRUE,692
10,0,0,0,11.1211673054496,-0.215747510869978,22.4580821217691,37.5045051006663,17.2297180260626,57.77929217527,9.96259317481206,0,18.7481252123207,0,"chi","I",1000,100,0.5,0,0,0,FALSE,0,FALSE,0.5,"leave-d",200,0.5,1e+05,TRUE,692
10,0,0,0,11.1211673054496,-0.215747510869978,22.4580821217691,27.7547886482845,8.32781051116455,47.1817667854045,9.96259317481206,0,19.2607708975545,0,"chi","I",1000,100,0.5,0,0,0,FALSE,0,FALSE,0.5,"leave-d",200,0.5,1e+05,TRUE,692
10,0,0,0,11.1211673054496,-0.215747510869978,22.4580821217691,-10.4426374479874,-26.4835558228776,5.59828092690282,9.96259317481206,0,0,0,"chi","I",1000,100,0.5,0,0,0,FALSE,0,FALSE,0.5,"leave-d",200,0.5,1e+05,TRUE,692
10,0,0,0,11.1211673054496,-0.215747510869978,22.4580821217691,32.6161464643938,9.06590172213174,56.1663912066558,9.96259317481206,0,23.268029400512,0,"chi","I",1000,100,0.5,0,0,0,FALSE,0,FALSE,0.5,"leave-d",200,0.5,1e+05,TRUE,692
10,0,0,0,11.1211673054496,-0.215747510869978,22.4580821217691,11.2956053288275,-6.09915762482255,28.6903682824775,9.96259317481206,0,16.2247856007664,0,"chi","I",1000,100,0.5,0,0,0,FALSE,0,FALSE,0.5,"leave-d",200,0.5,1e+05,TRUE,692
10,0,0,0,11.1211673054496,-0.215747510869978,22.4580821217691,22.7601675053398,6.32405340362096,39.1962816070586,9.96259317481206,0,16.5369913429883,0,"chi","I",1000,100,0.5,0,0,0,FALSE,0,FALSE,0.5,"leave-d",200,0.5,1e+05,TRUE,692
10,0,0,0,11.1211673054496,-0.215747510869978,22.4580821217691,36.2193086845304,14.2069227123507,58.2316946567101,9.96259317481206,0,21.7201498729401,0,"chi","I",1000,100,0.5,0,0,0,FALSE,0,FALSE,0.5,"leave-d",200,0.5,1e+05,TRUE,692
10,0,0,0,11.1211673054496,-0.215747510869978,22.4580821217691,33.7808841873285,16.7375809260552,50.8241874486018,9.96259317481206,0,16.5137316251547,0,"chi","I",1000,100,0.5,0,0,0,FALSE,0,FALSE,0.5,"leave-d",200,0.5,1e+05,TRUE,692
10,0,0,0,11.1211673054496,-0.215747510869978,22.4580821217691,10.4305497122324,-6.20203394049176,27.0631333649567,9.96259317481206,0,8.57384057463119,0,"chi","I",1000,100,0.5,0,0,0,FALSE,0,FALSE,0.5,"leave-d",200,0.5,1e+05,TRUE,692
10,0,0,0,11.1211673054496,-0.215747510869978,22.4580821217691,4.14620968899782,-11.5256046409603,19.818024018956,9.96259317481206,0,0,0,"chi","I",1000,100,0.5,0,0,0,FALSE,0,FALSE,0.5,"leave-d",200,0.5,1e+05,TRUE,692
10,0,0,0,11.1211673054496,-0.215747510869978,22.4580821217691,13.1894090407897,-4.89912254160995,31.2779406231894,9.96259317481206,0,9.41196776391462,0,"chi","I",1000,100,0.5,0,0,0,FALSE,0,FALSE,0.5,"leave-d",200,0.5,1e+05,TRUE,692
10,0,0,0,11.1211673054496,-0.215747510869978,22.4580821217691,4.47546486041865,-10.1352423735407,19.086172094378,9.96259317481206,0,0,0,"chi","I",1000,100,0.5,0,0,0,FALSE,0,FALSE,0.5,"leave-d",200,0.5,1e+05,TRUE,692
10,0,0,0,11.1211673054496,-0.215747510869978,22.4580821217691,13.6757233351911,-2.35617210060249,29.7076187709847,9.96259317481206,0,12.3072954466492,0,"chi","I",1000,100,0.5,0,0,0,FALSE,0,FALSE,0.5,"leave-d",200,0.5,1e+05,TRUE,692
10,0,0,0,11.1211673054496,-0.215747510869978,22.4580821217691,-4.86994349428905,-21.365128993534,11.6252420049559,9.96259317481206,0,0,0,"chi","I",1000,100,0.5,0,0,0,FALSE,0,FALSE,0.5,"leave-d",200,0.5,1e+05,TRUE,692
10,0,0,0,11.1211673054496,-0.215747510869978,22.4580821217691,5.88514840968575,-12.8126811362418,24.5829779556133,9.96259317481206,0,0.244398014437512,0,"chi","I",1000,100,0.5,0,0,0,FALSE,0,FALSE,0.5,"leave-d",200,0.5,1e+05,TRUE,692
10,0,0,0,11.1211673054496,-0.215747510869978,22.4580821217691,35.3661501002528,13.0980942698243,57.6342059306814,9.96259317481206,0,21.8432152563258,0,"chi","I",1000,100,0.5,0,0,0,FALSE,0,FALSE,0.5,"leave-d",200,0.5,1e+05,TRUE,692
10,0,0,0,11.1211673054496,-0.215747510869978,22.4580821217691,7.91445260341303,-13.2093868393206,29.0382920461467,9.96259317481206,0,3.77377046487878,0,"chi","I",1000,100,0.5,0,0,0,FALSE,0,FALSE,0.5,"leave-d",200,0.5,1e+05,TRUE,692
10,0,0,0,11.1211673054496,-0.215747510869978,22.4580821217691,4.00079275860903,-9.08920092526809,17.0907864424862,9.96259317481206,0,0.179838511336896,0,"chi","I",1000,100,0.5,0,0,0,FALSE,0,FALSE,0.5,"leave-d",200,0.5,1e+05,TRUE,692
10,0,0,0,11.1211673054496,-0.215747510869978,22.4580821217691,9.42029051067695,-7.65616947545218,26.4967504968061,9.96259317481206,0,4.48778247692717,0,"chi","I",1000,100,0.5,0,0,0,FALSE,0,FALSE,0.5,"leave-d",200,0.5,1e+05,TRUE,692
10,0,0,0,11.1211673054496,-0.215747510869978,22.4580821217691,1.28138599248633,-14.1349282447859,16.6977002297586,9.96259317481206,0,0,0,"chi","I",1000,100,0.5,0,0,0,FALSE,0,FALSE,0.5,"leave-d",200,0.5,1e+05,TRUE,692
10,0,0,0,11.1211673054496,-0.215747510869978,22.4580821217691,10.8919195799009,-12.7925527328202,34.5763918926219,9.96259317481206,0,4.23620732548027,0,"chi","I",1000,100,0.5,0,0,0,FALSE,0,FALSE,0.5,"leave-d",200,0.5,1e+05,TRUE,692
10,0,0,0,11.1211673054496,-0.215747510869978,22.4580821217691,20.0339377835592,-1.45032825608846,41.5182038232068,9.96259317481206,0,22.2924546155175,0,"chi","I",1000,100,0.5,0,0,0,FALSE,0,FALSE,0.5,"leave-d",200,0.5,1e+05,TRUE,692
10,0,0,0,11.1211673054496,-0.215747510869978,22.4580821217691,-5.17744817890803,-20.0610796942515,9.70618333643543,9.96259317481206,0,0,0,"chi","I",1000,100,0.5,0,0,0,FALSE,0,FALSE,0.5,"leave-d",200,0.5,1e+05,TRUE,692
10,0,0,0,11.1211673054496,-0.215747510869978,22.4580821217691,24.7345107692936,6.32855224340548,43.1404692951817,9.96259317481206,0,18.2076768843354,0,"chi","I",1000,100,0.5,0,0,0,FALSE,0,FALSE,0.5,"leave-d",200,0.5,1e+05,TRUE,692
10,0,0,0,11.1211673054496,-0.215747510869978,22.4580821217691,15.5865408111687,-8.11205531867742,39.2851369410149,9.96259317481206,0,10.3246066957024,0,"chi","I",1000,100,0.5,0,0,0,FALSE,0,FALSE,0.5,"leave-d",200,0.5,1e+05,TRUE,692
10,0,0,0,11.1211673054496,-0.215747510869978,22.4580821217691,4.02187267482819,-17.4221638438113,25.4659091934677,9.96259317481206,0,0,0,"chi","I",1000,100,0.5,0,0,0,FALSE,0,FALSE,0.5,"leave-d",200,0.5,1e+05,TRUE,692
10,0,0,0,11.1211673054496,-0.215747510869978,22.4580821217691,-1.46841673373178,-15.0232755102197,12.0864420427561,9.96259317481206,0,0,0,"chi","I",1000,100,0.5,0,0,0,FALSE,0,FALSE,0.5,"leave-d",200,0.5,1e+05,TRUE,692
10,0,0,0,11.1211673054496,-0.215747510869978,22.4580821217691,-11.7810748813341,-27.4829729802736,3.92082321760539,9.96259317481206,0,0,0,"chi","I",1000,100,0.5,0,0,0,FALSE,0,FALSE,0.5,"leave-d",200,0.5,1e+05,TRUE,692
10,0,0,0,11.1211673054496,-0.215747510869978,22.4580821217691,9.11157066844162,-9.01173386927466,27.2348752061579,9.96259317481206,0,4.93612388189681,0,"chi","I",1000,100,0.5,0,0,0,FALSE,0,FALSE,0.5,"leave-d",200,0.5,1e+05,TRUE,692
10,0,0,0,11.1211673054496,-0.215747510869978,22.4580821217691,15.1039182991717,-8.71181217730921,38.9196487756526,9.96259317481206,0,9.33777572903779,0,"chi","I",1000,100,0.5,0,0,0,FALSE,0,FALSE,0.5,"leave-d",200,0.5,1e+05,TRUE,692
10,0,0,0,11.1211673054496,-0.215747510869978,22.4580821217691,13.0202591516518,-4.29177130200823,30.3322896053119,9.96259317481206,0,7.37299252696794,0,"chi","I",1000,100,0.5,0,0,0,FALSE,0,FALSE,0.5,"leave-d",200,0.5,1e+05,TRUE,692
10,0,0,0,11.1211673054496,-0.215747510869978,22.4580821217691,17.4575246380458,-0.157816490859467,35.0728657669511,9.96259317481206,0,9.90332940487772,0,"chi","I",1000,100,0.5,0,0,0,FALSE,0,FALSE,0.5,"leave-d",200,0.5,1e+05,TRUE,692
10,0,0,0,11.1211673054496,-0.215747510869978,22.4580821217691,-10.0237772451516,-25.1904268098414,5.14287231953818,9.96259317481206,0,0,0,"chi","I",1000,100,0.5,0,0,0,FALSE,0,FALSE,0.5,"leave-d",200,0.5,1e+05,TRUE,692
10,0,0,0,11.1211673054496,-0.215747510869978,22.4580821217691,9.9654508216737,-9.56431911754693,29.4952207608943,9.96259317481206,0,14.7772811909764,0,"chi","I",1000,100,0.5,0,0,0,FALSE,0,FALSE,0.5,"leave-d",200,0.5,1e+05,TRUE,692
10,0,0,0,11.1211673054496,-0.215747510869978,22.4580821217691,-3.16023276848111,-27.6567202772656,21.3362547403034,9.96259317481206,0,0,0,"chi","I",1000,100,0.5,0,0,0,FALSE,0,FALSE,0.5,"leave-d",200,0.5,1e+05,TRUE,692
10,0,0,0,11.1211673054496,-0.215747510869978,22.4580821217691,22.4610165917488,-0.313121272222375,45.2351544557199,9.96259317481206,0,22.5865872061635,0,"chi","I",1000,100,0.5,0,0,0,FALSE,0,FALSE,0.5,"leave-d",200,0.5,1e+05,TRUE,692
10,0,0,0,11.1211673054496,-0.215747510869978,22.4580821217691,8.32437861360759,-14.212463473309,30.8612207005241,9.96259317481206,0,1.99474103842215,0,"chi","I",1000,100,0.5,0,0,0,FALSE,0,FALSE,0.5,"leave-d",200,0.5,1e+05,TRUE,692
10,0,0,0,11.1211673054496,-0.215747510869978,22.4580821217691,20.2269836992637,4.07828576540524,36.3756816331222,9.96259317481206,0,16.2519230082387,0,"chi","I",1000,100,0.5,0,0,0,FALSE,0,FALSE,0.5,"leave-d",200,0.5,1e+05,TRUE,692
10,0,0,0,11.1211673054496,-0.215747510869978,22.4580821217691,5.28791641402169,-15.3267416342417,25.902574462285,9.96259317481206,0,0,0,"chi","I",1000,100,0.5,0,0,0,FALSE,0,FALSE,0.5,"leave-d",200,0.5,1e+05,TRUE,692
10,0,0,0,11.1211673054496,-0.215747510869978,22.4580821217691,3.89566798674363,-12.0370741861259,19.8284101596131,9.96259317481206,0,0,0,"chi","I",1000,100,0.5,0,0,0,FALSE,0,FALSE,0.5,"leave-d",200,0.5,1e+05,TRUE,692
10,0,0,0,11.1211673054496,-0.215747510869978,22.4580821217691,-8.19806747503033,-27.4673766697827,11.0712417197221,9.96259317481206,0,0,0,"chi","I",1000,100,0.5,0,0,0,FALSE,0,FALSE,0.5,"leave-d",200,0.5,1e+05,TRUE,692
10,0,0,0,11.1211673054496,-0.215747510869978,22.4580821217691,3.25970276475826,-15.386722080942,21.9061276104585,9.96259317481206,0,0,0,"chi","I",1000,100,0.5,0,0,0,FALSE,0,FALSE,0.5,"leave-d",200,0.5,1e+05,TRUE,692
10,0,0,0,11.1211673054496,-0.215747510869978,22.4580821217691,28.2139087865878,5.23572297728826,51.1920945958873,9.96259317481206,0,23.1049230609866,0,"chi","I",1000,100,0.5,0,0,0,FALSE,0,FALSE,0.5,"leave-d",200,0.5,1e+05,TRUE,692
10,0,0,0,11.1211673054496,-0.215747510869978,22.4580821217691,11.8996251998598,-11.6216992646646,35.4209496643842,9.96259317481206,0,5.90691819970258,0,"chi","I",1000,100,0.5,0,0,0,FALSE,0,FALSE,0.5,"leave-d",200,0.5,1e+05,TRUE,692
10,0,0,0,11.1211673054496,-0.215747510869978,22.4580821217691,31.2720851600173,12.2211416638174,50.3230286562173,9.96259317481206,0,18.5599741205283,0,"chi","I",1000,100,0.5,0,0,0,FALSE,0,FALSE,0.5,"leave-d",200,0.5,1e+05,TRUE,692
10,0,0,0,11.1211673054496,-0.215747510869978,22.4580821217691,2.5575135636584,-21.9082182756486,27.0232454029654,9.96259317481206,0,0,0,"chi","I",1000,100,0.5,0,0,0,FALSE,0,FALSE,0.5,"leave-d",200,0.5,1e+05,TRUE,692
10,0,0,0,11.1211673054496,-0.215747510869978,22.4580821217691,9.99873043741236,-11.1891988210658,31.1866596958905,9.96259317481206,0,5.61826832543625,0,"chi","I",1000,100,0.5,0,0,0,FALSE,0,FALSE,0.5,"leave-d",200,0.5,1e+05,TRUE,692
10,0,0,0,11.1211673054496,-0.215747510869978,22.4580821217691,12.4447616661219,-4.10108741280901,28.9906107450529,9.96259317481206,0,10.179697852118,0,"chi","I",1000,100,0.5,0,0,0,FALSE,0,FALSE,0.5,"leave-d",200,0.5,1e+05,TRUE,692
10,0,0,0,11.1211673054496,-0.215747510869978,22.4580821217691,11.6586202771503,-3.89862513924554,27.2158656935461,9.96259317481206,0,10.065235638213,0,"chi","I",1000,100,0.5,0,0,0,FALSE,0,FALSE,0.5,"leave-d",200,0.5,1e+05,TRUE,692
10,0,0,0,11.1211673054496,-0.215747510869978,22.4580821217691,25.600824005116,4.7595135253807,46.4421344848513,9.96259317481206,0,16.1395474945716,0,"chi","I",1000,100,0.5,0,0,0,FALSE,0,FALSE,0.5,"leave-d",200,0.5,1e+05,TRUE,692
10,0,0,0,11.1211673054496,-0.215747510869978,22.4580821217691,28.7443987220933,7.61560158184835,49.8731958623383,9.96259317481206,0,21.1760827673687,0,"chi","I",1000,100,0.5,0,0,0,FALSE,0,FALSE,0.5,"leave-d",200,0.5,1e+05,TRUE,692
10,0,0,0,11.1211673054496,-0.215747510869978,22.4580821217691,32.9588735933684,9.95665222754707,55.9610949591897,9.96259317481206,0,22.3731972961576,0,"chi","I",1000,100,0.5,0,0,0,FALSE,0,FALSE,0.5,"leave-d",200,0.5,1e+05,TRUE,692
10,0,0,0,11.1211673054496,-0.215747510869978,22.4580821217691,4.64208287127435,-11.7054924500048,20.9896581925535,9.96259317481206,0,0,0,"chi","I",1000,100,0.5,0,0,0,FALSE,0,FALSE,0.5,"leave-d",200,0.5,1e+05,TRUE,692
10,0,0,0,11.1211673054496,-0.215747510869978,22.4580821217691,-9.80759169505936,-26.6486673313699,7.03348394125121,9.96259317481206,0,0,0,"chi","I",1000,100,0.5,0,0,0,FALSE,0,FALSE,0.5,"leave-d",200,0.5,1e+05,TRUE,692
10,0,0,0,11.1211673054496,-0.215747510869978,22.4580821217691,9.09535493365981,-10.5208598332223,28.711569700542,9.96259317481206,0,3.32642408369864,0,"chi","I",1000,100,0.5,0,0,0,FALSE,0,FALSE,0.5,"leave-d",200,0.5,1e+05,TRUE,692
10,0,0,0,11.1211673054496,-0.215747510869978,22.4580821217691,20.8145855883633,-8.25155629541889,49.8807274721455,9.96259317481206,0,16.1968764902325,0,"chi","I",1000,100,0.5,0,0,0,FALSE,0,FALSE,0.5,"leave-d",200,0.5,1e+05,TRUE,692
10,0,0,0,11.1211673054496,-0.215747510869978,22.4580821217691,-7.17264129524977,-25.8012859242791,11.4560033337796,9.96259317481206,0,0,0,"chi","I",1000,100,0.5,0,0,0,FALSE,0,FALSE,0.5,"leave-d",200,0.5,1e+05,TRUE,692
10,0,0,0,11.1211673054496,-0.215747510869978,22.4580821217691,27.764384226238,11.1399126589555,44.3888557935204,9.96259317481206,0,16.0378075994073,0,"chi","I",1000,100,0.5,0,0,0,FALSE,0,FALSE,0.5,"leave-d",200,0.5,1e+05,TRUE,692
10,0,0,0,11.1211673054496,-0.215747510869978,22.4580821217691,22.0405314412978,-0.215543234257076,44.2966061168527,9.96259317481206,0,22.2737576627984,0,"chi","I",1000,100,0.5,0,0,0,FALSE,0,FALSE,0.5,"leave-d",200,0.5,1e+05,TRUE,692
10,0,0,0,11.1211673054496,-0.215747510869978,22.4580821217691,10.9611824525113,-5.81930908017007,27.7416739851926,9.96259317481206,0,14.475595503238,0,"chi","I",1000,100,0.5,0,0,0,FALSE,0,FALSE,0.5,"leave-d",200,0.5,1e+05,TRUE,692
10,0,0,0,11.1211673054496,-0.215747510869978,22.4580821217691,6.14166155171677,-14.3600961403109,26.6434192437444,9.96259317481206,0,0,0,"chi","I",1000,100,0.5,0,0,0,FALSE,0,FALSE,0.5,"leave-d",200,0.5,1e+05,TRUE,692
10,0,0,0,11.1211673054496,-0.215747510869978,22.4580821217691,29.9436694852081,9.51980282197674,50.3675361484395,9.96259317481206,0,19.9498288170433,0,"chi","I",1000,100,0.5,0,0,0,FALSE,0,FALSE,0.5,"leave-d",200,0.5,1e+05,TRUE,692
10,0,0,0,11.1211673054496,-0.215747510869978,22.4580821217691,9.12159041988265,-8.3616073495956,26.6047881893609,9.96259317481206,0,8.65178365868287,0,"chi","I",1000,100,0.5,0,0,0,FALSE,0,FALSE,0.5,"leave-d",200,0.5,1e+05,TRUE,692
10,0,0,0,11.1211673054496,-0.215747510869978,22.4580821217691,3.92023731028095,-15.3307875473843,23.1712621679462,9.96259317481206,0,0,0,"chi","I",1000,100,0.5,0,0,0,FALSE,0,FALSE,0.5,"leave-d",200,0.5,1e+05,TRUE,692
10,0,0,0,11.1211673054496,-0.215747510869978,22.4580821217691,19.1465677898335,-0.226731375643347,38.5198669553102,9.96259317481206,0,11.7477942448982,0,"chi","I",1000,100,0.5,0,0,0,FALSE,0,FALSE,0.5,"leave-d",200,0.5,1e+05,TRUE,692
10,0,0,0,11.1211673054496,-0.215747510869978,22.4580821217691,9.36357770127425,-5.55791394204409,24.2850693445926,9.96259317481206,0,8.0231462851889,0,"chi","I",1000,100,0.5,0,0,0,FALSE,0,FALSE,0.5,"leave-d",200,0.5,1e+05,TRUE,692
10,0,0,0,11.1211673054496,-0.215747510869978,22.4580821217691,14.9566209225523,1.04959374426084,28.8636481008437,9.96259317481206,0,14.2473327771046,0,"chi","I",1000,100,0.5,0,0,0,FALSE,0,FALSE,0.5,"leave-d",200,0.5,1e+05,TRUE,692
10,0,0,0,11.1211673054496,-0.215747510869978,22.4580821217691,28.2109811938846,3.45886459358753,52.9630977941816,9.96259317481206,0,24.6624106092871,0,"chi","I",1000,100,0.5,0,0,0,FALSE,0,FALSE,0.5,"leave-d",200,0.5,1e+05,TRUE,692
10,0,0,0,11.1211673054496,-0.215747510869978,22.4580821217691,18.6036758435853,-3.01787806415126,40.2252297513218,9.96259317481206,0,21.8162148860331,0,"chi","I",1000,100,0.5,0,0,0,FALSE,0,FALSE,0.5,"leave-d",200,0.5,1e+05,TRUE,692
10,0,0,0,11.1211673054496,-0.215747510869978,22.4580821217691,5.91597667754864,-7.8454951015518,19.6774484566491,9.96259317481206,0,1.9513324973103,0,"chi","I",1000,100,0.5,0,0,0,FALSE,0,FALSE,0.5,"leave-d",200,0.5,1e+05,TRUE,692
10,0,0,0,11.1211673054496,-0.215747510869978,22.4580821217691,16.0532198385996,-1.11595865523862,33.2223983324379,9.96259317481206,0,17.9841276910307,0,"chi","I",1000,100,0.5,0,0,0,FALSE,0,FALSE,0.5,"leave-d",200,0.5,1e+05,TRUE,692
10,0,0,0,11.1211673054496,-0.215747510869978,22.4580821217691,17.8750094594594,3.74455905740941,32.0054598615093,9.96259317481206,0,13.9835526464906,0,"chi","I",1000,100,0.5,0,0,0,FALSE,0,FALSE,0.5,"leave-d",200,0.5,1e+05,TRUE,692
10,0,0,0,11.1211673054496,-0.215747510869978,22.4580821217691,11.0118263446275,-9.26483993912101,31.288492628376,9.96259317481206,0,19.3810668900013,0,"chi","I",1000,100,0.5,0,0,0,FALSE,0,FALSE,0.5,"leave-d",200,0.5,1e+05,TRUE,692
10,0,0,0,11.1211673054496,-0.215747510869978,22.4580821217691,14.562826598499,-4.2277643477643,33.3534175447624,9.96259317481206,0,19.1173275973372,0,"chi","I",1000,100,0.5,0,0,0,FALSE,0,FALSE,0.5,"leave-d",200,0.5,1e+05,TRUE,692
10,0,0,0,11.1211673054496,-0.215747510869978,22.4580821217691,13.0558602814757,-5.29096403646968,31.402684599421,9.96259317481206,0,9.66948687293602,0,"chi","I",1000,100,0.5,0,0,0,FALSE,0,FALSE,0.5,"leave-d",200,0.5,1e+05,TRUE,692
10,0,0,0,11.1211673054496,-0.215747510869978,22.4580821217691,21.371896488851,3.87171629813325,38.8720766795688,9.96259317481206,0,17.4495147581077,0,"chi","I",1000,100,0.5,0,0,0,FALSE,0,FALSE,0.5,"leave-d",200,0.5,1e+05,TRUE,692
10,0,0,0,11.1211673054496,-0.215747510869978,22.4580821217691,15.5470858568984,-3.07590540075542,34.1700771145522,9.96259317481206,0,11.6171335690567,0,"chi","I",1000,100,0.5,0,0,0,FALSE,0,FALSE,0.5,"leave-d",200,0.5,1e+05,TRUE,692
10,0,0,0,11.1211673054496,-0.215747510869978,22.4580821217691,9.79955503849941,-6.51180087670613,26.110910953705,9.96259317481206,0,7.61196731555946,0,"chi","I",1000,100,0.5,0,0,0,FALSE,0,FALSE,0.5,"leave-d",200,0.5,1e+05,TRUE,692
10,0,0,0,11.1211673054496,-0.215747510869978,22.4580821217691,20.7326003635417,-2.99107277169989,44.4562734987834,9.96259317481206,0,14.5242836702323,0,"chi","I",1000,100,0.5,0,0,0,FALSE,0,FALSE,0.5,"leave-d",200,0.5,1e+05,TRUE,692
10,0,0,0,11.1211673054496,-0.215747510869978,22.4580821217691,0.147673094993641,-18.5906641938052,18.8860103837925,9.96259317481206,0,0,0,"chi","I",1000,100,0.5,0,0,0,FALSE,0,FALSE,0.5,"leave-d",200,0.5,1e+05,TRUE,692
10,0,0,0,11.1211673054496,-0.215747510869978,22.4580821217691,33.7738822457209,10.4743769674745,57.0733875239674,9.96259317481206,0,22.2983838398867,0,"chi","I",1000,100,0.5,0,0,0,FALSE,0,FALSE,0.5,"leave-d",200,0.5,1e+05,TRUE,692
10,0,0,0,11.1211673054496,-0.215747510869978,22.4580821217691,11.328740651291,-12.2613918294757,34.9188731320577,9.96259317481206,0,11.2079911389772,0,"chi","I",1000,100,0.5,0,0,0,FALSE,0,FALSE,0.5,"leave-d",200,0.5,1e+05,TRUE,692
10,0,0,0,11.1211673054496,-0.215747510869978,22.4580821217691,-2.09925630203118,-20.6131570486893,16.414644444627,9.96259317481206,0,0,0,"chi","I",1000,100,0.5,0,0,0,FALSE,0,FALSE,0.5,"leave-d",200,0.5,1e+05,TRUE,692
10,0,0,0,11.1211673054496,-0.215747510869978,22.4580821217691,19.6776969964417,-6.69838286248459,46.0537768553679,9.96259317481206,0,21.6112100490894,0,"chi","I",1000,100,0.5,0,0,0,FALSE,0,FALSE,0.5,"leave-d",200,0.5,1e+05,TRUE,692
10,0,0,0,11.1211673054496,-0.215747510869978,22.4580821217691,27.8771646771752,11.3305294313266,44.4237999230238,9.96259317481206,0,16.0852980892821,0,"chi","I",1000,100,0.5,0,0,0,FALSE,0,FALSE,0.5,"leave-d",200,0.5,1e+05,TRUE,692
10,0,0,0,11.1211673054496,-0.215747510869978,22.4580821217691,15.5919561243292,0.999927003798735,30.1839852448598,9.96259317481206,0,9.27735445959927,0,"chi","I",1000,100,0.5,0,0,0,FALSE,0,FALSE,0.5,"leave-d",200,0.5,1e+05,TRUE,692
10,0,0,0,11.1211673054496,-0.215747510869978,22.4580821217691,13.5539952910255,-4.7409088734958,31.8488994555467,9.96259317481206,0,11.9024682431696,0,"chi","I",1000,100,0.5,0,0,0,FALSE,0,FALSE,0.5,"leave-d",200,0.5,1e+05,TRUE,692
10,0,0,0,11.1211673054496,-0.215747510869978,22.4580821217691,21.5528178255398,3.3622108683758,39.7434247827039,9.96259317481206,0,18.1786408274884,0,"chi","I",1000,100,0.5,0,0,0,FALSE,0,FALSE,0.5,"leave-d",200,0.5,1e+05,TRUE,692
10,0,0,0,11.1211673054496,-0.215747510869978,22.4580821217691,2.06707750943921,-15.6078936618107,19.7420486806891,9.96259317481206,0,0,0,"chi","I",1000,100,0.5,0,0,0,FALSE,0,FALSE,0.5,"leave-d",200,0.5,1e+05,TRUE,692
10,0,0,0,11.1211673054496,-0.215747510869978,22.4580821217691,9.60872202824037,-5.74965812061506,24.9671021770958,9.96259317481206,0,6.20787072282512,0,"chi","I",1000,100,0.5,0,0,0,FALSE,0,FALSE,0.5,"leave-d",200,0.5,1e+05,TRUE,692
10,0,0,0,11.1211673054496,-0.215747510869978,22.4580821217691,3.08661515902938,-14.2751886012041,20.4484189192628,9.96259317481206,0,0,0,"chi","I",1000,100,0.5,0,0,0,FALSE,0,FALSE,0.5,"leave-d",200,0.5,1e+05,TRUE,692
10,0,0,0,11.1211673054496,-0.215747510869978,22.4580821217691,-2.52300495226364,-22.4924407444292,17.4464308399019,9.96259317481206,0,0,0,"chi","I",1000,100,0.5,0,0,0,FALSE,0,FALSE,0.5,"leave-d",200,0.5,1e+05,TRUE,692
10,0,0,0,11.1211673054496,-0.215747510869978,22.4580821217691,27.1582419840931,7.46558322217406,46.8509007460121,9.96259317481206,0,19.7170888322021,0,"chi","I",1000,100,0.5,0,0,0,FALSE,0,FALSE,0.5,"leave-d",200,0.5,1e+05,TRUE,692
10,0,0,0,11.1211673054496,-0.215747510869978,22.4580821217691,22.5581806506717,3.80043215734533,41.3159291439981,9.96259317481206,0,18.6050422838454,0,"chi","I",1000,100,0.5,0,0,0,FALSE,0,FALSE,0.5,"leave-d",200,0.5,1e+05,TRUE,692
10,0,0,0,11.1211673054496,-0.215747510869978,22.4580821217691,5.01257911135887,-11.5898836475368,21.6150418702545,9.96259317481206,0,0,0,"chi","I",1000,100,0.5,0,0,0,FALSE,0,FALSE,0.5,"leave-d",200,0.5,1e+05,TRUE,692
10,0,0,0,11.1211673054496,-0.215747510869978,22.4580821217691,8.55114039747809,-11.2949565277235,28.3972373226797,9.96259317481206,0,4.11577305766835,0,"chi","I",1000,100,0.5,0,0,0,FALSE,0,FALSE,0.5,"leave-d",200,0.5,1e+05,TRUE,692
10,0,0,0,11.1211673054496,-0.215747510869978,22.4580821217691,7.32288052598196,-10.6270567763717,25.2728178283356,9.96259317481206,0,6.35356878351734,0,"chi","I",1000,100,0.5,0,0,0,FALSE,0,FALSE,0.5,"leave-d",200,0.5,1e+05,TRUE,692
10,0,0,0,11.1211673054496,-0.215747510869978,22.4580821217691,14.3261436807571,-7.53516481399129,36.1874521755054,9.96259317481206,0,12.3312059324182,0,"chi","I",1000,100,0.5,0,0,0,FALSE,0,FALSE,0.5,"leave-d",200,0.5,1e+05,TRUE,692
10,0,0,0,11.1211673054496,-0.215747510869978,22.4580821217691,20.254436605717,-3.56806094405106,44.0769341554851,9.96259317481206,0,24.1256792903183,0,"chi","I",1000,100,0.5,0,0,0,FALSE,0,FALSE,0.5,"leave-d",200,0.5,1e+05,TRUE,692
10,0,0,0,11.1211673054496,-0.215747510869978,22.4580821217691,23.776530374613,1.77284482649632,45.7802159227297,9.96259317481206,0,22.2352004867815,0,"chi","I",1000,100,0.5,0,0,0,FALSE,0,FALSE,0.5,"leave-d",200,0.5,1e+05,TRUE,692
10,0,0,0,11.1211673054496,-0.215747510869978,22.4580821217691,19.3856050669507,-2.171467962161,40.9426780960623,9.96259317481206,0,21.9602327908728,0,"chi","I",1000,100,0.5,0,0,0,FALSE,0,FALSE,0.5,"leave-d",200,0.5,1e+05,TRUE,692
10,0,0,0,11.1211673054496,-0.215747510869978,22.4580821217691,19.5018893364085,6.13924455252215,32.8645341202948,9.96259317481206,0,13.3006381047667,0,"chi","I",1000,100,0.5,0,0,0,FALSE,0,FALSE,0.5,"leave-d",200,0.5,1e+05,TRUE,692
10,0,0,0,11.1211673054496,-0.215747510869978,22.4580821217691,28.9573199462563,10.2814698118771,47.6331700806356,9.96259317481206,0,18.314968877987,0,"chi","I",1000,100,0.5,0,0,0,FALSE,0,FALSE,0.5,"leave-d",200,0.5,1e+05,TRUE,692
10,0,0,0,11.1211673054496,-0.215747510869978,22.4580821217691,18.2038372472457,-2.93071547678735,39.3383899712788,9.96259317481206,0,11.3441510292677,0,"chi","I",1000,100,0.5,0,0,0,FALSE,0,FALSE,0.5,"leave-d",200,0.5,1e+05,TRUE,692
10,0,0,0,11.1211673054496,-0.215747510869978,22.4580821217691,11.6998462906847,-3.02119935099425,26.4208919323637,9.96259317481206,0,14.983711289611,0,"chi","I",1000,100,0.5,0,0,0,FALSE,0,FALSE,0.5,"leave-d",200,0.5,1e+05,TRUE,692
10,0,0,0,11.1211673054496,-0.215747510869978,22.4580821217691,-7.44923977188032,-24.7193497434222,9.82087019966155,9.96259317481206,0,0,0,"chi","I",1000,100,0.5,0,0,0,FALSE,0,FALSE,0.5,"leave-d",200,0.5,1e+05,TRUE,692
10,0,0,0,11.1211673054496,-0.215747510869978,22.4580821217691,12.386014025457,-5.06554956144443,29.8375776123585,9.96259317481206,0,17.5782901087534,0,"chi","I",1000,100,0.5,0,0,0,FALSE,0,FALSE,0.5,"leave-d",200,0.5,1e+05,TRUE,692
10,0,0,0,11.1211673054496,-0.215747510869978,22.4580821217691,11.8203925843422,-6.46185686591074,30.1026420345952,9.96259317481206,0,9.20592201846387,0,"chi","I",1000,100,0.5,0,0,0,FALSE,0,FALSE,0.5,"leave-d",200,0.5,1e+05,TRUE,692
10,0,0,0,11.1211673054496,-0.215747510869978,22.4580821217691,-4.33934408081372,-25.0894976711044,16.410809509477,9.96259317481206,0,0,0,"chi","I",1000,100,0.5,0,0,0,FALSE,0,FALSE,0.5,"leave-d",200,0.5,1e+05,TRUE,692
10,0,0,0,11.1211673054496,-0.215747510869978,22.4580821217691,20.423023328125,4.07461197913621,36.7714346771139,9.96259317481206,0,16.0397715867082,0,"chi","I",1000,100,0.5,0,0,0,FALSE,0,FALSE,0.5,"leave-d",200,0.5,1e+05,TRUE,692
10,0,0,0,11.1211673054496,-0.215747510869978,22.4580821217691,7.23260309651569,-15.9305647961907,30.395770989222,9.96259317481206,0,0.358322543557175,0,"chi","I",1000,100,0.5,0,0,0,FALSE,0,FALSE,0.5,"leave-d",200,0.5,1e+05,TRUE,692
10,0,0,0,11.1211673054496,-0.215747510869978,22.4580821217691,16.0992323389385,-7.06517042180182,39.2636350996789,9.96259317481206,0,8.8484489898706,0,"chi","I",1000,100,0.5,0,0,0,FALSE,0,FALSE,0.5,"leave-d",200,0.5,1e+05,TRUE,692
10,0,0,0,11.1211673054496,-0.215747510869978,22.4580821217691,10.3364576937545,-12.2176546196909,32.8905700071998,9.96259317481206,0,5.49730079383203,0,"chi","I",1000,100,0.5,0,0,0,FALSE,0,FALSE,0.5,"leave-d",200,0.5,1e+05,TRUE,692
10,0,0,0,11.1211673054496,-0.215747510869978,22.4580821217691,15.7576522609758,-2.23435407490767,33.7496585968593,9.96259317481206,0,10.9591617335884,0,"chi","I",1000,100,0.5,0,0,0,FALSE,0,FALSE,0.5,"leave-d",200,0.5,1e+05,TRUE,692
10,0,0,0,11.1211673054496,-0.215747510869978,22.4580821217691,21.6287894223311,4.86940195124998,38.3881768934122,9.96259317481206,0,16.6155792157939,0,"chi","I",1000,100,0.5,0,0,0,FALSE,0,FALSE,0.5,"leave-d",200,0.5,1e+05,TRUE,692
10,0,0,0,11.1211673054496,-0.215747510869978,22.4580821217691,7.50828923884185,-10.9349785680062,25.95155704569,9.96259317481206,0,3.92589171747345,0,"chi","I",1000,100,0.5,0,0,0,FALSE,0,FALSE,0.5,"leave-d",200,0.5,1e+05,TRUE,692
10,0,0,0,11.1211673054496,-0.215747510869978,22.4580821217691,26.2961243450994,7.57586279549813,45.0163858947007,9.96259317481206,0,19.0028826700608,0,"chi","I",1000,100,0.5,0,0,0,FALSE,0,FALSE,0.5,"leave-d",200,0.5,1e+05,TRUE,692
10,0,0,0,11.1211673054496,-0.215747510869978,22.4580821217691,-11.9890120993335,-32.5583004699026,8.58027627123553,9.96259317481206,0,0,0,"chi","I",1000,100,0.5,0,0,0,FALSE,0,FALSE,0.5,"leave-d",200,0.5,1e+05,TRUE,692
10,0,0,0,11.1211673054496,-0.215747510869978,22.4580821217691,25.0512760772349,7.39348445323969,42.70906770123,9.96259317481206,0,16.6761670886493,0,"chi","I",1000,100,0.5,0,0,0,FALSE,0,FALSE,0.5,"leave-d",200,0.5,1e+05,TRUE,692
10,0,0,0,11.1211673054496,-0.215747510869978,22.4580821217691,43.6343541198144,20.5234092758691,66.7452989637598,9.96259317481206,0,21.8271856393507,0,"chi","I",1000,100,0.5,0,0,0,FALSE,0,FALSE,0.5,"leave-d",200,0.5,1e+05,TRUE,692
10,0,0,0,11.1211673054496,-0.215747510869978,22.4580821217691,17.5894259306375,-9.03864659842301,44.217498459698,9.96259317481206,0,25.2490266537782,0,"chi","I",1000,100,0.5,0,0,0,FALSE,0,FALSE,0.5,"leave-d",200,0.5,1e+05,TRUE,692
10,0,0,0,11.1211673054496,-0.215747510869978,22.4580821217691,8.61226074999617,-12.3487767930056,29.5732982929979,9.96259317481206,0,2.74272539812687,0,"chi","I",1000,100,0.5,0,0,0,FALSE,0,FALSE,0.5,"leave-d",200,0.5,1e+05,TRUE,692
10,0,0,0,11.1211673054496,-0.215747510869978,22.4580821217691,14.6882283997367,-0.39438071624129,29.7708375157147,9.96259317481206,0,15.1750516068133,0,"chi","I",1000,100,0.5,0,0,0,FALSE,0,FALSE,0.5,"leave-d",200,0.5,1e+05,TRUE,692
10,0,0,0,11.1211673054496,-0.215747510869978,22.4580821217691,6.9742940384936,-13.3009342999104,27.2495223768976,9.96259317481206,0,1.07325479884754,0,"chi","I",1000,100,0.5,0,0,0,FALSE,0,FALSE,0.5,"leave-d",200,0.5,1e+05,TRUE,692
10,0,0,0,11.1211673054496,-0.215747510869978,22.4580821217691,19.6404542130649,-4.91890777117364,44.1998161973034,9.96259317481206,0,15.9390287748729,0,"chi","I",1000,100,0.5,0,0,0,FALSE,0,FALSE,0.5,"leave-d",200,0.5,1e+05,TRUE,692
10,0,0,0,11.1211673054496,-0.215747510869978,22.4580821217691,22.562032283476,-3.72169022866525,48.8457547956173,9.96259317481206,0,26.7536596035104,0,"chi","I",1000,100,0.5,0,0,0,FALSE,0,FALSE,0.5,"leave-d",200,0.5,1e+05,TRUE,692
10,0,0,0,11.1211673054496,-0.215747510869978,22.4580821217691,1.0057063610072,-17.2402925339393,19.2517052559536,9.96259317481206,0,0,0,"chi","I",1000,100,0.5,0,0,0,FALSE,0,FALSE,0.5,"leave-d",200,0.5,1e+05,TRUE,692
10,0,0,0,11.1211673054496,-0.215747510869978,22.4580821217691,21.2779539287375,3.64210011378552,38.9138077436895,9.96259317481206,0,17.988781922371,0,"chi","I",1000,100,0.5,0,0,0,FALSE,0,FALSE,0.5,"leave-d",200,0.5,1e+05,TRUE,692
10,0,0,0,11.1211673054496,-0.215747510869978,22.4580821217691,25.2223296306873,5.69033688902175,44.7543223723529,9.96259317481206,0,19.873033117969,0,"chi","I",1000,100,0.5,0,0,0,FALSE,0,FALSE,0.5,"leave-d",200,0.5,1e+05,TRUE,692
10,0,0,0,11.1211673054496,-0.215747510869978,22.4580821217691,9.15396992993174,-10.283686515701,28.5916263755645,9.96259317481206,0,7.56647448034301,0,"chi","I",1000,100,0.5,0,0,0,FALSE,0,FALSE,0.5,"leave-d",200,0.5,1e+05,TRUE,692
10,0,0,0,11.1211673054496,-0.215747510869978,22.4580821217691,13.7894107073453,-4.52945916818061,32.1082805828712,9.96259317481206,0,9.72818552864096,0,"chi","I",1000,100,0.5,0,0,0,FALSE,0,FALSE,0.5,"leave-d",200,0.5,1e+05,TRUE,692
10,0,0,0,11.1211673054496,-0.215747510869978,22.4580821217691,11.4835132202674,-9.28322648483033,32.2502529253651,9.96259317481206,0,6.09104666588287,0,"chi","I",1000,100,0.5,0,0,0,FALSE,0,FALSE,0.5,"leave-d",200,0.5,1e+05,TRUE,692
10,0,0,0,11.1211673054496,-0.215747510869978,22.4580821217691,39.8761498631122,14.7315403889174,65.0207593373071,9.96259317481206,0,24.8606034346836,0,"chi","I",1000,100,0.5,0,0,0,FALSE,0,FALSE,0.5,"leave-d",200,0.5,1e+05,TRUE,692
10,0,0,0,11.1211673054496,-0.215747510869978,22.4580821217691,19.6178950432947,-8.26391759192838,47.4997076785177,9.96259317481206,0,16.8073009615611,0,"chi","I",1000,100,0.5,0,0,0,FALSE,0,FALSE,0.5,"leave-d",200,0.5,1e+05,TRUE,692
10,0,0,0,11.1211673054496,-0.215747510869978,22.4580821217691,19.0351268593273,-0.513195298414004,38.5834490170686,9.96259317481206,0,13.3056412173621,0,"chi","I",1000,100,0.5,0,0,0,FALSE,0,FALSE,0.5,"leave-d",200,0.5,1e+05,TRUE,692
10,0,0,0,11.1211673054496,-0.215747510869978,22.4580821217691,29.3168556425106,10.5137355972726,48.1199756877486,9.96259317481206,0,18.2769272381697,0,"chi","I",1000,100,0.5,0,0,0,FALSE,0,FALSE,0.5,"leave-d",200,0.5,1e+05,TRUE,692
10,0,0,0,11.1211673054496,-0.215747510869978,22.4580821217691,21.5989723163916,-2.43065213939186,45.6285967721751,9.96259317481206,0,20.7929139644236,0,"chi","I",1000,100,0.5,0,0,0,FALSE,0,FALSE,0.5,"leave-d",200,0.5,1e+05,TRUE,692
10,0,0,0,11.1211673054496,-0.215747510869978,22.4580821217691,11.2930960792557,-8.78645732280286,31.3726494813143,9.96259317481206,0,16.4600445825801,0,"chi","I",1000,100,0.5,0,0,0,FALSE,0,FALSE,0.5,"leave-d",200,0.5,1e+05,TRUE,692
10,0,0,0,11.1211673054496,-0.215747510869978,22.4580821217691,17.9575660263229,-10.1472432358858,46.0623752885316,9.96259317481206,0,10.7872474845691,0,"chi","I",1000,100,0.5,0,0,0,FALSE,0,FALSE,0.5,"leave-d",200,0.5,1e+05,TRUE,692
10,0,0,0,11.1211673054496,-0.215747510869978,22.4580821217691,11.0345676383829,-15.0256933920886,37.0948286688543,9.96259317481206,0,11.0430819714429,0,"chi","I",1000,100,0.5,0,0,0,FALSE,0,FALSE,0.5,"leave-d",200,0.5,1e+05,TRUE,692
10,0,0,0,11.1211673054496,-0.215747510869978,22.4580821217691,17.9634462873899,2.71994244834054,33.2069501264393,9.96259317481206,0,14.7988245427476,0,"chi","I",1000,100,0.5,0,0,0,FALSE,0,FALSE,0.5,"leave-d",200,0.5,1e+05,TRUE,692
10,0,0,0,11.1211673054496,-0.215747510869978,22.4580821217691,20.0627354387856,0.0643443828576942,40.0611264947135,9.96259317481206,0,15.2247184335076,0,"chi","I",1000,100,0.5,0,0,0,FALSE,0,FALSE,0.5,"leave-d",200,0.5,1e+05,TRUE,692
10,0,0,0,11.1211673054496,-0.215747510869978,22.4580821217691,-0.822690291413621,-16.0101876488434,14.3648070660162,9.96259317481206,0,0,0,"chi","I",1000,100,0.5,0,0,0,FALSE,0,FALSE,0.5,"leave-d",200,0.5,1e+05,TRUE,692
10,0,0,0,11.1211673054496,-0.215747510869978,22.4580821217691,17.3093038074009,3.17889401652975,31.439713598272,9.96259317481206,0,11.7180251109253,0,"chi","I",1000,100,0.5,0,0,0,FALSE,0,FALSE,0.5,"leave-d",200,0.5,1e+05,TRUE,692
10,0,0,0,11.1211673054496,-0.215747510869978,22.4580821217691,10.7608416238521,-9.07550938279025,30.5971926304944,9.96259317481206,0,10.5458720747449,0,"chi","I",1000,100,0.5,0,0,0,FALSE,0,FALSE,0.5,"leave-d",200,0.5,1e+05,TRUE,692
10,0,0,0,11.1211673054496,-0.215747510869978,22.4580821217691,-5.14951561738835,-26.0051653802543,15.7061341454776,9.96259317481206,0,0,0,"chi","I",1000,100,0.5,0,0,0,FALSE,0,FALSE,0.5,"leave-d",200,0.5,1e+05,TRUE,692
10,0,0,0,11.1211673054496,-0.215747510869978,22.4580821217691,33.1358387043614,13.5794700826071,52.6922073261157,9.96259317481206,0,19.577927498211,0,"chi","I",1000,100,0.5,0,0,0,FALSE,0,FALSE,0.5,"leave-d",200,0.5,1e+05,TRUE,692
10,0,0,0,11.1211673054496,-0.215747510869978,22.4580821217691,33.1503546034955,10.2730129975059,56.0276962094851,9.96259317481206,0,22.9227885924684,0,"chi","I",1000,100,0.5,0,0,0,FALSE,0,FALSE,0.5,"leave-d",200,0.5,1e+05,TRUE,692
10,0,0,0,11.1211673054496,-0.215747510869978,22.4580821217691,18.8942447346772,-5.54399631662966,43.3324857859841,9.96259317481206,0,16.1265307427258,0,"chi","I",1000,100,0.5,0,0,0,FALSE,0,FALSE,0.5,"leave-d",200,0.5,1e+05,TRUE,692
10,0,0,0,11.1211673054496,-0.215747510869978,22.4580821217691,1.51743371435519,-15.9513437838187,18.9862112125291,9.96259317481206,0,0,0,"chi","I",1000,100,0.5,0,0,0,FALSE,0,FALSE,0.5,"leave-d",200,0.5,1e+05,TRUE,692
10,0,0,0,11.1211673054496,-0.215747510869978,22.4580821217691,3.9226894074696,-17.032860550964,24.8782393659032,9.96259317481206,0,0,0,"chi","I",1000,100,0.5,0,0,0,FALSE,0,FALSE,0.5,"leave-d",200,0.5,1e+05,TRUE,692
10,0,0,0,11.1211673054496,-0.215747510869978,22.4580821217691,22.8510209421372,3.9220235857129,41.7800182985615,9.96259317481206,0,19.2623210101285,0,"chi","I",1000,100,0.5,0,0,0,FALSE,0,FALSE,0.5,"leave-d",200,0.5,1e+05,TRUE,692
10,0,0,0,11.1211673054496,-0.215747510869978,22.4580821217691,35.7478350089332,15.5868106718357,55.9088593460308,9.96259317481206,0,19.5042031059155,0,"chi","I",1000,100,0.5,0,0,0,FALSE,0,FALSE,0.5,"leave-d",200,0.5,1e+05,TRUE,692
10,0,0,0,11.1211673054496,-0.215747510869978,22.4580821217691,4.25804329353891,-13.8930020130813,22.4090886001591,9.96259317481206,0,0,0,"chi","I",1000,100,0.5,0,0,0,FALSE,0,FALSE,0.5,"leave-d",200,0.5,1e+05,TRUE,692
10,0,0,0,11.1211673054496,-0.215747510869978,22.4580821217691,20.4450872485342,1.76785885160949,39.122315645459,9.96259317481206,0,18.6925163760247,0,"chi","I",1000,100,0.5,0,0,0,FALSE,0,FALSE,0.5,"leave-d",200,0.5,1e+05,TRUE,692
10,0,0,0,11.1211673054496,-0.215747510869978,22.4580821217691,19.6073368346053,3.35239845106979,35.8622752181408,9.96259317481206,0,15.7883156215885,0,"chi","I",1000,100,0.5,0,0,0,FALSE,0,FALSE,0.5,"leave-d",200,0.5,1e+05,TRUE,692
10,0,0,0,11.1211673054496,-0.215747510869978,22.4580821217691,10.9402503252531,-5.35189474243642,27.2323953929425,9.96259317481206,0,6.59772347628918,0,"chi","I",1000,100,0.5,0,0,0,FALSE,0,FALSE,0.5,"leave-d",200,0.5,1e+05,TRUE,692
10,0,0,0,11.1211673054496,-0.215747510869978,22.4580821217691,6.54004466182185,-15.3221798386585,28.4022691623022,9.96259317481206,0,0,0,"chi","I",1000,100,0.5,0,0,0,FALSE,0,FALSE,0.5,"leave-d",200,0.5,1e+05,TRUE,692
10,0,0,0,11.1211673054496,-0.215747510869978,22.4580821217691,6.21002206670835,-9.46875045806728,21.888794591484,9.96259317481206,0,2.73448735524992,0,"chi","I",1000,100,0.5,0,0,0,FALSE,0,FALSE,0.5,"leave-d",200,0.5,1e+05,TRUE,692
10,0,0,0,11.1211673054496,-0.215747510869978,22.4580821217691,17.0072691794518,-1.20834855137204,35.2228869102756,9.96259317481206,0,18.1503127005352,0,"chi","I",1000,100,0.5,0,0,0,FALSE,0,FALSE,0.5,"leave-d",200,0.5,1e+05,TRUE,692
10,0,0,0,11.1211673054496,-0.215747510869978,22.4580821217691,-1.90515280089986,-19.4293115974954,15.6190059956957,9.96259317481206,0,0,0,"chi","I",1000,100,0.5,0,0,0,FALSE,0,FALSE,0.5,"leave-d",200,0.5,1e+05,TRUE,692
10,0,0,0,11.1211673054496,-0.215747510869978,22.4580821217691,14.3631511968724,-6.62149071541004,35.3477931091548,9.96259317481206,0,12.3642560333756,0,"chi","I",1000,100,0.5,0,0,0,FALSE,0,FALSE,0.5,"leave-d",200,0.5,1e+05,TRUE,692
10,0,0,0,11.1211673054496,-0.215747510869978,22.4580821217691,7.52209965008483,-13.3547096540793,28.3989089542489,9.96259317481206,0,1.46144088943546,0,"chi","I",1000,100,0.5,0,0,0,FALSE,0,FALSE,0.5,"leave-d",200,0.5,1e+05,TRUE,692
10,0,0,0,11.1211673054496,-0.215747510869978,22.4580821217691,11.9381017015422,-7.17705299626998,31.0532563993543,9.96259317481206,0,12.3145328886212,0,"chi","I",1000,100,0.5,0,0,0,FALSE,0,FALSE,0.5,"leave-d",200,0.5,1e+05,TRUE,692
10,0,0,0,11.1211673054496,-0.215747510869978,22.4580821217691,12.9696448600153,-2.63073492234475,28.5700246423754,9.96259317481206,0,15.9004064049012,0,"chi","I",1000,100,0.5,0,0,0,FALSE,0,FALSE,0.5,"leave-d",200,0.5,1e+05,TRUE,692
10,0,0,0,11.1211673054496,-0.215747510869978,22.4580821217691,34.614150502099,7.15002604955023,62.0782749546477,9.96259317481206,0,27.5367751102533,0,"chi","I",1000,100,0.5,0,0,0,FALSE,0,FALSE,0.5,"leave-d",200,0.5,1e+05,TRUE,692
10,0,0,0,11.1211673054496,-0.215747510869978,22.4580821217691,-0.659342084822719,-20.8446151693761,19.5259309997307,9.96259317481206,0,0,0,"chi","I",1000,100,0.5,0,0,0,FALSE,0,FALSE,0.5,"leave-d",200,0.5,1e+05,TRUE,692
10,0,0,0,11.1211673054496,-0.215747510869978,22.4580821217691,9.17486227487412,-12.3829631233451,30.7326876730933,9.96259317481206,0,6.19462263542616,0,"chi","I",1000,100,0.5,0,0,0,FALSE,0,FALSE,0.5,"leave-d",200,0.5,1e+05,TRUE,692
10,0,0,0,11.1211673054496,-0.215747510869978,22.4580821217691,35.9895276863485,12.9209131540015,59.0581422186956,9.96259317481206,0,22.2336816038767,0,"chi","I",1000,100,0.5,0,0,0,FALSE,0,FALSE,0.5,"leave-d",200,0.5,1e+05,TRUE,692
10,0,0,0,11.1211673054496,-0.215747510869978,22.4580821217691,17.5428167767864,1.53481220005627,33.5508213535165,9.96259317481206,0,16.1305156909956,0,"chi","I",1000,100,0.5,0,0,0,FALSE,0,FALSE,0.5,"leave-d",200,0.5,1e+05,TRUE,692
10,0,0,0,11.1211673054496,-0.215747510869978,22.4580821217691,24.1085030745991,4.27330198364616,43.943704165552,9.96259317481206,0,19.3474570782927,0,"chi","I",1000,100,0.5,0,0,0,FALSE,0,FALSE,0.5,"leave-d",200,0.5,1e+05,TRUE,692
10,0,0,0,11.1211673054496,-0.215747510869978,22.4580821217691,-2.35516023149023,-18.8006875809893,14.0903671180088,9.96259317481206,0,0,0,"chi","I",1000,100,0.5,0,0,0,FALSE,0,FALSE,0.5,"leave-d",200,0.5,1e+05,TRUE,692
10,0,0,0,11.1211673054496,-0.215747510869978,22.4580821217691,-11.4869237762887,-29.0996843502025,6.12583679762503,9.96259317481206,0,0,0,"chi","I",1000,100,0.5,0,0,0,FALSE,0,FALSE,0.5,"leave-d",200,0.5,1e+05,TRUE,692
10,0,0,0,11.1211673054496,-0.215747510869978,22.4580821217691,-6.41529542293517,-28.7544274422832,15.9238365964128,9.96259317481206,0,0,0,"chi","I",1000,100,0.5,0,0,0,FALSE,0,FALSE,0.5,"leave-d",200,0.5,1e+05,TRUE,692
10,0,0,0,11.1211673054496,-0.215747510869978,22.4580821217691,22.9217430378559,-2.36472568199903,48.2082117577107,9.96259317481206,0,25.7775558266842,0,"chi","I",1000,100,0.5,0,0,0,FALSE,0,FALSE,0.5,"leave-d",200,0.5,1e+05,TRUE,692
10,0,0,0,11.1211673054496,-0.215747510869978,22.4580821217691,8.99786025314142,-6.42799880175277,24.4237193080356,9.96259317481206,0,4.48074898121133,0,"chi","I",1000,100,0.5,0,0,0,FALSE,0,FALSE,0.5,"leave-d",200,0.5,1e+05,TRUE,692
10,0,0,0,11.1211673054496,-0.215747510869978,22.4580821217691,29.9988768108479,10.1893841077449,49.8083695139509,9.96259317481206,0,19.08103720339,0,"chi","I",1000,100,0.5,0,0,0,FALSE,0,FALSE,0.5,"leave-d",200,0.5,1e+05,TRUE,692
10,0,0,0,11.1211673054496,-0.215747510869978,22.4580821217691,-1.83025607235811,-24.0860634372056,20.4255512924894,9.96259317481206,0,0,0,"chi","I",1000,100,0.5,0,0,0,FALSE,0,FALSE,0.5,"leave-d",200,0.5,1e+05,TRUE,692
10,0,0,0,11.1211673054496,-0.215747510869978,22.4580821217691,21.8706324129085,5.29060527493558,38.4506595508814,9.96259317481206,0,16.9025730643786,0,"chi","I",1000,100,0.5,0,0,0,FALSE,0,FALSE,0.5,"leave-d",200,0.5,1e+05,TRUE,692
10,0,0,0,11.1211673054496,-0.215747510869978,22.4580821217691,5.9307034293463,-14.1984474135435,26.0598542722361,9.96259317481206,0,0,0,"chi","I",1000,100,0.5,0,0,0,FALSE,0,FALSE,0.5,"leave-d",200,0.5,1e+05,TRUE,692
10,0,0,0,11.1211673054496,-0.215747510869978,22.4580821217691,13.4529202800801,-4.53184873321238,31.4376892933726,9.96259317481206,0,9.43249585476017,0,"chi","I",1000,100,0.5,0,0,0,FALSE,0,FALSE,0.5,"leave-d",200,0.5,1e+05,TRUE,692
10,0,0,0,11.1211673054496,-0.215747510869978,22.4580821217691,27.8275446211512,6.35054551129259,49.3045437310097,9.96259317481206,0,16.6222067744008,0,"chi","I",1000,100,0.5,0,0,0,FALSE,0,FALSE,0.5,"leave-d",200,0.5,1e+05,TRUE,692
10,0,0,0,11.1211673054496,-0.215747510869978,22.4580821217691,27.000590441356,5.64674465647374,48.3544362262383,9.96259317481206,0,21.7455660601929,0,"chi","I",1000,100,0.5,0,0,0,FALSE,0,FALSE,0.5,"leave-d",200,0.5,1e+05,TRUE,692
10,0,0,0,11.1211673054496,-0.215747510869978,22.4580821217691,5.52119229619381,-10.9133762536147,21.9557608460023,9.96259317481206,0,2.10321478154437,0,"chi","I",1000,100,0.5,0,0,0,FALSE,0,FALSE,0.5,"leave-d",200,0.5,1e+05,TRUE,692
10,0,0,0,11.1211673054496,-0.215747510869978,22.4580821217691,18.2172831058292,-1.31004743180315,37.7446136434616,9.96259317481206,0,19.792323730707,0,"chi","I",1000,100,0.5,0,0,0,FALSE,0,FALSE,0.5,"leave-d",200,0.5,1e+05,TRUE,692
10,0,0,0,11.1211673054496,-0.215747510869978,22.4580821217691,-3.62616455639634,-18.9087436564999,11.6564145437072,9.96259317481206,0,0,0,"chi","I",1000,100,0.5,0,0,0,FALSE,0,FALSE,0.5,"leave-d",200,0.5,1e+05,TRUE,692
10,0,0,0,11.1211673054496,-0.215747510869978,22.4580821217691,29.5177974029295,11.76954584497,47.266048960889,9.96259317481206,0,17.6679573036323,0,"chi","I",1000,100,0.5,0,0,0,FALSE,0,FALSE,0.5,"leave-d",200,0.5,1e+05,TRUE,692
10,0,0,0,11.1211673054496,-0.215747510869978,22.4580821217691,13.1125474995306,-11.9633296672291,38.1884246662902,9.96259317481206,0,7.57647849938533,0,"chi","I",1000,100,0.5,0,0,0,FALSE,0,FALSE,0.5,"leave-d",200,0.5,1e+05,TRUE,692
