"var_main_effect","var_inter_effect","cov_main_inter_effect","var_total_effect","EigenPrism_main","EigenPrism_CI1","EigenPrism_CI2","sub_EigenPrism_main","sub_EigenPrism_CI1","sub_EigenPrism_CI2","GCTA_main","GCTA_inter","sub_GCTA_main","sub_GCTA_inter","x_dist","structure","p","n","main_fixed_var","main_random_var","inter_fixed_var","inter_random_var","decor","interact","combine","pro","bs","n_sub","rho_e","emp_n","inter_std","i"
10,0,0,0,14.1203647984043,-8.29812028797352,36.538849884782,14.6221770239955,-24.2909400138302,53.5352940618212,8.98767216041882,0,7.01487863153108,0,"chi","I",1000,100,0.5,0,0,0,FALSE,0,FALSE,0.5,"leave-d",200,0.2,1e+05,TRUE,343
10,0,0,0,14.1203647984043,-8.29812028797352,36.538849884782,-0.670788421612613,-36.6048872217166,35.2633103784913,8.98767216041882,0,0,0,"chi","I",1000,100,0.5,0,0,0,FALSE,0,FALSE,0.5,"leave-d",200,0.2,1e+05,TRUE,343
10,0,0,0,14.1203647984043,-8.29812028797352,36.538849884782,3.40659980531746,-35.3493084267728,42.1625080374077,8.98767216041882,0,0,0,"chi","I",1000,100,0.5,0,0,0,FALSE,0,FALSE,0.5,"leave-d",200,0.2,1e+05,TRUE,343
10,0,0,0,14.1203647984043,-8.29812028797352,36.538849884782,26.7186434041498,-13.9846510871582,67.4219378954578,8.98767216041882,0,36.6351996208768,0,"chi","I",1000,100,0.5,0,0,0,FALSE,0,FALSE,0.5,"leave-d",200,0.2,1e+05,TRUE,343
10,0,0,0,14.1203647984043,-8.29812028797352,36.538849884782,0.76145015586221,-35.5446837678947,37.0675840796191,8.98767216041882,0,0,0,"chi","I",1000,100,0.5,0,0,0,FALSE,0,FALSE,0.5,"leave-d",200,0.2,1e+05,TRUE,343
10,0,0,0,14.1203647984043,-8.29812028797352,36.538849884782,15.9330871082098,-21.3402761627718,53.2064503791915,8.98767216041882,0,12.0680549028009,0,"chi","I",1000,100,0.5,0,0,0,FALSE,0,FALSE,0.5,"leave-d",200,0.2,1e+05,TRUE,343
10,0,0,0,14.1203647984043,-8.29812028797352,36.538849884782,28.2435556005423,-7.83466733133929,64.3217785324239,8.98767216041882,0,30.8983739812523,0,"chi","I",1000,100,0.5,0,0,0,FALSE,0,FALSE,0.5,"leave-d",200,0.2,1e+05,TRUE,343
10,0,0,0,14.1203647984043,-8.29812028797352,36.538849884782,35.3522277871506,-3.93606562512645,74.6405211994276,8.98767216041882,0,21.8865787630379,0,"chi","I",1000,100,0.5,0,0,0,FALSE,0,FALSE,0.5,"leave-d",200,0.2,1e+05,TRUE,343
10,0,0,0,14.1203647984043,-8.29812028797352,36.538849884782,36.4220772810499,3.10954774133114,69.7346068207687,8.98767216041882,0,34.6697384980221,0,"chi","I",1000,100,0.5,0,0,0,FALSE,0,FALSE,0.5,"leave-d",200,0.2,1e+05,TRUE,343
10,0,0,0,14.1203647984043,-8.29812028797352,36.538849884782,6.45173475350631,-36.9490638774261,49.8525333844387,8.98767216041882,0,0,0,"chi","I",1000,100,0.5,0,0,0,FALSE,0,FALSE,0.5,"leave-d",200,0.2,1e+05,TRUE,343
10,0,0,0,14.1203647984043,-8.29812028797352,36.538849884782,0.466151547870201,-40.3143903515898,41.2466934473302,8.98767216041882,0,0,0,"chi","I",1000,100,0.5,0,0,0,FALSE,0,FALSE,0.5,"leave-d",200,0.2,1e+05,TRUE,343
10,0,0,0,14.1203647984043,-8.29812028797352,36.538849884782,4.14694304907819,-30.7829373683142,39.0768234664706,8.98767216041882,0,0,0,"chi","I",1000,100,0.5,0,0,0,FALSE,0,FALSE,0.5,"leave-d",200,0.2,1e+05,TRUE,343
10,0,0,0,14.1203647984043,-8.29812028797352,36.538849884782,36.4466928174951,-8.09757334299034,80.9909589779806,8.98767216041882,0,45.7923351732347,0,"chi","I",1000,100,0.5,0,0,0,FALSE,0,FALSE,0.5,"leave-d",200,0.2,1e+05,TRUE,343
10,0,0,0,14.1203647984043,-8.29812028797352,36.538849884782,52.9527136180885,12.7119449569547,93.1934822792223,8.98767216041882,0,39.3560796543704,0,"chi","I",1000,100,0.5,0,0,0,FALSE,0,FALSE,0.5,"leave-d",200,0.2,1e+05,TRUE,343
10,0,0,0,14.1203647984043,-8.29812028797352,36.538849884782,29.1197606997295,-16.7910394118985,75.0305608113575,8.98767216041882,0,29.7957070005564,0,"chi","I",1000,100,0.5,0,0,0,FALSE,0,FALSE,0.5,"leave-d",200,0.2,1e+05,TRUE,343
10,0,0,0,14.1203647984043,-8.29812028797352,36.538849884782,38.7265390543726,0.589732767619807,76.8633453411254,8.98767216041882,0,38.1954163022255,0,"chi","I",1000,100,0.5,0,0,0,FALSE,0,FALSE,0.5,"leave-d",200,0.2,1e+05,TRUE,343
10,0,0,0,14.1203647984043,-8.29812028797352,36.538849884782,33.367557614026,-14.0615666370357,80.7966818650877,8.98767216041882,0,24.531833077895,0,"chi","I",1000,100,0.5,0,0,0,FALSE,0,FALSE,0.5,"leave-d",200,0.2,1e+05,TRUE,343
10,0,0,0,14.1203647984043,-8.29812028797352,36.538849884782,48.8258333210472,9.15521527412751,88.4964513679668,8.98767216041882,0,31.9742341969842,0,"chi","I",1000,100,0.5,0,0,0,FALSE,0,FALSE,0.5,"leave-d",200,0.2,1e+05,TRUE,343
10,0,0,0,14.1203647984043,-8.29812028797352,36.538849884782,5.83732830708821,-32.4732367805219,44.1478933946983,8.98767216041882,0,0,0,"chi","I",1000,100,0.5,0,0,0,FALSE,0,FALSE,0.5,"leave-d",200,0.2,1e+05,TRUE,343
10,0,0,0,14.1203647984043,-8.29812028797352,36.538849884782,20.3419915383823,-12.3521242522621,53.0361073290267,8.98767216041882,0,15.2195665090258,0,"chi","I",1000,100,0.5,0,0,0,FALSE,0,FALSE,0.5,"leave-d",200,0.2,1e+05,TRUE,343
10,0,0,0,14.1203647984043,-8.29812028797352,36.538849884782,63.9828439814259,22.5349157066529,105.430772256199,8.98767216041882,0,41.4602083335976,0,"chi","I",1000,100,0.5,0,0,0,FALSE,0,FALSE,0.5,"leave-d",200,0.2,1e+05,TRUE,343
10,0,0,0,14.1203647984043,-8.29812028797352,36.538849884782,11.174420804964,-20.8882661186977,43.2371077286256,8.98767216041882,0,2.15663774826445,0,"chi","I",1000,100,0.5,0,0,0,FALSE,0,FALSE,0.5,"leave-d",200,0.2,1e+05,TRUE,343
10,0,0,0,14.1203647984043,-8.29812028797352,36.538849884782,2.03906428039375,-36.7485956103215,40.826724171109,8.98767216041882,0,0,0,"chi","I",1000,100,0.5,0,0,0,FALSE,0,FALSE,0.5,"leave-d",200,0.2,1e+05,TRUE,343
10,0,0,0,14.1203647984043,-8.29812028797352,36.538849884782,15.2803233183268,-28.7323022766556,59.2929489133092,8.98767216041882,0,3.16265034660246,0,"chi","I",1000,100,0.5,0,0,0,FALSE,0,FALSE,0.5,"leave-d",200,0.2,1e+05,TRUE,343
10,0,0,0,14.1203647984043,-8.29812028797352,36.538849884782,26.8935247255362,-12.3886286717827,66.1756781228552,8.98767216041882,0,17.6684184193268,0,"chi","I",1000,100,0.5,0,0,0,FALSE,0,FALSE,0.5,"leave-d",200,0.2,1e+05,TRUE,343
10,0,0,0,14.1203647984043,-8.29812028797352,36.538849884782,20.7473737296351,-18.1718244193918,59.666571878662,8.98767216041882,0,8.75337396223217,0,"chi","I",1000,100,0.5,0,0,0,FALSE,0,FALSE,0.5,"leave-d",200,0.2,1e+05,TRUE,343
10,0,0,0,14.1203647984043,-8.29812028797352,36.538849884782,25.9041906601355,-12.3686148392255,64.1769961594965,8.98767216041882,0,14.79480561732,0,"chi","I",1000,100,0.5,0,0,0,FALSE,0,FALSE,0.5,"leave-d",200,0.2,1e+05,TRUE,343
10,0,0,0,14.1203647984043,-8.29812028797352,36.538849884782,44.4531104532887,-2.46437101572279,91.3705919223002,8.98767216041882,0,47.9190523547572,0,"chi","I",1000,100,0.5,0,0,0,FALSE,0,FALSE,0.5,"leave-d",200,0.2,1e+05,TRUE,343
10,0,0,0,14.1203647984043,-8.29812028797352,36.538849884782,-1.55683933518797,-37.7320662340778,34.6183875637019,8.98767216041882,0,0,0,"chi","I",1000,100,0.5,0,0,0,FALSE,0,FALSE,0.5,"leave-d",200,0.2,1e+05,TRUE,343
10,0,0,0,14.1203647984043,-8.29812028797352,36.538849884782,22.2370198190919,-20.0052894686003,64.4793291067842,8.98767216041882,0,17.6706983300516,0,"chi","I",1000,100,0.5,0,0,0,FALSE,0,FALSE,0.5,"leave-d",200,0.2,1e+05,TRUE,343
10,0,0,0,14.1203647984043,-8.29812028797352,36.538849884782,5.51581762795721,-29.1426332260731,40.1742684819875,8.98767216041882,0,0,0,"chi","I",1000,100,0.5,0,0,0,FALSE,0,FALSE,0.5,"leave-d",200,0.2,1e+05,TRUE,343
10,0,0,0,14.1203647984043,-8.29812028797352,36.538849884782,-6.32562710423322,-38.4204269507687,25.7691727423023,8.98767216041882,0,0,0,"chi","I",1000,100,0.5,0,0,0,FALSE,0,FALSE,0.5,"leave-d",200,0.2,1e+05,TRUE,343
10,0,0,0,14.1203647984043,-8.29812028797352,36.538849884782,-3.99473722039932,-42.2793552413439,34.2898808005452,8.98767216041882,0,0,0,"chi","I",1000,100,0.5,0,0,0,FALSE,0,FALSE,0.5,"leave-d",200,0.2,1e+05,TRUE,343
10,0,0,0,14.1203647984043,-8.29812028797352,36.538849884782,8.80519166031367,-33.1068384571182,50.7172217777455,8.98767216041882,0,0,0,"chi","I",1000,100,0.5,0,0,0,FALSE,0,FALSE,0.5,"leave-d",200,0.2,1e+05,TRUE,343
10,0,0,0,14.1203647984043,-8.29812028797352,36.538849884782,11.2789281247131,-26.9787951834768,49.536651432903,8.98767216041882,0,0,0,"chi","I",1000,100,0.5,0,0,0,FALSE,0,FALSE,0.5,"leave-d",200,0.2,1e+05,TRUE,343
10,0,0,0,14.1203647984043,-8.29812028797352,36.538849884782,-9.58780535592864,-49.8310674058505,30.6554566939932,8.98767216041882,0,0,0,"chi","I",1000,100,0.5,0,0,0,FALSE,0,FALSE,0.5,"leave-d",200,0.2,1e+05,TRUE,343
10,0,0,0,14.1203647984043,-8.29812028797352,36.538849884782,40.9381798859042,-7.44187233447369,89.3182321062821,8.98767216041882,0,49.1053580954499,0,"chi","I",1000,100,0.5,0,0,0,FALSE,0,FALSE,0.5,"leave-d",200,0.2,1e+05,TRUE,343
10,0,0,0,14.1203647984043,-8.29812028797352,36.538849884782,61.2825818461252,17.2963957830385,105.268767909212,8.98767216041882,0,43.4628515897601,0,"chi","I",1000,100,0.5,0,0,0,FALSE,0,FALSE,0.5,"leave-d",200,0.2,1e+05,TRUE,343
10,0,0,0,14.1203647984043,-8.29812028797352,36.538849884782,25.5670533262554,-14.0393714532525,65.1734781057634,8.98767216041882,0,13.2833934901739,0,"chi","I",1000,100,0.5,0,0,0,FALSE,0,FALSE,0.5,"leave-d",200,0.2,1e+05,TRUE,343
10,0,0,0,14.1203647984043,-8.29812028797352,36.538849884782,42.6398345179283,-0.267069428609013,85.5467384644655,8.98767216041882,0,41.2788376954411,0,"chi","I",1000,100,0.5,0,0,0,FALSE,0,FALSE,0.5,"leave-d",200,0.2,1e+05,TRUE,343
10,0,0,0,14.1203647984043,-8.29812028797352,36.538849884782,18.0045637623506,-30.8545535353375,66.8636810600388,8.98767216041882,0,3.64067054148915,0,"chi","I",1000,100,0.5,0,0,0,FALSE,0,FALSE,0.5,"leave-d",200,0.2,1e+05,TRUE,343
10,0,0,0,14.1203647984043,-8.29812028797352,36.538849884782,0.401833572682438,-38.7720505254771,39.575717670842,8.98767216041882,0,0,0,"chi","I",1000,100,0.5,0,0,0,FALSE,0,FALSE,0.5,"leave-d",200,0.2,1e+05,TRUE,343
10,0,0,0,14.1203647984043,-8.29812028797352,36.538849884782,16.94980741301,-24.0838120107063,57.9834268367263,8.98767216041882,0,9.29824939612303,0,"chi","I",1000,100,0.5,0,0,0,FALSE,0,FALSE,0.5,"leave-d",200,0.2,1e+05,TRUE,343
10,0,0,0,14.1203647984043,-8.29812028797352,36.538849884782,9.1860578411336,-32.1755555519361,50.5476712342033,8.98767216041882,0,0,0,"chi","I",1000,100,0.5,0,0,0,FALSE,0,FALSE,0.5,"leave-d",200,0.2,1e+05,TRUE,343
10,0,0,0,14.1203647984043,-8.29812028797352,36.538849884782,-24.9803921874677,-64.1709016813537,14.2101173064183,8.98767216041882,0,0,0,"chi","I",1000,100,0.5,0,0,0,FALSE,0,FALSE,0.5,"leave-d",200,0.2,1e+05,TRUE,343
10,0,0,0,14.1203647984043,-8.29812028797352,36.538849884782,10.3975084726614,-27.5522567551974,48.3472737005202,8.98767216041882,0,0,0,"chi","I",1000,100,0.5,0,0,0,FALSE,0,FALSE,0.5,"leave-d",200,0.2,1e+05,TRUE,343
10,0,0,0,14.1203647984043,-8.29812028797352,36.538849884782,1.69387345339005,-36.8579256649463,40.2456725717264,8.98767216041882,0,0,0,"chi","I",1000,100,0.5,0,0,0,FALSE,0,FALSE,0.5,"leave-d",200,0.2,1e+05,TRUE,343
10,0,0,0,14.1203647984043,-8.29812028797352,36.538849884782,-2.32616547999309,-42.7089961580847,38.0566651980985,8.98767216041882,0,0,0,"chi","I",1000,100,0.5,0,0,0,FALSE,0,FALSE,0.5,"leave-d",200,0.2,1e+05,TRUE,343
10,0,0,0,14.1203647984043,-8.29812028797352,36.538849884782,-33.4555984161675,-68.9268389174713,2.01564208513626,8.98767216041882,0,0,0,"chi","I",1000,100,0.5,0,0,0,FALSE,0,FALSE,0.5,"leave-d",200,0.2,1e+05,TRUE,343
10,0,0,0,14.1203647984043,-8.29812028797352,36.538849884782,23.6532306755132,-17.286673078952,64.5931344299783,8.98767216041882,0,26.478363001676,0,"chi","I",1000,100,0.5,0,0,0,FALSE,0,FALSE,0.5,"leave-d",200,0.2,1e+05,TRUE,343
10,0,0,0,14.1203647984043,-8.29812028797352,36.538849884782,-3.57924899528308,-43.0504003576108,35.8919023670446,8.98767216041882,0,0,0,"chi","I",1000,100,0.5,0,0,0,FALSE,0,FALSE,0.5,"leave-d",200,0.2,1e+05,TRUE,343
10,0,0,0,14.1203647984043,-8.29812028797352,36.538849884782,-3.66625010897054,-37.4280742944657,30.0955740765246,8.98767216041882,0,0,0,"chi","I",1000,100,0.5,0,0,0,FALSE,0,FALSE,0.5,"leave-d",200,0.2,1e+05,TRUE,343
10,0,0,0,14.1203647984043,-8.29812028797352,36.538849884782,14.424017254897,-25.5970956155236,54.4451301253176,8.98767216041882,0,5.75178204287701,0,"chi","I",1000,100,0.5,0,0,0,FALSE,0,FALSE,0.5,"leave-d",200,0.2,1e+05,TRUE,343
10,0,0,0,14.1203647984043,-8.29812028797352,36.538849884782,-11.0676574311654,-56.7120255313816,34.5767106690508,8.98767216041882,0,0,0,"chi","I",1000,100,0.5,0,0,0,FALSE,0,FALSE,0.5,"leave-d",200,0.2,1e+05,TRUE,343
10,0,0,0,14.1203647984043,-8.29812028797352,36.538849884782,15.8958357970171,-15.0076588308733,46.7993304249075,8.98767216041882,0,7.56899212633016,0,"chi","I",1000,100,0.5,0,0,0,FALSE,0,FALSE,0.5,"leave-d",200,0.2,1e+05,TRUE,343
10,0,0,0,14.1203647984043,-8.29812028797352,36.538849884782,-23.1352738793343,-69.8101461589794,23.5395984003108,8.98767216041882,0,0,0,"chi","I",1000,100,0.5,0,0,0,FALSE,0,FALSE,0.5,"leave-d",200,0.2,1e+05,TRUE,343
10,0,0,0,14.1203647984043,-8.29812028797352,36.538849884782,25.4092972672673,-24.3640385126387,75.1826330471733,8.98767216041882,0,13.9108981549151,0,"chi","I",1000,100,0.5,0,0,0,FALSE,0,FALSE,0.5,"leave-d",200,0.2,1e+05,TRUE,343
10,0,0,0,14.1203647984043,-8.29812028797352,36.538849884782,3.86295307311071,-28.0022715734379,35.7281777196593,8.98767216041882,0,0,0,"chi","I",1000,100,0.5,0,0,0,FALSE,0,FALSE,0.5,"leave-d",200,0.2,1e+05,TRUE,343
10,0,0,0,14.1203647984043,-8.29812028797352,36.538849884782,-10.4547311277673,-41.1749791836041,20.2655169280695,8.98767216041882,0,0,0,"chi","I",1000,100,0.5,0,0,0,FALSE,0,FALSE,0.5,"leave-d",200,0.2,1e+05,TRUE,343
10,0,0,0,14.1203647984043,-8.29812028797352,36.538849884782,9.62285548465231,-27.1078434552434,46.3535544245481,8.98767216041882,0,0,0,"chi","I",1000,100,0.5,0,0,0,FALSE,0,FALSE,0.5,"leave-d",200,0.2,1e+05,TRUE,343
10,0,0,0,14.1203647984043,-8.29812028797352,36.538849884782,20.6101113638126,-14.4734518594375,55.6936745870626,8.98767216041882,0,11.2999087509144,0,"chi","I",1000,100,0.5,0,0,0,FALSE,0,FALSE,0.5,"leave-d",200,0.2,1e+05,TRUE,343
10,0,0,0,14.1203647984043,-8.29812028797352,36.538849884782,10.9144803437486,-34.3481205180235,56.1770812055206,8.98767216041882,0,0,0,"chi","I",1000,100,0.5,0,0,0,FALSE,0,FALSE,0.5,"leave-d",200,0.2,1e+05,TRUE,343
10,0,0,0,14.1203647984043,-8.29812028797352,36.538849884782,20.6847540380573,-25.7604592334667,67.1299673095813,8.98767216041882,0,9.1190104768774,0,"chi","I",1000,100,0.5,0,0,0,FALSE,0,FALSE,0.5,"leave-d",200,0.2,1e+05,TRUE,343
10,0,0,0,14.1203647984043,-8.29812028797352,36.538849884782,13.9041218431876,-34.2538666138383,62.0621103002135,8.98767216041882,0,0,0,"chi","I",1000,100,0.5,0,0,0,FALSE,0,FALSE,0.5,"leave-d",200,0.2,1e+05,TRUE,343
10,0,0,0,14.1203647984043,-8.29812028797352,36.538849884782,17.6041812523293,-17.0305908548919,52.2389533595505,8.98767216041882,0,13.9773925182758,0,"chi","I",1000,100,0.5,0,0,0,FALSE,0,FALSE,0.5,"leave-d",200,0.2,1e+05,TRUE,343
10,0,0,0,14.1203647984043,-8.29812028797352,36.538849884782,-35.4690933007008,-75.5318143097008,4.59362770829915,8.98767216041882,0,0,0,"chi","I",1000,100,0.5,0,0,0,FALSE,0,FALSE,0.5,"leave-d",200,0.2,1e+05,TRUE,343
10,0,0,0,14.1203647984043,-8.29812028797352,36.538849884782,32.4850474295618,-12.4341396002426,77.4042344593662,8.98767216041882,0,30.9833273235724,0,"chi","I",1000,100,0.5,0,0,0,FALSE,0,FALSE,0.5,"leave-d",200,0.2,1e+05,TRUE,343
10,0,0,0,14.1203647984043,-8.29812028797352,36.538849884782,3.13229391121772,-33.6744607431551,39.9390485655905,8.98767216041882,0,0,0,"chi","I",1000,100,0.5,0,0,0,FALSE,0,FALSE,0.5,"leave-d",200,0.2,1e+05,TRUE,343
10,0,0,0,14.1203647984043,-8.29812028797352,36.538849884782,-7.74849943400777,-40.4084696137208,24.9114707457052,8.98767216041882,0,0,0,"chi","I",1000,100,0.5,0,0,0,FALSE,0,FALSE,0.5,"leave-d",200,0.2,1e+05,TRUE,343
10,0,0,0,14.1203647984043,-8.29812028797352,36.538849884782,8.24297999798007,-19.9850345192679,36.470994515228,8.98767216041882,0,0,0,"chi","I",1000,100,0.5,0,0,0,FALSE,0,FALSE,0.5,"leave-d",200,0.2,1e+05,TRUE,343
10,0,0,0,14.1203647984043,-8.29812028797352,36.538849884782,25.6559815977429,-14.3171455386676,65.6291087341533,8.98767216041882,0,26.5285440220668,0,"chi","I",1000,100,0.5,0,0,0,FALSE,0,FALSE,0.5,"leave-d",200,0.2,1e+05,TRUE,343
10,0,0,0,14.1203647984043,-8.29812028797352,36.538849884782,-9.64603024137841,-50.0332383388604,30.7411778561036,8.98767216041882,0,0,0,"chi","I",1000,100,0.5,0,0,0,FALSE,0,FALSE,0.5,"leave-d",200,0.2,1e+05,TRUE,343
10,0,0,0,14.1203647984043,-8.29812028797352,36.538849884782,35.1472979553677,-4.33754284301322,74.6321387537485,8.98767216041882,0,40.6555646447377,0,"chi","I",1000,100,0.5,0,0,0,FALSE,0,FALSE,0.5,"leave-d",200,0.2,1e+05,TRUE,343
10,0,0,0,14.1203647984043,-8.29812028797352,36.538849884782,10.2802065460901,-21.4830899915433,42.0435030837236,8.98767216041882,0,0.644377952921745,0,"chi","I",1000,100,0.5,0,0,0,FALSE,0,FALSE,0.5,"leave-d",200,0.2,1e+05,TRUE,343
10,0,0,0,14.1203647984043,-8.29812028797352,36.538849884782,32.8993618461836,-8.12323966854899,73.9219633609162,8.98767216041882,0,20.5685732516828,0,"chi","I",1000,100,0.5,0,0,0,FALSE,0,FALSE,0.5,"leave-d",200,0.2,1e+05,TRUE,343
10,0,0,0,14.1203647984043,-8.29812028797352,36.538849884782,29.1764056087029,-11.8703778139123,70.2231890313181,8.98767216041882,0,25.0602409487296,0,"chi","I",1000,100,0.5,0,0,0,FALSE,0,FALSE,0.5,"leave-d",200,0.2,1e+05,TRUE,343
10,0,0,0,14.1203647984043,-8.29812028797352,36.538849884782,28.1967212237388,-8.8472339669521,65.2406764144298,8.98767216041882,0,17.2065908373539,0,"chi","I",1000,100,0.5,0,0,0,FALSE,0,FALSE,0.5,"leave-d",200,0.2,1e+05,TRUE,343
10,0,0,0,14.1203647984043,-8.29812028797352,36.538849884782,1.36905870898734,-32.4117363143572,35.1498537323319,8.98767216041882,0,0,0,"chi","I",1000,100,0.5,0,0,0,FALSE,0,FALSE,0.5,"leave-d",200,0.2,1e+05,TRUE,343
10,0,0,0,14.1203647984043,-8.29812028797352,36.538849884782,32.3663618536746,-5.52382466461356,70.2565483719627,8.98767216041882,0,38.6466962087649,0,"chi","I",1000,100,0.5,0,0,0,FALSE,0,FALSE,0.5,"leave-d",200,0.2,1e+05,TRUE,343
10,0,0,0,14.1203647984043,-8.29812028797352,36.538849884782,17.2130392969935,-14.811729112735,49.2378077067219,8.98767216041882,0,8.86823558555134,0,"chi","I",1000,100,0.5,0,0,0,FALSE,0,FALSE,0.5,"leave-d",200,0.2,1e+05,TRUE,343
10,0,0,0,14.1203647984043,-8.29812028797352,36.538849884782,-27.6536136455158,-64.5903173117601,9.2830900207285,8.98767216041882,0,0,0,"chi","I",1000,100,0.5,0,0,0,FALSE,0,FALSE,0.5,"leave-d",200,0.2,1e+05,TRUE,343
10,0,0,0,14.1203647984043,-8.29812028797352,36.538849884782,-2.99567380080294,-41.8899856320002,35.8986380303943,8.98767216041882,0,0,0,"chi","I",1000,100,0.5,0,0,0,FALSE,0,FALSE,0.5,"leave-d",200,0.2,1e+05,TRUE,343
10,0,0,0,14.1203647984043,-8.29812028797352,36.538849884782,20.4530855828804,-13.1234995712984,54.0296707370593,8.98767216041882,0,12.9396457929287,0,"chi","I",1000,100,0.5,0,0,0,FALSE,0,FALSE,0.5,"leave-d",200,0.2,1e+05,TRUE,343
10,0,0,0,14.1203647984043,-8.29812028797352,36.538849884782,18.6474344852242,-12.3713254812012,49.6661944516495,8.98767216041882,0,24.8581392754302,0,"chi","I",1000,100,0.5,0,0,0,FALSE,0,FALSE,0.5,"leave-d",200,0.2,1e+05,TRUE,343
10,0,0,0,14.1203647984043,-8.29812028797352,36.538849884782,16.3631759404752,-15.5434321862764,48.2697840672268,8.98767216041882,0,9.49596587396349,0,"chi","I",1000,100,0.5,0,0,0,FALSE,0,FALSE,0.5,"leave-d",200,0.2,1e+05,TRUE,343
10,0,0,0,14.1203647984043,-8.29812028797352,36.538849884782,1.62588889546562,-35.944670053207,39.1964478441382,8.98767216041882,0,0,0,"chi","I",1000,100,0.5,0,0,0,FALSE,0,FALSE,0.5,"leave-d",200,0.2,1e+05,TRUE,343
10,0,0,0,14.1203647984043,-8.29812028797352,36.538849884782,6.79450625246234,-31.5354772111107,45.1244897160353,8.98767216041882,0,0,0,"chi","I",1000,100,0.5,0,0,0,FALSE,0,FALSE,0.5,"leave-d",200,0.2,1e+05,TRUE,343
10,0,0,0,14.1203647984043,-8.29812028797352,36.538849884782,-6.98937420894895,-42.9339469034143,28.9551984855164,8.98767216041882,0,0,0,"chi","I",1000,100,0.5,0,0,0,FALSE,0,FALSE,0.5,"leave-d",200,0.2,1e+05,TRUE,343
10,0,0,0,14.1203647984043,-8.29812028797352,36.538849884782,29.9091371153983,-11.0851342047048,70.9034084355015,8.98767216041882,0,42.7822838640918,0,"chi","I",1000,100,0.5,0,0,0,FALSE,0,FALSE,0.5,"leave-d",200,0.2,1e+05,TRUE,343
10,0,0,0,14.1203647984043,-8.29812028797352,36.538849884782,-14.9561950348268,-50.290657944135,20.3782678744814,8.98767216041882,0,0,0,"chi","I",1000,100,0.5,0,0,0,FALSE,0,FALSE,0.5,"leave-d",200,0.2,1e+05,TRUE,343
10,0,0,0,14.1203647984043,-8.29812028797352,36.538849884782,-3.49779099142411,-41.4191504385489,34.4235684557007,8.98767216041882,0,0,0,"chi","I",1000,100,0.5,0,0,0,FALSE,0,FALSE,0.5,"leave-d",200,0.2,1e+05,TRUE,343
10,0,0,0,14.1203647984043,-8.29812028797352,36.538849884782,7.25120944476313,-32.4811630448269,46.9835819343531,8.98767216041882,0,0,0,"chi","I",1000,100,0.5,0,0,0,FALSE,0,FALSE,0.5,"leave-d",200,0.2,1e+05,TRUE,343
10,0,0,0,14.1203647984043,-8.29812028797352,36.538849884782,43.1739585144343,1.62135634186697,84.7265606870016,8.98767216041882,0,29.4454091717354,0,"chi","I",1000,100,0.5,0,0,0,FALSE,0,FALSE,0.5,"leave-d",200,0.2,1e+05,TRUE,343
10,0,0,0,14.1203647984043,-8.29812028797352,36.538849884782,35.5827412992491,-8.53767347593084,79.703156074429,8.98767216041882,0,33.8016002693023,0,"chi","I",1000,100,0.5,0,0,0,FALSE,0,FALSE,0.5,"leave-d",200,0.2,1e+05,TRUE,343
10,0,0,0,14.1203647984043,-8.29812028797352,36.538849884782,29.5321666016627,-4.99749382068163,64.0618270240071,8.98767216041882,0,26.5290692623574,0,"chi","I",1000,100,0.5,0,0,0,FALSE,0,FALSE,0.5,"leave-d",200,0.2,1e+05,TRUE,343
10,0,0,0,14.1203647984043,-8.29812028797352,36.538849884782,-2.13401006310389,-36.3496255732592,32.0816054470515,8.98767216041882,0,0,0,"chi","I",1000,100,0.5,0,0,0,FALSE,0,FALSE,0.5,"leave-d",200,0.2,1e+05,TRUE,343
10,0,0,0,14.1203647984043,-8.29812028797352,36.538849884782,6.30286184874909,-32.4032938492995,45.0090175467977,8.98767216041882,0,0,0,"chi","I",1000,100,0.5,0,0,0,FALSE,0,FALSE,0.5,"leave-d",200,0.2,1e+05,TRUE,343
10,0,0,0,14.1203647984043,-8.29812028797352,36.538849884782,-50.0913175091481,-88.0854553709488,-12.0971796473474,8.98767216041882,0,0,0,"chi","I",1000,100,0.5,0,0,0,FALSE,0,FALSE,0.5,"leave-d",200,0.2,1e+05,TRUE,343
10,0,0,0,14.1203647984043,-8.29812028797352,36.538849884782,11.3801314796409,-29.4344622659044,52.1947252251863,8.98767216041882,0,0,0,"chi","I",1000,100,0.5,0,0,0,FALSE,0,FALSE,0.5,"leave-d",200,0.2,1e+05,TRUE,343
10,0,0,0,14.1203647984043,-8.29812028797352,36.538849884782,11.3609445144991,-28.7760624660263,51.4979514950246,8.98767216041882,0,0,0,"chi","I",1000,100,0.5,0,0,0,FALSE,0,FALSE,0.5,"leave-d",200,0.2,1e+05,TRUE,343
10,0,0,0,14.1203647984043,-8.29812028797352,36.538849884782,3.92575672068673,-38.5996255927515,46.451139034125,8.98767216041882,0,0,0,"chi","I",1000,100,0.5,0,0,0,FALSE,0,FALSE,0.5,"leave-d",200,0.2,1e+05,TRUE,343
10,0,0,0,14.1203647984043,-8.29812028797352,36.538849884782,0.504118206424852,-40.3289796442976,41.3372160571473,8.98767216041882,0,0,0,"chi","I",1000,100,0.5,0,0,0,FALSE,0,FALSE,0.5,"leave-d",200,0.2,1e+05,TRUE,343
10,0,0,0,14.1203647984043,-8.29812028797352,36.538849884782,26.356658044809,-16.2239272820207,68.9372433716388,8.98767216041882,0,22.805070607229,0,"chi","I",1000,100,0.5,0,0,0,FALSE,0,FALSE,0.5,"leave-d",200,0.2,1e+05,TRUE,343
10,0,0,0,14.1203647984043,-8.29812028797352,36.538849884782,1.88822714120494,-38.5585932537403,42.3350475361501,8.98767216041882,0,0,0,"chi","I",1000,100,0.5,0,0,0,FALSE,0,FALSE,0.5,"leave-d",200,0.2,1e+05,TRUE,343
10,0,0,0,14.1203647984043,-8.29812028797352,36.538849884782,57.0253764059018,15.643846901877,98.4069059099266,8.98767216041882,0,40.5999281873543,0,"chi","I",1000,100,0.5,0,0,0,FALSE,0,FALSE,0.5,"leave-d",200,0.2,1e+05,TRUE,343
10,0,0,0,14.1203647984043,-8.29812028797352,36.538849884782,26.371238374901,-13.5611129179612,66.3035896677631,8.98767216041882,0,18.3743075141526,0,"chi","I",1000,100,0.5,0,0,0,FALSE,0,FALSE,0.5,"leave-d",200,0.2,1e+05,TRUE,343
10,0,0,0,14.1203647984043,-8.29812028797352,36.538849884782,21.2439872552811,-10.1291935012391,52.6171680118012,8.98767216041882,0,21.2349228427812,0,"chi","I",1000,100,0.5,0,0,0,FALSE,0,FALSE,0.5,"leave-d",200,0.2,1e+05,TRUE,343
10,0,0,0,14.1203647984043,-8.29812028797352,36.538849884782,44.0664606266519,6.77950442485547,81.3534168284482,8.98767216041882,0,37.9641890848239,0,"chi","I",1000,100,0.5,0,0,0,FALSE,0,FALSE,0.5,"leave-d",200,0.2,1e+05,TRUE,343
10,0,0,0,14.1203647984043,-8.29812028797352,36.538849884782,-1.48968650660388,-37.4507988987187,34.4714258855109,8.98767216041882,0,0,0,"chi","I",1000,100,0.5,0,0,0,FALSE,0,FALSE,0.5,"leave-d",200,0.2,1e+05,TRUE,343
10,0,0,0,14.1203647984043,-8.29812028797352,36.538849884782,21.7181385836086,-12.777136060057,56.2134132272742,8.98767216041882,0,32.7176915310183,0,"chi","I",1000,100,0.5,0,0,0,FALSE,0,FALSE,0.5,"leave-d",200,0.2,1e+05,TRUE,343
10,0,0,0,14.1203647984043,-8.29812028797352,36.538849884782,5.94839367637165,-35.577282785351,47.4740701380943,8.98767216041882,0,0,0,"chi","I",1000,100,0.5,0,0,0,FALSE,0,FALSE,0.5,"leave-d",200,0.2,1e+05,TRUE,343
10,0,0,0,14.1203647984043,-8.29812028797352,36.538849884782,11.051604856094,-18.9574094909791,41.0606192031671,8.98767216041882,0,3.22528584000744,0,"chi","I",1000,100,0.5,0,0,0,FALSE,0,FALSE,0.5,"leave-d",200,0.2,1e+05,TRUE,343
10,0,0,0,14.1203647984043,-8.29812028797352,36.538849884782,15.7780251950925,-22.1200265114091,53.6760769015942,8.98767216041882,0,8.65773315873296,0,"chi","I",1000,100,0.5,0,0,0,FALSE,0,FALSE,0.5,"leave-d",200,0.2,1e+05,TRUE,343
10,0,0,0,14.1203647984043,-8.29812028797352,36.538849884782,49.2036054548631,10.1831352607872,88.224075648939,8.98767216041882,0,39.330948860651,0,"chi","I",1000,100,0.5,0,0,0,FALSE,0,FALSE,0.5,"leave-d",200,0.2,1e+05,TRUE,343
10,0,0,0,14.1203647984043,-8.29812028797352,36.538849884782,-1.66837782008253,-35.7736949364289,32.4369392962639,8.98767216041882,0,0,0,"chi","I",1000,100,0.5,0,0,0,FALSE,0,FALSE,0.5,"leave-d",200,0.2,1e+05,TRUE,343
10,0,0,0,14.1203647984043,-8.29812028797352,36.538849884782,18.1726828500643,-17.9808951970163,54.3262608971449,8.98767216041882,0,6.6259861919791,0,"chi","I",1000,100,0.5,0,0,0,FALSE,0,FALSE,0.5,"leave-d",200,0.2,1e+05,TRUE,343
10,0,0,0,14.1203647984043,-8.29812028797352,36.538849884782,29.1468337672286,1.85041134538493,56.4432561890723,8.98767216041882,0,27.1197393324322,0,"chi","I",1000,100,0.5,0,0,0,FALSE,0,FALSE,0.5,"leave-d",200,0.2,1e+05,TRUE,343
10,0,0,0,14.1203647984043,-8.29812028797352,36.538849884782,-9.23059872574131,-56.912999588809,38.4518021373263,8.98767216041882,0,0,0,"chi","I",1000,100,0.5,0,0,0,FALSE,0,FALSE,0.5,"leave-d",200,0.2,1e+05,TRUE,343
10,0,0,0,14.1203647984043,-8.29812028797352,36.538849884782,-4.81969603202602,-41.398421527998,31.7590294639459,8.98767216041882,0,0,0,"chi","I",1000,100,0.5,0,0,0,FALSE,0,FALSE,0.5,"leave-d",200,0.2,1e+05,TRUE,343
10,0,0,0,14.1203647984043,-8.29812028797352,36.538849884782,19.9179562667172,-30.705176395077,70.5410889285114,8.98767216041882,0,6.08102141734521,0,"chi","I",1000,100,0.5,0,0,0,FALSE,0,FALSE,0.5,"leave-d",200,0.2,1e+05,TRUE,343
10,0,0,0,14.1203647984043,-8.29812028797352,36.538849884782,11.6500057172792,-27.5724855142674,50.8724969488259,8.98767216041882,0,0.0515818464686962,0,"chi","I",1000,100,0.5,0,0,0,FALSE,0,FALSE,0.5,"leave-d",200,0.2,1e+05,TRUE,343
10,0,0,0,14.1203647984043,-8.29812028797352,36.538849884782,16.4674148727187,-27.6052510933209,60.5400808387582,8.98767216041882,0,3.98594735290487,0,"chi","I",1000,100,0.5,0,0,0,FALSE,0,FALSE,0.5,"leave-d",200,0.2,1e+05,TRUE,343
10,0,0,0,14.1203647984043,-8.29812028797352,36.538849884782,50.8986103475634,11.3149056636078,90.4823150315191,8.98767216041882,0,40.0468181791097,0,"chi","I",1000,100,0.5,0,0,0,FALSE,0,FALSE,0.5,"leave-d",200,0.2,1e+05,TRUE,343
10,0,0,0,14.1203647984043,-8.29812028797352,36.538849884782,17.957246340136,-20.7065241258371,56.621016806109,8.98767216041882,0,14.4189714147004,0,"chi","I",1000,100,0.5,0,0,0,FALSE,0,FALSE,0.5,"leave-d",200,0.2,1e+05,TRUE,343
10,0,0,0,14.1203647984043,-8.29812028797352,36.538849884782,26.9967021160583,-8.28938668713296,62.2827909192495,8.98767216041882,0,22.1707816906869,0,"chi","I",1000,100,0.5,0,0,0,FALSE,0,FALSE,0.5,"leave-d",200,0.2,1e+05,TRUE,343
10,0,0,0,14.1203647984043,-8.29812028797352,36.538849884782,17.2546801177631,-14.7540594564848,49.2634196920111,8.98767216041882,0,9.83672184319208,0,"chi","I",1000,100,0.5,0,0,0,FALSE,0,FALSE,0.5,"leave-d",200,0.2,1e+05,TRUE,343
10,0,0,0,14.1203647984043,-8.29812028797352,36.538849884782,33.0022954341075,-13.1771264336102,79.1817173018252,8.98767216041882,0,33.0860395672265,0,"chi","I",1000,100,0.5,0,0,0,FALSE,0,FALSE,0.5,"leave-d",200,0.2,1e+05,TRUE,343
10,0,0,0,14.1203647984043,-8.29812028797352,36.538849884782,-7.69303652691792,-44.4922532720117,29.1061802181758,8.98767216041882,0,0,0,"chi","I",1000,100,0.5,0,0,0,FALSE,0,FALSE,0.5,"leave-d",200,0.2,1e+05,TRUE,343
10,0,0,0,14.1203647984043,-8.29812028797352,36.538849884782,29.3691581729949,-9.72219316722784,68.4605095132175,8.98767216041882,0,40.9613632208629,0,"chi","I",1000,100,0.5,0,0,0,FALSE,0,FALSE,0.5,"leave-d",200,0.2,1e+05,TRUE,343
10,0,0,0,14.1203647984043,-8.29812028797352,36.538849884782,-16.3075068998875,-48.1547569913867,15.5397431916117,8.98767216041882,0,0,0,"chi","I",1000,100,0.5,0,0,0,FALSE,0,FALSE,0.5,"leave-d",200,0.2,1e+05,TRUE,343
10,0,0,0,14.1203647984043,-8.29812028797352,36.538849884782,21.3268399468305,-16.008172666173,58.6618525598341,8.98767216041882,0,25.2426361656804,0,"chi","I",1000,100,0.5,0,0,0,FALSE,0,FALSE,0.5,"leave-d",200,0.2,1e+05,TRUE,343
10,0,0,0,14.1203647984043,-8.29812028797352,36.538849884782,17.9459105632342,-21.6458908442055,57.5377119706739,8.98767216041882,0,7.48363193177175,0,"chi","I",1000,100,0.5,0,0,0,FALSE,0,FALSE,0.5,"leave-d",200,0.2,1e+05,TRUE,343
10,0,0,0,14.1203647984043,-8.29812028797352,36.538849884782,0.902310770759529,-45.8262301696517,47.6308517111707,8.98767216041882,0,0,0,"chi","I",1000,100,0.5,0,0,0,FALSE,0,FALSE,0.5,"leave-d",200,0.2,1e+05,TRUE,343
10,0,0,0,14.1203647984043,-8.29812028797352,36.538849884782,6.53440333862128,-37.8721893553467,50.9409960325893,8.98767216041882,0,0,0,"chi","I",1000,100,0.5,0,0,0,FALSE,0,FALSE,0.5,"leave-d",200,0.2,1e+05,TRUE,343
10,0,0,0,14.1203647984043,-8.29812028797352,36.538849884782,27.5102196797074,-9.89091149857433,64.9113508579891,8.98767216041882,0,20.5120237904876,0,"chi","I",1000,100,0.5,0,0,0,FALSE,0,FALSE,0.5,"leave-d",200,0.2,1e+05,TRUE,343
10,0,0,0,14.1203647984043,-8.29812028797352,36.538849884782,13.5920260974577,-20.4469178080231,47.6309700029385,8.98767216041882,0,4.10992679699014,0,"chi","I",1000,100,0.5,0,0,0,FALSE,0,FALSE,0.5,"leave-d",200,0.2,1e+05,TRUE,343
10,0,0,0,14.1203647984043,-8.29812028797352,36.538849884782,-3.57067394469532,-38.5013677596738,31.3600198702831,8.98767216041882,0,0,0,"chi","I",1000,100,0.5,0,0,0,FALSE,0,FALSE,0.5,"leave-d",200,0.2,1e+05,TRUE,343
10,0,0,0,14.1203647984043,-8.29812028797352,36.538849884782,-7.50680849344416,-55.9605746201392,40.9469576332508,8.98767216041882,0,0,0,"chi","I",1000,100,0.5,0,0,0,FALSE,0,FALSE,0.5,"leave-d",200,0.2,1e+05,TRUE,343
10,0,0,0,14.1203647984043,-8.29812028797352,36.538849884782,1.19046805181582,-33.1991644272935,35.5801005309251,8.98767216041882,0,0,0,"chi","I",1000,100,0.5,0,0,0,FALSE,0,FALSE,0.5,"leave-d",200,0.2,1e+05,TRUE,343
10,0,0,0,14.1203647984043,-8.29812028797352,36.538849884782,-11.5614739217812,-64.3476453902831,41.2246975467206,8.98767216041882,0,0,0,"chi","I",1000,100,0.5,0,0,0,FALSE,0,FALSE,0.5,"leave-d",200,0.2,1e+05,TRUE,343
10,0,0,0,14.1203647984043,-8.29812028797352,36.538849884782,8.07806657879643,-27.8558090040332,44.0119421616261,8.98767216041882,0,0,0,"chi","I",1000,100,0.5,0,0,0,FALSE,0,FALSE,0.5,"leave-d",200,0.2,1e+05,TRUE,343
10,0,0,0,14.1203647984043,-8.29812028797352,36.538849884782,32.7525256061479,-10.4495799331409,75.9546311454367,8.98767216041882,0,23.9326307912509,0,"chi","I",1000,100,0.5,0,0,0,FALSE,0,FALSE,0.5,"leave-d",200,0.2,1e+05,TRUE,343
10,0,0,0,14.1203647984043,-8.29812028797352,36.538849884782,-4.2907458428764,-37.0985660619009,28.5170743761481,8.98767216041882,0,0,0,"chi","I",1000,100,0.5,0,0,0,FALSE,0,FALSE,0.5,"leave-d",200,0.2,1e+05,TRUE,343
10,0,0,0,14.1203647984043,-8.29812028797352,36.538849884782,37.2236757715394,-4.05315264042563,78.5005041835045,8.98767216041882,0,39.5540029619788,0,"chi","I",1000,100,0.5,0,0,0,FALSE,0,FALSE,0.5,"leave-d",200,0.2,1e+05,TRUE,343
10,0,0,0,14.1203647984043,-8.29812028797352,36.538849884782,0.0229000578225919,-30.6433988837939,30.6891989994391,8.98767216041882,0,0,0,"chi","I",1000,100,0.5,0,0,0,FALSE,0,FALSE,0.5,"leave-d",200,0.2,1e+05,TRUE,343
10,0,0,0,14.1203647984043,-8.29812028797352,36.538849884782,39.9741689246181,-6.3516587700687,86.2999966193049,8.98767216041882,0,29.4416209279763,0,"chi","I",1000,100,0.5,0,0,0,FALSE,0,FALSE,0.5,"leave-d",200,0.2,1e+05,TRUE,343
10,0,0,0,14.1203647984043,-8.29812028797352,36.538849884782,11.3967539784936,-29.4912402593499,52.2847482163372,8.98767216041882,0,0,0,"chi","I",1000,100,0.5,0,0,0,FALSE,0,FALSE,0.5,"leave-d",200,0.2,1e+05,TRUE,343
10,0,0,0,14.1203647984043,-8.29812028797352,36.538849884782,-9.29489543303577,-46.8684028140682,28.2786119479966,8.98767216041882,0,0,0,"chi","I",1000,100,0.5,0,0,0,FALSE,0,FALSE,0.5,"leave-d",200,0.2,1e+05,TRUE,343
10,0,0,0,14.1203647984043,-8.29812028797352,36.538849884782,-12.6075683310853,-53.0418987542809,27.8267620921104,8.98767216041882,0,0,0,"chi","I",1000,100,0.5,0,0,0,FALSE,0,FALSE,0.5,"leave-d",200,0.2,1e+05,TRUE,343
10,0,0,0,14.1203647984043,-8.29812028797352,36.538849884782,8.67996147353872,-35.2193466354538,52.5792695825312,8.98767216041882,0,0,0,"chi","I",1000,100,0.5,0,0,0,FALSE,0,FALSE,0.5,"leave-d",200,0.2,1e+05,TRUE,343
10,0,0,0,14.1203647984043,-8.29812028797352,36.538849884782,16.8963329774756,-14.7587494542247,48.5514154091759,8.98767216041882,0,19.762655617009,0,"chi","I",1000,100,0.5,0,0,0,FALSE,0,FALSE,0.5,"leave-d",200,0.2,1e+05,TRUE,343
10,0,0,0,14.1203647984043,-8.29812028797352,36.538849884782,44.1587114626285,1.81841488060666,86.4990080446504,8.98767216041882,0,43.4587487762481,0,"chi","I",1000,100,0.5,0,0,0,FALSE,0,FALSE,0.5,"leave-d",200,0.2,1e+05,TRUE,343
10,0,0,0,14.1203647984043,-8.29812028797352,36.538849884782,30.7149528765326,-9.15147423426845,70.5813799873336,8.98767216041882,0,16.3128965106813,0,"chi","I",1000,100,0.5,0,0,0,FALSE,0,FALSE,0.5,"leave-d",200,0.2,1e+05,TRUE,343
10,0,0,0,14.1203647984043,-8.29812028797352,36.538849884782,47.6448728588689,0.168438257462306,95.1213074602755,8.98767216041882,0,49.5404703643667,0,"chi","I",1000,100,0.5,0,0,0,FALSE,0,FALSE,0.5,"leave-d",200,0.2,1e+05,TRUE,343
10,0,0,0,14.1203647984043,-8.29812028797352,36.538849884782,-33.4340772693134,-72.860429906967,5.99227536834012,8.98767216041882,0,0,0,"chi","I",1000,100,0.5,0,0,0,FALSE,0,FALSE,0.5,"leave-d",200,0.2,1e+05,TRUE,343
10,0,0,0,14.1203647984043,-8.29812028797352,36.538849884782,21.2439689401486,-10.7080251165611,53.1959629968583,8.98767216041882,0,9.16393109445647,0,"chi","I",1000,100,0.5,0,0,0,FALSE,0,FALSE,0.5,"leave-d",200,0.2,1e+05,TRUE,343
10,0,0,0,14.1203647984043,-8.29812028797352,36.538849884782,65.0085844220395,23.1373843939725,106.879784450107,8.98767216041882,0,41.5854309140002,0,"chi","I",1000,100,0.5,0,0,0,FALSE,0,FALSE,0.5,"leave-d",200,0.2,1e+05,TRUE,343
10,0,0,0,14.1203647984043,-8.29812028797352,36.538849884782,-2.10086230943835,-31.2884495422521,27.0867249233754,8.98767216041882,0,0,0,"chi","I",1000,100,0.5,0,0,0,FALSE,0,FALSE,0.5,"leave-d",200,0.2,1e+05,TRUE,343
10,0,0,0,14.1203647984043,-8.29812028797352,36.538849884782,-20.8618491422098,-56.2381725448508,14.5144742604311,8.98767216041882,0,0,0,"chi","I",1000,100,0.5,0,0,0,FALSE,0,FALSE,0.5,"leave-d",200,0.2,1e+05,TRUE,343
10,0,0,0,14.1203647984043,-8.29812028797352,36.538849884782,21.1901623017359,-15.0849911753654,57.4653157788371,8.98767216041882,0,12.3457142509256,0,"chi","I",1000,100,0.5,0,0,0,FALSE,0,FALSE,0.5,"leave-d",200,0.2,1e+05,TRUE,343
10,0,0,0,14.1203647984043,-8.29812028797352,36.538849884782,-14.5071096803318,-55.0765771344728,26.0623577738091,8.98767216041882,0,0,0,"chi","I",1000,100,0.5,0,0,0,FALSE,0,FALSE,0.5,"leave-d",200,0.2,1e+05,TRUE,343
10,0,0,0,14.1203647984043,-8.29812028797352,36.538849884782,-14.4057530035327,-50.5470556018819,21.7355495948164,8.98767216041882,0,0,0,"chi","I",1000,100,0.5,0,0,0,FALSE,0,FALSE,0.5,"leave-d",200,0.2,1e+05,TRUE,343
10,0,0,0,14.1203647984043,-8.29812028797352,36.538849884782,7.15856923876568,-26.2349628361736,40.5521013137049,8.98767216041882,0,0,0,"chi","I",1000,100,0.5,0,0,0,FALSE,0,FALSE,0.5,"leave-d",200,0.2,1e+05,TRUE,343
10,0,0,0,14.1203647984043,-8.29812028797352,36.538849884782,25.3316551080539,-21.0889151010044,71.7522253171121,8.98767216041882,0,17.2897568262182,0,"chi","I",1000,100,0.5,0,0,0,FALSE,0,FALSE,0.5,"leave-d",200,0.2,1e+05,TRUE,343
10,0,0,0,14.1203647984043,-8.29812028797352,36.538849884782,14.0128742659959,-32.8847104102565,60.9104589422483,8.98767216041882,0,0.141496728611006,0,"chi","I",1000,100,0.5,0,0,0,FALSE,0,FALSE,0.5,"leave-d",200,0.2,1e+05,TRUE,343
10,0,0,0,14.1203647984043,-8.29812028797352,36.538849884782,23.7215118811665,-14.0991152901763,61.5421390525094,8.98767216041882,0,30.2221378933961,0,"chi","I",1000,100,0.5,0,0,0,FALSE,0,FALSE,0.5,"leave-d",200,0.2,1e+05,TRUE,343
10,0,0,0,14.1203647984043,-8.29812028797352,36.538849884782,43.0579607426565,2.14101250645566,83.9749089788573,8.98767216041882,0,40.1776910069177,0,"chi","I",1000,100,0.5,0,0,0,FALSE,0,FALSE,0.5,"leave-d",200,0.2,1e+05,TRUE,343
10,0,0,0,14.1203647984043,-8.29812028797352,36.538849884782,-9.29315474993391,-50.6211966509569,32.034887151089,8.98767216041882,0,0,0,"chi","I",1000,100,0.5,0,0,0,FALSE,0,FALSE,0.5,"leave-d",200,0.2,1e+05,TRUE,343
10,0,0,0,14.1203647984043,-8.29812028797352,36.538849884782,4.98436965347724,-32.6190245470194,42.5877638539739,8.98767216041882,0,0,0,"chi","I",1000,100,0.5,0,0,0,FALSE,0,FALSE,0.5,"leave-d",200,0.2,1e+05,TRUE,343
10,0,0,0,14.1203647984043,-8.29812028797352,36.538849884782,7.59908354143679,-22.1194679702905,37.317635053164,8.98767216041882,0,0,0,"chi","I",1000,100,0.5,0,0,0,FALSE,0,FALSE,0.5,"leave-d",200,0.2,1e+05,TRUE,343
10,0,0,0,14.1203647984043,-8.29812028797352,36.538849884782,41.0927365787913,-2.5480568285364,84.7335299861191,8.98767216041882,0,44.672325909285,0,"chi","I",1000,100,0.5,0,0,0,FALSE,0,FALSE,0.5,"leave-d",200,0.2,1e+05,TRUE,343
10,0,0,0,14.1203647984043,-8.29812028797352,36.538849884782,19.5845328806306,-22.4514582200278,61.620523981289,8.98767216041882,0,39.8926236415153,0,"chi","I",1000,100,0.5,0,0,0,FALSE,0,FALSE,0.5,"leave-d",200,0.2,1e+05,TRUE,343
10,0,0,0,14.1203647984043,-8.29812028797352,36.538849884782,32.1079647244741,-5.34436833106147,69.5602977800096,8.98767216041882,0,34.5077245301645,0,"chi","I",1000,100,0.5,0,0,0,FALSE,0,FALSE,0.5,"leave-d",200,0.2,1e+05,TRUE,343
10,0,0,0,14.1203647984043,-8.29812028797352,36.538849884782,17.2945898179046,-25.421673747821,60.0108533836303,8.98767216041882,0,18.4153558111562,0,"chi","I",1000,100,0.5,0,0,0,FALSE,0,FALSE,0.5,"leave-d",200,0.2,1e+05,TRUE,343
10,0,0,0,14.1203647984043,-8.29812028797352,36.538849884782,-9.09090260850741,-48.535792051228,30.3539868342132,8.98767216041882,0,0,0,"chi","I",1000,100,0.5,0,0,0,FALSE,0,FALSE,0.5,"leave-d",200,0.2,1e+05,TRUE,343
10,0,0,0,14.1203647984043,-8.29812028797352,36.538849884782,52.2343172854849,15.9156863815374,88.5529481894324,8.98767216041882,0,36.2250131965456,0,"chi","I",1000,100,0.5,0,0,0,FALSE,0,FALSE,0.5,"leave-d",200,0.2,1e+05,TRUE,343
10,0,0,0,14.1203647984043,-8.29812028797352,36.538849884782,13.5658982079244,-29.0952500380552,56.2270464539041,8.98767216041882,0,1.70817450562263,0,"chi","I",1000,100,0.5,0,0,0,FALSE,0,FALSE,0.5,"leave-d",200,0.2,1e+05,TRUE,343
10,0,0,0,14.1203647984043,-8.29812028797352,36.538849884782,0.229320849940589,-34.7081445418699,35.166786241751,8.98767216041882,0,0,0,"chi","I",1000,100,0.5,0,0,0,FALSE,0,FALSE,0.5,"leave-d",200,0.2,1e+05,TRUE,343
10,0,0,0,14.1203647984043,-8.29812028797352,36.538849884782,24.1414030871673,-7.82768078757561,56.1104869619102,8.98767216041882,0,14.6115935367872,0,"chi","I",1000,100,0.5,0,0,0,FALSE,0,FALSE,0.5,"leave-d",200,0.2,1e+05,TRUE,343
10,0,0,0,14.1203647984043,-8.29812028797352,36.538849884782,21.611199815001,-8.23668153607657,51.4590811660786,8.98767216041882,0,31.4017222627442,0,"chi","I",1000,100,0.5,0,0,0,FALSE,0,FALSE,0.5,"leave-d",200,0.2,1e+05,TRUE,343
10,0,0,0,14.1203647984043,-8.29812028797352,36.538849884782,42.0063127234872,9.89346613025719,74.1191593167172,8.98767216041882,0,32.0468791172125,0,"chi","I",1000,100,0.5,0,0,0,FALSE,0,FALSE,0.5,"leave-d",200,0.2,1e+05,TRUE,343
10,0,0,0,14.1203647984043,-8.29812028797352,36.538849884782,12.0228552621839,-26.0774176216316,50.1231281459994,8.98767216041882,0,0.46641980695395,0,"chi","I",1000,100,0.5,0,0,0,FALSE,0,FALSE,0.5,"leave-d",200,0.2,1e+05,TRUE,343
10,0,0,0,14.1203647984043,-8.29812028797352,36.538849884782,-15.1240923566181,-56.4451864970233,26.197001783787,8.98767216041882,0,0,0,"chi","I",1000,100,0.5,0,0,0,FALSE,0,FALSE,0.5,"leave-d",200,0.2,1e+05,TRUE,343
10,0,0,0,14.1203647984043,-8.29812028797352,36.538849884782,39.2098134912312,-1.33485254081836,79.7544795232808,8.98767216041882,0,39.9016526459031,0,"chi","I",1000,100,0.5,0,0,0,FALSE,0,FALSE,0.5,"leave-d",200,0.2,1e+05,TRUE,343
10,0,0,0,14.1203647984043,-8.29812028797352,36.538849884782,8.76660246411081,-29.8227832590962,47.3559881873178,8.98767216041882,0,0,0,"chi","I",1000,100,0.5,0,0,0,FALSE,0,FALSE,0.5,"leave-d",200,0.2,1e+05,TRUE,343
10,0,0,0,14.1203647984043,-8.29812028797352,36.538849884782,53.9166552048499,13.2502955947434,94.5830148149565,8.98767216041882,0,40.86761298112,0,"chi","I",1000,100,0.5,0,0,0,FALSE,0,FALSE,0.5,"leave-d",200,0.2,1e+05,TRUE,343
10,0,0,0,14.1203647984043,-8.29812028797352,36.538849884782,-16.1015540307935,-46.1981816512076,13.9950735896207,8.98767216041882,0,0,0,"chi","I",1000,100,0.5,0,0,0,FALSE,0,FALSE,0.5,"leave-d",200,0.2,1e+05,TRUE,343
10,0,0,0,14.1203647984043,-8.29812028797352,36.538849884782,8.54996791308275,-36.0390561476026,53.1389919737681,8.98767216041882,0,0,0,"chi","I",1000,100,0.5,0,0,0,FALSE,0,FALSE,0.5,"leave-d",200,0.2,1e+05,TRUE,343
10,0,0,0,14.1203647984043,-8.29812028797352,36.538849884782,35.4531992011477,-4.58410840232187,75.4905068046173,8.98767216041882,0,28.2979036543863,0,"chi","I",1000,100,0.5,0,0,0,FALSE,0,FALSE,0.5,"leave-d",200,0.2,1e+05,TRUE,343
10,0,0,0,14.1203647984043,-8.29812028797352,36.538849884782,15.1212016690889,-23.7808589735118,54.0232623116895,8.98767216041882,0,3.74058300053704,0,"chi","I",1000,100,0.5,0,0,0,FALSE,0,FALSE,0.5,"leave-d",200,0.2,1e+05,TRUE,343
10,0,0,0,14.1203647984043,-8.29812028797352,36.538849884782,16.3658815865553,-29.8249361641382,62.5566993372488,8.98767216041882,0,4.07354663408385,0,"chi","I",1000,100,0.5,0,0,0,FALSE,0,FALSE,0.5,"leave-d",200,0.2,1e+05,TRUE,343
10,0,0,0,14.1203647984043,-8.29812028797352,36.538849884782,21.9239249510861,-15.4945962015301,59.3424461037023,8.98767216041882,0,16.6706096494546,0,"chi","I",1000,100,0.5,0,0,0,FALSE,0,FALSE,0.5,"leave-d",200,0.2,1e+05,TRUE,343
10,0,0,0,14.1203647984043,-8.29812028797352,36.538849884782,-5.02568407597978,-40.0550504235863,30.0036822716267,8.98767216041882,0,0,0,"chi","I",1000,100,0.5,0,0,0,FALSE,0,FALSE,0.5,"leave-d",200,0.2,1e+05,TRUE,343
10,0,0,0,14.1203647984043,-8.29812028797352,36.538849884782,-7.1178819398341,-41.8603616709587,27.6245977912905,8.98767216041882,0,0,0,"chi","I",1000,100,0.5,0,0,0,FALSE,0,FALSE,0.5,"leave-d",200,0.2,1e+05,TRUE,343
10,0,0,0,14.1203647984043,-8.29812028797352,36.538849884782,37.6629908854052,-4.93866997864149,80.2646517494518,8.98767216041882,0,43.2494301465646,0,"chi","I",1000,100,0.5,0,0,0,FALSE,0,FALSE,0.5,"leave-d",200,0.2,1e+05,TRUE,343
10,0,0,0,14.1203647984043,-8.29812028797352,36.538849884782,-12.7523333991438,-48.7010612167281,23.1963944184405,8.98767216041882,0,0,0,"chi","I",1000,100,0.5,0,0,0,FALSE,0,FALSE,0.5,"leave-d",200,0.2,1e+05,TRUE,343
10,0,0,0,14.1203647984043,-8.29812028797352,36.538849884782,14.1002260803875,-28.70526952934,56.905721690115,8.98767216041882,0,1.4195348277292,0,"chi","I",1000,100,0.5,0,0,0,FALSE,0,FALSE,0.5,"leave-d",200,0.2,1e+05,TRUE,343
10,0,0,0,14.1203647984043,-8.29812028797352,36.538849884782,18.6176848968337,-16.4485721223371,53.6839419160046,8.98767216041882,0,36.3973063825277,0,"chi","I",1000,100,0.5,0,0,0,FALSE,0,FALSE,0.5,"leave-d",200,0.2,1e+05,TRUE,343
10,0,0,0,14.1203647984043,-8.29812028797352,36.538849884782,-7.93654916672329,-46.0079521219321,30.1348537884855,8.98767216041882,0,0,0,"chi","I",1000,100,0.5,0,0,0,FALSE,0,FALSE,0.5,"leave-d",200,0.2,1e+05,TRUE,343
10,0,0,0,14.1203647984043,-8.29812028797352,36.538849884782,35.0927438897661,1.59705090992651,68.5884368696057,8.98767216041882,0,35.0780941143661,0,"chi","I",1000,100,0.5,0,0,0,FALSE,0,FALSE,0.5,"leave-d",200,0.2,1e+05,TRUE,343
