"var_main_effect","var_inter_effect","cov_main_inter_effect","var_total_effect","least_square_main","sub_least_square_main","GCTA_main","GCTA_inter","sub_GCTA_main","sub_GCTA_inter","x_dist","structure","p","n","main_fixed_var","main_random_var","inter_fixed_var","inter_random_var","decor","interact","combine","pro","bs","n_sub","rho_e","emp_n","inter_std","i"
10,0,0,0,10.2176489501974,10.1521167722498,10.580132961975,0,10.516162007254,0,"normal","I",50,500,0.5,0,0,0,FALSE,0,FALSE,0.5,"leave-d",200,0.5,1e+05,TRUE,108
10,0,0,0,10.2176489501974,11.6335615111843,10.580132961975,0,12.5962971340547,0,"normal","I",50,500,0.5,0,0,0,FALSE,0,FALSE,0.5,"leave-d",200,0.5,1e+05,TRUE,108
10,0,0,0,10.2176489501974,11.4899556173213,10.580132961975,0,11.9057102262778,0,"normal","I",50,500,0.5,0,0,0,FALSE,0,FALSE,0.5,"leave-d",200,0.5,1e+05,TRUE,108
10,0,0,0,10.2176489501974,11.4715931259855,10.580132961975,0,11.2117620261033,0,"normal","I",50,500,0.5,0,0,0,FALSE,0,FALSE,0.5,"leave-d",200,0.5,1e+05,TRUE,108
10,0,0,0,10.2176489501974,9.71190980477655,10.580132961975,0,10.413710101253,0,"normal","I",50,500,0.5,0,0,0,FALSE,0,FALSE,0.5,"leave-d",200,0.5,1e+05,TRUE,108
10,0,0,0,10.2176489501974,10.5504187537714,10.580132961975,0,11.1028251114619,0,"normal","I",50,500,0.5,0,0,0,FALSE,0,FALSE,0.5,"leave-d",200,0.5,1e+05,TRUE,108
10,0,0,0,10.2176489501974,13.7130191500909,10.580132961975,0,14.827178878077,0,"normal","I",50,500,0.5,0,0,0,FALSE,0,FALSE,0.5,"leave-d",200,0.5,1e+05,TRUE,108
10,0,0,0,10.2176489501974,10.4647487998786,10.580132961975,0,10.3769931547139,0,"normal","I",50,500,0.5,0,0,0,FALSE,0,FALSE,0.5,"leave-d",200,0.5,1e+05,TRUE,108
10,0,0,0,10.2176489501974,11.5405431980885,10.580132961975,0,12.4577691265597,0,"normal","I",50,500,0.5,0,0,0,FALSE,0,FALSE,0.5,"leave-d",200,0.5,1e+05,TRUE,108
10,0,0,0,10.2176489501974,8.82798173984617,10.580132961975,0,9.08728121342134,0,"normal","I",50,500,0.5,0,0,0,FALSE,0,FALSE,0.5,"leave-d",200,0.5,1e+05,TRUE,108
10,0,0,0,10.2176489501974,10.1813509263419,10.580132961975,0,10.8276348125267,0,"normal","I",50,500,0.5,0,0,0,FALSE,0,FALSE,0.5,"leave-d",200,0.5,1e+05,TRUE,108
10,0,0,0,10.2176489501974,10.1716978338181,10.580132961975,0,10.6151974147095,0,"normal","I",50,500,0.5,0,0,0,FALSE,0,FALSE,0.5,"leave-d",200,0.5,1e+05,TRUE,108
10,0,0,0,10.2176489501974,9.24118799536073,10.580132961975,0,9.47958781965405,0,"normal","I",50,500,0.5,0,0,0,FALSE,0,FALSE,0.5,"leave-d",200,0.5,1e+05,TRUE,108
10,0,0,0,10.2176489501974,9.34298353078243,10.580132961975,0,10.2794424986725,0,"normal","I",50,500,0.5,0,0,0,FALSE,0,FALSE,0.5,"leave-d",200,0.5,1e+05,TRUE,108
10,0,0,0,10.2176489501974,8.93684348010345,10.580132961975,0,9.35100820758198,0,"normal","I",50,500,0.5,0,0,0,FALSE,0,FALSE,0.5,"leave-d",200,0.5,1e+05,TRUE,108
10,0,0,0,10.2176489501974,11.4653269348718,10.580132961975,0,10.507712322881,0,"normal","I",50,500,0.5,0,0,0,FALSE,0,FALSE,0.5,"leave-d",200,0.5,1e+05,TRUE,108
10,0,0,0,10.2176489501974,9.80309542414006,10.580132961975,0,9.90017138825496,0,"normal","I",50,500,0.5,0,0,0,FALSE,0,FALSE,0.5,"leave-d",200,0.5,1e+05,TRUE,108
10,0,0,0,10.2176489501974,10.034196490317,10.580132961975,0,10.5828413963679,0,"normal","I",50,500,0.5,0,0,0,FALSE,0,FALSE,0.5,"leave-d",200,0.5,1e+05,TRUE,108
10,0,0,0,10.2176489501974,9.18764263911364,10.580132961975,0,9.94664276156681,0,"normal","I",50,500,0.5,0,0,0,FALSE,0,FALSE,0.5,"leave-d",200,0.5,1e+05,TRUE,108
10,0,0,0,10.2176489501974,8.78253525722471,10.580132961975,0,9.74635822903862,0,"normal","I",50,500,0.5,0,0,0,FALSE,0,FALSE,0.5,"leave-d",200,0.5,1e+05,TRUE,108
10,0,0,0,10.2176489501974,9.82132905333847,10.580132961975,0,9.99927219651723,0,"normal","I",50,500,0.5,0,0,0,FALSE,0,FALSE,0.5,"leave-d",200,0.5,1e+05,TRUE,108
10,0,0,0,10.2176489501974,10.070252686747,10.580132961975,0,9.241444924343,0,"normal","I",50,500,0.5,0,0,0,FALSE,0,FALSE,0.5,"leave-d",200,0.5,1e+05,TRUE,108
10,0,0,0,10.2176489501974,10.1046957158045,10.580132961975,0,10.0268710788989,0,"normal","I",50,500,0.5,0,0,0,FALSE,0,FALSE,0.5,"leave-d",200,0.5,1e+05,TRUE,108
10,0,0,0,10.2176489501974,9.88947958039436,10.580132961975,0,9.76196211280826,0,"normal","I",50,500,0.5,0,0,0,FALSE,0,FALSE,0.5,"leave-d",200,0.5,1e+05,TRUE,108
10,0,0,0,10.2176489501974,8.87324199090132,10.580132961975,0,9.30228514016123,0,"normal","I",50,500,0.5,0,0,0,FALSE,0,FALSE,0.5,"leave-d",200,0.5,1e+05,TRUE,108
10,0,0,0,10.2176489501974,7.80591778940135,10.580132961975,0,8.05121718562134,0,"normal","I",50,500,0.5,0,0,0,FALSE,0,FALSE,0.5,"leave-d",200,0.5,1e+05,TRUE,108
10,0,0,0,10.2176489501974,9.49847775182597,10.580132961975,0,9.70281730011992,0,"normal","I",50,500,0.5,0,0,0,FALSE,0,FALSE,0.5,"leave-d",200,0.5,1e+05,TRUE,108
10,0,0,0,10.2176489501974,10.4848524371443,10.580132961975,0,10.6306374459894,0,"normal","I",50,500,0.5,0,0,0,FALSE,0,FALSE,0.5,"leave-d",200,0.5,1e+05,TRUE,108
10,0,0,0,10.2176489501974,11.1957683314362,10.580132961975,0,11.1859953842391,0,"normal","I",50,500,0.5,0,0,0,FALSE,0,FALSE,0.5,"leave-d",200,0.5,1e+05,TRUE,108
10,0,0,0,10.2176489501974,8.43309765877066,10.580132961975,0,8.75733270372925,0,"normal","I",50,500,0.5,0,0,0,FALSE,0,FALSE,0.5,"leave-d",200,0.5,1e+05,TRUE,108
10,0,0,0,10.2176489501974,9.5832221984817,10.580132961975,0,9.5565157165607,0,"normal","I",50,500,0.5,0,0,0,FALSE,0,FALSE,0.5,"leave-d",200,0.5,1e+05,TRUE,108
10,0,0,0,10.2176489501974,11.4568797408482,10.580132961975,0,10.8828008942658,0,"normal","I",50,500,0.5,0,0,0,FALSE,0,FALSE,0.5,"leave-d",200,0.5,1e+05,TRUE,108
10,0,0,0,10.2176489501974,11.9167041988404,10.580132961975,0,11.6263565194161,0,"normal","I",50,500,0.5,0,0,0,FALSE,0,FALSE,0.5,"leave-d",200,0.5,1e+05,TRUE,108
10,0,0,0,10.2176489501974,8.42562783532091,10.580132961975,0,8.44071824794406,0,"normal","I",50,500,0.5,0,0,0,FALSE,0,FALSE,0.5,"leave-d",200,0.5,1e+05,TRUE,108
10,0,0,0,10.2176489501974,9.53206046482824,10.580132961975,0,9.50578760825089,0,"normal","I",50,500,0.5,0,0,0,FALSE,0,FALSE,0.5,"leave-d",200,0.5,1e+05,TRUE,108
10,0,0,0,10.2176489501974,9.9120294950112,10.580132961975,0,11.0856702615243,0,"normal","I",50,500,0.5,0,0,0,FALSE,0,FALSE,0.5,"leave-d",200,0.5,1e+05,TRUE,108
10,0,0,0,10.2176489501974,11.1107567337383,10.580132961975,0,12.20392345343,0,"normal","I",50,500,0.5,0,0,0,FALSE,0,FALSE,0.5,"leave-d",200,0.5,1e+05,TRUE,108
10,0,0,0,10.2176489501974,9.91446772159059,10.580132961975,0,10.2225120883723,0,"normal","I",50,500,0.5,0,0,0,FALSE,0,FALSE,0.5,"leave-d",200,0.5,1e+05,TRUE,108
10,0,0,0,10.2176489501974,11.5256056105148,10.580132961975,0,11.8985347231795,0,"normal","I",50,500,0.5,0,0,0,FALSE,0,FALSE,0.5,"leave-d",200,0.5,1e+05,TRUE,108
10,0,0,0,10.2176489501974,9.91961263530235,10.580132961975,0,9.60323172575839,0,"normal","I",50,500,0.5,0,0,0,FALSE,0,FALSE,0.5,"leave-d",200,0.5,1e+05,TRUE,108
10,0,0,0,10.2176489501974,9.63724117496885,10.580132961975,0,10.5220939308439,0,"normal","I",50,500,0.5,0,0,0,FALSE,0,FALSE,0.5,"leave-d",200,0.5,1e+05,TRUE,108
10,0,0,0,10.2176489501974,11.4224961727556,10.580132961975,0,10.9513886734362,0,"normal","I",50,500,0.5,0,0,0,FALSE,0,FALSE,0.5,"leave-d",200,0.5,1e+05,TRUE,108
10,0,0,0,10.2176489501974,11.5084061662133,10.580132961975,0,11.9016209047442,0,"normal","I",50,500,0.5,0,0,0,FALSE,0,FALSE,0.5,"leave-d",200,0.5,1e+05,TRUE,108
10,0,0,0,10.2176489501974,9.94429338631744,10.580132961975,0,9.88023203325867,0,"normal","I",50,500,0.5,0,0,0,FALSE,0,FALSE,0.5,"leave-d",200,0.5,1e+05,TRUE,108
10,0,0,0,10.2176489501974,10.2822023381771,10.580132961975,0,10.7675177391341,0,"normal","I",50,500,0.5,0,0,0,FALSE,0,FALSE,0.5,"leave-d",200,0.5,1e+05,TRUE,108
10,0,0,0,10.2176489501974,12.4793268674022,10.580132961975,0,12.6626281897733,0,"normal","I",50,500,0.5,0,0,0,FALSE,0,FALSE,0.5,"leave-d",200,0.5,1e+05,TRUE,108
10,0,0,0,10.2176489501974,8.36802402218169,10.580132961975,0,8.05745324670992,0,"normal","I",50,500,0.5,0,0,0,FALSE,0,FALSE,0.5,"leave-d",200,0.5,1e+05,TRUE,108
10,0,0,0,10.2176489501974,10.5322045973643,10.580132961975,0,9.90706395692108,0,"normal","I",50,500,0.5,0,0,0,FALSE,0,FALSE,0.5,"leave-d",200,0.5,1e+05,TRUE,108
10,0,0,0,10.2176489501974,11.0348531183524,10.580132961975,0,10.7925089149567,0,"normal","I",50,500,0.5,0,0,0,FALSE,0,FALSE,0.5,"leave-d",200,0.5,1e+05,TRUE,108
10,0,0,0,10.2176489501974,11.1930623426698,10.580132961975,0,11.1622101649143,0,"normal","I",50,500,0.5,0,0,0,FALSE,0,FALSE,0.5,"leave-d",200,0.5,1e+05,TRUE,108
10,0,0,0,10.2176489501974,9.92030992273839,10.580132961975,0,10.2856610250441,0,"normal","I",50,500,0.5,0,0,0,FALSE,0,FALSE,0.5,"leave-d",200,0.5,1e+05,TRUE,108
10,0,0,0,10.2176489501974,10.4494603726656,10.580132961975,0,10.9056506611891,0,"normal","I",50,500,0.5,0,0,0,FALSE,0,FALSE,0.5,"leave-d",200,0.5,1e+05,TRUE,108
10,0,0,0,10.2176489501974,9.93510678066392,10.580132961975,0,9.88632554026313,0,"normal","I",50,500,0.5,0,0,0,FALSE,0,FALSE,0.5,"leave-d",200,0.5,1e+05,TRUE,108
10,0,0,0,10.2176489501974,10.4718726902851,10.580132961975,0,10.4739098857859,0,"normal","I",50,500,0.5,0,0,0,FALSE,0,FALSE,0.5,"leave-d",200,0.5,1e+05,TRUE,108
10,0,0,0,10.2176489501974,10.2838327300689,10.580132961975,0,9.94455410030884,0,"normal","I",50,500,0.5,0,0,0,FALSE,0,FALSE,0.5,"leave-d",200,0.5,1e+05,TRUE,108
10,0,0,0,10.2176489501974,9.92312054000117,10.580132961975,0,10.4200911459297,0,"normal","I",50,500,0.5,0,0,0,FALSE,0,FALSE,0.5,"leave-d",200,0.5,1e+05,TRUE,108
10,0,0,0,10.2176489501974,8.77679843997545,10.580132961975,0,9.14170807115645,0,"normal","I",50,500,0.5,0,0,0,FALSE,0,FALSE,0.5,"leave-d",200,0.5,1e+05,TRUE,108
10,0,0,0,10.2176489501974,8.94540367756493,10.580132961975,0,8.71762250844288,0,"normal","I",50,500,0.5,0,0,0,FALSE,0,FALSE,0.5,"leave-d",200,0.5,1e+05,TRUE,108
10,0,0,0,10.2176489501974,9.60627289664834,10.580132961975,0,10.2119074590499,0,"normal","I",50,500,0.5,0,0,0,FALSE,0,FALSE,0.5,"leave-d",200,0.5,1e+05,TRUE,108
10,0,0,0,10.2176489501974,10.7333317581054,10.580132961975,0,10.2732155710748,0,"normal","I",50,500,0.5,0,0,0,FALSE,0,FALSE,0.5,"leave-d",200,0.5,1e+05,TRUE,108
10,0,0,0,10.2176489501974,12.0041522185793,10.580132961975,0,12.3398571186664,0,"normal","I",50,500,0.5,0,0,0,FALSE,0,FALSE,0.5,"leave-d",200,0.5,1e+05,TRUE,108
10,0,0,0,10.2176489501974,10.4848601828869,10.580132961975,0,10.4555834651941,0,"normal","I",50,500,0.5,0,0,0,FALSE,0,FALSE,0.5,"leave-d",200,0.5,1e+05,TRUE,108
10,0,0,0,10.2176489501974,10.4388441307283,10.580132961975,0,10.607402823514,0,"normal","I",50,500,0.5,0,0,0,FALSE,0,FALSE,0.5,"leave-d",200,0.5,1e+05,TRUE,108
10,0,0,0,10.2176489501974,11.1079682680748,10.580132961975,0,10.906525822314,0,"normal","I",50,500,0.5,0,0,0,FALSE,0,FALSE,0.5,"leave-d",200,0.5,1e+05,TRUE,108
10,0,0,0,10.2176489501974,11.0601866086086,10.580132961975,0,11.5579607734196,0,"normal","I",50,500,0.5,0,0,0,FALSE,0,FALSE,0.5,"leave-d",200,0.5,1e+05,TRUE,108
10,0,0,0,10.2176489501974,12.4290512744587,10.580132961975,0,12.9181059936745,0,"normal","I",50,500,0.5,0,0,0,FALSE,0,FALSE,0.5,"leave-d",200,0.5,1e+05,TRUE,108
10,0,0,0,10.2176489501974,11.820486111445,10.580132961975,0,12.2066386025363,0,"normal","I",50,500,0.5,0,0,0,FALSE,0,FALSE,0.5,"leave-d",200,0.5,1e+05,TRUE,108
10,0,0,0,10.2176489501974,10.8353800135858,10.580132961975,0,11.0090986326944,0,"normal","I",50,500,0.5,0,0,0,FALSE,0,FALSE,0.5,"leave-d",200,0.5,1e+05,TRUE,108
10,0,0,0,10.2176489501974,11.0917150026872,10.580132961975,0,10.463526769236,0,"normal","I",50,500,0.5,0,0,0,FALSE,0,FALSE,0.5,"leave-d",200,0.5,1e+05,TRUE,108
10,0,0,0,10.2176489501974,8.73444656625497,10.580132961975,0,9.11419086964832,0,"normal","I",50,500,0.5,0,0,0,FALSE,0,FALSE,0.5,"leave-d",200,0.5,1e+05,TRUE,108
10,0,0,0,10.2176489501974,11.3436115249155,10.580132961975,0,12.144063827699,0,"normal","I",50,500,0.5,0,0,0,FALSE,0,FALSE,0.5,"leave-d",200,0.5,1e+05,TRUE,108
10,0,0,0,10.2176489501974,8.78247412834491,10.580132961975,0,8.94630489948616,0,"normal","I",50,500,0.5,0,0,0,FALSE,0,FALSE,0.5,"leave-d",200,0.5,1e+05,TRUE,108
10,0,0,0,10.2176489501974,11.0469965762296,10.580132961975,0,11.7734638280603,0,"normal","I",50,500,0.5,0,0,0,FALSE,0,FALSE,0.5,"leave-d",200,0.5,1e+05,TRUE,108
10,0,0,0,10.2176489501974,11.8501381143445,10.580132961975,0,11.5775289851353,0,"normal","I",50,500,0.5,0,0,0,FALSE,0,FALSE,0.5,"leave-d",200,0.5,1e+05,TRUE,108
10,0,0,0,10.2176489501974,10.2138173451388,10.580132961975,0,11.3598894541732,0,"normal","I",50,500,0.5,0,0,0,FALSE,0,FALSE,0.5,"leave-d",200,0.5,1e+05,TRUE,108
10,0,0,0,10.2176489501974,10.7851961787219,10.580132961975,0,11.0659569298693,0,"normal","I",50,500,0.5,0,0,0,FALSE,0,FALSE,0.5,"leave-d",200,0.5,1e+05,TRUE,108
10,0,0,0,10.2176489501974,10.5299753874741,10.580132961975,0,9.94957983885898,0,"normal","I",50,500,0.5,0,0,0,FALSE,0,FALSE,0.5,"leave-d",200,0.5,1e+05,TRUE,108
10,0,0,0,10.2176489501974,8.80445671900648,10.580132961975,0,8.93188016726736,0,"normal","I",50,500,0.5,0,0,0,FALSE,0,FALSE,0.5,"leave-d",200,0.5,1e+05,TRUE,108
10,0,0,0,10.2176489501974,10.7064994114061,10.580132961975,0,10.5851890179782,0,"normal","I",50,500,0.5,0,0,0,FALSE,0,FALSE,0.5,"leave-d",200,0.5,1e+05,TRUE,108
10,0,0,0,10.2176489501974,9.96628573586208,10.580132961975,0,10.9070177860087,0,"normal","I",50,500,0.5,0,0,0,FALSE,0,FALSE,0.5,"leave-d",200,0.5,1e+05,TRUE,108
10,0,0,0,10.2176489501974,9.78263485177735,10.580132961975,0,10.4866508066761,0,"normal","I",50,500,0.5,0,0,0,FALSE,0,FALSE,0.5,"leave-d",200,0.5,1e+05,TRUE,108
10,0,0,0,10.2176489501974,8.8318650652926,10.580132961975,0,8.75185844346118,0,"normal","I",50,500,0.5,0,0,0,FALSE,0,FALSE,0.5,"leave-d",200,0.5,1e+05,TRUE,108
10,0,0,0,10.2176489501974,11.9864187295256,10.580132961975,0,12.3137027198157,0,"normal","I",50,500,0.5,0,0,0,FALSE,0,FALSE,0.5,"leave-d",200,0.5,1e+05,TRUE,108
10,0,0,0,10.2176489501974,11.1530133339609,10.580132961975,0,11.3031157325831,0,"normal","I",50,500,0.5,0,0,0,FALSE,0,FALSE,0.5,"leave-d",200,0.5,1e+05,TRUE,108
10,0,0,0,10.2176489501974,10.588811982352,10.580132961975,0,9.73336200270603,0,"normal","I",50,500,0.5,0,0,0,FALSE,0,FALSE,0.5,"leave-d",200,0.5,1e+05,TRUE,108
10,0,0,0,10.2176489501974,11.0299514030611,10.580132961975,0,11.7423533291601,0,"normal","I",50,500,0.5,0,0,0,FALSE,0,FALSE,0.5,"leave-d",200,0.5,1e+05,TRUE,108
10,0,0,0,10.2176489501974,10.3016981389644,10.580132961975,0,10.673136695745,0,"normal","I",50,500,0.5,0,0,0,FALSE,0,FALSE,0.5,"leave-d",200,0.5,1e+05,TRUE,108
10,0,0,0,10.2176489501974,9.52539150979932,10.580132961975,0,10.0893177079619,0,"normal","I",50,500,0.5,0,0,0,FALSE,0,FALSE,0.5,"leave-d",200,0.5,1e+05,TRUE,108
10,0,0,0,10.2176489501974,10.3390433035187,10.580132961975,0,10.6538138330227,0,"normal","I",50,500,0.5,0,0,0,FALSE,0,FALSE,0.5,"leave-d",200,0.5,1e+05,TRUE,108
10,0,0,0,10.2176489501974,9.34861343533984,10.580132961975,0,10.3292847183972,0,"normal","I",50,500,0.5,0,0,0,FALSE,0,FALSE,0.5,"leave-d",200,0.5,1e+05,TRUE,108
10,0,0,0,10.2176489501974,11.5134765567341,10.580132961975,0,11.7070629557586,0,"normal","I",50,500,0.5,0,0,0,FALSE,0,FALSE,0.5,"leave-d",200,0.5,1e+05,TRUE,108
10,0,0,0,10.2176489501974,9.00796493591581,10.580132961975,0,8.93402538878306,0,"normal","I",50,500,0.5,0,0,0,FALSE,0,FALSE,0.5,"leave-d",200,0.5,1e+05,TRUE,108
10,0,0,0,10.2176489501974,10.7804678042352,10.580132961975,0,11.1585146592941,0,"normal","I",50,500,0.5,0,0,0,FALSE,0,FALSE,0.5,"leave-d",200,0.5,1e+05,TRUE,108
10,0,0,0,10.2176489501974,10.9441141893974,10.580132961975,0,11.1007051230437,0,"normal","I",50,500,0.5,0,0,0,FALSE,0,FALSE,0.5,"leave-d",200,0.5,1e+05,TRUE,108
10,0,0,0,10.2176489501974,10.3291026442375,10.580132961975,0,10.8376254765395,0,"normal","I",50,500,0.5,0,0,0,FALSE,0,FALSE,0.5,"leave-d",200,0.5,1e+05,TRUE,108
10,0,0,0,10.2176489501974,11.6303009815716,10.580132961975,0,12.2039966755714,0,"normal","I",50,500,0.5,0,0,0,FALSE,0,FALSE,0.5,"leave-d",200,0.5,1e+05,TRUE,108
10,0,0,0,10.2176489501974,12.2055227661625,10.580132961975,0,12.161551958047,0,"normal","I",50,500,0.5,0,0,0,FALSE,0,FALSE,0.5,"leave-d",200,0.5,1e+05,TRUE,108
10,0,0,0,10.2176489501974,12.6025568433293,10.580132961975,0,12.3853795411041,0,"normal","I",50,500,0.5,0,0,0,FALSE,0,FALSE,0.5,"leave-d",200,0.5,1e+05,TRUE,108
10,0,0,0,10.2176489501974,10.6065448397273,10.580132961975,0,11.4961496422694,0,"normal","I",50,500,0.5,0,0,0,FALSE,0,FALSE,0.5,"leave-d",200,0.5,1e+05,TRUE,108
10,0,0,0,10.2176489501974,11.2266725689274,10.580132961975,0,11.2143594698471,0,"normal","I",50,500,0.5,0,0,0,FALSE,0,FALSE,0.5,"leave-d",200,0.5,1e+05,TRUE,108
10,0,0,0,10.2176489501974,11.5462508466451,10.580132961975,0,12.4284928390848,0,"normal","I",50,500,0.5,0,0,0,FALSE,0,FALSE,0.5,"leave-d",200,0.5,1e+05,TRUE,108
10,0,0,0,10.2176489501974,11.4235427897693,10.580132961975,0,11.1437652881294,0,"normal","I",50,500,0.5,0,0,0,FALSE,0,FALSE,0.5,"leave-d",200,0.5,1e+05,TRUE,108
10,0,0,0,10.2176489501974,12.1201350536865,10.580132961975,0,11.9436998043993,0,"normal","I",50,500,0.5,0,0,0,FALSE,0,FALSE,0.5,"leave-d",200,0.5,1e+05,TRUE,108
10,0,0,0,10.2176489501974,10.5419913305253,10.580132961975,0,10.6700332043455,0,"normal","I",50,500,0.5,0,0,0,FALSE,0,FALSE,0.5,"leave-d",200,0.5,1e+05,TRUE,108
10,0,0,0,10.2176489501974,10.0549099666997,10.580132961975,0,10.3370876956426,0,"normal","I",50,500,0.5,0,0,0,FALSE,0,FALSE,0.5,"leave-d",200,0.5,1e+05,TRUE,108
10,0,0,0,10.2176489501974,9.59118382723917,10.580132961975,0,9.55773491024059,0,"normal","I",50,500,0.5,0,0,0,FALSE,0,FALSE,0.5,"leave-d",200,0.5,1e+05,TRUE,108
10,0,0,0,10.2176489501974,11.3646311467915,10.580132961975,0,11.5146327345648,0,"normal","I",50,500,0.5,0,0,0,FALSE,0,FALSE,0.5,"leave-d",200,0.5,1e+05,TRUE,108
10,0,0,0,10.2176489501974,7.08023548199072,10.580132961975,0,6.88105640091642,0,"normal","I",50,500,0.5,0,0,0,FALSE,0,FALSE,0.5,"leave-d",200,0.5,1e+05,TRUE,108
10,0,0,0,10.2176489501974,9.71241344760134,10.580132961975,0,10.3788823376585,0,"normal","I",50,500,0.5,0,0,0,FALSE,0,FALSE,0.5,"leave-d",200,0.5,1e+05,TRUE,108
10,0,0,0,10.2176489501974,10.0445489241595,10.580132961975,0,9.52903334069941,0,"normal","I",50,500,0.5,0,0,0,FALSE,0,FALSE,0.5,"leave-d",200,0.5,1e+05,TRUE,108
10,0,0,0,10.2176489501974,10.7822876532154,10.580132961975,0,10.5642427531602,0,"normal","I",50,500,0.5,0,0,0,FALSE,0,FALSE,0.5,"leave-d",200,0.5,1e+05,TRUE,108
10,0,0,0,10.2176489501974,10.2606827732135,10.580132961975,0,10.237689211407,0,"normal","I",50,500,0.5,0,0,0,FALSE,0,FALSE,0.5,"leave-d",200,0.5,1e+05,TRUE,108
10,0,0,0,10.2176489501974,10.3688411137931,10.580132961975,0,10.2271535510413,0,"normal","I",50,500,0.5,0,0,0,FALSE,0,FALSE,0.5,"leave-d",200,0.5,1e+05,TRUE,108
10,0,0,0,10.2176489501974,8.53435976768559,10.580132961975,0,9.01927163780371,0,"normal","I",50,500,0.5,0,0,0,FALSE,0,FALSE,0.5,"leave-d",200,0.5,1e+05,TRUE,108
10,0,0,0,10.2176489501974,11.7830534713553,10.580132961975,0,12.2156811060669,0,"normal","I",50,500,0.5,0,0,0,FALSE,0,FALSE,0.5,"leave-d",200,0.5,1e+05,TRUE,108
10,0,0,0,10.2176489501974,12.739648913885,10.580132961975,0,12.4672242321652,0,"normal","I",50,500,0.5,0,0,0,FALSE,0,FALSE,0.5,"leave-d",200,0.5,1e+05,TRUE,108
10,0,0,0,10.2176489501974,9.09638066351991,10.580132961975,0,9.33489959395342,0,"normal","I",50,500,0.5,0,0,0,FALSE,0,FALSE,0.5,"leave-d",200,0.5,1e+05,TRUE,108
10,0,0,0,10.2176489501974,9.04777296742636,10.580132961975,0,8.50610332642833,0,"normal","I",50,500,0.5,0,0,0,FALSE,0,FALSE,0.5,"leave-d",200,0.5,1e+05,TRUE,108
10,0,0,0,10.2176489501974,10.2347778407599,10.580132961975,0,11.5725272739918,0,"normal","I",50,500,0.5,0,0,0,FALSE,0,FALSE,0.5,"leave-d",200,0.5,1e+05,TRUE,108
10,0,0,0,10.2176489501974,7.25286394973499,10.580132961975,0,8.60514071149813,0,"normal","I",50,500,0.5,0,0,0,FALSE,0,FALSE,0.5,"leave-d",200,0.5,1e+05,TRUE,108
10,0,0,0,10.2176489501974,10.2349184872478,10.580132961975,0,11.0458410739381,0,"normal","I",50,500,0.5,0,0,0,FALSE,0,FALSE,0.5,"leave-d",200,0.5,1e+05,TRUE,108
10,0,0,0,10.2176489501974,10.4050474418395,10.580132961975,0,10.9892252213795,0,"normal","I",50,500,0.5,0,0,0,FALSE,0,FALSE,0.5,"leave-d",200,0.5,1e+05,TRUE,108
10,0,0,0,10.2176489501974,10.0706981574239,10.580132961975,0,10.2470869495823,0,"normal","I",50,500,0.5,0,0,0,FALSE,0,FALSE,0.5,"leave-d",200,0.5,1e+05,TRUE,108
10,0,0,0,10.2176489501974,10.1071958356471,10.580132961975,0,9.90577831326731,0,"normal","I",50,500,0.5,0,0,0,FALSE,0,FALSE,0.5,"leave-d",200,0.5,1e+05,TRUE,108
10,0,0,0,10.2176489501974,10.6273409041266,10.580132961975,0,12.4133439665259,0,"normal","I",50,500,0.5,0,0,0,FALSE,0,FALSE,0.5,"leave-d",200,0.5,1e+05,TRUE,108
10,0,0,0,10.2176489501974,8.66237554689037,10.580132961975,0,9.78686052367917,0,"normal","I",50,500,0.5,0,0,0,FALSE,0,FALSE,0.5,"leave-d",200,0.5,1e+05,TRUE,108
10,0,0,0,10.2176489501974,10.8692394819517,10.580132961975,0,10.5730037897326,0,"normal","I",50,500,0.5,0,0,0,FALSE,0,FALSE,0.5,"leave-d",200,0.5,1e+05,TRUE,108
10,0,0,0,10.2176489501974,10.6226788623201,10.580132961975,0,11.0233641751779,0,"normal","I",50,500,0.5,0,0,0,FALSE,0,FALSE,0.5,"leave-d",200,0.5,1e+05,TRUE,108
10,0,0,0,10.2176489501974,12.1115758289896,10.580132961975,0,12.2008004655299,0,"normal","I",50,500,0.5,0,0,0,FALSE,0,FALSE,0.5,"leave-d",200,0.5,1e+05,TRUE,108
10,0,0,0,10.2176489501974,10.5397549213775,10.580132961975,0,11.9232422875336,0,"normal","I",50,500,0.5,0,0,0,FALSE,0,FALSE,0.5,"leave-d",200,0.5,1e+05,TRUE,108
10,0,0,0,10.2176489501974,10.7753710295421,10.580132961975,0,11.2506613775776,0,"normal","I",50,500,0.5,0,0,0,FALSE,0,FALSE,0.5,"leave-d",200,0.5,1e+05,TRUE,108
10,0,0,0,10.2176489501974,10.9444048734038,10.580132961975,0,12.4818929848799,0,"normal","I",50,500,0.5,0,0,0,FALSE,0,FALSE,0.5,"leave-d",200,0.5,1e+05,TRUE,108
10,0,0,0,10.2176489501974,9.58381471829463,10.580132961975,0,9.43220927217444,0,"normal","I",50,500,0.5,0,0,0,FALSE,0,FALSE,0.5,"leave-d",200,0.5,1e+05,TRUE,108
10,0,0,0,10.2176489501974,11.0233626075431,10.580132961975,0,10.8470207935472,0,"normal","I",50,500,0.5,0,0,0,FALSE,0,FALSE,0.5,"leave-d",200,0.5,1e+05,TRUE,108
10,0,0,0,10.2176489501974,12.2277263609336,10.580132961975,0,10.5722467094209,0,"normal","I",50,500,0.5,0,0,0,FALSE,0,FALSE,0.5,"leave-d",200,0.5,1e+05,TRUE,108
10,0,0,0,10.2176489501974,11.1001683646266,10.580132961975,0,11.4932317864367,0,"normal","I",50,500,0.5,0,0,0,FALSE,0,FALSE,0.5,"leave-d",200,0.5,1e+05,TRUE,108
10,0,0,0,10.2176489501974,9.07329176703072,10.580132961975,0,8.81693768299203,0,"normal","I",50,500,0.5,0,0,0,FALSE,0,FALSE,0.5,"leave-d",200,0.5,1e+05,TRUE,108
10,0,0,0,10.2176489501974,7.58418118204481,10.580132961975,0,7.77841776133153,0,"normal","I",50,500,0.5,0,0,0,FALSE,0,FALSE,0.5,"leave-d",200,0.5,1e+05,TRUE,108
10,0,0,0,10.2176489501974,11.9779589657575,10.580132961975,0,13.0904720134764,0,"normal","I",50,500,0.5,0,0,0,FALSE,0,FALSE,0.5,"leave-d",200,0.5,1e+05,TRUE,108
10,0,0,0,10.2176489501974,9.72331243927789,10.580132961975,0,10.0147589593181,0,"normal","I",50,500,0.5,0,0,0,FALSE,0,FALSE,0.5,"leave-d",200,0.5,1e+05,TRUE,108
10,0,0,0,10.2176489501974,8.0940901682618,10.580132961975,0,8.21605695297539,0,"normal","I",50,500,0.5,0,0,0,FALSE,0,FALSE,0.5,"leave-d",200,0.5,1e+05,TRUE,108
10,0,0,0,10.2176489501974,9.2865204418429,10.580132961975,0,9.79152198969921,0,"normal","I",50,500,0.5,0,0,0,FALSE,0,FALSE,0.5,"leave-d",200,0.5,1e+05,TRUE,108
10,0,0,0,10.2176489501974,11.366586985899,10.580132961975,0,11.4664746673183,0,"normal","I",50,500,0.5,0,0,0,FALSE,0,FALSE,0.5,"leave-d",200,0.5,1e+05,TRUE,108
10,0,0,0,10.2176489501974,10.835031085315,10.580132961975,0,10.5992689436871,0,"normal","I",50,500,0.5,0,0,0,FALSE,0,FALSE,0.5,"leave-d",200,0.5,1e+05,TRUE,108
10,0,0,0,10.2176489501974,8.32630437225564,10.580132961975,0,9.11666004102191,0,"normal","I",50,500,0.5,0,0,0,FALSE,0,FALSE,0.5,"leave-d",200,0.5,1e+05,TRUE,108
10,0,0,0,10.2176489501974,8.78405288092332,10.580132961975,0,9.60898357491332,0,"normal","I",50,500,0.5,0,0,0,FALSE,0,FALSE,0.5,"leave-d",200,0.5,1e+05,TRUE,108
10,0,0,0,10.2176489501974,9.13994448047898,10.580132961975,0,10.3761914563398,0,"normal","I",50,500,0.5,0,0,0,FALSE,0,FALSE,0.5,"leave-d",200,0.5,1e+05,TRUE,108
10,0,0,0,10.2176489501974,9.48278777135345,10.580132961975,0,9.29862192843557,0,"normal","I",50,500,0.5,0,0,0,FALSE,0,FALSE,0.5,"leave-d",200,0.5,1e+05,TRUE,108
10,0,0,0,10.2176489501974,8.46508308749719,10.580132961975,0,9.68695510143468,0,"normal","I",50,500,0.5,0,0,0,FALSE,0,FALSE,0.5,"leave-d",200,0.5,1e+05,TRUE,108
10,0,0,0,10.2176489501974,10.6731189305311,10.580132961975,0,10.7439835686229,0,"normal","I",50,500,0.5,0,0,0,FALSE,0,FALSE,0.5,"leave-d",200,0.5,1e+05,TRUE,108
10,0,0,0,10.2176489501974,10.6806252685912,10.580132961975,0,10.6094908195293,0,"normal","I",50,500,0.5,0,0,0,FALSE,0,FALSE,0.5,"leave-d",200,0.5,1e+05,TRUE,108
10,0,0,0,10.2176489501974,9.63741675683335,10.580132961975,0,9.98915844135565,0,"normal","I",50,500,0.5,0,0,0,FALSE,0,FALSE,0.5,"leave-d",200,0.5,1e+05,TRUE,108
10,0,0,0,10.2176489501974,10.1402010377354,10.580132961975,0,10.042521692987,0,"normal","I",50,500,0.5,0,0,0,FALSE,0,FALSE,0.5,"leave-d",200,0.5,1e+05,TRUE,108
10,0,0,0,10.2176489501974,12.5056576236897,10.580132961975,0,12.4967758752213,0,"normal","I",50,500,0.5,0,0,0,FALSE,0,FALSE,0.5,"leave-d",200,0.5,1e+05,TRUE,108
10,0,0,0,10.2176489501974,10.4765306774432,10.580132961975,0,10.1728288214426,0,"normal","I",50,500,0.5,0,0,0,FALSE,0,FALSE,0.5,"leave-d",200,0.5,1e+05,TRUE,108
10,0,0,0,10.2176489501974,9.53599912660292,10.580132961975,0,10.8439941603337,0,"normal","I",50,500,0.5,0,0,0,FALSE,0,FALSE,0.5,"leave-d",200,0.5,1e+05,TRUE,108
10,0,0,0,10.2176489501974,10.342354104982,10.580132961975,0,10.6979592599192,0,"normal","I",50,500,0.5,0,0,0,FALSE,0,FALSE,0.5,"leave-d",200,0.5,1e+05,TRUE,108
10,0,0,0,10.2176489501974,9.63795081818129,10.580132961975,0,9.95281017686263,0,"normal","I",50,500,0.5,0,0,0,FALSE,0,FALSE,0.5,"leave-d",200,0.5,1e+05,TRUE,108
10,0,0,0,10.2176489501974,8.80048372050821,10.580132961975,0,9.0140984730732,0,"normal","I",50,500,0.5,0,0,0,FALSE,0,FALSE,0.5,"leave-d",200,0.5,1e+05,TRUE,108
10,0,0,0,10.2176489501974,11.6472154455332,10.580132961975,0,12.1174045941622,0,"normal","I",50,500,0.5,0,0,0,FALSE,0,FALSE,0.5,"leave-d",200,0.5,1e+05,TRUE,108
10,0,0,0,10.2176489501974,9.92391591060544,10.580132961975,0,10.1058939232351,0,"normal","I",50,500,0.5,0,0,0,FALSE,0,FALSE,0.5,"leave-d",200,0.5,1e+05,TRUE,108
10,0,0,0,10.2176489501974,11.0472449356807,10.580132961975,0,11.9852854522758,0,"normal","I",50,500,0.5,0,0,0,FALSE,0,FALSE,0.5,"leave-d",200,0.5,1e+05,TRUE,108
10,0,0,0,10.2176489501974,11.6230424503412,10.580132961975,0,12.2152490622571,0,"normal","I",50,500,0.5,0,0,0,FALSE,0,FALSE,0.5,"leave-d",200,0.5,1e+05,TRUE,108
10,0,0,0,10.2176489501974,7.7460124843308,10.580132961975,0,8.45093603510941,0,"normal","I",50,500,0.5,0,0,0,FALSE,0,FALSE,0.5,"leave-d",200,0.5,1e+05,TRUE,108
10,0,0,0,10.2176489501974,8.71495285321825,10.580132961975,0,8.93655728903708,0,"normal","I",50,500,0.5,0,0,0,FALSE,0,FALSE,0.5,"leave-d",200,0.5,1e+05,TRUE,108
10,0,0,0,10.2176489501974,9.34961172287243,10.580132961975,0,8.78747367420031,0,"normal","I",50,500,0.5,0,0,0,FALSE,0,FALSE,0.5,"leave-d",200,0.5,1e+05,TRUE,108
10,0,0,0,10.2176489501974,8.66663384045611,10.580132961975,0,8.94533398485708,0,"normal","I",50,500,0.5,0,0,0,FALSE,0,FALSE,0.5,"leave-d",200,0.5,1e+05,TRUE,108
10,0,0,0,10.2176489501974,8.84754338481621,10.580132961975,0,9.27481160618356,0,"normal","I",50,500,0.5,0,0,0,FALSE,0,FALSE,0.5,"leave-d",200,0.5,1e+05,TRUE,108
10,0,0,0,10.2176489501974,10.1155274109849,10.580132961975,0,10.4816928063383,0,"normal","I",50,500,0.5,0,0,0,FALSE,0,FALSE,0.5,"leave-d",200,0.5,1e+05,TRUE,108
10,0,0,0,10.2176489501974,9.95201249666484,10.580132961975,0,10.4290536308288,0,"normal","I",50,500,0.5,0,0,0,FALSE,0,FALSE,0.5,"leave-d",200,0.5,1e+05,TRUE,108
10,0,0,0,10.2176489501974,12.679134560832,10.580132961975,0,12.1124941955502,0,"normal","I",50,500,0.5,0,0,0,FALSE,0,FALSE,0.5,"leave-d",200,0.5,1e+05,TRUE,108
10,0,0,0,10.2176489501974,10.7932453512454,10.580132961975,0,11.3014324780584,0,"normal","I",50,500,0.5,0,0,0,FALSE,0,FALSE,0.5,"leave-d",200,0.5,1e+05,TRUE,108
10,0,0,0,10.2176489501974,9.95025008786738,10.580132961975,0,10.6357531959988,0,"normal","I",50,500,0.5,0,0,0,FALSE,0,FALSE,0.5,"leave-d",200,0.5,1e+05,TRUE,108
10,0,0,0,10.2176489501974,12.3599284957373,10.580132961975,0,12.7995847115451,0,"normal","I",50,500,0.5,0,0,0,FALSE,0,FALSE,0.5,"leave-d",200,0.5,1e+05,TRUE,108
10,0,0,0,10.2176489501974,11.3087939375034,10.580132961975,0,12.4755089548572,0,"normal","I",50,500,0.5,0,0,0,FALSE,0,FALSE,0.5,"leave-d",200,0.5,1e+05,TRUE,108
10,0,0,0,10.2176489501974,10.6271428371749,10.580132961975,0,10.822692823747,0,"normal","I",50,500,0.5,0,0,0,FALSE,0,FALSE,0.5,"leave-d",200,0.5,1e+05,TRUE,108
10,0,0,0,10.2176489501974,7.20081988834644,10.580132961975,0,7.7024658427273,0,"normal","I",50,500,0.5,0,0,0,FALSE,0,FALSE,0.5,"leave-d",200,0.5,1e+05,TRUE,108
10,0,0,0,10.2176489501974,12.2296316568363,10.580132961975,0,11.9798487864563,0,"normal","I",50,500,0.5,0,0,0,FALSE,0,FALSE,0.5,"leave-d",200,0.5,1e+05,TRUE,108
10,0,0,0,10.2176489501974,10.2550335774452,10.580132961975,0,10.6957209945199,0,"normal","I",50,500,0.5,0,0,0,FALSE,0,FALSE,0.5,"leave-d",200,0.5,1e+05,TRUE,108
10,0,0,0,10.2176489501974,10.2208699014104,10.580132961975,0,9.74759891210051,0,"normal","I",50,500,0.5,0,0,0,FALSE,0,FALSE,0.5,"leave-d",200,0.5,1e+05,TRUE,108
10,0,0,0,10.2176489501974,10.8287551715293,10.580132961975,0,11.4546866172982,0,"normal","I",50,500,0.5,0,0,0,FALSE,0,FALSE,0.5,"leave-d",200,0.5,1e+05,TRUE,108
10,0,0,0,10.2176489501974,8.25304166487832,10.580132961975,0,8.99444825151554,0,"normal","I",50,500,0.5,0,0,0,FALSE,0,FALSE,0.5,"leave-d",200,0.5,1e+05,TRUE,108
10,0,0,0,10.2176489501974,11.9608055398403,10.580132961975,0,11.967318724157,0,"normal","I",50,500,0.5,0,0,0,FALSE,0,FALSE,0.5,"leave-d",200,0.5,1e+05,TRUE,108
10,0,0,0,10.2176489501974,10.5852714132823,10.580132961975,0,10.6804317830826,0,"normal","I",50,500,0.5,0,0,0,FALSE,0,FALSE,0.5,"leave-d",200,0.5,1e+05,TRUE,108
10,0,0,0,10.2176489501974,9.78038126687923,10.580132961975,0,10.2688849362622,0,"normal","I",50,500,0.5,0,0,0,FALSE,0,FALSE,0.5,"leave-d",200,0.5,1e+05,TRUE,108
10,0,0,0,10.2176489501974,10.3152499393505,10.580132961975,0,10.0818657988447,0,"normal","I",50,500,0.5,0,0,0,FALSE,0,FALSE,0.5,"leave-d",200,0.5,1e+05,TRUE,108
10,0,0,0,10.2176489501974,11.1608220224676,10.580132961975,0,11.1672986476237,0,"normal","I",50,500,0.5,0,0,0,FALSE,0,FALSE,0.5,"leave-d",200,0.5,1e+05,TRUE,108
10,0,0,0,10.2176489501974,10.2356306058245,10.580132961975,0,10.336469622548,0,"normal","I",50,500,0.5,0,0,0,FALSE,0,FALSE,0.5,"leave-d",200,0.5,1e+05,TRUE,108
10,0,0,0,10.2176489501974,8.71871529131496,10.580132961975,0,8.52568023570357,0,"normal","I",50,500,0.5,0,0,0,FALSE,0,FALSE,0.5,"leave-d",200,0.5,1e+05,TRUE,108
10,0,0,0,10.2176489501974,10.8406139864653,10.580132961975,0,11.1540762725882,0,"normal","I",50,500,0.5,0,0,0,FALSE,0,FALSE,0.5,"leave-d",200,0.5,1e+05,TRUE,108
10,0,0,0,10.2176489501974,9.04025614404068,10.580132961975,0,9.22150589985888,0,"normal","I",50,500,0.5,0,0,0,FALSE,0,FALSE,0.5,"leave-d",200,0.5,1e+05,TRUE,108
10,0,0,0,10.2176489501974,10.4558487956738,10.580132961975,0,10.2200615681092,0,"normal","I",50,500,0.5,0,0,0,FALSE,0,FALSE,0.5,"leave-d",200,0.5,1e+05,TRUE,108
10,0,0,0,10.2176489501974,9.60437879823241,10.580132961975,0,9.60746404632631,0,"normal","I",50,500,0.5,0,0,0,FALSE,0,FALSE,0.5,"leave-d",200,0.5,1e+05,TRUE,108
10,0,0,0,10.2176489501974,10.4949076396137,10.580132961975,0,10.2950137533789,0,"normal","I",50,500,0.5,0,0,0,FALSE,0,FALSE,0.5,"leave-d",200,0.5,1e+05,TRUE,108
10,0,0,0,10.2176489501974,9.22376992965174,10.580132961975,0,9.83864307710406,0,"normal","I",50,500,0.5,0,0,0,FALSE,0,FALSE,0.5,"leave-d",200,0.5,1e+05,TRUE,108
10,0,0,0,10.2176489501974,12.0412860857004,10.580132961975,0,12.6346585994905,0,"normal","I",50,500,0.5,0,0,0,FALSE,0,FALSE,0.5,"leave-d",200,0.5,1e+05,TRUE,108
10,0,0,0,10.2176489501974,10.2220240827911,10.580132961975,0,10.0031928135566,0,"normal","I",50,500,0.5,0,0,0,FALSE,0,FALSE,0.5,"leave-d",200,0.5,1e+05,TRUE,108
10,0,0,0,10.2176489501974,9.54694356311573,10.580132961975,0,10.8850616032429,0,"normal","I",50,500,0.5,0,0,0,FALSE,0,FALSE,0.5,"leave-d",200,0.5,1e+05,TRUE,108
10,0,0,0,10.2176489501974,10.6768007198415,10.580132961975,0,11.0689069829034,0,"normal","I",50,500,0.5,0,0,0,FALSE,0,FALSE,0.5,"leave-d",200,0.5,1e+05,TRUE,108
10,0,0,0,10.2176489501974,8.97667079855381,10.580132961975,0,8.60996365243107,0,"normal","I",50,500,0.5,0,0,0,FALSE,0,FALSE,0.5,"leave-d",200,0.5,1e+05,TRUE,108
