"var_main_effect","var_inter_effect","cov_main_inter_effect","var_total_effect","least_square_main","sub_least_square_main","GCTA_main","GCTA_inter","sub_GCTA_main","sub_GCTA_inter","x_dist","structure","p","n","main_fixed_var","main_random_var","inter_fixed_var","inter_random_var","decor","interact","combine","pro","bs","n_sub","rho_e","emp_n","inter_std","i"
10,0,0,0,11.2077656496442,10.595765171375,11.3668035472598,0,10.9732187303577,0,"normal","I",50,500,0.5,0,0,0,FALSE,0,FALSE,0.5,"leave-d",200,0.5,1e+05,TRUE,289
10,0,0,0,11.2077656496442,12.8994754458693,11.3668035472598,0,12.7827111925698,0,"normal","I",50,500,0.5,0,0,0,FALSE,0,FALSE,0.5,"leave-d",200,0.5,1e+05,TRUE,289
10,0,0,0,11.2077656496442,12.8682334205552,11.3668035472598,0,11.7909494744704,0,"normal","I",50,500,0.5,0,0,0,FALSE,0,FALSE,0.5,"leave-d",200,0.5,1e+05,TRUE,289
10,0,0,0,11.2077656496442,13.2783895606676,11.3668035472598,0,11.9655100239399,0,"normal","I",50,500,0.5,0,0,0,FALSE,0,FALSE,0.5,"leave-d",200,0.5,1e+05,TRUE,289
10,0,0,0,11.2077656496442,10.9405131893335,11.3668035472598,0,11.0970115965497,0,"normal","I",50,500,0.5,0,0,0,FALSE,0,FALSE,0.5,"leave-d",200,0.5,1e+05,TRUE,289
10,0,0,0,11.2077656496442,11.9191037125423,11.3668035472598,0,11.5338460086203,0,"normal","I",50,500,0.5,0,0,0,FALSE,0,FALSE,0.5,"leave-d",200,0.5,1e+05,TRUE,289
10,0,0,0,11.2077656496442,10.1474841159216,11.3668035472598,0,9.80428354566377,0,"normal","I",50,500,0.5,0,0,0,FALSE,0,FALSE,0.5,"leave-d",200,0.5,1e+05,TRUE,289
10,0,0,0,11.2077656496442,9.20283193905412,11.3668035472598,0,9.73098914281319,0,"normal","I",50,500,0.5,0,0,0,FALSE,0,FALSE,0.5,"leave-d",200,0.5,1e+05,TRUE,289
10,0,0,0,11.2077656496442,9.31655074138007,11.3668035472598,0,9.545282969976,0,"normal","I",50,500,0.5,0,0,0,FALSE,0,FALSE,0.5,"leave-d",200,0.5,1e+05,TRUE,289
10,0,0,0,11.2077656496442,12.2485646206757,11.3668035472598,0,11.7747049216741,0,"normal","I",50,500,0.5,0,0,0,FALSE,0,FALSE,0.5,"leave-d",200,0.5,1e+05,TRUE,289
10,0,0,0,11.2077656496442,12.1407071115243,11.3668035472598,0,12.2459988890533,0,"normal","I",50,500,0.5,0,0,0,FALSE,0,FALSE,0.5,"leave-d",200,0.5,1e+05,TRUE,289
10,0,0,0,11.2077656496442,10.5690494264314,11.3668035472598,0,10.74837939477,0,"normal","I",50,500,0.5,0,0,0,FALSE,0,FALSE,0.5,"leave-d",200,0.5,1e+05,TRUE,289
10,0,0,0,11.2077656496442,11.4102986294592,11.3668035472598,0,11.5789730324038,0,"normal","I",50,500,0.5,0,0,0,FALSE,0,FALSE,0.5,"leave-d",200,0.5,1e+05,TRUE,289
10,0,0,0,11.2077656496442,11.9395118045261,11.3668035472598,0,11.4620314751351,0,"normal","I",50,500,0.5,0,0,0,FALSE,0,FALSE,0.5,"leave-d",200,0.5,1e+05,TRUE,289
10,0,0,0,11.2077656496442,9.27056912966423,11.3668035472598,0,9.60061749364515,0,"normal","I",50,500,0.5,0,0,0,FALSE,0,FALSE,0.5,"leave-d",200,0.5,1e+05,TRUE,289
10,0,0,0,11.2077656496442,10.6606040002217,11.3668035472598,0,11.0492487517474,0,"normal","I",50,500,0.5,0,0,0,FALSE,0,FALSE,0.5,"leave-d",200,0.5,1e+05,TRUE,289
10,0,0,0,11.2077656496442,11.8212185637295,11.3668035472598,0,12.1827440352462,0,"normal","I",50,500,0.5,0,0,0,FALSE,0,FALSE,0.5,"leave-d",200,0.5,1e+05,TRUE,289
10,0,0,0,11.2077656496442,11.634351950448,11.3668035472598,0,10.8708548955364,0,"normal","I",50,500,0.5,0,0,0,FALSE,0,FALSE,0.5,"leave-d",200,0.5,1e+05,TRUE,289
10,0,0,0,11.2077656496442,8.73314675840116,11.3668035472598,0,9.40965826748509,0,"normal","I",50,500,0.5,0,0,0,FALSE,0,FALSE,0.5,"leave-d",200,0.5,1e+05,TRUE,289
10,0,0,0,11.2077656496442,12.1782983655024,11.3668035472598,0,12.0298409633718,0,"normal","I",50,500,0.5,0,0,0,FALSE,0,FALSE,0.5,"leave-d",200,0.5,1e+05,TRUE,289
10,0,0,0,11.2077656496442,10.1440392883939,11.3668035472598,0,10.4806056337089,0,"normal","I",50,500,0.5,0,0,0,FALSE,0,FALSE,0.5,"leave-d",200,0.5,1e+05,TRUE,289
10,0,0,0,11.2077656496442,13.394561517143,11.3668035472598,0,13.4875652270159,0,"normal","I",50,500,0.5,0,0,0,FALSE,0,FALSE,0.5,"leave-d",200,0.5,1e+05,TRUE,289
10,0,0,0,11.2077656496442,12.7049669704424,11.3668035472598,0,12.3056135561471,0,"normal","I",50,500,0.5,0,0,0,FALSE,0,FALSE,0.5,"leave-d",200,0.5,1e+05,TRUE,289
10,0,0,0,11.2077656496442,10.3203356528176,11.3668035472598,0,10.5847936460063,0,"normal","I",50,500,0.5,0,0,0,FALSE,0,FALSE,0.5,"leave-d",200,0.5,1e+05,TRUE,289
10,0,0,0,11.2077656496442,12.2087286838009,11.3668035472598,0,12.5270137521435,0,"normal","I",50,500,0.5,0,0,0,FALSE,0,FALSE,0.5,"leave-d",200,0.5,1e+05,TRUE,289
10,0,0,0,11.2077656496442,9.99566350200142,11.3668035472598,0,10.3448326026697,0,"normal","I",50,500,0.5,0,0,0,FALSE,0,FALSE,0.5,"leave-d",200,0.5,1e+05,TRUE,289
10,0,0,0,11.2077656496442,8.76583715447148,11.3668035472598,0,8.66378761560065,0,"normal","I",50,500,0.5,0,0,0,FALSE,0,FALSE,0.5,"leave-d",200,0.5,1e+05,TRUE,289
10,0,0,0,11.2077656496442,11.9257938321259,11.3668035472598,0,12.1250990293257,0,"normal","I",50,500,0.5,0,0,0,FALSE,0,FALSE,0.5,"leave-d",200,0.5,1e+05,TRUE,289
10,0,0,0,11.2077656496442,11.4391039952943,11.3668035472598,0,11.5580970373293,0,"normal","I",50,500,0.5,0,0,0,FALSE,0,FALSE,0.5,"leave-d",200,0.5,1e+05,TRUE,289
10,0,0,0,11.2077656496442,10.9264164839684,11.3668035472598,0,10.7380571422251,0,"normal","I",50,500,0.5,0,0,0,FALSE,0,FALSE,0.5,"leave-d",200,0.5,1e+05,TRUE,289
10,0,0,0,11.2077656496442,11.1137550954237,11.3668035472598,0,11.3041094860197,0,"normal","I",50,500,0.5,0,0,0,FALSE,0,FALSE,0.5,"leave-d",200,0.5,1e+05,TRUE,289
10,0,0,0,11.2077656496442,11.5352040192021,11.3668035472598,0,12.8103213558459,0,"normal","I",50,500,0.5,0,0,0,FALSE,0,FALSE,0.5,"leave-d",200,0.5,1e+05,TRUE,289
10,0,0,0,11.2077656496442,8.38461341289963,11.3668035472598,0,8.83293091586597,0,"normal","I",50,500,0.5,0,0,0,FALSE,0,FALSE,0.5,"leave-d",200,0.5,1e+05,TRUE,289
10,0,0,0,11.2077656496442,11.7081885668368,11.3668035472598,0,12.7793938405323,0,"normal","I",50,500,0.5,0,0,0,FALSE,0,FALSE,0.5,"leave-d",200,0.5,1e+05,TRUE,289
10,0,0,0,11.2077656496442,11.0163403622619,11.3668035472598,0,11.4066141254343,0,"normal","I",50,500,0.5,0,0,0,FALSE,0,FALSE,0.5,"leave-d",200,0.5,1e+05,TRUE,289
10,0,0,0,11.2077656496442,11.9077329222264,11.3668035472598,0,12.2685859718458,0,"normal","I",50,500,0.5,0,0,0,FALSE,0,FALSE,0.5,"leave-d",200,0.5,1e+05,TRUE,289
10,0,0,0,11.2077656496442,11.327933799635,11.3668035472598,0,11.0569327249612,0,"normal","I",50,500,0.5,0,0,0,FALSE,0,FALSE,0.5,"leave-d",200,0.5,1e+05,TRUE,289
10,0,0,0,11.2077656496442,10.9736103650959,11.3668035472598,0,10.5205506886085,0,"normal","I",50,500,0.5,0,0,0,FALSE,0,FALSE,0.5,"leave-d",200,0.5,1e+05,TRUE,289
10,0,0,0,11.2077656496442,11.233797253928,11.3668035472598,0,11.5278135589719,0,"normal","I",50,500,0.5,0,0,0,FALSE,0,FALSE,0.5,"leave-d",200,0.5,1e+05,TRUE,289
10,0,0,0,11.2077656496442,10.9879195951017,11.3668035472598,0,10.3556734897719,0,"normal","I",50,500,0.5,0,0,0,FALSE,0,FALSE,0.5,"leave-d",200,0.5,1e+05,TRUE,289
10,0,0,0,11.2077656496442,11.4521533947731,11.3668035472598,0,10.8724336367042,0,"normal","I",50,500,0.5,0,0,0,FALSE,0,FALSE,0.5,"leave-d",200,0.5,1e+05,TRUE,289
10,0,0,0,11.2077656496442,10.7042057880206,11.3668035472598,0,11.5588912179076,0,"normal","I",50,500,0.5,0,0,0,FALSE,0,FALSE,0.5,"leave-d",200,0.5,1e+05,TRUE,289
10,0,0,0,11.2077656496442,13.6116943958666,11.3668035472598,0,12.510058986096,0,"normal","I",50,500,0.5,0,0,0,FALSE,0,FALSE,0.5,"leave-d",200,0.5,1e+05,TRUE,289
10,0,0,0,11.2077656496442,12.4536534254005,11.3668035472598,0,12.6749703625315,0,"normal","I",50,500,0.5,0,0,0,FALSE,0,FALSE,0.5,"leave-d",200,0.5,1e+05,TRUE,289
10,0,0,0,11.2077656496442,13.6224512376627,11.3668035472598,0,13.3352575385663,0,"normal","I",50,500,0.5,0,0,0,FALSE,0,FALSE,0.5,"leave-d",200,0.5,1e+05,TRUE,289
10,0,0,0,11.2077656496442,10.8800366259484,11.3668035472598,0,10.9820819059913,0,"normal","I",50,500,0.5,0,0,0,FALSE,0,FALSE,0.5,"leave-d",200,0.5,1e+05,TRUE,289
10,0,0,0,11.2077656496442,7.06971026425924,11.3668035472598,0,7.59783160622237,0,"normal","I",50,500,0.5,0,0,0,FALSE,0,FALSE,0.5,"leave-d",200,0.5,1e+05,TRUE,289
10,0,0,0,11.2077656496442,11.2013381583394,11.3668035472598,0,11.1223912479073,0,"normal","I",50,500,0.5,0,0,0,FALSE,0,FALSE,0.5,"leave-d",200,0.5,1e+05,TRUE,289
10,0,0,0,11.2077656496442,11.2176733362343,11.3668035472598,0,11.006696704681,0,"normal","I",50,500,0.5,0,0,0,FALSE,0,FALSE,0.5,"leave-d",200,0.5,1e+05,TRUE,289
10,0,0,0,11.2077656496442,11.8669509033685,11.3668035472598,0,11.2361793918839,0,"normal","I",50,500,0.5,0,0,0,FALSE,0,FALSE,0.5,"leave-d",200,0.5,1e+05,TRUE,289
10,0,0,0,11.2077656496442,11.3734010398944,11.3668035472598,0,11.2154847772639,0,"normal","I",50,500,0.5,0,0,0,FALSE,0,FALSE,0.5,"leave-d",200,0.5,1e+05,TRUE,289
10,0,0,0,11.2077656496442,12.452335258501,11.3668035472598,0,13.0972908937404,0,"normal","I",50,500,0.5,0,0,0,FALSE,0,FALSE,0.5,"leave-d",200,0.5,1e+05,TRUE,289
10,0,0,0,11.2077656496442,10.7848660870451,11.3668035472598,0,11.0382292554669,0,"normal","I",50,500,0.5,0,0,0,FALSE,0,FALSE,0.5,"leave-d",200,0.5,1e+05,TRUE,289
10,0,0,0,11.2077656496442,11.1059763355217,11.3668035472598,0,11.3983273460811,0,"normal","I",50,500,0.5,0,0,0,FALSE,0,FALSE,0.5,"leave-d",200,0.5,1e+05,TRUE,289
10,0,0,0,11.2077656496442,8.46831865017859,11.3668035472598,0,8.89141511141621,0,"normal","I",50,500,0.5,0,0,0,FALSE,0,FALSE,0.5,"leave-d",200,0.5,1e+05,TRUE,289
10,0,0,0,11.2077656496442,9.63575359393799,11.3668035472598,0,9.92017402412801,0,"normal","I",50,500,0.5,0,0,0,FALSE,0,FALSE,0.5,"leave-d",200,0.5,1e+05,TRUE,289
10,0,0,0,11.2077656496442,13.0571256956056,11.3668035472598,0,13.6516808682957,0,"normal","I",50,500,0.5,0,0,0,FALSE,0,FALSE,0.5,"leave-d",200,0.5,1e+05,TRUE,289
10,0,0,0,11.2077656496442,9.16819767300449,11.3668035472598,0,10.1793015222105,0,"normal","I",50,500,0.5,0,0,0,FALSE,0,FALSE,0.5,"leave-d",200,0.5,1e+05,TRUE,289
10,0,0,0,11.2077656496442,11.2118501460308,11.3668035472598,0,11.5908892903877,0,"normal","I",50,500,0.5,0,0,0,FALSE,0,FALSE,0.5,"leave-d",200,0.5,1e+05,TRUE,289
10,0,0,0,11.2077656496442,8.94976545967069,11.3668035472598,0,9.80975398822878,0,"normal","I",50,500,0.5,0,0,0,FALSE,0,FALSE,0.5,"leave-d",200,0.5,1e+05,TRUE,289
10,0,0,0,11.2077656496442,11.7829440147502,11.3668035472598,0,11.1824408790788,0,"normal","I",50,500,0.5,0,0,0,FALSE,0,FALSE,0.5,"leave-d",200,0.5,1e+05,TRUE,289
10,0,0,0,11.2077656496442,12.0012283763381,11.3668035472598,0,11.5687522121038,0,"normal","I",50,500,0.5,0,0,0,FALSE,0,FALSE,0.5,"leave-d",200,0.5,1e+05,TRUE,289
10,0,0,0,11.2077656496442,9.60238190272271,11.3668035472598,0,10.2492612760074,0,"normal","I",50,500,0.5,0,0,0,FALSE,0,FALSE,0.5,"leave-d",200,0.5,1e+05,TRUE,289
10,0,0,0,11.2077656496442,10.9632095289992,11.3668035472598,0,10.9732188647509,0,"normal","I",50,500,0.5,0,0,0,FALSE,0,FALSE,0.5,"leave-d",200,0.5,1e+05,TRUE,289
10,0,0,0,11.2077656496442,12.2572505896733,11.3668035472598,0,11.629199682403,0,"normal","I",50,500,0.5,0,0,0,FALSE,0,FALSE,0.5,"leave-d",200,0.5,1e+05,TRUE,289
10,0,0,0,11.2077656496442,10.8153382420722,11.3668035472598,0,11.2677878743672,0,"normal","I",50,500,0.5,0,0,0,FALSE,0,FALSE,0.5,"leave-d",200,0.5,1e+05,TRUE,289
10,0,0,0,11.2077656496442,9.19528373443,11.3668035472598,0,8.96991848784597,0,"normal","I",50,500,0.5,0,0,0,FALSE,0,FALSE,0.5,"leave-d",200,0.5,1e+05,TRUE,289
10,0,0,0,11.2077656496442,10.6955671311328,11.3668035472598,0,10.3429604888953,0,"normal","I",50,500,0.5,0,0,0,FALSE,0,FALSE,0.5,"leave-d",200,0.5,1e+05,TRUE,289
10,0,0,0,11.2077656496442,13.4882861861999,11.3668035472598,0,13.1925016508651,0,"normal","I",50,500,0.5,0,0,0,FALSE,0,FALSE,0.5,"leave-d",200,0.5,1e+05,TRUE,289
10,0,0,0,11.2077656496442,10.2212783705514,11.3668035472598,0,10.5496612601409,0,"normal","I",50,500,0.5,0,0,0,FALSE,0,FALSE,0.5,"leave-d",200,0.5,1e+05,TRUE,289
10,0,0,0,11.2077656496442,9.80413441531513,11.3668035472598,0,10.6654212548528,0,"normal","I",50,500,0.5,0,0,0,FALSE,0,FALSE,0.5,"leave-d",200,0.5,1e+05,TRUE,289
10,0,0,0,11.2077656496442,11.268509269328,11.3668035472598,0,10.8207873343329,0,"normal","I",50,500,0.5,0,0,0,FALSE,0,FALSE,0.5,"leave-d",200,0.5,1e+05,TRUE,289
10,0,0,0,11.2077656496442,8.37453495837707,11.3668035472598,0,8.83017753307543,0,"normal","I",50,500,0.5,0,0,0,FALSE,0,FALSE,0.5,"leave-d",200,0.5,1e+05,TRUE,289
10,0,0,0,11.2077656496442,13.4887150488082,11.3668035472598,0,13.0713925805526,0,"normal","I",50,500,0.5,0,0,0,FALSE,0,FALSE,0.5,"leave-d",200,0.5,1e+05,TRUE,289
10,0,0,0,11.2077656496442,10.0628161199477,11.3668035472598,0,10.1235039984204,0,"normal","I",50,500,0.5,0,0,0,FALSE,0,FALSE,0.5,"leave-d",200,0.5,1e+05,TRUE,289
10,0,0,0,11.2077656496442,10.8625431140911,11.3668035472598,0,10.5872447221758,0,"normal","I",50,500,0.5,0,0,0,FALSE,0,FALSE,0.5,"leave-d",200,0.5,1e+05,TRUE,289
10,0,0,0,11.2077656496442,9.46311612830507,11.3668035472598,0,10.8919998840655,0,"normal","I",50,500,0.5,0,0,0,FALSE,0,FALSE,0.5,"leave-d",200,0.5,1e+05,TRUE,289
10,0,0,0,11.2077656496442,13.4599056673421,11.3668035472598,0,13.2719447887511,0,"normal","I",50,500,0.5,0,0,0,FALSE,0,FALSE,0.5,"leave-d",200,0.5,1e+05,TRUE,289
10,0,0,0,11.2077656496442,10.3750121262173,11.3668035472598,0,10.3978013435818,0,"normal","I",50,500,0.5,0,0,0,FALSE,0,FALSE,0.5,"leave-d",200,0.5,1e+05,TRUE,289
10,0,0,0,11.2077656496442,8.56195339953574,11.3668035472598,0,9.55011115544299,0,"normal","I",50,500,0.5,0,0,0,FALSE,0,FALSE,0.5,"leave-d",200,0.5,1e+05,TRUE,289
10,0,0,0,11.2077656496442,12.9744853022273,11.3668035472598,0,11.8035727859128,0,"normal","I",50,500,0.5,0,0,0,FALSE,0,FALSE,0.5,"leave-d",200,0.5,1e+05,TRUE,289
10,0,0,0,11.2077656496442,12.2655142370035,11.3668035472598,0,11.7735333466972,0,"normal","I",50,500,0.5,0,0,0,FALSE,0,FALSE,0.5,"leave-d",200,0.5,1e+05,TRUE,289
10,0,0,0,11.2077656496442,10.6810357251114,11.3668035472598,0,11.6349465908483,0,"normal","I",50,500,0.5,0,0,0,FALSE,0,FALSE,0.5,"leave-d",200,0.5,1e+05,TRUE,289
10,0,0,0,11.2077656496442,12.2700183771817,11.3668035472598,0,13.7937250887004,0,"normal","I",50,500,0.5,0,0,0,FALSE,0,FALSE,0.5,"leave-d",200,0.5,1e+05,TRUE,289
10,0,0,0,11.2077656496442,10.9487681460105,11.3668035472598,0,11.8458774389691,0,"normal","I",50,500,0.5,0,0,0,FALSE,0,FALSE,0.5,"leave-d",200,0.5,1e+05,TRUE,289
10,0,0,0,11.2077656496442,10.6779265266731,11.3668035472598,0,9.94039941659548,0,"normal","I",50,500,0.5,0,0,0,FALSE,0,FALSE,0.5,"leave-d",200,0.5,1e+05,TRUE,289
10,0,0,0,11.2077656496442,10.0390590602953,11.3668035472598,0,10.3634663598215,0,"normal","I",50,500,0.5,0,0,0,FALSE,0,FALSE,0.5,"leave-d",200,0.5,1e+05,TRUE,289
10,0,0,0,11.2077656496442,9.73851032196213,11.3668035472598,0,10.2149700974536,0,"normal","I",50,500,0.5,0,0,0,FALSE,0,FALSE,0.5,"leave-d",200,0.5,1e+05,TRUE,289
10,0,0,0,11.2077656496442,12.9257053800087,11.3668035472598,0,13.11665689617,0,"normal","I",50,500,0.5,0,0,0,FALSE,0,FALSE,0.5,"leave-d",200,0.5,1e+05,TRUE,289
10,0,0,0,11.2077656496442,11.7487065669086,11.3668035472598,0,11.2568639533778,0,"normal","I",50,500,0.5,0,0,0,FALSE,0,FALSE,0.5,"leave-d",200,0.5,1e+05,TRUE,289
10,0,0,0,11.2077656496442,11.0309386586398,11.3668035472598,0,11.5888583393221,0,"normal","I",50,500,0.5,0,0,0,FALSE,0,FALSE,0.5,"leave-d",200,0.5,1e+05,TRUE,289
10,0,0,0,11.2077656496442,10.1379021478309,11.3668035472598,0,11.6138081372125,0,"normal","I",50,500,0.5,0,0,0,FALSE,0,FALSE,0.5,"leave-d",200,0.5,1e+05,TRUE,289
10,0,0,0,11.2077656496442,11.4930080258385,11.3668035472598,0,12.0852172250215,0,"normal","I",50,500,0.5,0,0,0,FALSE,0,FALSE,0.5,"leave-d",200,0.5,1e+05,TRUE,289
10,0,0,0,11.2077656496442,11.1556958591757,11.3668035472598,0,11.4549520167849,0,"normal","I",50,500,0.5,0,0,0,FALSE,0,FALSE,0.5,"leave-d",200,0.5,1e+05,TRUE,289
10,0,0,0,11.2077656496442,10.3767424924705,11.3668035472598,0,10.269044272254,0,"normal","I",50,500,0.5,0,0,0,FALSE,0,FALSE,0.5,"leave-d",200,0.5,1e+05,TRUE,289
10,0,0,0,11.2077656496442,13.0352647340716,11.3668035472598,0,12.4304290987894,0,"normal","I",50,500,0.5,0,0,0,FALSE,0,FALSE,0.5,"leave-d",200,0.5,1e+05,TRUE,289
10,0,0,0,11.2077656496442,12.1722350959253,11.3668035472598,0,11.5760688431513,0,"normal","I",50,500,0.5,0,0,0,FALSE,0,FALSE,0.5,"leave-d",200,0.5,1e+05,TRUE,289
10,0,0,0,11.2077656496442,9.09548647863649,11.3668035472598,0,10.4028307609963,0,"normal","I",50,500,0.5,0,0,0,FALSE,0,FALSE,0.5,"leave-d",200,0.5,1e+05,TRUE,289
10,0,0,0,11.2077656496442,9.7555925493161,11.3668035472598,0,10.3973022235844,0,"normal","I",50,500,0.5,0,0,0,FALSE,0,FALSE,0.5,"leave-d",200,0.5,1e+05,TRUE,289
10,0,0,0,11.2077656496442,11.4913432926565,11.3668035472598,0,10.9748530313921,0,"normal","I",50,500,0.5,0,0,0,FALSE,0,FALSE,0.5,"leave-d",200,0.5,1e+05,TRUE,289
10,0,0,0,11.2077656496442,8.6516760535842,11.3668035472598,0,9.13081256745203,0,"normal","I",50,500,0.5,0,0,0,FALSE,0,FALSE,0.5,"leave-d",200,0.5,1e+05,TRUE,289
10,0,0,0,11.2077656496442,12.8120385572489,11.3668035472598,0,12.5175218222897,0,"normal","I",50,500,0.5,0,0,0,FALSE,0,FALSE,0.5,"leave-d",200,0.5,1e+05,TRUE,289
10,0,0,0,11.2077656496442,10.9417575520428,11.3668035472598,0,10.8440479010455,0,"normal","I",50,500,0.5,0,0,0,FALSE,0,FALSE,0.5,"leave-d",200,0.5,1e+05,TRUE,289
10,0,0,0,11.2077656496442,10.5470515921786,11.3668035472598,0,10.6649855226326,0,"normal","I",50,500,0.5,0,0,0,FALSE,0,FALSE,0.5,"leave-d",200,0.5,1e+05,TRUE,289
10,0,0,0,11.2077656496442,10.3366891074031,11.3668035472598,0,10.145137494012,0,"normal","I",50,500,0.5,0,0,0,FALSE,0,FALSE,0.5,"leave-d",200,0.5,1e+05,TRUE,289
10,0,0,0,11.2077656496442,11.4912922132822,11.3668035472598,0,11.5967578215607,0,"normal","I",50,500,0.5,0,0,0,FALSE,0,FALSE,0.5,"leave-d",200,0.5,1e+05,TRUE,289
10,0,0,0,11.2077656496442,11.9490873323114,11.3668035472598,0,12.0972640342394,0,"normal","I",50,500,0.5,0,0,0,FALSE,0,FALSE,0.5,"leave-d",200,0.5,1e+05,TRUE,289
10,0,0,0,11.2077656496442,12.0076529027108,11.3668035472598,0,11.4235680236189,0,"normal","I",50,500,0.5,0,0,0,FALSE,0,FALSE,0.5,"leave-d",200,0.5,1e+05,TRUE,289
10,0,0,0,11.2077656496442,8.84923123353187,11.3668035472598,0,9.88415480178112,0,"normal","I",50,500,0.5,0,0,0,FALSE,0,FALSE,0.5,"leave-d",200,0.5,1e+05,TRUE,289
10,0,0,0,11.2077656496442,10.2181472955988,11.3668035472598,0,9.96455914030755,0,"normal","I",50,500,0.5,0,0,0,FALSE,0,FALSE,0.5,"leave-d",200,0.5,1e+05,TRUE,289
10,0,0,0,11.2077656496442,9.96766905835636,11.3668035472598,0,10.1203520864686,0,"normal","I",50,500,0.5,0,0,0,FALSE,0,FALSE,0.5,"leave-d",200,0.5,1e+05,TRUE,289
10,0,0,0,11.2077656496442,11.2710029273591,11.3668035472598,0,11.6589606795503,0,"normal","I",50,500,0.5,0,0,0,FALSE,0,FALSE,0.5,"leave-d",200,0.5,1e+05,TRUE,289
10,0,0,0,11.2077656496442,11.4910593346007,11.3668035472598,0,11.3811464569297,0,"normal","I",50,500,0.5,0,0,0,FALSE,0,FALSE,0.5,"leave-d",200,0.5,1e+05,TRUE,289
10,0,0,0,11.2077656496442,9.88781380155426,11.3668035472598,0,9.93194913155721,0,"normal","I",50,500,0.5,0,0,0,FALSE,0,FALSE,0.5,"leave-d",200,0.5,1e+05,TRUE,289
10,0,0,0,11.2077656496442,11.3698011789467,11.3668035472598,0,11.5592846388923,0,"normal","I",50,500,0.5,0,0,0,FALSE,0,FALSE,0.5,"leave-d",200,0.5,1e+05,TRUE,289
10,0,0,0,11.2077656496442,12.2035856117439,11.3668035472598,0,12.2452179672408,0,"normal","I",50,500,0.5,0,0,0,FALSE,0,FALSE,0.5,"leave-d",200,0.5,1e+05,TRUE,289
10,0,0,0,11.2077656496442,8.06869903768557,11.3668035472598,0,8.60856679636524,0,"normal","I",50,500,0.5,0,0,0,FALSE,0,FALSE,0.5,"leave-d",200,0.5,1e+05,TRUE,289
10,0,0,0,11.2077656496442,15.9825408106127,11.3668035472598,0,14.6621257836986,0,"normal","I",50,500,0.5,0,0,0,FALSE,0,FALSE,0.5,"leave-d",200,0.5,1e+05,TRUE,289
10,0,0,0,11.2077656496442,9.63891948609241,11.3668035472598,0,9.39691122223001,0,"normal","I",50,500,0.5,0,0,0,FALSE,0,FALSE,0.5,"leave-d",200,0.5,1e+05,TRUE,289
10,0,0,0,11.2077656496442,10.8911372015419,11.3668035472598,0,11.0873470540735,0,"normal","I",50,500,0.5,0,0,0,FALSE,0,FALSE,0.5,"leave-d",200,0.5,1e+05,TRUE,289
10,0,0,0,11.2077656496442,11.4808122062946,11.3668035472598,0,11.8048017552709,0,"normal","I",50,500,0.5,0,0,0,FALSE,0,FALSE,0.5,"leave-d",200,0.5,1e+05,TRUE,289
10,0,0,0,11.2077656496442,11.5414110007138,11.3668035472598,0,11.9437259332565,0,"normal","I",50,500,0.5,0,0,0,FALSE,0,FALSE,0.5,"leave-d",200,0.5,1e+05,TRUE,289
10,0,0,0,11.2077656496442,10.3846596625778,11.3668035472598,0,10.5382449946832,0,"normal","I",50,500,0.5,0,0,0,FALSE,0,FALSE,0.5,"leave-d",200,0.5,1e+05,TRUE,289
10,0,0,0,11.2077656496442,9.65264336532538,11.3668035472598,0,10.1988887791828,0,"normal","I",50,500,0.5,0,0,0,FALSE,0,FALSE,0.5,"leave-d",200,0.5,1e+05,TRUE,289
10,0,0,0,11.2077656496442,10.0192411028187,11.3668035472598,0,9.63835929445618,0,"normal","I",50,500,0.5,0,0,0,FALSE,0,FALSE,0.5,"leave-d",200,0.5,1e+05,TRUE,289
10,0,0,0,11.2077656496442,10.4598849970012,11.3668035472598,0,11.2359240305002,0,"normal","I",50,500,0.5,0,0,0,FALSE,0,FALSE,0.5,"leave-d",200,0.5,1e+05,TRUE,289
10,0,0,0,11.2077656496442,12.2594968747014,11.3668035472598,0,11.3733028809338,0,"normal","I",50,500,0.5,0,0,0,FALSE,0,FALSE,0.5,"leave-d",200,0.5,1e+05,TRUE,289
10,0,0,0,11.2077656496442,13.1207774002984,11.3668035472598,0,13.8711774214994,0,"normal","I",50,500,0.5,0,0,0,FALSE,0,FALSE,0.5,"leave-d",200,0.5,1e+05,TRUE,289
10,0,0,0,11.2077656496442,11.1226259894233,11.3668035472598,0,11.3144429164868,0,"normal","I",50,500,0.5,0,0,0,FALSE,0,FALSE,0.5,"leave-d",200,0.5,1e+05,TRUE,289
10,0,0,0,11.2077656496442,11.6696944283722,11.3668035472598,0,11.0800112045698,0,"normal","I",50,500,0.5,0,0,0,FALSE,0,FALSE,0.5,"leave-d",200,0.5,1e+05,TRUE,289
10,0,0,0,11.2077656496442,12.274517112775,11.3668035472598,0,11.5789662053243,0,"normal","I",50,500,0.5,0,0,0,FALSE,0,FALSE,0.5,"leave-d",200,0.5,1e+05,TRUE,289
10,0,0,0,11.2077656496442,12.4915344273446,11.3668035472598,0,11.9345122300716,0,"normal","I",50,500,0.5,0,0,0,FALSE,0,FALSE,0.5,"leave-d",200,0.5,1e+05,TRUE,289
10,0,0,0,11.2077656496442,11.3796427353042,11.3668035472598,0,11.5387475204058,0,"normal","I",50,500,0.5,0,0,0,FALSE,0,FALSE,0.5,"leave-d",200,0.5,1e+05,TRUE,289
10,0,0,0,11.2077656496442,9.89612590503504,11.3668035472598,0,10.4609117342269,0,"normal","I",50,500,0.5,0,0,0,FALSE,0,FALSE,0.5,"leave-d",200,0.5,1e+05,TRUE,289
10,0,0,0,11.2077656496442,10.415378744009,11.3668035472598,0,10.6609046687968,0,"normal","I",50,500,0.5,0,0,0,FALSE,0,FALSE,0.5,"leave-d",200,0.5,1e+05,TRUE,289
10,0,0,0,11.2077656496442,13.4033318408537,11.3668035472598,0,13.2982793264178,0,"normal","I",50,500,0.5,0,0,0,FALSE,0,FALSE,0.5,"leave-d",200,0.5,1e+05,TRUE,289
10,0,0,0,11.2077656496442,12.4048415057301,11.3668035472598,0,12.1097022992999,0,"normal","I",50,500,0.5,0,0,0,FALSE,0,FALSE,0.5,"leave-d",200,0.5,1e+05,TRUE,289
10,0,0,0,11.2077656496442,10.3831344336136,11.3668035472598,0,9.79384076934285,0,"normal","I",50,500,0.5,0,0,0,FALSE,0,FALSE,0.5,"leave-d",200,0.5,1e+05,TRUE,289
10,0,0,0,11.2077656496442,11.6830171702627,11.3668035472598,0,12.7032755467942,0,"normal","I",50,500,0.5,0,0,0,FALSE,0,FALSE,0.5,"leave-d",200,0.5,1e+05,TRUE,289
10,0,0,0,11.2077656496442,11.4873500246491,11.3668035472598,0,11.2425300934553,0,"normal","I",50,500,0.5,0,0,0,FALSE,0,FALSE,0.5,"leave-d",200,0.5,1e+05,TRUE,289
10,0,0,0,11.2077656496442,8.17316912201162,11.3668035472598,0,8.81453856737401,0,"normal","I",50,500,0.5,0,0,0,FALSE,0,FALSE,0.5,"leave-d",200,0.5,1e+05,TRUE,289
10,0,0,0,11.2077656496442,10.4781301394646,11.3668035472598,0,10.8047435019426,0,"normal","I",50,500,0.5,0,0,0,FALSE,0,FALSE,0.5,"leave-d",200,0.5,1e+05,TRUE,289
10,0,0,0,11.2077656496442,11.2176658963646,11.3668035472598,0,11.2454579432037,0,"normal","I",50,500,0.5,0,0,0,FALSE,0,FALSE,0.5,"leave-d",200,0.5,1e+05,TRUE,289
10,0,0,0,11.2077656496442,10.0928776862194,11.3668035472598,0,10.297414559551,0,"normal","I",50,500,0.5,0,0,0,FALSE,0,FALSE,0.5,"leave-d",200,0.5,1e+05,TRUE,289
10,0,0,0,11.2077656496442,12.4362106391162,11.3668035472598,0,12.281748675512,0,"normal","I",50,500,0.5,0,0,0,FALSE,0,FALSE,0.5,"leave-d",200,0.5,1e+05,TRUE,289
10,0,0,0,11.2077656496442,7.43687922640433,11.3668035472598,0,8.42723777810527,0,"normal","I",50,500,0.5,0,0,0,FALSE,0,FALSE,0.5,"leave-d",200,0.5,1e+05,TRUE,289
10,0,0,0,11.2077656496442,9.31376384473545,11.3668035472598,0,9.55700426533968,0,"normal","I",50,500,0.5,0,0,0,FALSE,0,FALSE,0.5,"leave-d",200,0.5,1e+05,TRUE,289
10,0,0,0,11.2077656496442,12.0432870930015,11.3668035472598,0,12.1896332649324,0,"normal","I",50,500,0.5,0,0,0,FALSE,0,FALSE,0.5,"leave-d",200,0.5,1e+05,TRUE,289
10,0,0,0,11.2077656496442,12.5805478078083,11.3668035472598,0,13.1768149403025,0,"normal","I",50,500,0.5,0,0,0,FALSE,0,FALSE,0.5,"leave-d",200,0.5,1e+05,TRUE,289
10,0,0,0,11.2077656496442,10.453622219635,11.3668035472598,0,10.666194617249,0,"normal","I",50,500,0.5,0,0,0,FALSE,0,FALSE,0.5,"leave-d",200,0.5,1e+05,TRUE,289
10,0,0,0,11.2077656496442,12.1307600310161,11.3668035472598,0,12.0246598853111,0,"normal","I",50,500,0.5,0,0,0,FALSE,0,FALSE,0.5,"leave-d",200,0.5,1e+05,TRUE,289
10,0,0,0,11.2077656496442,12.0702983093216,11.3668035472598,0,11.9259426003523,0,"normal","I",50,500,0.5,0,0,0,FALSE,0,FALSE,0.5,"leave-d",200,0.5,1e+05,TRUE,289
10,0,0,0,11.2077656496442,11.4669900680193,11.3668035472598,0,12.0208527824807,0,"normal","I",50,500,0.5,0,0,0,FALSE,0,FALSE,0.5,"leave-d",200,0.5,1e+05,TRUE,289
10,0,0,0,11.2077656496442,12.3676202609518,11.3668035472598,0,13.2203008121023,0,"normal","I",50,500,0.5,0,0,0,FALSE,0,FALSE,0.5,"leave-d",200,0.5,1e+05,TRUE,289
10,0,0,0,11.2077656496442,12.3075547089349,11.3668035472598,0,12.2906725113526,0,"normal","I",50,500,0.5,0,0,0,FALSE,0,FALSE,0.5,"leave-d",200,0.5,1e+05,TRUE,289
10,0,0,0,11.2077656496442,9.79686237578956,11.3668035472598,0,10.2128238418847,0,"normal","I",50,500,0.5,0,0,0,FALSE,0,FALSE,0.5,"leave-d",200,0.5,1e+05,TRUE,289
10,0,0,0,11.2077656496442,11.8153398026287,11.3668035472598,0,10.9083241579721,0,"normal","I",50,500,0.5,0,0,0,FALSE,0,FALSE,0.5,"leave-d",200,0.5,1e+05,TRUE,289
10,0,0,0,11.2077656496442,11.0787487595499,11.3668035472598,0,11.4652638854392,0,"normal","I",50,500,0.5,0,0,0,FALSE,0,FALSE,0.5,"leave-d",200,0.5,1e+05,TRUE,289
10,0,0,0,11.2077656496442,11.4216078386271,11.3668035472598,0,12.6818235883227,0,"normal","I",50,500,0.5,0,0,0,FALSE,0,FALSE,0.5,"leave-d",200,0.5,1e+05,TRUE,289
10,0,0,0,11.2077656496442,10.6141203757044,11.3668035472598,0,10.9306503043247,0,"normal","I",50,500,0.5,0,0,0,FALSE,0,FALSE,0.5,"leave-d",200,0.5,1e+05,TRUE,289
10,0,0,0,11.2077656496442,12.9997101676031,11.3668035472598,0,13.6832361200293,0,"normal","I",50,500,0.5,0,0,0,FALSE,0,FALSE,0.5,"leave-d",200,0.5,1e+05,TRUE,289
10,0,0,0,11.2077656496442,7.69924000239551,11.3668035472598,0,8.21310486145278,0,"normal","I",50,500,0.5,0,0,0,FALSE,0,FALSE,0.5,"leave-d",200,0.5,1e+05,TRUE,289
10,0,0,0,11.2077656496442,11.7379049725238,11.3668035472598,0,10.9670992423844,0,"normal","I",50,500,0.5,0,0,0,FALSE,0,FALSE,0.5,"leave-d",200,0.5,1e+05,TRUE,289
10,0,0,0,11.2077656496442,9.91706779991139,11.3668035472598,0,10.456304464819,0,"normal","I",50,500,0.5,0,0,0,FALSE,0,FALSE,0.5,"leave-d",200,0.5,1e+05,TRUE,289
10,0,0,0,11.2077656496442,11.1079411163208,11.3668035472598,0,11.6383606268539,0,"normal","I",50,500,0.5,0,0,0,FALSE,0,FALSE,0.5,"leave-d",200,0.5,1e+05,TRUE,289
10,0,0,0,11.2077656496442,10.092383182573,11.3668035472598,0,10.6379446923506,0,"normal","I",50,500,0.5,0,0,0,FALSE,0,FALSE,0.5,"leave-d",200,0.5,1e+05,TRUE,289
10,0,0,0,11.2077656496442,9.78164708382267,11.3668035472598,0,9.72671671805197,0,"normal","I",50,500,0.5,0,0,0,FALSE,0,FALSE,0.5,"leave-d",200,0.5,1e+05,TRUE,289
10,0,0,0,11.2077656496442,10.0796026337311,11.3668035472598,0,10.7240904869764,0,"normal","I",50,500,0.5,0,0,0,FALSE,0,FALSE,0.5,"leave-d",200,0.5,1e+05,TRUE,289
10,0,0,0,11.2077656496442,12.68724002259,11.3668035472598,0,12.4051484102412,0,"normal","I",50,500,0.5,0,0,0,FALSE,0,FALSE,0.5,"leave-d",200,0.5,1e+05,TRUE,289
10,0,0,0,11.2077656496442,13.2767504836343,11.3668035472598,0,14.0105620360879,0,"normal","I",50,500,0.5,0,0,0,FALSE,0,FALSE,0.5,"leave-d",200,0.5,1e+05,TRUE,289
10,0,0,0,11.2077656496442,11.9633059626296,11.3668035472598,0,12.4812693118121,0,"normal","I",50,500,0.5,0,0,0,FALSE,0,FALSE,0.5,"leave-d",200,0.5,1e+05,TRUE,289
10,0,0,0,11.2077656496442,11.2532823034328,11.3668035472598,0,12.0804670479939,0,"normal","I",50,500,0.5,0,0,0,FALSE,0,FALSE,0.5,"leave-d",200,0.5,1e+05,TRUE,289
10,0,0,0,11.2077656496442,11.785883834411,11.3668035472598,0,12.1012397566264,0,"normal","I",50,500,0.5,0,0,0,FALSE,0,FALSE,0.5,"leave-d",200,0.5,1e+05,TRUE,289
10,0,0,0,11.2077656496442,11.8436236949751,11.3668035472598,0,11.8756426500001,0,"normal","I",50,500,0.5,0,0,0,FALSE,0,FALSE,0.5,"leave-d",200,0.5,1e+05,TRUE,289
10,0,0,0,11.2077656496442,7.77369119867574,11.3668035472598,0,8.64437614286943,0,"normal","I",50,500,0.5,0,0,0,FALSE,0,FALSE,0.5,"leave-d",200,0.5,1e+05,TRUE,289
10,0,0,0,11.2077656496442,11.5186979638476,11.3668035472598,0,13.4036909120806,0,"normal","I",50,500,0.5,0,0,0,FALSE,0,FALSE,0.5,"leave-d",200,0.5,1e+05,TRUE,289
10,0,0,0,11.2077656496442,10.8178048416171,11.3668035472598,0,11.6393811422228,0,"normal","I",50,500,0.5,0,0,0,FALSE,0,FALSE,0.5,"leave-d",200,0.5,1e+05,TRUE,289
10,0,0,0,11.2077656496442,12.4015914812382,11.3668035472598,0,12.4573692197646,0,"normal","I",50,500,0.5,0,0,0,FALSE,0,FALSE,0.5,"leave-d",200,0.5,1e+05,TRUE,289
10,0,0,0,11.2077656496442,10.2199287724161,11.3668035472598,0,10.0051991304461,0,"normal","I",50,500,0.5,0,0,0,FALSE,0,FALSE,0.5,"leave-d",200,0.5,1e+05,TRUE,289
10,0,0,0,11.2077656496442,8.89833227055938,11.3668035472598,0,9.26248068488507,0,"normal","I",50,500,0.5,0,0,0,FALSE,0,FALSE,0.5,"leave-d",200,0.5,1e+05,TRUE,289
10,0,0,0,11.2077656496442,11.1927705608442,11.3668035472598,0,11.2073102184987,0,"normal","I",50,500,0.5,0,0,0,FALSE,0,FALSE,0.5,"leave-d",200,0.5,1e+05,TRUE,289
10,0,0,0,11.2077656496442,11.7617796815332,11.3668035472598,0,11.9424356507515,0,"normal","I",50,500,0.5,0,0,0,FALSE,0,FALSE,0.5,"leave-d",200,0.5,1e+05,TRUE,289
10,0,0,0,11.2077656496442,10.769436957215,11.3668035472598,0,11.2345680037791,0,"normal","I",50,500,0.5,0,0,0,FALSE,0,FALSE,0.5,"leave-d",200,0.5,1e+05,TRUE,289
10,0,0,0,11.2077656496442,12.4647443272215,11.3668035472598,0,12.2460533678029,0,"normal","I",50,500,0.5,0,0,0,FALSE,0,FALSE,0.5,"leave-d",200,0.5,1e+05,TRUE,289
10,0,0,0,11.2077656496442,10.8100647871933,11.3668035472598,0,11.7983021552611,0,"normal","I",50,500,0.5,0,0,0,FALSE,0,FALSE,0.5,"leave-d",200,0.5,1e+05,TRUE,289
10,0,0,0,11.2077656496442,11.4356130127359,11.3668035472598,0,11.0945639368479,0,"normal","I",50,500,0.5,0,0,0,FALSE,0,FALSE,0.5,"leave-d",200,0.5,1e+05,TRUE,289
10,0,0,0,11.2077656496442,13.497038536876,11.3668035472598,0,13.8068148929406,0,"normal","I",50,500,0.5,0,0,0,FALSE,0,FALSE,0.5,"leave-d",200,0.5,1e+05,TRUE,289
10,0,0,0,11.2077656496442,10.3412079809915,11.3668035472598,0,10.5706808609698,0,"normal","I",50,500,0.5,0,0,0,FALSE,0,FALSE,0.5,"leave-d",200,0.5,1e+05,TRUE,289
10,0,0,0,11.2077656496442,9.66396075302153,11.3668035472598,0,10.1772589233477,0,"normal","I",50,500,0.5,0,0,0,FALSE,0,FALSE,0.5,"leave-d",200,0.5,1e+05,TRUE,289
10,0,0,0,11.2077656496442,10.5266110400053,11.3668035472598,0,10.9713948043815,0,"normal","I",50,500,0.5,0,0,0,FALSE,0,FALSE,0.5,"leave-d",200,0.5,1e+05,TRUE,289
10,0,0,0,11.2077656496442,11.6354944895357,11.3668035472598,0,12.1425918877233,0,"normal","I",50,500,0.5,0,0,0,FALSE,0,FALSE,0.5,"leave-d",200,0.5,1e+05,TRUE,289
10,0,0,0,11.2077656496442,9.28153620064409,11.3668035472598,0,9.70584425810361,0,"normal","I",50,500,0.5,0,0,0,FALSE,0,FALSE,0.5,"leave-d",200,0.5,1e+05,TRUE,289
10,0,0,0,11.2077656496442,10.026569868154,11.3668035472598,0,10.3118776013139,0,"normal","I",50,500,0.5,0,0,0,FALSE,0,FALSE,0.5,"leave-d",200,0.5,1e+05,TRUE,289
10,0,0,0,11.2077656496442,12.9490052149709,11.3668035472598,0,13.3065678145149,0,"normal","I",50,500,0.5,0,0,0,FALSE,0,FALSE,0.5,"leave-d",200,0.5,1e+05,TRUE,289
10,0,0,0,11.2077656496442,12.599025627649,11.3668035472598,0,11.8560790527888,0,"normal","I",50,500,0.5,0,0,0,FALSE,0,FALSE,0.5,"leave-d",200,0.5,1e+05,TRUE,289
10,0,0,0,11.2077656496442,7.72619663516,11.3668035472598,0,7.94868105727311,0,"normal","I",50,500,0.5,0,0,0,FALSE,0,FALSE,0.5,"leave-d",200,0.5,1e+05,TRUE,289
10,0,0,0,11.2077656496442,10.2236289593614,11.3668035472598,0,10.5795885996249,0,"normal","I",50,500,0.5,0,0,0,FALSE,0,FALSE,0.5,"leave-d",200,0.5,1e+05,TRUE,289
10,0,0,0,11.2077656496442,12.2913108757619,11.3668035472598,0,13.0084567984013,0,"normal","I",50,500,0.5,0,0,0,FALSE,0,FALSE,0.5,"leave-d",200,0.5,1e+05,TRUE,289
10,0,0,0,11.2077656496442,11.3372921860979,11.3668035472598,0,10.7551650930494,0,"normal","I",50,500,0.5,0,0,0,FALSE,0,FALSE,0.5,"leave-d",200,0.5,1e+05,TRUE,289
10,0,0,0,11.2077656496442,12.0500223012998,11.3668035472598,0,12.7659739436547,0,"normal","I",50,500,0.5,0,0,0,FALSE,0,FALSE,0.5,"leave-d",200,0.5,1e+05,TRUE,289
