"var_main_effect","var_inter_effect","cov_main_inter_effect","var_total_effect","EigenPrism_total","EigenPrism_CI1","EigenPrism_CI2","sub_EigenPrism_total","sub_EigenPrism_CI1","sub_EigenPrism_CI2","GCTA_total","GCTA_inter","sub_GCTA_total","sub_GCTA_inter","x_dist","structure","p","n","data_name","emp","combine","main_fixed_var","main_random_var","inter_fixed_var","inter_random_var","decor","interact","pro","bs","n_sub","rho_e","emp_n","inter_std","i"
8,2,0.621633104446795,11.2432662088936,11.7642253562467,6.95750496906353,16.5709457434299,11.8814812502898,7.05187909477549,16.7110834058041,12.6911731923627,0,12.7349516149222,0,"1999","un",21,231,"1999",TRUE,TRUE,0.5,0,0.1,0,TRUE,0,101,"leave-1",231,0.5,4873,FALSE,25
8,2,0.621633104446795,11.2432662088936,11.7642253562467,6.95750496906353,16.5709457434299,11.7859899327448,6.95715897050728,16.6148208949822,12.6911731923627,0,12.7933144852508,0,"1999","un",21,231,"1999",TRUE,TRUE,0.5,0,0.1,0,TRUE,0,101,"leave-1",231,0.5,4873,FALSE,25
8,2,0.621633104446795,11.2432662088936,11.7642253562467,6.95750496906353,16.5709457434299,11.831282424599,7.00761797662921,16.6549468725688,12.6911731923627,0,13.0211687073029,0,"1999","un",21,231,"1999",TRUE,TRUE,0.5,0,0.1,0,TRUE,0,101,"leave-1",231,0.5,4873,FALSE,25
8,2,0.621633104446795,11.2432662088936,11.7642253562467,6.95750496906353,16.5709457434299,11.9850520768862,7.17570362143586,16.7944005323365,12.6911731923627,0,12.8728185981968,0,"1999","un",21,231,"1999",TRUE,TRUE,0.5,0,0.1,0,TRUE,0,101,"leave-1",231,0.5,4873,FALSE,25
8,2,0.621633104446795,11.2432662088936,11.7642253562467,6.95750496906353,16.5709457434299,11.6345562943787,6.81513339745493,16.4539791913025,12.6911731923627,0,12.6591411342986,0,"1999","un",21,231,"1999",TRUE,TRUE,0.5,0,0.1,0,TRUE,0,101,"leave-1",231,0.5,4873,FALSE,25
8,2,0.621633104446795,11.2432662088936,11.7642253562467,6.95750496906353,16.5709457434299,11.764363584295,6.93215697663443,16.5965701919555,12.6911731923627,0,12.7196583873603,0,"1999","un",21,231,"1999",TRUE,TRUE,0.5,0,0.1,0,TRUE,0,101,"leave-1",231,0.5,4873,FALSE,25
8,2,0.621633104446795,11.2432662088936,11.7642253562467,6.95750496906353,16.5709457434299,11.7004007545324,6.88693211507827,16.5138693939866,12.6911731923627,0,12.7450354934707,0,"1999","un",21,231,"1999",TRUE,TRUE,0.5,0,0.1,0,TRUE,0,101,"leave-1",231,0.5,4873,FALSE,25
8,2,0.621633104446795,11.2432662088936,11.7642253562467,6.95750496906353,16.5709457434299,11.986755466899,7.14565169297472,16.8278592408233,12.6911731923627,0,12.8453435064979,0,"1999","un",21,231,"1999",TRUE,TRUE,0.5,0,0.1,0,TRUE,0,101,"leave-1",231,0.5,4873,FALSE,25
8,2,0.621633104446795,11.2432662088936,11.7642253562467,6.95750496906353,16.5709457434299,11.8169036888611,6.98295419011029,16.6508531876119,12.6911731923627,0,12.7411561068387,0,"1999","un",21,231,"1999",TRUE,TRUE,0.5,0,0.1,0,TRUE,0,101,"leave-1",231,0.5,4873,FALSE,25
8,2,0.621633104446795,11.2432662088936,11.7642253562467,6.95750496906353,16.5709457434299,11.7710860887214,6.94151900673582,16.6006531707071,12.6911731923627,0,12.7715806018357,0,"1999","un",21,231,"1999",TRUE,TRUE,0.5,0,0.1,0,TRUE,0,101,"leave-1",231,0.5,4873,FALSE,25
8,2,0.621633104446795,11.2432662088936,11.7642253562467,6.95750496906353,16.5709457434299,12.103496793166,7.26993696391817,16.9370566224139,12.6911731923627,0,12.8232309005494,0,"1999","un",21,231,"1999",TRUE,TRUE,0.5,0,0.1,0,TRUE,0,101,"leave-1",231,0.5,4873,FALSE,25
8,2,0.621633104446795,11.2432662088936,11.7642253562467,6.95750496906353,16.5709457434299,11.6683935596036,6.87124417323531,16.4655429459719,12.6911731923627,0,12.8201870168042,0,"1999","un",21,231,"1999",TRUE,TRUE,0.5,0,0.1,0,TRUE,0,101,"leave-1",231,0.5,4873,FALSE,25
8,2,0.621633104446795,11.2432662088936,11.7642253562467,6.95750496906353,16.5709457434299,11.7324414255919,6.90113440132869,16.5637484498551,12.6911731923627,0,12.7095812212778,0,"1999","un",21,231,"1999",TRUE,TRUE,0.5,0,0.1,0,TRUE,0,101,"leave-1",231,0.5,4873,FALSE,25
8,2,0.621633104446795,11.2432662088936,11.7642253562467,6.95750496906353,16.5709457434299,11.8141531551423,6.97995028464516,16.6483560256394,12.6911731923627,0,12.8323191059137,0,"1999","un",21,231,"1999",TRUE,TRUE,0.5,0,0.1,0,TRUE,0,101,"leave-1",231,0.5,4873,FALSE,25
8,2,0.621633104446795,11.2432662088936,11.7642253562467,6.95750496906353,16.5709457434299,11.8690554710652,7.0493216494194,16.6887892927111,12.6911731923627,0,12.7444487578077,0,"1999","un",21,231,"1999",TRUE,TRUE,0.5,0,0.1,0,TRUE,0,101,"leave-1",231,0.5,4873,FALSE,25
8,2,0.621633104446795,11.2432662088936,11.7642253562467,6.95750496906353,16.5709457434299,11.6507743332779,6.85768457457822,16.4438640919776,12.6911731923627,0,12.6320988881885,0,"1999","un",21,231,"1999",TRUE,TRUE,0.5,0,0.1,0,TRUE,0,101,"leave-1",231,0.5,4873,FALSE,25
8,2,0.621633104446795,11.2432662088936,11.7642253562467,6.95750496906353,16.5709457434299,11.7929970084351,6.96764515355586,16.6183488633144,12.6911731923627,0,12.8535663953758,0,"1999","un",21,231,"1999",TRUE,TRUE,0.5,0,0.1,0,TRUE,0,101,"leave-1",231,0.5,4873,FALSE,25
8,2,0.621633104446795,11.2432662088936,11.7642253562467,6.95750496906353,16.5709457434299,11.650699065138,6.83659721584751,16.4648009144284,12.6911731923627,0,12.6294144407044,0,"1999","un",21,231,"1999",TRUE,TRUE,0.5,0,0.1,0,TRUE,0,101,"leave-1",231,0.5,4873,FALSE,25
8,2,0.621633104446795,11.2432662088936,11.7642253562467,6.95750496906353,16.5709457434299,11.3254784217339,6.53124786026726,16.1197089832005,12.6911731923627,0,12.5420405132077,0,"1999","un",21,231,"1999",TRUE,TRUE,0.5,0,0.1,0,TRUE,0,101,"leave-1",231,0.5,4873,FALSE,25
8,2,0.621633104446795,11.2432662088936,11.7642253562467,6.95750496906353,16.5709457434299,11.7161582178129,6.87788169075095,16.5544347448748,12.6911731923627,0,12.7231757298654,0,"1999","un",21,231,"1999",TRUE,TRUE,0.5,0,0.1,0,TRUE,0,101,"leave-1",231,0.5,4873,FALSE,25
8,2,0.621633104446795,11.2432662088936,11.7642253562467,6.95750496906353,16.5709457434299,11.8002206098158,6.97812445390011,16.6223167657316,12.6911731923627,0,12.7844099843039,0,"1999","un",21,231,"1999",TRUE,TRUE,0.5,0,0.1,0,TRUE,0,101,"leave-1",231,0.5,4873,FALSE,25
8,2,0.621633104446795,11.2432662088936,11.7642253562467,6.95750496906353,16.5709457434299,11.717645495279,6.90943430820676,16.5258566823512,12.6911731923627,0,12.7294174555009,0,"1999","un",21,231,"1999",TRUE,TRUE,0.5,0,0.1,0,TRUE,0,101,"leave-1",231,0.5,4873,FALSE,25
8,2,0.621633104446795,11.2432662088936,11.7642253562467,6.95750496906353,16.5709457434299,11.0617733107235,6.26177651155278,15.8617701098941,12.6911731923627,0,12.6149943094888,0,"1999","un",21,231,"1999",TRUE,TRUE,0.5,0,0.1,0,TRUE,0,101,"leave-1",231,0.5,4873,FALSE,25
8,2,0.621633104446795,11.2432662088936,11.7642253562467,6.95750496906353,16.5709457434299,12.4069268473484,7.60330400109298,17.2105496936039,12.6911731923627,0,13.0968270690597,0,"1999","un",21,231,"1999",TRUE,TRUE,0.5,0,0.1,0,TRUE,0,101,"leave-1",231,0.5,4873,FALSE,25
8,2,0.621633104446795,11.2432662088936,11.7642253562467,6.95750496906353,16.5709457434299,11.7325659669555,6.89762010214212,16.5675118317689,12.6911731923627,0,12.7523757996251,0,"1999","un",21,231,"1999",TRUE,TRUE,0.5,0,0.1,0,TRUE,0,101,"leave-1",231,0.5,4873,FALSE,25
8,2,0.621633104446795,11.2432662088936,11.7642253562467,6.95750496906353,16.5709457434299,11.8752108195764,7.05619496342371,16.6942266757291,12.6911731923627,0,12.7755539622441,0,"1999","un",21,231,"1999",TRUE,TRUE,0.5,0,0.1,0,TRUE,0,101,"leave-1",231,0.5,4873,FALSE,25
8,2,0.621633104446795,11.2432662088936,11.7642253562467,6.95750496906353,16.5709457434299,11.8539912498853,7.03259980191321,16.6753826978575,12.6911731923627,0,12.7679290852306,0,"1999","un",21,231,"1999",TRUE,TRUE,0.5,0,0.1,0,TRUE,0,101,"leave-1",231,0.5,4873,FALSE,25
8,2,0.621633104446795,11.2432662088936,11.7642253562467,6.95750496906353,16.5709457434299,11.8733128233894,7.04303543877691,16.703590208002,12.6911731923627,0,12.7926497547088,0,"1999","un",21,231,"1999",TRUE,TRUE,0.5,0,0.1,0,TRUE,0,101,"leave-1",231,0.5,4873,FALSE,25
8,2,0.621633104446795,11.2432662088936,11.7642253562467,6.95750496906353,16.5709457434299,11.7601987261356,6.93102885591892,16.5893685963522,12.6911731923627,0,12.731071924857,0,"1999","un",21,231,"1999",TRUE,TRUE,0.5,0,0.1,0,TRUE,0,101,"leave-1",231,0.5,4873,FALSE,25
8,2,0.621633104446795,11.2432662088936,11.7642253562467,6.95750496906353,16.5709457434299,11.3924288619362,6.55571623147603,16.2291414923963,12.6911731923627,0,12.7497349846887,0,"1999","un",21,231,"1999",TRUE,TRUE,0.5,0,0.1,0,TRUE,0,101,"leave-1",231,0.5,4873,FALSE,25
8,2,0.621633104446795,11.2432662088936,11.7642253562467,6.95750496906353,16.5709457434299,11.7938753044101,6.96357512810638,16.6241754807137,12.6911731923627,0,12.8099437969836,0,"1999","un",21,231,"1999",TRUE,TRUE,0.5,0,0.1,0,TRUE,0,101,"leave-1",231,0.5,4873,FALSE,25
8,2,0.621633104446795,11.2432662088936,11.7642253562467,6.95750496906353,16.5709457434299,11.7286900616079,6.95668483471391,16.5006952885018,12.6911731923627,0,12.6001889124004,0,"1999","un",21,231,"1999",TRUE,TRUE,0.5,0,0.1,0,TRUE,0,101,"leave-1",231,0.5,4873,FALSE,25
8,2,0.621633104446795,11.2432662088936,11.7642253562467,6.95750496906353,16.5709457434299,11.7265175878227,6.88727308340494,16.5657620922405,12.6911731923627,0,12.7656001611123,0,"1999","un",21,231,"1999",TRUE,TRUE,0.5,0,0.1,0,TRUE,0,101,"leave-1",231,0.5,4873,FALSE,25
8,2,0.621633104446795,11.2432662088936,11.7642253562467,6.95750496906353,16.5709457434299,11.7768341780485,6.94597567166032,16.6076926844368,12.6911731923627,0,12.7204955852697,0,"1999","un",21,231,"1999",TRUE,TRUE,0.5,0,0.1,0,TRUE,0,101,"leave-1",231,0.5,4873,FALSE,25
8,2,0.621633104446795,11.2432662088936,11.7642253562467,6.95750496906353,16.5709457434299,11.9019066546307,7.06841921502831,16.7353940942332,12.6911731923627,0,12.7994087628903,0,"1999","un",21,231,"1999",TRUE,TRUE,0.5,0,0.1,0,TRUE,0,101,"leave-1",231,0.5,4873,FALSE,25
8,2,0.621633104446795,11.2432662088936,11.7642253562467,6.95750496906353,16.5709457434299,12.2462950780258,7.41339399197368,17.0791961640779,12.6911731923627,0,13.0066441242918,0,"1999","un",21,231,"1999",TRUE,TRUE,0.5,0,0.1,0,TRUE,0,101,"leave-1",231,0.5,4873,FALSE,25
8,2,0.621633104446795,11.2432662088936,11.7642253562467,6.95750496906353,16.5709457434299,11.3691935378944,6.58362801803415,16.1547590577546,12.6911731923627,0,12.4917744812319,0,"1999","un",21,231,"1999",TRUE,TRUE,0.5,0,0.1,0,TRUE,0,101,"leave-1",231,0.5,4873,FALSE,25
8,2,0.621633104446795,11.2432662088936,11.7642253562467,6.95750496906353,16.5709457434299,11.7159565116724,6.88802943335808,16.5438835899868,12.6911731923627,0,12.7315396191293,0,"1999","un",21,231,"1999",TRUE,TRUE,0.5,0,0.1,0,TRUE,0,101,"leave-1",231,0.5,4873,FALSE,25
8,2,0.621633104446795,11.2432662088936,11.7642253562467,6.95750496906353,16.5709457434299,12.0039232370886,7.17796067283707,16.8298858013402,12.6911731923627,0,12.9195668358203,0,"1999","un",21,231,"1999",TRUE,TRUE,0.5,0,0.1,0,TRUE,0,101,"leave-1",231,0.5,4873,FALSE,25
8,2,0.621633104446795,11.2432662088936,11.7642253562467,6.95750496906353,16.5709457434299,11.750771100449,6.94845612959407,16.553086071304,12.6911731923627,0,12.6866741085932,0,"1999","un",21,231,"1999",TRUE,TRUE,0.5,0,0.1,0,TRUE,0,101,"leave-1",231,0.5,4873,FALSE,25
8,2,0.621633104446795,11.2432662088936,11.7642253562467,6.95750496906353,16.5709457434299,11.8176355780514,6.98723061634648,16.6480405397564,12.6911731923627,0,12.7522493799976,0,"1999","un",21,231,"1999",TRUE,TRUE,0.5,0,0.1,0,TRUE,0,101,"leave-1",231,0.5,4873,FALSE,25
8,2,0.621633104446795,11.2432662088936,11.7642253562467,6.95750496906353,16.5709457434299,11.7221164229651,6.8949550377231,16.5492778082072,12.6911731923627,0,12.698757859108,0,"1999","un",21,231,"1999",TRUE,TRUE,0.5,0,0.1,0,TRUE,0,101,"leave-1",231,0.5,4873,FALSE,25
8,2,0.621633104446795,11.2432662088936,11.7642253562467,6.95750496906353,16.5709457434299,12.1373216694738,7.31106112575716,16.9635822131904,12.6911731923627,0,12.8840446640387,0,"1999","un",21,231,"1999",TRUE,TRUE,0.5,0,0.1,0,TRUE,0,101,"leave-1",231,0.5,4873,FALSE,25
8,2,0.621633104446795,11.2432662088936,11.7642253562467,6.95750496906353,16.5709457434299,11.8394956399149,7.01239291363021,16.6665983661995,12.6911731923627,0,12.7534524245409,0,"1999","un",21,231,"1999",TRUE,TRUE,0.5,0,0.1,0,TRUE,0,101,"leave-1",231,0.5,4873,FALSE,25
8,2,0.621633104446795,11.2432662088936,11.7642253562467,6.95750496906353,16.5709457434299,11.9325354900284,7.12603123597263,16.7390397440841,12.6911731923627,0,12.8848062714287,0,"1999","un",21,231,"1999",TRUE,TRUE,0.5,0,0.1,0,TRUE,0,101,"leave-1",231,0.5,4873,FALSE,25
8,2,0.621633104446795,11.2432662088936,11.7642253562467,6.95750496906353,16.5709457434299,11.5059473178819,6.6913759361373,16.3205186996265,12.6911731923627,0,12.6939968699298,0,"1999","un",21,231,"1999",TRUE,TRUE,0.5,0,0.1,0,TRUE,0,101,"leave-1",231,0.5,4873,FALSE,25
8,2,0.621633104446795,11.2432662088936,11.7642253562467,6.95750496906353,16.5709457434299,11.7013495166851,6.90011207822816,16.5025869551419,12.6911731923627,0,12.8985355700464,0,"1999","un",21,231,"1999",TRUE,TRUE,0.5,0,0.1,0,TRUE,0,101,"leave-1",231,0.5,4873,FALSE,25
8,2,0.621633104446795,11.2432662088936,11.7642253562467,6.95750496906353,16.5709457434299,11.7705527930472,6.93949978013245,16.601605805962,12.6911731923627,0,12.7459506439095,0,"1999","un",21,231,"1999",TRUE,TRUE,0.5,0,0.1,0,TRUE,0,101,"leave-1",231,0.5,4873,FALSE,25
8,2,0.621633104446795,11.2432662088936,11.7642253562467,6.95750496906353,16.5709457434299,11.5003546074868,6.69158157762991,16.3091276373438,12.6911731923627,0,12.5773950046312,0,"1999","un",21,231,"1999",TRUE,TRUE,0.5,0,0.1,0,TRUE,0,101,"leave-1",231,0.5,4873,FALSE,25
8,2,0.621633104446795,11.2432662088936,11.7642253562467,6.95750496906353,16.5709457434299,11.6186130973133,6.79416116325042,16.4430650313762,12.6911731923627,0,12.8046802897295,0,"1999","un",21,231,"1999",TRUE,TRUE,0.5,0,0.1,0,TRUE,0,101,"leave-1",231,0.5,4873,FALSE,25
8,2,0.621633104446795,11.2432662088936,11.7642253562467,6.95750496906353,16.5709457434299,11.7560580710889,6.9249609605961,16.5871551815817,12.6911731923627,0,12.7161280623177,0,"1999","un",21,231,"1999",TRUE,TRUE,0.5,0,0.1,0,TRUE,0,101,"leave-1",231,0.5,4873,FALSE,25
8,2,0.621633104446795,11.2432662088936,11.7642253562467,6.95750496906353,16.5709457434299,11.7751784979617,6.95286405479621,16.5974929411273,12.6911731923627,0,12.7127195387975,0,"1999","un",21,231,"1999",TRUE,TRUE,0.5,0,0.1,0,TRUE,0,101,"leave-1",231,0.5,4873,FALSE,25
8,2,0.621633104446795,11.2432662088936,11.7642253562467,6.95750496906353,16.5709457434299,11.8158162963901,6.98481648160128,16.646816111179,12.6911731923627,0,12.7530349255573,0,"1999","un",21,231,"1999",TRUE,TRUE,0.5,0,0.1,0,TRUE,0,101,"leave-1",231,0.5,4873,FALSE,25
8,2,0.621633104446795,11.2432662088936,11.7642253562467,6.95750496906353,16.5709457434299,11.6777396308302,6.87772376999187,16.4777554916685,12.6911731923627,0,12.659101750269,0,"1999","un",21,231,"1999",TRUE,TRUE,0.5,0,0.1,0,TRUE,0,101,"leave-1",231,0.5,4873,FALSE,25
8,2,0.621633104446795,11.2432662088936,11.7642253562467,6.95750496906353,16.5709457434299,11.782432676235,6.95295952608561,16.6119058263845,12.6911731923627,0,12.7213199227394,0,"1999","un",21,231,"1999",TRUE,TRUE,0.5,0,0.1,0,TRUE,0,101,"leave-1",231,0.5,4873,FALSE,25
8,2,0.621633104446795,11.2432662088936,11.7642253562467,6.95750496906353,16.5709457434299,11.629044101919,6.80692828141984,16.4511599224181,12.6911731923627,0,12.627161233882,0,"1999","un",21,231,"1999",TRUE,TRUE,0.5,0,0.1,0,TRUE,0,101,"leave-1",231,0.5,4873,FALSE,25
8,2,0.621633104446795,11.2432662088936,11.7642253562467,6.95750496906353,16.5709457434299,11.7549815569523,6.92412744206035,16.5858356718442,12.6911731923627,0,12.7103310412181,0,"1999","un",21,231,"1999",TRUE,TRUE,0.5,0,0.1,0,TRUE,0,101,"leave-1",231,0.5,4873,FALSE,25
8,2,0.621633104446795,11.2432662088936,11.7642253562467,6.95750496906353,16.5709457434299,12.1372611035182,7.34616145914731,16.9283607478892,12.6911731923627,0,13.0228109481981,0,"1999","un",21,231,"1999",TRUE,TRUE,0.5,0,0.1,0,TRUE,0,101,"leave-1",231,0.5,4873,FALSE,25
8,2,0.621633104446795,11.2432662088936,11.7642253562467,6.95750496906353,16.5709457434299,11.772266526006,6.94230616736969,16.6022268846422,12.6911731923627,0,12.7220626232148,0,"1999","un",21,231,"1999",TRUE,TRUE,0.5,0,0.1,0,TRUE,0,101,"leave-1",231,0.5,4873,FALSE,25
8,2,0.621633104446795,11.2432662088936,11.7642253562467,6.95750496906353,16.5709457434299,11.8789356430043,7.04761383723772,16.7102574487709,12.6911731923627,0,12.7520066869877,0,"1999","un",21,231,"1999",TRUE,TRUE,0.5,0,0.1,0,TRUE,0,101,"leave-1",231,0.5,4873,FALSE,25
8,2,0.621633104446795,11.2432662088936,11.7642253562467,6.95750496906353,16.5709457434299,11.766713328077,6.93700761518367,16.5964190409704,12.6911731923627,0,12.7131048104126,0,"1999","un",21,231,"1999",TRUE,TRUE,0.5,0,0.1,0,TRUE,0,101,"leave-1",231,0.5,4873,FALSE,25
8,2,0.621633104446795,11.2432662088936,11.7642253562467,6.95750496906353,16.5709457434299,11.6754832307193,6.8636976561006,16.487268805338,12.6911731923627,0,12.688076635939,0,"1999","un",21,231,"1999",TRUE,TRUE,0.5,0,0.1,0,TRUE,0,101,"leave-1",231,0.5,4873,FALSE,25
8,2,0.621633104446795,11.2432662088936,11.7642253562467,6.95750496906353,16.5709457434299,11.7705371042588,6.94024570441263,16.600828504105,12.6911731923627,0,12.7173641069168,0,"1999","un",21,231,"1999",TRUE,TRUE,0.5,0,0.1,0,TRUE,0,101,"leave-1",231,0.5,4873,FALSE,25
8,2,0.621633104446795,11.2432662088936,11.7642253562467,6.95750496906353,16.5709457434299,11.429209890382,6.66152213875359,16.1968976420103,12.6911731923627,0,12.3807745176558,0,"1999","un",21,231,"1999",TRUE,TRUE,0.5,0,0.1,0,TRUE,0,101,"leave-1",231,0.5,4873,FALSE,25
8,2,0.621633104446795,11.2432662088936,11.7642253562467,6.95750496906353,16.5709457434299,11.8239263165853,6.98051084811396,16.6673417850566,12.6911731923627,0,12.902646356205,0,"1999","un",21,231,"1999",TRUE,TRUE,0.5,0,0.1,0,TRUE,0,101,"leave-1",231,0.5,4873,FALSE,25
8,2,0.621633104446795,11.2432662088936,11.7642253562467,6.95750496906353,16.5709457434299,11.728094417067,6.9073338840171,16.5488549501168,12.6911731923627,0,12.693490709448,0,"1999","un",21,231,"1999",TRUE,TRUE,0.5,0,0.1,0,TRUE,0,101,"leave-1",231,0.5,4873,FALSE,25
8,2,0.621633104446795,11.2432662088936,11.7642253562467,6.95750496906353,16.5709457434299,11.8219335588602,6.98859173809829,16.655275379622,12.6911731923627,0,12.7385347928984,0,"1999","un",21,231,"1999",TRUE,TRUE,0.5,0,0.1,0,TRUE,0,101,"leave-1",231,0.5,4873,FALSE,25
8,2,0.621633104446795,11.2432662088936,11.7642253562467,6.95750496906353,16.5709457434299,11.6527255405036,6.83563067916118,16.469820401846,12.6911731923627,0,12.658806883307,0,"1999","un",21,231,"1999",TRUE,TRUE,0.5,0,0.1,0,TRUE,0,101,"leave-1",231,0.5,4873,FALSE,25
8,2,0.621633104446795,11.2432662088936,11.7642253562467,6.95750496906353,16.5709457434299,11.6334316777688,6.82154084800874,16.4453225075288,12.6911731923627,0,12.6252419650893,0,"1999","un",21,231,"1999",TRUE,TRUE,0.5,0,0.1,0,TRUE,0,101,"leave-1",231,0.5,4873,FALSE,25
8,2,0.621633104446795,11.2432662088936,11.7642253562467,6.95750496906353,16.5709457434299,11.731266746202,6.90033199838757,16.5622014940165,12.6911731923627,0,12.7508952586251,0,"1999","un",21,231,"1999",TRUE,TRUE,0.5,0,0.1,0,TRUE,0,101,"leave-1",231,0.5,4873,FALSE,25
8,2,0.621633104446795,11.2432662088936,11.7642253562467,6.95750496906353,16.5709457434299,11.7743993426426,6.94387416486602,16.6049245204192,12.6911731923627,0,12.7569889535202,0,"1999","un",21,231,"1999",TRUE,TRUE,0.5,0,0.1,0,TRUE,0,101,"leave-1",231,0.5,4873,FALSE,25
8,2,0.621633104446795,11.2432662088936,11.7642253562467,6.95750496906353,16.5709457434299,11.997883287485,7.15701409500152,16.8387524799684,12.6911731923627,0,12.9564141990023,0,"1999","un",21,231,"1999",TRUE,TRUE,0.5,0,0.1,0,TRUE,0,101,"leave-1",231,0.5,4873,FALSE,25
8,2,0.621633104446795,11.2432662088936,11.7642253562467,6.95750496906353,16.5709457434299,11.7527792441414,6.92401589390534,16.5815425943774,12.6911731923627,0,12.7176877988224,0,"1999","un",21,231,"1999",TRUE,TRUE,0.5,0,0.1,0,TRUE,0,101,"leave-1",231,0.5,4873,FALSE,25
8,2,0.621633104446795,11.2432662088936,11.7642253562467,6.95750496906353,16.5709457434299,11.4783171891949,6.65085909340257,16.3057752849872,12.6911731923627,0,12.6813856572363,0,"1999","un",21,231,"1999",TRUE,TRUE,0.5,0,0.1,0,TRUE,0,101,"leave-1",231,0.5,4873,FALSE,25
8,2,0.621633104446795,11.2432662088936,11.7642253562467,6.95750496906353,16.5709457434299,11.7544182399684,6.92399152704134,16.5848449528954,12.6911731923627,0,12.8127860624008,0,"1999","un",21,231,"1999",TRUE,TRUE,0.5,0,0.1,0,TRUE,0,101,"leave-1",231,0.5,4873,FALSE,25
8,2,0.621633104446795,11.2432662088936,11.7642253562467,6.95750496906353,16.5709457434299,11.4403125796658,6.6272463909156,16.2533787684161,12.6911731923627,0,12.6193284585499,0,"1999","un",21,231,"1999",TRUE,TRUE,0.5,0,0.1,0,TRUE,0,101,"leave-1",231,0.5,4873,FALSE,25
8,2,0.621633104446795,11.2432662088936,11.7642253562467,6.95750496906353,16.5709457434299,11.7163187328564,6.91112395088953,16.5215135148232,12.6911731923627,0,12.6673991399847,0,"1999","un",21,231,"1999",TRUE,TRUE,0.5,0,0.1,0,TRUE,0,101,"leave-1",231,0.5,4873,FALSE,25
8,2,0.621633104446795,11.2432662088936,11.7642253562467,6.95750496906353,16.5709457434299,11.7685974257345,6.93596796223699,16.6012268892321,12.6911731923627,0,12.7691015364056,0,"1999","un",21,231,"1999",TRUE,TRUE,0.5,0,0.1,0,TRUE,0,101,"leave-1",231,0.5,4873,FALSE,25
8,2,0.621633104446795,11.2432662088936,11.7642253562467,6.95750496906353,16.5709457434299,12.0999589602158,7.28951869667288,16.9103992237586,12.6911731923627,0,12.8869073626131,0,"1999","un",21,231,"1999",TRUE,TRUE,0.5,0,0.1,0,TRUE,0,101,"leave-1",231,0.5,4873,FALSE,25
8,2,0.621633104446795,11.2432662088936,11.7642253562467,6.95750496906353,16.5709457434299,11.7160352778638,6.89382716757917,16.5382433881484,12.6911731923627,0,12.7637924664482,0,"1999","un",21,231,"1999",TRUE,TRUE,0.5,0,0.1,0,TRUE,0,101,"leave-1",231,0.5,4873,FALSE,25
8,2,0.621633104446795,11.2432662088936,11.7642253562467,6.95750496906353,16.5709457434299,11.972238935262,7.15167684130658,16.7928010292173,12.6911731923627,0,12.7587391248764,0,"1999","un",21,231,"1999",TRUE,TRUE,0.5,0,0.1,0,TRUE,0,101,"leave-1",231,0.5,4873,FALSE,25
8,2,0.621633104446795,11.2432662088936,11.7642253562467,6.95750496906353,16.5709457434299,11.7332059301555,6.90362814176594,16.5627837185451,12.6911731923627,0,12.6961200516371,0,"1999","un",21,231,"1999",TRUE,TRUE,0.5,0,0.1,0,TRUE,0,101,"leave-1",231,0.5,4873,FALSE,25
8,2,0.621633104446795,11.2432662088936,11.7642253562467,6.95750496906353,16.5709457434299,11.8734371629777,7.05147000287096,16.6954043230845,12.6911731923627,0,12.8436221792102,0,"1999","un",21,231,"1999",TRUE,TRUE,0.5,0,0.1,0,TRUE,0,101,"leave-1",231,0.5,4873,FALSE,25
8,2,0.621633104446795,11.2432662088936,11.7642253562467,6.95750496906353,16.5709457434299,11.7607901960492,6.93198867216665,16.5895917199318,12.6911731923627,0,12.7162422922663,0,"1999","un",21,231,"1999",TRUE,TRUE,0.5,0,0.1,0,TRUE,0,101,"leave-1",231,0.5,4873,FALSE,25
8,2,0.621633104446795,11.2432662088936,11.7642253562467,6.95750496906353,16.5709457434299,11.8846956914268,7.0549939088417,16.7143974740119,12.6911731923627,0,12.8038594379692,0,"1999","un",21,231,"1999",TRUE,TRUE,0.5,0,0.1,0,TRUE,0,101,"leave-1",231,0.5,4873,FALSE,25
8,2,0.621633104446795,11.2432662088936,11.7642253562467,6.95750496906353,16.5709457434299,11.7967237878217,6.96650053433318,16.6269470413102,12.6911731923627,0,12.7395915726624,0,"1999","un",21,231,"1999",TRUE,TRUE,0.5,0,0.1,0,TRUE,0,101,"leave-1",231,0.5,4873,FALSE,25
8,2,0.621633104446795,11.2432662088936,11.7642253562467,6.95750496906353,16.5709457434299,11.7276712966563,6.91131646429577,16.5440261290167,12.6911731923627,0,12.6851173624518,0,"1999","un",21,231,"1999",TRUE,TRUE,0.5,0,0.1,0,TRUE,0,101,"leave-1",231,0.5,4873,FALSE,25
8,2,0.621633104446795,11.2432662088936,11.7642253562467,6.95750496906353,16.5709457434299,11.7594028411939,6.9304413579525,16.5883643244352,12.6911731923627,0,12.7489952375411,0,"1999","un",21,231,"1999",TRUE,TRUE,0.5,0,0.1,0,TRUE,0,101,"leave-1",231,0.5,4873,FALSE,25
8,2,0.621633104446795,11.2432662088936,11.7642253562467,6.95750496906353,16.5709457434299,5.75915358084979,2.76800436559383,8.75030279610575,12.6911731923627,0,3.49678101081732,0,"1999","un",21,231,"1999",TRUE,TRUE,0.5,0,0.1,0,TRUE,0,101,"leave-1",231,0.5,4873,FALSE,25
8,2,0.621633104446795,11.2432662088936,11.7642253562467,6.95750496906353,16.5709457434299,12.2184041217335,7.44011286853264,16.9966953749344,12.6911731923627,0,12.9611608112939,0,"1999","un",21,231,"1999",TRUE,TRUE,0.5,0,0.1,0,TRUE,0,101,"leave-1",231,0.5,4873,FALSE,25
8,2,0.621633104446795,11.2432662088936,11.7642253562467,6.95750496906353,16.5709457434299,11.1830401566086,6.42534274025898,15.9407375729583,12.6911731923627,0,12.4760184138248,0,"1999","un",21,231,"1999",TRUE,TRUE,0.5,0,0.1,0,TRUE,0,101,"leave-1",231,0.5,4873,FALSE,25
8,2,0.621633104446795,11.2432662088936,11.7642253562467,6.95750496906353,16.5709457434299,11.6408004549837,6.81844896181902,16.4631519481484,12.6911731923627,0,12.714182727391,0,"1999","un",21,231,"1999",TRUE,TRUE,0.5,0,0.1,0,TRUE,0,101,"leave-1",231,0.5,4873,FALSE,25
8,2,0.621633104446795,11.2432662088936,11.7642253562467,6.95750496906353,16.5709457434299,11.4705328528251,6.65286025267096,16.2882054529792,12.6911731923627,0,12.6347955982364,0,"1999","un",21,231,"1999",TRUE,TRUE,0.5,0,0.1,0,TRUE,0,101,"leave-1",231,0.5,4873,FALSE,25
8,2,0.621633104446795,11.2432662088936,11.7642253562467,6.95750496906353,16.5709457434299,11.7336051768449,6.91578250913221,16.5514278445576,12.6911731923627,0,12.899447119785,0,"1999","un",21,231,"1999",TRUE,TRUE,0.5,0,0.1,0,TRUE,0,101,"leave-1",231,0.5,4873,FALSE,25
8,2,0.621633104446795,11.2432662088936,11.7642253562467,6.95750496906353,16.5709457434299,11.8158616787639,6.98554374160474,16.6461796159231,12.6911731923627,0,12.7727724134829,0,"1999","un",21,231,"1999",TRUE,TRUE,0.5,0,0.1,0,TRUE,0,101,"leave-1",231,0.5,4873,FALSE,25
8,2,0.621633104446795,11.2432662088936,11.7642253562467,6.95750496906353,16.5709457434299,11.9608826909382,7.12812398024344,16.7936414016329,12.6911731923627,0,12.7645127393171,0,"1999","un",21,231,"1999",TRUE,TRUE,0.5,0,0.1,0,TRUE,0,101,"leave-1",231,0.5,4873,FALSE,25
8,2,0.621633104446795,11.2432662088936,11.7642253562467,6.95750496906353,16.5709457434299,11.8480567060839,7.00363299653121,16.6924804156366,12.6911731923627,0,12.9041162530848,0,"1999","un",21,231,"1999",TRUE,TRUE,0.5,0,0.1,0,TRUE,0,101,"leave-1",231,0.5,4873,FALSE,25
8,2,0.621633104446795,11.2432662088936,11.7642253562467,6.95750496906353,16.5709457434299,11.7901452997958,6.95051672700947,16.6297738725822,12.6911731923627,0,12.7513865566938,0,"1999","un",21,231,"1999",TRUE,TRUE,0.5,0,0.1,0,TRUE,0,101,"leave-1",231,0.5,4873,FALSE,25
8,2,0.621633104446795,11.2432662088936,11.7642253562467,6.95750496906353,16.5709457434299,11.7606236523368,6.92813855862375,16.5931087460498,12.6911731923627,0,12.7955142900725,0,"1999","un",21,231,"1999",TRUE,TRUE,0.5,0,0.1,0,TRUE,0,101,"leave-1",231,0.5,4873,FALSE,25
8,2,0.621633104446795,11.2432662088936,11.7642253562467,6.95750496906353,16.5709457434299,11.6886470593418,6.86729248031315,16.5100016383704,12.6911731923627,0,12.7451844038029,0,"1999","un",21,231,"1999",TRUE,TRUE,0.5,0,0.1,0,TRUE,0,101,"leave-1",231,0.5,4873,FALSE,25
8,2,0.621633104446795,11.2432662088936,11.7642253562467,6.95750496906353,16.5709457434299,11.7329517564379,6.89718982606399,16.5687136868117,12.6911731923627,0,12.82524975318,0,"1999","un",21,231,"1999",TRUE,TRUE,0.5,0,0.1,0,TRUE,0,101,"leave-1",231,0.5,4873,FALSE,25
8,2,0.621633104446795,11.2432662088936,11.7642253562467,6.95750496906353,16.5709457434299,11.7074869546184,6.89091216342654,16.5240617458103,12.6911731923627,0,12.7298903185154,0,"1999","un",21,231,"1999",TRUE,TRUE,0.5,0,0.1,0,TRUE,0,101,"leave-1",231,0.5,4873,FALSE,25
8,2,0.621633104446795,11.2432662088936,11.7642253562467,6.95750496906353,16.5709457434299,11.7256574309271,6.8996521588276,16.5516627030267,12.6911731923627,0,12.6937669656254,0,"1999","un",21,231,"1999",TRUE,TRUE,0.5,0,0.1,0,TRUE,0,101,"leave-1",231,0.5,4873,FALSE,25
8,2,0.621633104446795,11.2432662088936,11.7642253562467,6.95750496906353,16.5709457434299,12.0077428144866,7.17775284037771,16.8377327885954,12.6911731923627,0,12.7904533046021,0,"1999","un",21,231,"1999",TRUE,TRUE,0.5,0,0.1,0,TRUE,0,101,"leave-1",231,0.5,4873,FALSE,25
8,2,0.621633104446795,11.2432662088936,11.7642253562467,6.95750496906353,16.5709457434299,11.6995234747436,6.87651657879936,16.5225303706878,12.6911731923627,0,12.6682187302417,0,"1999","un",21,231,"1999",TRUE,TRUE,0.5,0,0.1,0,TRUE,0,101,"leave-1",231,0.5,4873,FALSE,25
8,2,0.621633104446795,11.2432662088936,11.7642253562467,6.95750496906353,16.5709457434299,11.7885910239553,6.95687038736919,16.6203116605414,12.6911731923627,0,12.7358777596531,0,"1999","un",21,231,"1999",TRUE,TRUE,0.5,0,0.1,0,TRUE,0,101,"leave-1",231,0.5,4873,FALSE,25
8,2,0.621633104446795,11.2432662088936,11.7642253562467,6.95750496906353,16.5709457434299,11.3140505944103,6.47242466689869,16.1556765219219,12.6911731923627,0,12.6816505526051,0,"1999","un",21,231,"1999",TRUE,TRUE,0.5,0,0.1,0,TRUE,0,101,"leave-1",231,0.5,4873,FALSE,25
8,2,0.621633104446795,11.2432662088936,11.7642253562467,6.95750496906353,16.5709457434299,11.8739663849847,7.04449864934787,16.7034341206215,12.6911731923627,0,12.7317684086284,0,"1999","un",21,231,"1999",TRUE,TRUE,0.5,0,0.1,0,TRUE,0,101,"leave-1",231,0.5,4873,FALSE,25
8,2,0.621633104446795,11.2432662088936,11.7642253562467,6.95750496906353,16.5709457434299,11.7409876637394,6.91388572892936,16.5680895985494,12.6911731923627,0,12.7058987074507,0,"1999","un",21,231,"1999",TRUE,TRUE,0.5,0,0.1,0,TRUE,0,101,"leave-1",231,0.5,4873,FALSE,25
8,2,0.621633104446795,11.2432662088936,11.7642253562467,6.95750496906353,16.5709457434299,11.3714480001199,6.55666979627025,16.1862262039696,12.6911731923627,0,12.5701272264675,0,"1999","un",21,231,"1999",TRUE,TRUE,0.5,0,0.1,0,TRUE,0,101,"leave-1",231,0.5,4873,FALSE,25
8,2,0.621633104446795,11.2432662088936,11.7642253562467,6.95750496906353,16.5709457434299,11.3868847861308,6.58987604854307,16.1838935237186,12.6911731923627,0,12.5966521479563,0,"1999","un",21,231,"1999",TRUE,TRUE,0.5,0,0.1,0,TRUE,0,101,"leave-1",231,0.5,4873,FALSE,25
8,2,0.621633104446795,11.2432662088936,11.7642253562467,6.95750496906353,16.5709457434299,11.7409507414335,6.95871024150719,16.5231912413599,12.6911731923627,0,12.679184287004,0,"1999","un",21,231,"1999",TRUE,TRUE,0.5,0,0.1,0,TRUE,0,101,"leave-1",231,0.5,4873,FALSE,25
8,2,0.621633104446795,11.2432662088936,11.7642253562467,6.95750496906353,16.5709457434299,12.0265148345147,7.18799091532636,16.865038753703,12.6911731923627,0,12.8383232464469,0,"1999","un",21,231,"1999",TRUE,TRUE,0.5,0,0.1,0,TRUE,0,101,"leave-1",231,0.5,4873,FALSE,25
8,2,0.621633104446795,11.2432662088936,11.7642253562467,6.95750496906353,16.5709457434299,11.8062783124358,6.97009688928854,16.6424597355831,12.6911731923627,0,12.7858763769771,0,"1999","un",21,231,"1999",TRUE,TRUE,0.5,0,0.1,0,TRUE,0,101,"leave-1",231,0.5,4873,FALSE,25
8,2,0.621633104446795,11.2432662088936,11.7642253562467,6.95750496906353,16.5709457434299,11.6491059763274,6.82276091666276,16.4754510359921,12.6911731923627,0,12.6623040401649,0,"1999","un",21,231,"1999",TRUE,TRUE,0.5,0,0.1,0,TRUE,0,101,"leave-1",231,0.5,4873,FALSE,25
8,2,0.621633104446795,11.2432662088936,11.7642253562467,6.95750496906353,16.5709457434299,11.4981084175043,6.68755075791234,16.3086660770962,12.6911731923627,0,12.6272354431543,0,"1999","un",21,231,"1999",TRUE,TRUE,0.5,0,0.1,0,TRUE,0,101,"leave-1",231,0.5,4873,FALSE,25
8,2,0.621633104446795,11.2432662088936,11.7642253562467,6.95750496906353,16.5709457434299,11.6817074335685,6.86850803757211,16.4949068295649,12.6911731923627,0,12.7037760147105,0,"1999","un",21,231,"1999",TRUE,TRUE,0.5,0,0.1,0,TRUE,0,101,"leave-1",231,0.5,4873,FALSE,25
8,2,0.621633104446795,11.2432662088936,11.7642253562467,6.95750496906353,16.5709457434299,11.7873404827775,6.96955942814582,16.6051215374092,12.6911731923627,0,12.6659476203978,0,"1999","un",21,231,"1999",TRUE,TRUE,0.5,0,0.1,0,TRUE,0,101,"leave-1",231,0.5,4873,FALSE,25
8,2,0.621633104446795,11.2432662088936,11.7642253562467,6.95750496906353,16.5709457434299,11.8026741089977,6.97267367490014,16.6326745430953,12.6911731923627,0,12.6709102254811,0,"1999","un",21,231,"1999",TRUE,TRUE,0.5,0,0.1,0,TRUE,0,101,"leave-1",231,0.5,4873,FALSE,25
8,2,0.621633104446795,11.2432662088936,11.7642253562467,6.95750496906353,16.5709457434299,11.6611340936408,6.85434902857903,16.4679191587025,12.6911731923627,0,12.5620723111444,0,"1999","un",21,231,"1999",TRUE,TRUE,0.5,0,0.1,0,TRUE,0,101,"leave-1",231,0.5,4873,FALSE,25
8,2,0.621633104446795,11.2432662088936,11.7642253562467,6.95750496906353,16.5709457434299,11.9013245685547,7.10084609116173,16.7018030459476,12.6911731923627,0,12.6960240506038,0,"1999","un",21,231,"1999",TRUE,TRUE,0.5,0,0.1,0,TRUE,0,101,"leave-1",231,0.5,4873,FALSE,25
8,2,0.621633104446795,11.2432662088936,11.7642253562467,6.95750496906353,16.5709457434299,11.9553474173515,7.16303380087672,16.7476610338262,12.6911731923627,0,12.7970397800965,0,"1999","un",21,231,"1999",TRUE,TRUE,0.5,0,0.1,0,TRUE,0,101,"leave-1",231,0.5,4873,FALSE,25
8,2,0.621633104446795,11.2432662088936,11.7642253562467,6.95750496906353,16.5709457434299,11.9047909898069,7.0716225054432,16.7379594741706,12.6911731923627,0,12.8220529016033,0,"1999","un",21,231,"1999",TRUE,TRUE,0.5,0,0.1,0,TRUE,0,101,"leave-1",231,0.5,4873,FALSE,25
8,2,0.621633104446795,11.2432662088936,11.7642253562467,6.95750496906353,16.5709457434299,11.776037243607,6.94193746744113,16.6101370197729,12.6911731923627,0,12.7704996666378,0,"1999","un",21,231,"1999",TRUE,TRUE,0.5,0,0.1,0,TRUE,0,101,"leave-1",231,0.5,4873,FALSE,25
8,2,0.621633104446795,11.2432662088936,11.7642253562467,6.95750496906353,16.5709457434299,11.7939829361248,6.97092088620304,16.6170449860467,12.6911731923627,0,12.730617622985,0,"1999","un",21,231,"1999",TRUE,TRUE,0.5,0,0.1,0,TRUE,0,101,"leave-1",231,0.5,4873,FALSE,25
8,2,0.621633104446795,11.2432662088936,11.7642253562467,6.95750496906353,16.5709457434299,11.6704622089783,6.85816586936417,16.4827585485925,12.6911731923627,0,12.6755429884874,0,"1999","un",21,231,"1999",TRUE,TRUE,0.5,0,0.1,0,TRUE,0,101,"leave-1",231,0.5,4873,FALSE,25
8,2,0.621633104446795,11.2432662088936,11.7642253562467,6.95750496906353,16.5709457434299,11.7381085481032,6.90805348127803,16.5681636149284,12.6911731923627,0,12.7580387965761,0,"1999","un",21,231,"1999",TRUE,TRUE,0.5,0,0.1,0,TRUE,0,101,"leave-1",231,0.5,4873,FALSE,25
8,2,0.621633104446795,11.2432662088936,11.7642253562467,6.95750496906353,16.5709457434299,11.7694411915967,6.94009482660894,16.5987875565844,12.6911731923627,0,12.7299629512795,0,"1999","un",21,231,"1999",TRUE,TRUE,0.5,0,0.1,0,TRUE,0,101,"leave-1",231,0.5,4873,FALSE,25
8,2,0.621633104446795,11.2432662088936,11.7642253562467,6.95750496906353,16.5709457434299,11.7578548845142,6.91730177592898,16.5984079930994,12.6911731923627,0,12.7548975033985,0,"1999","un",21,231,"1999",TRUE,TRUE,0.5,0,0.1,0,TRUE,0,101,"leave-1",231,0.5,4873,FALSE,25
8,2,0.621633104446795,11.2432662088936,11.7642253562467,6.95750496906353,16.5709457434299,11.8890820564726,7.04623629444467,16.7319278185005,12.6911731923627,0,12.8214626414202,0,"1999","un",21,231,"1999",TRUE,TRUE,0.5,0,0.1,0,TRUE,0,101,"leave-1",231,0.5,4873,FALSE,25
8,2,0.621633104446795,11.2432662088936,11.7642253562467,6.95750496906353,16.5709457434299,11.6827574005351,6.86183518557195,16.5036796154982,12.6911731923627,0,12.6643611340355,0,"1999","un",21,231,"1999",TRUE,TRUE,0.5,0,0.1,0,TRUE,0,101,"leave-1",231,0.5,4873,FALSE,25
8,2,0.621633104446795,11.2432662088936,11.7642253562467,6.95750496906353,16.5709457434299,11.6781709962865,6.87503828969953,16.4813037028736,12.6911731923627,0,12.7039958227081,0,"1999","un",21,231,"1999",TRUE,TRUE,0.5,0,0.1,0,TRUE,0,101,"leave-1",231,0.5,4873,FALSE,25
8,2,0.621633104446795,11.2432662088936,11.7642253562467,6.95750496906353,16.5709457434299,11.8032116056746,6.97005249256769,16.6363707187815,12.6911731923627,0,12.7575837511224,0,"1999","un",21,231,"1999",TRUE,TRUE,0.5,0,0.1,0,TRUE,0,101,"leave-1",231,0.5,4873,FALSE,25
8,2,0.621633104446795,11.2432662088936,11.7642253562467,6.95750496906353,16.5709457434299,12.1107352850501,7.27009134356051,16.9513792265397,12.6911731923627,0,12.8763165563942,0,"1999","un",21,231,"1999",TRUE,TRUE,0.5,0,0.1,0,TRUE,0,101,"leave-1",231,0.5,4873,FALSE,25
8,2,0.621633104446795,11.2432662088936,11.7642253562467,6.95750496906353,16.5709457434299,11.3305665090415,6.5153507580755,16.1457822600076,12.6911731923627,0,12.5746532711846,0,"1999","un",21,231,"1999",TRUE,TRUE,0.5,0,0.1,0,TRUE,0,101,"leave-1",231,0.5,4873,FALSE,25
8,2,0.621633104446795,11.2432662088936,11.7642253562467,6.95750496906353,16.5709457434299,11.7359695693857,6.90182280816985,16.5701163306015,12.6911731923627,0,12.7601502500639,0,"1999","un",21,231,"1999",TRUE,TRUE,0.5,0,0.1,0,TRUE,0,101,"leave-1",231,0.5,4873,FALSE,25
8,2,0.621633104446795,11.2432662088936,11.7642253562467,6.95750496906353,16.5709457434299,12.1198274153961,7.28496310546711,16.9546917253252,12.6911731923627,0,12.9361337859743,0,"1999","un",21,231,"1999",TRUE,TRUE,0.5,0,0.1,0,TRUE,0,101,"leave-1",231,0.5,4873,FALSE,25
8,2,0.621633104446795,11.2432662088936,11.7642253562467,6.95750496906353,16.5709457434299,11.7544732578591,6.92410957496341,16.5848369407549,12.6911731923627,0,12.7237378201434,0,"1999","un",21,231,"1999",TRUE,TRUE,0.5,0,0.1,0,TRUE,0,101,"leave-1",231,0.5,4873,FALSE,25
8,2,0.621633104446795,11.2432662088936,11.7642253562467,6.95750496906353,16.5709457434299,11.8587687547517,7.04780612583919,16.6697313836642,12.6911731923627,0,12.8229091703062,0,"1999","un",21,231,"1999",TRUE,TRUE,0.5,0,0.1,0,TRUE,0,101,"leave-1",231,0.5,4873,FALSE,25
8,2,0.621633104446795,11.2432662088936,11.7642253562467,6.95750496906353,16.5709457434299,12.0573875190135,7.21811763913886,16.8966573988882,12.6911731923627,0,12.8696654664778,0,"1999","un",21,231,"1999",TRUE,TRUE,0.5,0,0.1,0,TRUE,0,101,"leave-1",231,0.5,4873,FALSE,25
8,2,0.621633104446795,11.2432662088936,11.7642253562467,6.95750496906353,16.5709457434299,12.1128257109682,7.31840803595545,16.9072433859809,12.6911731923627,0,12.8834619903255,0,"1999","un",21,231,"1999",TRUE,TRUE,0.5,0,0.1,0,TRUE,0,101,"leave-1",231,0.5,4873,FALSE,25
8,2,0.621633104446795,11.2432662088936,11.7642253562467,6.95750496906353,16.5709457434299,11.7534005723243,6.92854707799231,16.5782540666564,12.6911731923627,0,12.8927270902052,0,"1999","un",21,231,"1999",TRUE,TRUE,0.5,0,0.1,0,TRUE,0,101,"leave-1",231,0.5,4873,FALSE,25
8,2,0.621633104446795,11.2432662088936,11.7642253562467,6.95750496906353,16.5709457434299,11.9403090001552,7.12153220273963,16.7590857975707,12.6911731923627,0,12.8174433049282,0,"1999","un",21,231,"1999",TRUE,TRUE,0.5,0,0.1,0,TRUE,0,101,"leave-1",231,0.5,4873,FALSE,25
8,2,0.621633104446795,11.2432662088936,11.7642253562467,6.95750496906353,16.5709457434299,11.3371748893235,6.53178847865418,16.1425612999928,12.6911731923627,0,12.8072527781651,0,"1999","un",21,231,"1999",TRUE,TRUE,0.5,0,0.1,0,TRUE,0,101,"leave-1",231,0.5,4873,FALSE,25
8,2,0.621633104446795,11.2432662088936,11.7642253562467,6.95750496906353,16.5709457434299,11.8340684619256,7.00953145840447,16.6586054654467,12.6911731923627,0,12.7338119057066,0,"1999","un",21,231,"1999",TRUE,TRUE,0.5,0,0.1,0,TRUE,0,101,"leave-1",231,0.5,4873,FALSE,25
8,2,0.621633104446795,11.2432662088936,11.7642253562467,6.95750496906353,16.5709457434299,11.7503950108199,6.90504860302963,16.5957414186103,12.6911731923627,0,12.7503769524883,0,"1999","un",21,231,"1999",TRUE,TRUE,0.5,0,0.1,0,TRUE,0,101,"leave-1",231,0.5,4873,FALSE,25
8,2,0.621633104446795,11.2432662088936,11.7642253562467,6.95750496906353,16.5709457434299,11.9306401705154,7.10870254729099,16.7525777937398,12.6911731923627,0,12.8401078918874,0,"1999","un",21,231,"1999",TRUE,TRUE,0.5,0,0.1,0,TRUE,0,101,"leave-1",231,0.5,4873,FALSE,25
8,2,0.621633104446795,11.2432662088936,11.7642253562467,6.95750496906353,16.5709457434299,11.818681233984,6.99727842338439,16.6400840445836,12.6911731923627,0,12.7299039397801,0,"1999","un",21,231,"1999",TRUE,TRUE,0.5,0,0.1,0,TRUE,0,101,"leave-1",231,0.5,4873,FALSE,25
8,2,0.621633104446795,11.2432662088936,11.7642253562467,6.95750496906353,16.5709457434299,11.7647753716115,6.9417445685082,16.5878061747149,12.6911731923627,0,12.8235708456896,0,"1999","un",21,231,"1999",TRUE,TRUE,0.5,0,0.1,0,TRUE,0,101,"leave-1",231,0.5,4873,FALSE,25
8,2,0.621633104446795,11.2432662088936,11.7642253562467,6.95750496906353,16.5709457434299,11.7450392487415,6.91654958732289,16.5735289101601,12.6911731923627,0,12.7974397552119,0,"1999","un",21,231,"1999",TRUE,TRUE,0.5,0,0.1,0,TRUE,0,101,"leave-1",231,0.5,4873,FALSE,25
8,2,0.621633104446795,11.2432662088936,11.7642253562467,6.95750496906353,16.5709457434299,12.0796235667404,7.24154181067524,16.9177053228056,12.6911731923627,0,13.0929783910293,0,"1999","un",21,231,"1999",TRUE,TRUE,0.5,0,0.1,0,TRUE,0,101,"leave-1",231,0.5,4873,FALSE,25
8,2,0.621633104446795,11.2432662088936,11.7642253562467,6.95750496906353,16.5709457434299,11.8386298074899,7.0052931325752,16.6719664824046,12.6911731923627,0,13.00166085293,0,"1999","un",21,231,"1999",TRUE,TRUE,0.5,0,0.1,0,TRUE,0,101,"leave-1",231,0.5,4873,FALSE,25
8,2,0.621633104446795,11.2432662088936,11.7642253562467,6.95750496906353,16.5709457434299,11.6693006840861,6.86697879607503,16.4716225720971,12.6911731923627,0,12.6777697937128,0,"1999","un",21,231,"1999",TRUE,TRUE,0.5,0,0.1,0,TRUE,0,101,"leave-1",231,0.5,4873,FALSE,25
8,2,0.621633104446795,11.2432662088936,11.7642253562467,6.95750496906353,16.5709457434299,11.8717889930392,7.11280956885136,16.630768417227,12.6911731923627,0,12.7000651901032,0,"1999","un",21,231,"1999",TRUE,TRUE,0.5,0,0.1,0,TRUE,0,101,"leave-1",231,0.5,4873,FALSE,25
8,2,0.621633104446795,11.2432662088936,11.7642253562467,6.95750496906353,16.5709457434299,11.6533366143157,6.83409607190329,16.4725771567282,12.6911731923627,0,12.6700747347895,0,"1999","un",21,231,"1999",TRUE,TRUE,0.5,0,0.1,0,TRUE,0,101,"leave-1",231,0.5,4873,FALSE,25
8,2,0.621633104446795,11.2432662088936,11.7642253562467,6.95750496906353,16.5709457434299,11.4821846369695,6.63927696412426,16.3250923098148,12.6911731923627,0,12.9054041625316,0,"1999","un",21,231,"1999",TRUE,TRUE,0.5,0,0.1,0,TRUE,0,101,"leave-1",231,0.5,4873,FALSE,25
8,2,0.621633104446795,11.2432662088936,11.7642253562467,6.95750496906353,16.5709457434299,11.7301234483208,6.90097578839882,16.5592711082428,12.6911731923627,0,12.6935715014447,0,"1999","un",21,231,"1999",TRUE,TRUE,0.5,0,0.1,0,TRUE,0,101,"leave-1",231,0.5,4873,FALSE,25
8,2,0.621633104446795,11.2432662088936,11.7642253562467,6.95750496906353,16.5709457434299,12.1997014729572,7.40944325751976,16.9899596883947,12.6911731923627,0,12.8701643748062,0,"1999","un",21,231,"1999",TRUE,TRUE,0.5,0,0.1,0,TRUE,0,101,"leave-1",231,0.5,4873,FALSE,25
8,2,0.621633104446795,11.2432662088936,11.7642253562467,6.95750496906353,16.5709457434299,11.6928235677257,6.86979600865915,16.5158511267923,12.6911731923627,0,12.8199034852169,0,"1999","un",21,231,"1999",TRUE,TRUE,0.5,0,0.1,0,TRUE,0,101,"leave-1",231,0.5,4873,FALSE,25
8,2,0.621633104446795,11.2432662088936,11.7642253562467,6.95750496906353,16.5709457434299,11.7478857716721,6.90202212798594,16.5937494153583,12.6911731923627,0,12.8741182691068,0,"1999","un",21,231,"1999",TRUE,TRUE,0.5,0,0.1,0,TRUE,0,101,"leave-1",231,0.5,4873,FALSE,25
8,2,0.621633104446795,11.2432662088936,11.7642253562467,6.95750496906353,16.5709457434299,11.8036045761232,6.97783484838597,16.6293743038605,12.6911731923627,0,12.697524169155,0,"1999","un",21,231,"1999",TRUE,TRUE,0.5,0,0.1,0,TRUE,0,101,"leave-1",231,0.5,4873,FALSE,25
8,2,0.621633104446795,11.2432662088936,11.7642253562467,6.95750496906353,16.5709457434299,11.7703790913393,6.94101167537776,16.5997465073009,12.6911731923627,0,12.7275328510176,0,"1999","un",21,231,"1999",TRUE,TRUE,0.5,0,0.1,0,TRUE,0,101,"leave-1",231,0.5,4873,FALSE,25
8,2,0.621633104446795,11.2432662088936,11.7642253562467,6.95750496906353,16.5709457434299,11.7823021065745,6.95186958325377,16.6127346298952,12.6911731923627,0,12.7366503555404,0,"1999","un",21,231,"1999",TRUE,TRUE,0.5,0,0.1,0,TRUE,0,101,"leave-1",231,0.5,4873,FALSE,25
8,2,0.621633104446795,11.2432662088936,11.7642253562467,6.95750496906353,16.5709457434299,11.7396407795189,6.91103521480555,16.5682463442322,12.6911731923627,0,12.8038066965537,0,"1999","un",21,231,"1999",TRUE,TRUE,0.5,0,0.1,0,TRUE,0,101,"leave-1",231,0.5,4873,FALSE,25
8,2,0.621633104446795,11.2432662088936,11.7642253562467,6.95750496906353,16.5709457434299,11.5824201745601,6.75654957482905,16.4082907742912,12.6911731923627,0,12.6777685240349,0,"1999","un",21,231,"1999",TRUE,TRUE,0.5,0,0.1,0,TRUE,0,101,"leave-1",231,0.5,4873,FALSE,25
8,2,0.621633104446795,11.2432662088936,11.7642253562467,6.95750496906353,16.5709457434299,11.8196126522348,7.00875910744556,16.6304661970241,12.6911731923627,0,12.7418227775164,0,"1999","un",21,231,"1999",TRUE,TRUE,0.5,0,0.1,0,TRUE,0,101,"leave-1",231,0.5,4873,FALSE,25
8,2,0.621633104446795,11.2432662088936,11.7642253562467,6.95750496906353,16.5709457434299,11.452935792443,6.6315308555859,16.2743407293001,12.6911731923627,0,12.682626472467,0,"1999","un",21,231,"1999",TRUE,TRUE,0.5,0,0.1,0,TRUE,0,101,"leave-1",231,0.5,4873,FALSE,25
8,2,0.621633104446795,11.2432662088936,11.7642253562467,6.95750496906353,16.5709457434299,11.8384568839824,7.0089725094371,16.6679412585276,12.6911731923627,0,12.7708413706652,0,"1999","un",21,231,"1999",TRUE,TRUE,0.5,0,0.1,0,TRUE,0,101,"leave-1",231,0.5,4873,FALSE,25
8,2,0.621633104446795,11.2432662088936,11.7642253562467,6.95750496906353,16.5709457434299,11.7064854529291,6.88468723472987,16.5282836711283,12.6911731923627,0,12.6839106974371,0,"1999","un",21,231,"1999",TRUE,TRUE,0.5,0,0.1,0,TRUE,0,101,"leave-1",231,0.5,4873,FALSE,25
8,2,0.621633104446795,11.2432662088936,11.7642253562467,6.95750496906353,16.5709457434299,11.8219951511406,6.99154729460594,16.6524430076752,12.6911731923627,0,12.8944918700881,0,"1999","un",21,231,"1999",TRUE,TRUE,0.5,0,0.1,0,TRUE,0,101,"leave-1",231,0.5,4873,FALSE,25
8,2,0.621633104446795,11.2432662088936,11.7642253562467,6.95750496906353,16.5709457434299,11.9871386567276,7.18250262861171,16.7917746848434,12.6911731923627,0,12.9065747256187,0,"1999","un",21,231,"1999",TRUE,TRUE,0.5,0,0.1,0,TRUE,0,101,"leave-1",231,0.5,4873,FALSE,25
8,2,0.621633104446795,11.2432662088936,11.7642253562467,6.95750496906353,16.5709457434299,11.8606240337825,7.02748209493561,16.6937659726294,12.6911731923627,0,12.7808407094778,0,"1999","un",21,231,"1999",TRUE,TRUE,0.5,0,0.1,0,TRUE,0,101,"leave-1",231,0.5,4873,FALSE,25
8,2,0.621633104446795,11.2432662088936,11.7642253562467,6.95750496906353,16.5709457434299,11.7547337856495,6.92332130123236,16.5861462700667,12.6911731923627,0,12.7351504760573,0,"1999","un",21,231,"1999",TRUE,TRUE,0.5,0,0.1,0,TRUE,0,101,"leave-1",231,0.5,4873,FALSE,25
8,2,0.621633104446795,11.2432662088936,11.7642253562467,6.95750496906353,16.5709457434299,11.7863249810719,6.9550440442619,16.617605917882,12.6911731923627,0,12.8367464086457,0,"1999","un",21,231,"1999",TRUE,TRUE,0.5,0,0.1,0,TRUE,0,101,"leave-1",231,0.5,4873,FALSE,25
8,2,0.621633104446795,11.2432662088936,11.7642253562467,6.95750496906353,16.5709457434299,11.7186374894538,6.89217322918262,16.545101749725,12.6911731923627,0,12.6991521088324,0,"1999","un",21,231,"1999",TRUE,TRUE,0.5,0,0.1,0,TRUE,0,101,"leave-1",231,0.5,4873,FALSE,25
8,2,0.621633104446795,11.2432662088936,11.7642253562467,6.95750496906353,16.5709457434299,11.7891724485584,6.9598991697115,16.6184457274052,12.6911731923627,0,12.736863071553,0,"1999","un",21,231,"1999",TRUE,TRUE,0.5,0,0.1,0,TRUE,0,101,"leave-1",231,0.5,4873,FALSE,25
8,2,0.621633104446795,11.2432662088936,11.7642253562467,6.95750496906353,16.5709457434299,11.7770616802365,6.95448185885264,16.5996415016203,12.6911731923627,0,12.8696350151593,0,"1999","un",21,231,"1999",TRUE,TRUE,0.5,0,0.1,0,TRUE,0,101,"leave-1",231,0.5,4873,FALSE,25
8,2,0.621633104446795,11.2432662088936,11.7642253562467,6.95750496906353,16.5709457434299,11.9221733098326,7.09426165363497,16.7500849660302,12.6911731923627,0,12.8368432228912,0,"1999","un",21,231,"1999",TRUE,TRUE,0.5,0,0.1,0,TRUE,0,101,"leave-1",231,0.5,4873,FALSE,25
8,2,0.621633104446795,11.2432662088936,11.7642253562467,6.95750496906353,16.5709457434299,11.6830056684153,6.87335858697598,16.4926527498546,12.6911731923627,0,12.7262329756021,0,"1999","un",21,231,"1999",TRUE,TRUE,0.5,0,0.1,0,TRUE,0,101,"leave-1",231,0.5,4873,FALSE,25
8,2,0.621633104446795,11.2432662088936,11.7642253562467,6.95750496906353,16.5709457434299,11.9412542218815,7.09882737585603,16.7836810679069,12.6911731923627,0,12.7989102732107,0,"1999","un",21,231,"1999",TRUE,TRUE,0.5,0,0.1,0,TRUE,0,101,"leave-1",231,0.5,4873,FALSE,25
8,2,0.621633104446795,11.2432662088936,11.7642253562467,6.95750496906353,16.5709457434299,11.7310715806023,6.89798322920697,16.5641599319976,12.6911731923627,0,12.7046255799521,0,"1999","un",21,231,"1999",TRUE,TRUE,0.5,0,0.1,0,TRUE,0,101,"leave-1",231,0.5,4873,FALSE,25
8,2,0.621633104446795,11.2432662088936,11.7642253562467,6.95750496906353,16.5709457434299,11.7272351337266,6.89892015464422,16.5555501128091,12.6911731923627,0,12.7140964114611,0,"1999","un",21,231,"1999",TRUE,TRUE,0.5,0,0.1,0,TRUE,0,101,"leave-1",231,0.5,4873,FALSE,25
8,2,0.621633104446795,11.2432662088936,11.7642253562467,6.95750496906353,16.5709457434299,11.8065513048816,6.9847235235441,16.6283790862191,12.6911731923627,0,12.6577411440145,0,"1999","un",21,231,"1999",TRUE,TRUE,0.5,0,0.1,0,TRUE,0,101,"leave-1",231,0.5,4873,FALSE,25
8,2,0.621633104446795,11.2432662088936,11.7642253562467,6.95750496906353,16.5709457434299,11.7224478221207,6.90475085184146,16.5401447923999,12.6911731923627,0,12.7041030455927,0,"1999","un",21,231,"1999",TRUE,TRUE,0.5,0,0.1,0,TRUE,0,101,"leave-1",231,0.5,4873,FALSE,25
8,2,0.621633104446795,11.2432662088936,11.7642253562467,6.95750496906353,16.5709457434299,11.5703419509567,6.76692166679802,16.3737622351155,12.6911731923627,0,12.591135647816,0,"1999","un",21,231,"1999",TRUE,TRUE,0.5,0,0.1,0,TRUE,0,101,"leave-1",231,0.5,4873,FALSE,25
8,2,0.621633104446795,11.2432662088936,11.7642253562467,6.95750496906353,16.5709457434299,11.773052256557,6.93406778084254,16.6120367322715,12.6911731923627,0,12.8500253361392,0,"1999","un",21,231,"1999",TRUE,TRUE,0.5,0,0.1,0,TRUE,0,101,"leave-1",231,0.5,4873,FALSE,25
8,2,0.621633104446795,11.2432662088936,11.7642253562467,6.95750496906353,16.5709457434299,11.7412973365721,6.90615916467031,16.5764355084738,12.6911731923627,0,12.7729351837902,0,"1999","un",21,231,"1999",TRUE,TRUE,0.5,0,0.1,0,TRUE,0,101,"leave-1",231,0.5,4873,FALSE,25
8,2,0.621633104446795,11.2432662088936,11.7642253562467,6.95750496906353,16.5709457434299,11.7812606879831,6.9505559798875,16.6119653960788,12.6911731923627,0,12.7659800312903,0,"1999","un",21,231,"1999",TRUE,TRUE,0.5,0,0.1,0,TRUE,0,101,"leave-1",231,0.5,4873,FALSE,25
8,2,0.621633104446795,11.2432662088936,11.7642253562467,6.95750496906353,16.5709457434299,11.8551819158212,7.02672971984047,16.683634111802,12.6911731923627,0,12.7789047864025,0,"1999","un",21,231,"1999",TRUE,TRUE,0.5,0,0.1,0,TRUE,0,101,"leave-1",231,0.5,4873,FALSE,25
8,2,0.621633104446795,11.2432662088936,11.7642253562467,6.95750496906353,16.5709457434299,11.6826260399557,6.86191932969272,16.5033327502187,12.6911731923627,0,12.6537279923622,0,"1999","un",21,231,"1999",TRUE,TRUE,0.5,0,0.1,0,TRUE,0,101,"leave-1",231,0.5,4873,FALSE,25
8,2,0.621633104446795,11.2432662088936,11.7642253562467,6.95750496906353,16.5709457434299,11.7150978691837,6.88341165583352,16.5467840825339,12.6911731923627,0,12.823428018985,0,"1999","un",21,231,"1999",TRUE,TRUE,0.5,0,0.1,0,TRUE,0,101,"leave-1",231,0.5,4873,FALSE,25
8,2,0.621633104446795,11.2432662088936,11.7642253562467,6.95750496906353,16.5709457434299,11.745285086839,6.92505104552177,16.5655191281561,12.6911731923627,0,12.6989748710579,0,"1999","un",21,231,"1999",TRUE,TRUE,0.5,0,0.1,0,TRUE,0,101,"leave-1",231,0.5,4873,FALSE,25
8,2,0.621633104446795,11.2432662088936,11.7642253562467,6.95750496906353,16.5709457434299,12.3513168590763,7.53980447707607,17.1628292410765,12.6911731923627,0,13.1629292222335,0,"1999","un",21,231,"1999",TRUE,TRUE,0.5,0,0.1,0,TRUE,0,101,"leave-1",231,0.5,4873,FALSE,25
8,2,0.621633104446795,11.2432662088936,11.7642253562467,6.95750496906353,16.5709457434299,11.5432640711271,6.73895334950829,16.347574792746,12.6911731923627,0,12.5945950681188,0,"1999","un",21,231,"1999",TRUE,TRUE,0.5,0,0.1,0,TRUE,0,101,"leave-1",231,0.5,4873,FALSE,25
8,2,0.621633104446795,11.2432662088936,11.7642253562467,6.95750496906353,16.5709457434299,11.6728608219088,6.8622523936508,16.4834692501669,12.6911731923627,0,12.6415146557925,0,"1999","un",21,231,"1999",TRUE,TRUE,0.5,0,0.1,0,TRUE,0,101,"leave-1",231,0.5,4873,FALSE,25
8,2,0.621633104446795,11.2432662088936,11.7642253562467,6.95750496906353,16.5709457434299,11.814359645406,7.04329311633035,16.5854261744816,12.6911731923627,0,12.6729547930123,0,"1999","un",21,231,"1999",TRUE,TRUE,0.5,0,0.1,0,TRUE,0,101,"leave-1",231,0.5,4873,FALSE,25
8,2,0.621633104446795,11.2432662088936,11.7642253562467,6.95750496906353,16.5709457434299,12.6398179074996,7.89837466801925,17.38126114698,12.6911731923627,0,13.1937017184183,0,"1999","un",21,231,"1999",TRUE,TRUE,0.5,0,0.1,0,TRUE,0,101,"leave-1",231,0.5,4873,FALSE,25
8,2,0.621633104446795,11.2432662088936,11.7642253562467,6.95750496906353,16.5709457434299,11.7915786224271,6.96307307322937,16.6200841716248,12.6911731923627,0,12.7535924650437,0,"1999","un",21,231,"1999",TRUE,TRUE,0.5,0,0.1,0,TRUE,0,101,"leave-1",231,0.5,4873,FALSE,25
8,2,0.621633104446795,11.2432662088936,11.7642253562467,6.95750496906353,16.5709457434299,11.7310842990721,6.90150569290604,16.5606629052381,12.6911731923627,0,12.6983453949513,0,"1999","un",21,231,"1999",TRUE,TRUE,0.5,0,0.1,0,TRUE,0,101,"leave-1",231,0.5,4873,FALSE,25
8,2,0.621633104446795,11.2432662088936,11.7642253562467,6.95750496906353,16.5709457434299,11.8802847485451,7.05633973156108,16.7042297655292,12.6911731923627,0,12.6843539831043,0,"1999","un",21,231,"1999",TRUE,TRUE,0.5,0,0.1,0,TRUE,0,101,"leave-1",231,0.5,4873,FALSE,25
8,2,0.621633104446795,11.2432662088936,11.7642253562467,6.95750496906353,16.5709457434299,11.9611134678623,7.15118038222515,16.7710465534995,12.6911731923627,0,12.688838352161,0,"1999","un",21,231,"1999",TRUE,TRUE,0.5,0,0.1,0,TRUE,0,101,"leave-1",231,0.5,4873,FALSE,25
8,2,0.621633104446795,11.2432662088936,11.7642253562467,6.95750496906353,16.5709457434299,11.9549831765625,7.12144484405793,16.7885215090671,12.6911731923627,0,12.7690309975662,0,"1999","un",21,231,"1999",TRUE,TRUE,0.5,0,0.1,0,TRUE,0,101,"leave-1",231,0.5,4873,FALSE,25
8,2,0.621633104446795,11.2432662088936,11.7642253562467,6.95750496906353,16.5709457434299,11.7346309914222,6.90600393454819,16.5632580482961,12.6911731923627,0,12.7340032919459,0,"1999","un",21,231,"1999",TRUE,TRUE,0.5,0,0.1,0,TRUE,0,101,"leave-1",231,0.5,4873,FALSE,25
8,2,0.621633104446795,11.2432662088936,11.7642253562467,6.95750496906353,16.5709457434299,11.2534297599232,6.46732987936924,16.0395296404772,12.6911731923627,0,12.3773181767207,0,"1999","un",21,231,"1999",TRUE,TRUE,0.5,0,0.1,0,TRUE,0,101,"leave-1",231,0.5,4873,FALSE,25
8,2,0.621633104446795,11.2432662088936,11.7642253562467,6.95750496906353,16.5709457434299,11.797369702328,6.96929366882352,16.6254457358325,12.6911731923627,0,12.7482067545082,0,"1999","un",21,231,"1999",TRUE,TRUE,0.5,0,0.1,0,TRUE,0,101,"leave-1",231,0.5,4873,FALSE,25
8,2,0.621633104446795,11.2432662088936,11.7642253562467,6.95750496906353,16.5709457434299,11.781782592754,6.96180536278942,16.6017598227185,12.6911731923627,0,12.7139985794158,0,"1999","un",21,231,"1999",TRUE,TRUE,0.5,0,0.1,0,TRUE,0,101,"leave-1",231,0.5,4873,FALSE,25
8,2,0.621633104446795,11.2432662088936,11.7642253562467,6.95750496906353,16.5709457434299,11.6994907591599,6.86687350175874,16.532108016561,12.6911731923627,0,12.7244727737444,0,"1999","un",21,231,"1999",TRUE,TRUE,0.5,0,0.1,0,TRUE,0,101,"leave-1",231,0.5,4873,FALSE,25
8,2,0.621633104446795,11.2432662088936,11.7642253562467,6.95750496906353,16.5709457434299,11.7680773301939,6.92417365506434,16.6119810053234,12.6911731923627,0,12.7105660384006,0,"1999","un",21,231,"1999",TRUE,TRUE,0.5,0,0.1,0,TRUE,0,101,"leave-1",231,0.5,4873,FALSE,25
8,2,0.621633104446795,11.2432662088936,11.7642253562467,6.95750496906353,16.5709457434299,12.0431175697077,7.21601300235203,16.8702221370634,12.6911731923627,0,12.9449141145379,0,"1999","un",21,231,"1999",TRUE,TRUE,0.5,0,0.1,0,TRUE,0,101,"leave-1",231,0.5,4873,FALSE,25
8,2,0.621633104446795,11.2432662088936,11.7642253562467,6.95750496906353,16.5709457434299,11.688068694984,6.86721079876188,16.5089265912062,12.6911731923627,0,12.8611064824671,0,"1999","un",21,231,"1999",TRUE,TRUE,0.5,0,0.1,0,TRUE,0,101,"leave-1",231,0.5,4873,FALSE,25
8,2,0.621633104446795,11.2432662088936,11.7642253562467,6.95750496906353,16.5709457434299,11.7070437545836,6.89945951045214,16.514627998715,12.6911731923627,0,12.7424489143862,0,"1999","un",21,231,"1999",TRUE,TRUE,0.5,0,0.1,0,TRUE,0,101,"leave-1",231,0.5,4873,FALSE,25
8,2,0.621633104446795,11.2432662088936,11.7642253562467,6.95750496906353,16.5709457434299,11.4332412034353,6.63330031622221,16.2331820906485,12.6911731923627,0,12.7910202362881,0,"1999","un",21,231,"1999",TRUE,TRUE,0.5,0,0.1,0,TRUE,0,101,"leave-1",231,0.5,4873,FALSE,25
8,2,0.621633104446795,11.2432662088936,11.7642253562467,6.95750496906353,16.5709457434299,11.9161720777403,7.08221934818637,16.7501248072943,12.6911731923627,0,12.9421175740441,0,"1999","un",21,231,"1999",TRUE,TRUE,0.5,0,0.1,0,TRUE,0,101,"leave-1",231,0.5,4873,FALSE,25
8,2,0.621633104446795,11.2432662088936,11.7642253562467,6.95750496906353,16.5709457434299,11.4994254290134,6.68512487476121,16.3137259832656,12.6911731923627,0,12.6509294083224,0,"1999","un",21,231,"1999",TRUE,TRUE,0.5,0,0.1,0,TRUE,0,101,"leave-1",231,0.5,4873,FALSE,25
8,2,0.621633104446795,11.2432662088936,11.7642253562467,6.95750496906353,16.5709457434299,11.7696259207368,6.93874265739254,16.6005091840811,12.6911731923627,0,12.73644006305,0,"1999","un",21,231,"1999",TRUE,TRUE,0.5,0,0.1,0,TRUE,0,101,"leave-1",231,0.5,4873,FALSE,25
8,2,0.621633104446795,11.2432662088936,11.7642253562467,6.95750496906353,16.5709457434299,11.7126587139903,6.88633041832793,16.5389870096527,12.6911731923627,0,12.6814192115498,0,"1999","un",21,231,"1999",TRUE,TRUE,0.5,0,0.1,0,TRUE,0,101,"leave-1",231,0.5,4873,FALSE,25
8,2,0.621633104446795,11.2432662088936,11.7642253562467,6.95750496906353,16.5709457434299,11.7788083692559,6.95159004059738,16.6060266979145,12.6911731923627,0,12.7216826943472,0,"1999","un",21,231,"1999",TRUE,TRUE,0.5,0,0.1,0,TRUE,0,101,"leave-1",231,0.5,4873,FALSE,25
8,2,0.621633104446795,11.2432662088936,11.7642253562467,6.95750496906353,16.5709457434299,11.502217049065,6.6673865493273,16.3370475488028,12.6911731923627,0,12.7556686497622,0,"1999","un",21,231,"1999",TRUE,TRUE,0.5,0,0.1,0,TRUE,0,101,"leave-1",231,0.5,4873,FALSE,25
8,2,0.621633104446795,11.2432662088936,11.7642253562467,6.95750496906353,16.5709457434299,11.7406293883423,6.9116853942171,16.5695733824675,12.6911731923627,0,12.7074669850431,0,"1999","un",21,231,"1999",TRUE,TRUE,0.5,0,0.1,0,TRUE,0,101,"leave-1",231,0.5,4873,FALSE,25
8,2,0.621633104446795,11.2432662088936,11.7642253562467,6.95750496906353,16.5709457434299,11.7784770828604,6.93705172072031,16.6199024450005,12.6911731923627,0,12.7778108932263,0,"1999","un",21,231,"1999",TRUE,TRUE,0.5,0,0.1,0,TRUE,0,101,"leave-1",231,0.5,4873,FALSE,25
8,2,0.621633104446795,11.2432662088936,11.7642253562467,6.95750496906353,16.5709457434299,11.9179482051153,7.09807849938202,16.7378179108486,12.6911731923627,0,12.7938885059547,0,"1999","un",21,231,"1999",TRUE,TRUE,0.5,0,0.1,0,TRUE,0,101,"leave-1",231,0.5,4873,FALSE,25
8,2,0.621633104446795,11.2432662088936,11.7642253562467,6.95750496906353,16.5709457434299,11.7970690642285,6.9654376957262,16.6287004327307,12.6911731923627,0,12.7316305569129,0,"1999","un",21,231,"1999",TRUE,TRUE,0.5,0,0.1,0,TRUE,0,101,"leave-1",231,0.5,4873,FALSE,25
8,2,0.621633104446795,11.2432662088936,11.7642253562467,6.95750496906353,16.5709457434299,11.7086147812985,6.87897294869804,16.5382566138989,12.6911731923627,0,12.868629011177,0,"1999","un",21,231,"1999",TRUE,TRUE,0.5,0,0.1,0,TRUE,0,101,"leave-1",231,0.5,4873,FALSE,25
8,2,0.621633104446795,11.2432662088936,11.7642253562467,6.95750496906353,16.5709457434299,11.6397194775853,6.83087104680732,16.4485679083633,12.6911731923627,0,12.6737494377605,0,"1999","un",21,231,"1999",TRUE,TRUE,0.5,0,0.1,0,TRUE,0,101,"leave-1",231,0.5,4873,FALSE,25
8,2,0.621633104446795,11.2432662088936,11.7642253562467,6.95750496906353,16.5709457434299,11.8566826160788,7.0178407249031,16.6955245072544,12.6911731923627,0,12.779417432913,0,"1999","un",21,231,"1999",TRUE,TRUE,0.5,0,0.1,0,TRUE,0,101,"leave-1",231,0.5,4873,FALSE,25
8,2,0.621633104446795,11.2432662088936,11.7642253562467,6.95750496906353,16.5709457434299,11.5206237083492,6.73491261041691,16.3063348062815,12.6911731923627,0,12.5119482843659,0,"1999","un",21,231,"1999",TRUE,TRUE,0.5,0,0.1,0,TRUE,0,101,"leave-1",231,0.5,4873,FALSE,25
8,2,0.621633104446795,11.2432662088936,11.7642253562467,6.95750496906353,16.5709457434299,11.6759936492804,6.83481676540503,16.5171705331558,12.6911731923627,0,12.8365206437648,0,"1999","un",21,231,"1999",TRUE,TRUE,0.5,0,0.1,0,TRUE,0,101,"leave-1",231,0.5,4873,FALSE,25
8,2,0.621633104446795,11.2432662088936,11.7642253562467,6.95750496906353,16.5709457434299,11.8791075346762,7.0741153573093,16.684099712043,12.6911731923627,0,12.7947861387231,0,"1999","un",21,231,"1999",TRUE,TRUE,0.5,0,0.1,0,TRUE,0,101,"leave-1",231,0.5,4873,FALSE,25
8,2,0.621633104446795,11.2432662088936,11.7642253562467,6.95750496906353,16.5709457434299,11.4617517984494,6.68217775974287,16.241325837156,12.6911731923627,0,12.4758167995023,0,"1999","un",21,231,"1999",TRUE,TRUE,0.5,0,0.1,0,TRUE,0,101,"leave-1",231,0.5,4873,FALSE,25
8,2,0.621633104446795,11.2432662088936,11.7642253562467,6.95750496906353,16.5709457434299,11.7918188192363,6.96746158838198,16.6161760500905,12.6911731923627,0,12.74324829711,0,"1999","un",21,231,"1999",TRUE,TRUE,0.5,0,0.1,0,TRUE,0,101,"leave-1",231,0.5,4873,FALSE,25
8,2,0.621633104446795,11.2432662088936,11.7642253562467,6.95750496906353,16.5709457434299,11.8242493147397,6.99366092487596,16.6548377046034,12.6911731923627,0,12.7452580723809,0,"1999","un",21,231,"1999",TRUE,TRUE,0.5,0,0.1,0,TRUE,0,101,"leave-1",231,0.5,4873,FALSE,25
