"var_main_effect","var_inter_effect","cov_main_inter_effect","var_total_effect","EigenPrism_total","EigenPrism_CI1","EigenPrism_CI2","sub_EigenPrism_total","sub_EigenPrism_CI1","sub_EigenPrism_CI2","GCTA_total","GCTA_inter","sub_GCTA_total","sub_GCTA_inter","x_dist","structure","p","n","main_fixed_var","main_random_var","inter_fixed_var","inter_random_var","decor","interact","combine","pro","bs","n_sub","rho_e","emp_n","inter_std","i"
8,2,0.00459048549809292,10.0091809709962,8.39527587507043,5.45302318200498,11.3375285681359,8.46029400147118,5.50765110610187,11.4129368968405,8.23432050538303,0,8.28119152245575,0,"normal","I",25,300,0.5,0,0.1,0,FALSE,0,TRUE,101,"leave-1",300,0.5,1e+05,FALSE,83
8,2,0.00459048549809292,10.0091809709962,8.39527587507043,5.45302318200498,11.3375285681359,8.34666075007679,5.39864760090527,11.2946738992483,8.23432050538303,0,8.18550325780589,0,"normal","I",25,300,0.5,0,0.1,0,FALSE,0,TRUE,101,"leave-1",300,0.5,1e+05,FALSE,83
8,2,0.00459048549809292,10.0091809709962,8.39527587507043,5.45302318200498,11.3375285681359,8.31903168100001,5.37741003097698,11.260653331023,8.23432050538303,0,8.13463177826483,0,"normal","I",25,300,0.5,0,0.1,0,FALSE,0,TRUE,101,"leave-1",300,0.5,1e+05,FALSE,83
8,2,0.00459048549809292,10.0091809709962,8.39527587507043,5.45302318200498,11.3375285681359,8.48686508052549,5.55237957805803,11.4213505829929,8.23432050538303,0,8.31517474141069,0,"normal","I",25,300,0.5,0,0.1,0,FALSE,0,TRUE,101,"leave-1",300,0.5,1e+05,FALSE,83
8,2,0.00459048549809292,10.0091809709962,8.39527587507043,5.45302318200498,11.3375285681359,8.45025059652666,5.49394804020711,11.4065531528462,8.23432050538303,0,8.25525642097605,0,"normal","I",25,300,0.5,0,0.1,0,FALSE,0,TRUE,101,"leave-1",300,0.5,1e+05,FALSE,83
8,2,0.00459048549809292,10.0091809709962,8.39527587507043,5.45302318200498,11.3375285681359,8.35263949316003,5.395560173971,11.3097188123491,8.23432050538303,0,8.21866918342485,0,"normal","I",25,300,0.5,0,0.1,0,FALSE,0,TRUE,101,"leave-1",300,0.5,1e+05,FALSE,83
8,2,0.00459048549809292,10.0091809709962,8.39527587507043,5.45302318200498,11.3375285681359,8.336225726816,5.38129872887578,11.2911527247562,8.23432050538303,0,8.20352557267912,0,"normal","I",25,300,0.5,0,0.1,0,FALSE,0,TRUE,101,"leave-1",300,0.5,1e+05,FALSE,83
8,2,0.00459048549809292,10.0091809709962,8.39527587507043,5.45302318200498,11.3375285681359,8.53743563020412,5.60791602563655,11.4669552347717,8.23432050538303,0,8.36455499609725,0,"normal","I",25,300,0.5,0,0.1,0,FALSE,0,TRUE,101,"leave-1",300,0.5,1e+05,FALSE,83
8,2,0.00459048549809292,10.0091809709962,8.39527587507043,5.45302318200498,11.3375285681359,8.36479428353962,5.40899606804937,11.3205924990299,8.23432050538303,0,8.23642816074153,0,"normal","I",25,300,0.5,0,0.1,0,FALSE,0,TRUE,101,"leave-1",300,0.5,1e+05,FALSE,83
8,2,0.00459048549809292,10.0091809709962,8.39527587507043,5.45302318200498,11.3375285681359,8.39475761787021,5.43621799780704,11.3532972379334,8.23432050538303,0,8.2501977445428,0,"normal","I",25,300,0.5,0,0.1,0,FALSE,0,TRUE,101,"leave-1",300,0.5,1e+05,FALSE,83
8,2,0.00459048549809292,10.0091809709962,8.39527587507043,5.45302318200498,11.3375285681359,8.5877163763405,5.63567960000517,11.5397531526758,8.23432050538303,0,8.32850093064312,0,"normal","I",25,300,0.5,0,0.1,0,FALSE,0,TRUE,101,"leave-1",300,0.5,1e+05,FALSE,83
8,2,0.00459048549809292,10.0091809709962,8.39527587507043,5.45302318200498,11.3375285681359,8.16790126671662,5.24757027227009,11.0882322611631,8.23432050538303,0,7.95291116510401,0,"normal","I",25,300,0.5,0,0.1,0,FALSE,0,TRUE,101,"leave-1",300,0.5,1e+05,FALSE,83
8,2,0.00459048549809292,10.0091809709962,8.39527587507043,5.45302318200498,11.3375285681359,8.53688408277565,5.60060876171464,11.4731594038367,8.23432050538303,0,8.35668562538633,0,"normal","I",25,300,0.5,0,0.1,0,FALSE,0,TRUE,101,"leave-1",300,0.5,1e+05,FALSE,83
8,2,0.00459048549809292,10.0091809709962,8.39527587507043,5.45302318200498,11.3375285681359,8.38600932409082,5.43132280402248,11.3406958441592,8.23432050538303,0,8.22743533059604,0,"normal","I",25,300,0.5,0,0.1,0,FALSE,0,TRUE,101,"leave-1",300,0.5,1e+05,FALSE,83
8,2,0.00459048549809292,10.0091809709962,8.39527587507043,5.45302318200498,11.3375285681359,8.47450727965553,5.51990485770985,11.4291097016012,8.23432050538303,0,8.29280387343478,0,"normal","I",25,300,0.5,0,0.1,0,FALSE,0,TRUE,101,"leave-1",300,0.5,1e+05,FALSE,83
8,2,0.00459048549809292,10.0091809709962,8.39527587507043,5.45302318200498,11.3375285681359,8.13107881597245,5.20131788939115,11.0608397425538,8.23432050538303,0,7.99209862084605,0,"normal","I",25,300,0.5,0,0.1,0,FALSE,0,TRUE,101,"leave-1",300,0.5,1e+05,FALSE,83
8,2,0.00459048549809292,10.0091809709962,8.39527587507043,5.45302318200498,11.3375285681359,8.32761292664644,5.37336129189734,11.2818645613955,8.23432050538303,0,8.19039616173807,0,"normal","I",25,300,0.5,0,0.1,0,FALSE,0,TRUE,101,"leave-1",300,0.5,1e+05,FALSE,83
8,2,0.00459048549809292,10.0091809709962,8.39527587507043,5.45302318200498,11.3375285681359,8.61109399199137,5.65267653934584,11.5695114446369,8.23432050538303,0,8.38849931630667,0,"normal","I",25,300,0.5,0,0.1,0,FALSE,0,TRUE,101,"leave-1",300,0.5,1e+05,FALSE,83
8,2,0.00459048549809292,10.0091809709962,8.39527587507043,5.45302318200498,11.3375285681359,8.30972923694542,5.36452248320262,11.2549359906882,8.23432050538303,0,8.18211207977053,0,"normal","I",25,300,0.5,0,0.1,0,FALSE,0,TRUE,101,"leave-1",300,0.5,1e+05,FALSE,83
8,2,0.00459048549809292,10.0091809709962,8.39527587507043,5.45302318200498,11.3375285681359,8.12561727802615,5.19913076099711,11.0521037950552,8.23432050538303,0,8.05998188843676,0,"normal","I",25,300,0.5,0,0.1,0,FALSE,0,TRUE,101,"leave-1",300,0.5,1e+05,FALSE,83
8,2,0.00459048549809292,10.0091809709962,8.39527587507043,5.45302318200498,11.3375285681359,8.39672807169021,5.44084477408185,11.3526113692986,8.23432050538303,0,8.22129023292782,0,"normal","I",25,300,0.5,0,0.1,0,FALSE,0,TRUE,101,"leave-1",300,0.5,1e+05,FALSE,83
8,2,0.00459048549809292,10.0091809709962,8.39527587507043,5.45302318200498,11.3375285681359,8.37283871021,5.41645098692485,11.3292264334952,8.23432050538303,0,8.21166383426489,0,"normal","I",25,300,0.5,0,0.1,0,FALSE,0,TRUE,101,"leave-1",300,0.5,1e+05,FALSE,83
8,2,0.00459048549809292,10.0091809709962,8.39527587507043,5.45302318200498,11.3375285681359,8.67991470507629,5.72485894741442,11.6349704627382,8.23432050538303,0,8.40059639576358,0,"normal","I",25,300,0.5,0,0.1,0,FALSE,0,TRUE,101,"leave-1",300,0.5,1e+05,FALSE,83
8,2,0.00459048549809292,10.0091809709962,8.39527587507043,5.45302318200498,11.3375285681359,8.30158496881989,5.34888715721768,11.2542827804221,8.23432050538303,0,8.14591409305736,0,"normal","I",25,300,0.5,0,0.1,0,FALSE,0,TRUE,101,"leave-1",300,0.5,1e+05,FALSE,83
8,2,0.00459048549809292,10.0091809709962,8.39527587507043,5.45302318200498,11.3375285681359,8.37365591226277,5.42415210571222,11.3231597188133,8.23432050538303,0,8.20103189613699,0,"normal","I",25,300,0.5,0,0.1,0,FALSE,0,TRUE,101,"leave-1",300,0.5,1e+05,FALSE,83
8,2,0.00459048549809292,10.0091809709962,8.39527587507043,5.45302318200498,11.3375285681359,8.27193580630605,5.33020910144092,11.2136625111712,8.23432050538303,0,8.04562993736327,0,"normal","I",25,300,0.5,0,0.1,0,FALSE,0,TRUE,101,"leave-1",300,0.5,1e+05,FALSE,83
8,2,0.00459048549809292,10.0091809709962,8.39527587507043,5.45302318200498,11.3375285681359,8.37312138391504,5.4152360426479,11.3310067251822,8.23432050538303,0,8.23014757614063,0,"normal","I",25,300,0.5,0,0.1,0,FALSE,0,TRUE,101,"leave-1",300,0.5,1e+05,FALSE,83
8,2,0.00459048549809292,10.0091809709962,8.39527587507043,5.45302318200498,11.3375285681359,8.55895298921106,5.60508320086004,11.5128227775621,8.23432050538303,0,8.38136203657925,0,"normal","I",25,300,0.5,0,0.1,0,FALSE,0,TRUE,101,"leave-1",300,0.5,1e+05,FALSE,83
8,2,0.00459048549809292,10.0091809709962,8.39527587507043,5.45302318200498,11.3375285681359,8.43480193212723,5.49263087670837,11.3769729875461,8.23432050538303,0,8.2406972283639,0,"normal","I",25,300,0.5,0,0.1,0,FALSE,0,TRUE,101,"leave-1",300,0.5,1e+05,FALSE,83
8,2,0.00459048549809292,10.0091809709962,8.39527587507043,5.45302318200498,11.3375285681359,8.41284029260455,5.48126691266309,11.344413672546,8.23432050538303,0,8.15986090254677,0,"normal","I",25,300,0.5,0,0.1,0,FALSE,0,TRUE,101,"leave-1",300,0.5,1e+05,FALSE,83
8,2,0.00459048549809292,10.0091809709962,8.39527587507043,5.45302318200498,11.3375285681359,8.36933660250671,5.41216812571515,11.3265050792983,8.23432050538303,0,8.21279831782173,0,"normal","I",25,300,0.5,0,0.1,0,FALSE,0,TRUE,101,"leave-1",300,0.5,1e+05,FALSE,83
8,2,0.00459048549809292,10.0091809709962,8.39527587507043,5.45302318200498,11.3375285681359,8.42446322577927,5.46683514336834,11.3820913081902,8.23432050538303,0,8.26135491160661,0,"normal","I",25,300,0.5,0,0.1,0,FALSE,0,TRUE,101,"leave-1",300,0.5,1e+05,FALSE,83
8,2,0.00459048549809292,10.0091809709962,8.39527587507043,5.45302318200498,11.3375285681359,8.36470547916421,5.41512694223841,11.31428401609,8.23432050538303,0,8.1564463635322,0,"normal","I",25,300,0.5,0,0.1,0,FALSE,0,TRUE,101,"leave-1",300,0.5,1e+05,FALSE,83
8,2,0.00459048549809292,10.0091809709962,8.39527587507043,5.45302318200498,11.3375285681359,8.44865476082747,5.50287541876808,11.3944341028869,8.23432050538303,0,8.3107404372853,0,"normal","I",25,300,0.5,0,0.1,0,FALSE,0,TRUE,101,"leave-1",300,0.5,1e+05,FALSE,83
8,2,0.00459048549809292,10.0091809709962,8.39527587507043,5.45302318200498,11.3375285681359,8.49992471022388,5.54426038625216,11.4555890341956,8.23432050538303,0,8.319744115025,0,"normal","I",25,300,0.5,0,0.1,0,FALSE,0,TRUE,101,"leave-1",300,0.5,1e+05,FALSE,83
8,2,0.00459048549809292,10.0091809709962,8.39527587507043,5.45302318200498,11.3375285681359,8.36650071021027,5.40930711390344,11.3236943065171,8.23432050538303,0,8.23724795004334,0,"normal","I",25,300,0.5,0,0.1,0,FALSE,0,TRUE,101,"leave-1",300,0.5,1e+05,FALSE,83
8,2,0.00459048549809292,10.0091809709962,8.39527587507043,5.45302318200498,11.3375285681359,8.52928066961331,5.5754792677306,11.483082071496,8.23432050538303,0,8.31658117221961,0,"normal","I",25,300,0.5,0,0.1,0,FALSE,0,TRUE,101,"leave-1",300,0.5,1e+05,FALSE,83
8,2,0.00459048549809292,10.0091809709962,8.39527587507043,5.45302318200498,11.3375285681359,8.2642808126122,5.33788807154623,11.1906735536782,8.23432050538303,0,8.14658488469902,0,"normal","I",25,300,0.5,0,0.1,0,FALSE,0,TRUE,101,"leave-1",300,0.5,1e+05,FALSE,83
8,2,0.00459048549809292,10.0091809709962,8.39527587507043,5.45302318200498,11.3375285681359,8.06202753183738,5.14142869227919,10.9826263713956,8.23432050538303,0,7.91109915493026,0,"normal","I",25,300,0.5,0,0.1,0,FALSE,0,TRUE,101,"leave-1",300,0.5,1e+05,FALSE,83
8,2,0.00459048549809292,10.0091809709962,8.39527587507043,5.45302318200498,11.3375285681359,8.46327062403548,5.51102609233372,11.4155151557372,8.23432050538303,0,8.31657847154514,0,"normal","I",25,300,0.5,0,0.1,0,FALSE,0,TRUE,101,"leave-1",300,0.5,1e+05,FALSE,83
8,2,0.00459048549809292,10.0091809709962,8.39527587507043,5.45302318200498,11.3375285681359,8.52122647100772,5.56315865952198,11.4792942824935,8.23432050538303,0,8.34111731951532,0,"normal","I",25,300,0.5,0,0.1,0,FALSE,0,TRUE,101,"leave-1",300,0.5,1e+05,FALSE,83
8,2,0.00459048549809292,10.0091809709962,8.39527587507043,5.45302318200498,11.3375285681359,8.34531430662637,5.39525595866748,11.2953726545853,8.23432050538303,0,8.17948746202811,0,"normal","I",25,300,0.5,0,0.1,0,FALSE,0,TRUE,101,"leave-1",300,0.5,1e+05,FALSE,83
8,2,0.00459048549809292,10.0091809709962,8.39527587507043,5.45302318200498,11.3375285681359,7.56462479460062,4.6761467637689,10.4531028254324,8.23432050538303,0,7.66233423198469,0,"normal","I",25,300,0.5,0,0.1,0,FALSE,0,TRUE,101,"leave-1",300,0.5,1e+05,FALSE,83
8,2,0.00459048549809292,10.0091809709962,8.39527587507043,5.45302318200498,11.3375285681359,8.37925716251842,5.42032784296158,11.3381864820753,8.23432050538303,0,8.22912158096953,0,"normal","I",25,300,0.5,0,0.1,0,FALSE,0,TRUE,101,"leave-1",300,0.5,1e+05,FALSE,83
8,2,0.00459048549809292,10.0091809709962,8.39527587507043,5.45302318200498,11.3375285681359,8.10878110337829,5.22175454702459,10.995807659732,8.23432050538303,0,7.95532480612342,0,"normal","I",25,300,0.5,0,0.1,0,FALSE,0,TRUE,101,"leave-1",300,0.5,1e+05,FALSE,83
8,2,0.00459048549809292,10.0091809709962,8.39527587507043,5.45302318200498,11.3375285681359,8.44748709670101,5.53224984299312,11.3627243504089,8.23432050538303,0,8.25665382116199,0,"normal","I",25,300,0.5,0,0.1,0,FALSE,0,TRUE,101,"leave-1",300,0.5,1e+05,FALSE,83
8,2,0.00459048549809292,10.0091809709962,8.39527587507043,5.45302318200498,11.3375285681359,8.40591334267337,5.44866559982248,11.3631610855243,8.23432050538303,0,8.25945425874449,0,"normal","I",25,300,0.5,0,0.1,0,FALSE,0,TRUE,101,"leave-1",300,0.5,1e+05,FALSE,83
8,2,0.00459048549809292,10.0091809709962,8.39527587507043,5.45302318200498,11.3375285681359,8.34660137921369,5.42945183742817,11.2637509209992,8.23432050538303,0,8.20767441225615,0,"normal","I",25,300,0.5,0,0.1,0,FALSE,0,TRUE,101,"leave-1",300,0.5,1e+05,FALSE,83
8,2,0.00459048549809292,10.0091809709962,8.39527587507043,5.45302318200498,11.3375285681359,8.3340823359421,5.38323545815418,11.28492921373,8.23432050538303,0,8.15612437606106,0,"normal","I",25,300,0.5,0,0.1,0,FALSE,0,TRUE,101,"leave-1",300,0.5,1e+05,FALSE,83
8,2,0.00459048549809292,10.0091809709962,8.39527587507043,5.45302318200498,11.3375285681359,8.31667421293545,5.36464359323615,11.2687048326347,8.23432050538303,0,8.15724731258478,0,"normal","I",25,300,0.5,0,0.1,0,FALSE,0,TRUE,101,"leave-1",300,0.5,1e+05,FALSE,83
8,2,0.00459048549809292,10.0091809709962,8.39527587507043,5.45302318200498,11.3375285681359,8.36997073954519,5.41210420464926,11.3278372744411,8.23432050538303,0,8.21841036460127,0,"normal","I",25,300,0.5,0,0.1,0,FALSE,0,TRUE,101,"leave-1",300,0.5,1e+05,FALSE,83
8,2,0.00459048549809292,10.0091809709962,8.39527587507043,5.45302318200498,11.3375285681359,8.2084744307172,5.29056657014245,11.1263822912919,8.23432050538303,0,8.06484858348482,0,"normal","I",25,300,0.5,0,0.1,0,FALSE,0,TRUE,101,"leave-1",300,0.5,1e+05,FALSE,83
8,2,0.00459048549809292,10.0091809709962,8.39527587507043,5.45302318200498,11.3375285681359,8.27117008975778,5.36206885670786,11.1802713228077,8.23432050538303,0,7.80509050411456,0,"normal","I",25,300,0.5,0,0.1,0,FALSE,0,TRUE,101,"leave-1",300,0.5,1e+05,FALSE,83
8,2,0.00459048549809292,10.0091809709962,8.39527587507043,5.45302318200498,11.3375285681359,8.35963146055955,5.40393857671923,11.3153243443999,8.23432050538303,0,8.20555000687408,0,"normal","I",25,300,0.5,0,0.1,0,FALSE,0,TRUE,101,"leave-1",300,0.5,1e+05,FALSE,83
8,2,0.00459048549809292,10.0091809709962,8.39527587507043,5.45302318200498,11.3375285681359,8.40380250199999,5.44898190341277,11.3586231005872,8.23432050538303,0,8.25573962162311,0,"normal","I",25,300,0.5,0,0.1,0,FALSE,0,TRUE,101,"leave-1",300,0.5,1e+05,FALSE,83
8,2,0.00459048549809292,10.0091809709962,8.39527587507043,5.45302318200498,11.3375285681359,8.42931722892208,5.47064792674659,11.3879865310976,8.23432050538303,0,8.28177264339704,0,"normal","I",25,300,0.5,0,0.1,0,FALSE,0,TRUE,101,"leave-1",300,0.5,1e+05,FALSE,83
8,2,0.00459048549809292,10.0091809709962,8.39527587507043,5.45302318200498,11.3375285681359,8.26924313317059,5.33349260237693,11.2049936639642,8.23432050538303,0,8.12546764036293,0,"normal","I",25,300,0.5,0,0.1,0,FALSE,0,TRUE,101,"leave-1",300,0.5,1e+05,FALSE,83
8,2,0.00459048549809292,10.0091809709962,8.39527587507043,5.45302318200498,11.3375285681359,8.41189757942689,5.45710766298378,11.36668749587,8.23432050538303,0,8.23928609964459,0,"normal","I",25,300,0.5,0,0.1,0,FALSE,0,TRUE,101,"leave-1",300,0.5,1e+05,FALSE,83
8,2,0.00459048549809292,10.0091809709962,8.39527587507043,5.45302318200498,11.3375285681359,8.45599568556426,5.5083635072973,11.4036278638312,8.23432050538303,0,8.2842885891305,0,"normal","I",25,300,0.5,0,0.1,0,FALSE,0,TRUE,101,"leave-1",300,0.5,1e+05,FALSE,83
8,2,0.00459048549809292,10.0091809709962,8.39527587507043,5.45302318200498,11.3375285681359,8.24736609658885,5.30025080943797,11.1944813837397,8.23432050538303,0,8.10813620169508,0,"normal","I",25,300,0.5,0,0.1,0,FALSE,0,TRUE,101,"leave-1",300,0.5,1e+05,FALSE,83
8,2,0.00459048549809292,10.0091809709962,8.39527587507043,5.45302318200498,11.3375285681359,8.39189331111239,5.43708639259875,11.346700229626,8.23432050538303,0,8.22263888778667,0,"normal","I",25,300,0.5,0,0.1,0,FALSE,0,TRUE,101,"leave-1",300,0.5,1e+05,FALSE,83
8,2,0.00459048549809292,10.0091809709962,8.39527587507043,5.45302318200498,11.3375285681359,8.39729796989811,5.43934070115874,11.3552552386375,8.23432050538303,0,8.27136283586124,0,"normal","I",25,300,0.5,0,0.1,0,FALSE,0,TRUE,101,"leave-1",300,0.5,1e+05,FALSE,83
8,2,0.00459048549809292,10.0091809709962,8.39527587507043,5.45302318200498,11.3375285681359,8.39604669038183,5.4425962773747,11.349497103389,8.23432050538303,0,8.23021790417648,0,"normal","I",25,300,0.5,0,0.1,0,FALSE,0,TRUE,101,"leave-1",300,0.5,1e+05,FALSE,83
8,2,0.00459048549809292,10.0091809709962,8.39527587507043,5.45302318200498,11.3375285681359,8.43874893309162,5.48435196267694,11.3931459035063,8.23432050538303,0,8.29073878537897,0,"normal","I",25,300,0.5,0,0.1,0,FALSE,0,TRUE,101,"leave-1",300,0.5,1e+05,FALSE,83
8,2,0.00459048549809292,10.0091809709962,8.39527587507043,5.45302318200498,11.3375285681359,8.36476897526522,5.40666663611465,11.3228713144158,8.23432050538303,0,8.21643696399261,0,"normal","I",25,300,0.5,0,0.1,0,FALSE,0,TRUE,101,"leave-1",300,0.5,1e+05,FALSE,83
8,2,0.00459048549809292,10.0091809709962,8.39527587507043,5.45302318200498,11.3375285681359,8.36530202489918,5.40945303835926,11.3211510114391,8.23432050538303,0,8.20885092549112,0,"normal","I",25,300,0.5,0,0.1,0,FALSE,0,TRUE,101,"leave-1",300,0.5,1e+05,FALSE,83
8,2,0.00459048549809292,10.0091809709962,8.39527587507043,5.45302318200498,11.3375285681359,8.42869229151407,5.47228011616076,11.3851044668674,8.23432050538303,0,8.27951147345033,0,"normal","I",25,300,0.5,0,0.1,0,FALSE,0,TRUE,101,"leave-1",300,0.5,1e+05,FALSE,83
8,2,0.00459048549809292,10.0091809709962,8.39527587507043,5.45302318200498,11.3375285681359,8.3635954775234,5.42273489389653,11.3044560611503,8.23432050538303,0,8.0842294271184,0,"normal","I",25,300,0.5,0,0.1,0,FALSE,0,TRUE,101,"leave-1",300,0.5,1e+05,FALSE,83
8,2,0.00459048549809292,10.0091809709962,8.39527587507043,5.45302318200498,11.3375285681359,8.31111186960307,5.35516658677128,11.2670571524349,8.23432050538303,0,8.18549628369205,0,"normal","I",25,300,0.5,0,0.1,0,FALSE,0,TRUE,101,"leave-1",300,0.5,1e+05,FALSE,83
8,2,0.00459048549809292,10.0091809709962,8.39527587507043,5.45302318200498,11.3375285681359,8.40035681419189,5.44236264587424,11.3583509825095,8.23432050538303,0,8.25926498769703,0,"normal","I",25,300,0.5,0,0.1,0,FALSE,0,TRUE,101,"leave-1",300,0.5,1e+05,FALSE,83
8,2,0.00459048549809292,10.0091809709962,8.39527587507043,5.45302318200498,11.3375285681359,8.40338540668422,5.44569197119464,11.3610788421738,8.23432050538303,0,8.23890142016825,0,"normal","I",25,300,0.5,0,0.1,0,FALSE,0,TRUE,101,"leave-1",300,0.5,1e+05,FALSE,83
8,2,0.00459048549809292,10.0091809709962,8.39527587507043,5.45302318200498,11.3375285681359,8.38309844767805,5.42602243214325,11.3401744632128,8.23432050538303,0,8.21486042736146,0,"normal","I",25,300,0.5,0,0.1,0,FALSE,0,TRUE,101,"leave-1",300,0.5,1e+05,FALSE,83
8,2,0.00459048549809292,10.0091809709962,8.39527587507043,5.45302318200498,11.3375285681359,8.10276905267522,5.18378736585562,11.0217507394948,8.23432050538303,0,7.95355686502022,0,"normal","I",25,300,0.5,0,0.1,0,FALSE,0,TRUE,101,"leave-1",300,0.5,1e+05,FALSE,83
8,2,0.00459048549809292,10.0091809709962,8.39527587507043,5.45302318200498,11.3375285681359,8.36457195197702,5.40770544486512,11.3214384590889,8.23432050538303,0,8.24468718802082,0,"normal","I",25,300,0.5,0,0.1,0,FALSE,0,TRUE,101,"leave-1",300,0.5,1e+05,FALSE,83
8,2,0.00459048549809292,10.0091809709962,8.39527587507043,5.45302318200498,11.3375285681359,8.43798373206776,5.479188346461,11.3967791176745,8.23432050538303,0,8.28864102733637,0,"normal","I",25,300,0.5,0,0.1,0,FALSE,0,TRUE,101,"leave-1",300,0.5,1e+05,FALSE,83
8,2,0.00459048549809292,10.0091809709962,8.39527587507043,5.45302318200498,11.3375285681359,8.37823704765826,5.43883479344122,11.3176393018753,8.23432050538303,0,8.25924725940991,0,"normal","I",25,300,0.5,0,0.1,0,FALSE,0,TRUE,101,"leave-1",300,0.5,1e+05,FALSE,83
8,2,0.00459048549809292,10.0091809709962,8.39527587507043,5.45302318200498,11.3375285681359,8.50198724061134,5.54376423649028,11.4602102447324,8.23432050538303,0,8.31745731664894,0,"normal","I",25,300,0.5,0,0.1,0,FALSE,0,TRUE,101,"leave-1",300,0.5,1e+05,FALSE,83
8,2,0.00459048549809292,10.0091809709962,8.39527587507043,5.45302318200498,11.3375285681359,8.36234415047139,5.40562593491639,11.3190623660264,8.23432050538303,0,8.2155303202229,0,"normal","I",25,300,0.5,0,0.1,0,FALSE,0,TRUE,101,"leave-1",300,0.5,1e+05,FALSE,83
8,2,0.00459048549809292,10.0091809709962,8.39527587507043,5.45302318200498,11.3375285681359,8.46988111383007,5.52378369461128,11.4159785330489,8.23432050538303,0,8.32932178824344,0,"normal","I",25,300,0.5,0,0.1,0,FALSE,0,TRUE,101,"leave-1",300,0.5,1e+05,FALSE,83
8,2,0.00459048549809292,10.0091809709962,8.39527587507043,5.45302318200498,11.3375285681359,8.52082223114123,5.56533199469709,11.4763124675854,8.23432050538303,0,8.34716525769155,0,"normal","I",25,300,0.5,0,0.1,0,FALSE,0,TRUE,101,"leave-1",300,0.5,1e+05,FALSE,83
8,2,0.00459048549809292,10.0091809709962,8.39527587507043,5.45302318200498,11.3375285681359,8.81236022316265,5.88909220172233,11.735628244603,8.23432050538303,0,8.60025657296318,0,"normal","I",25,300,0.5,0,0.1,0,FALSE,0,TRUE,101,"leave-1",300,0.5,1e+05,FALSE,83
8,2,0.00459048549809292,10.0091809709962,8.39527587507043,5.45302318200498,11.3375285681359,8.41545156411132,5.45941096813651,11.3714921600861,8.23432050538303,0,8.24201052892699,0,"normal","I",25,300,0.5,0,0.1,0,FALSE,0,TRUE,101,"leave-1",300,0.5,1e+05,FALSE,83
8,2,0.00459048549809292,10.0091809709962,8.39527587507043,5.45302318200498,11.3375285681359,8.35337890484693,5.39566410505492,11.3110937046389,8.23432050538303,0,8.20840575294005,0,"normal","I",25,300,0.5,0,0.1,0,FALSE,0,TRUE,101,"leave-1",300,0.5,1e+05,FALSE,83
8,2,0.00459048549809292,10.0091809709962,8.39527587507043,5.45302318200498,11.3375285681359,8.4769451269303,5.51954837849319,11.4343418753674,8.23432050538303,0,8.26452828923974,0,"normal","I",25,300,0.5,0,0.1,0,FALSE,0,TRUE,101,"leave-1",300,0.5,1e+05,FALSE,83
8,2,0.00459048549809292,10.0091809709962,8.39527587507043,5.45302318200498,11.3375285681359,8.53410522575676,5.58663980072458,11.4815706507889,8.23432050538303,0,8.31065398134037,0,"normal","I",25,300,0.5,0,0.1,0,FALSE,0,TRUE,101,"leave-1",300,0.5,1e+05,FALSE,83
8,2,0.00459048549809292,10.0091809709962,8.39527587507043,5.45302318200498,11.3375285681359,8.42907496239169,5.47152112146536,11.386628803318,8.23432050538303,0,8.26892203352965,0,"normal","I",25,300,0.5,0,0.1,0,FALSE,0,TRUE,101,"leave-1",300,0.5,1e+05,FALSE,83
8,2,0.00459048549809292,10.0091809709962,8.39527587507043,5.45302318200498,11.3375285681359,8.30096572633677,5.36463240065648,11.2372990520171,8.23432050538303,0,8.06367784427159,0,"normal","I",25,300,0.5,0,0.1,0,FALSE,0,TRUE,101,"leave-1",300,0.5,1e+05,FALSE,83
8,2,0.00459048549809292,10.0091809709962,8.39527587507043,5.45302318200498,11.3375285681359,8.67665694573536,5.72149511891906,11.6318187725517,8.23432050538303,0,8.42809031243817,0,"normal","I",25,300,0.5,0,0.1,0,FALSE,0,TRUE,101,"leave-1",300,0.5,1e+05,FALSE,83
8,2,0.00459048549809292,10.0091809709962,8.39527587507043,5.45302318200498,11.3375285681359,9.30951660263873,6.36794876437157,12.2510844409059,8.23432050538303,0,9.0149161203504,0,"normal","I",25,300,0.5,0,0.1,0,FALSE,0,TRUE,101,"leave-1",300,0.5,1e+05,FALSE,83
8,2,0.00459048549809292,10.0091809709962,8.39527587507043,5.45302318200498,11.3375285681359,8.41869711960766,5.46258273333699,11.3748115058783,8.23432050538303,0,8.25909817437924,0,"normal","I",25,300,0.5,0,0.1,0,FALSE,0,TRUE,101,"leave-1",300,0.5,1e+05,FALSE,83
8,2,0.00459048549809292,10.0091809709962,8.39527587507043,5.45302318200498,11.3375285681359,8.37892980778468,5.42159641450345,11.3362632010659,8.23432050538303,0,8.22821794202431,0,"normal","I",25,300,0.5,0,0.1,0,FALSE,0,TRUE,101,"leave-1",300,0.5,1e+05,FALSE,83
8,2,0.00459048549809292,10.0091809709962,8.39527587507043,5.45302318200498,11.3375285681359,8.67796722158158,5.71853511239675,11.6373993307664,8.23432050538303,0,8.46310046049053,0,"normal","I",25,300,0.5,0,0.1,0,FALSE,0,TRUE,101,"leave-1",300,0.5,1e+05,FALSE,83
8,2,0.00459048549809292,10.0091809709962,8.39527587507043,5.45302318200498,11.3375285681359,8.41682907865928,5.45918695845877,11.3744711988598,8.23432050538303,0,8.25803004731357,0,"normal","I",25,300,0.5,0,0.1,0,FALSE,0,TRUE,101,"leave-1",300,0.5,1e+05,FALSE,83
8,2,0.00459048549809292,10.0091809709962,8.39527587507043,5.45302318200498,11.3375285681359,8.24071946080751,5.29617626497097,11.185262656644,8.23432050538303,0,8.11053517437606,0,"normal","I",25,300,0.5,0,0.1,0,FALSE,0,TRUE,101,"leave-1",300,0.5,1e+05,FALSE,83
8,2,0.00459048549809292,10.0091809709962,8.39527587507043,5.45302318200498,11.3375285681359,8.19088704250907,5.26339224642586,11.1183818385923,8.23432050538303,0,7.97181617056564,0,"normal","I",25,300,0.5,0,0.1,0,FALSE,0,TRUE,101,"leave-1",300,0.5,1e+05,FALSE,83
8,2,0.00459048549809292,10.0091809709962,8.39527587507043,5.45302318200498,11.3375285681359,7.94500432124628,5.01133168762034,10.8786769548722,8.23432050538303,0,7.91934355026474,0,"normal","I",25,300,0.5,0,0.1,0,FALSE,0,TRUE,101,"leave-1",300,0.5,1e+05,FALSE,83
8,2,0.00459048549809292,10.0091809709962,8.39527587507043,5.45302318200498,11.3375285681359,8.40440674565201,5.45307872895792,11.3557347623461,8.23432050538303,0,8.23273686263341,0,"normal","I",25,300,0.5,0,0.1,0,FALSE,0,TRUE,101,"leave-1",300,0.5,1e+05,FALSE,83
8,2,0.00459048549809292,10.0091809709962,8.39527587507043,5.45302318200498,11.3375285681359,8.35248452102197,5.41381270493673,11.2911563371072,8.23432050538303,0,8.23001126846162,0,"normal","I",25,300,0.5,0,0.1,0,FALSE,0,TRUE,101,"leave-1",300,0.5,1e+05,FALSE,83
8,2,0.00459048549809292,10.0091809709962,8.39527587507043,5.45302318200498,11.3375285681359,8.39608246177896,5.44107135789942,11.3510935656585,8.23432050538303,0,8.21962659431489,0,"normal","I",25,300,0.5,0,0.1,0,FALSE,0,TRUE,101,"leave-1",300,0.5,1e+05,FALSE,83
8,2,0.00459048549809292,10.0091809709962,8.39527587507043,5.45302318200498,11.3375285681359,8.42045782075223,5.46263443678611,11.3782812047183,8.23432050538303,0,8.24584027851021,0,"normal","I",25,300,0.5,0,0.1,0,FALSE,0,TRUE,101,"leave-1",300,0.5,1e+05,FALSE,83
8,2,0.00459048549809292,10.0091809709962,8.39527587507043,5.45302318200498,11.3375285681359,8.35802922919293,5.40502619999353,11.3110322583923,8.23432050538303,0,8.19324120727634,0,"normal","I",25,300,0.5,0,0.1,0,FALSE,0,TRUE,101,"leave-1",300,0.5,1e+05,FALSE,83
8,2,0.00459048549809292,10.0091809709962,8.39527587507043,5.45302318200498,11.3375285681359,8.88366412924744,5.9642700628694,11.8030581956255,8.23432050538303,0,8.74561876054787,0,"normal","I",25,300,0.5,0,0.1,0,FALSE,0,TRUE,101,"leave-1",300,0.5,1e+05,FALSE,83
8,2,0.00459048549809292,10.0091809709962,8.39527587507043,5.45302318200498,11.3375285681359,8.37707396916584,5.4393003648891,11.3148475734426,8.23432050538303,0,8.23135981481853,0,"normal","I",25,300,0.5,0,0.1,0,FALSE,0,TRUE,101,"leave-1",300,0.5,1e+05,FALSE,83
8,2,0.00459048549809292,10.0091809709962,8.39527587507043,5.45302318200498,11.3375285681359,8.06854741369425,5.14869526047094,10.9883995669176,8.23432050538303,0,7.93190611069413,0,"normal","I",25,300,0.5,0,0.1,0,FALSE,0,TRUE,101,"leave-1",300,0.5,1e+05,FALSE,83
8,2,0.00459048549809292,10.0091809709962,8.39527587507043,5.45302318200498,11.3375285681359,8.62819633967516,5.671735444663,11.5846572346873,8.23432050538303,0,8.45113695718491,0,"normal","I",25,300,0.5,0,0.1,0,FALSE,0,TRUE,101,"leave-1",300,0.5,1e+05,FALSE,83
8,2,0.00459048549809292,10.0091809709962,8.39527587507043,5.45302318200498,11.3375285681359,8.0683353022393,5.13791439353833,10.9987562109403,8.23432050538303,0,8.04904507176444,0,"normal","I",25,300,0.5,0,0.1,0,FALSE,0,TRUE,101,"leave-1",300,0.5,1e+05,FALSE,83
8,2,0.00459048549809292,10.0091809709962,8.39527587507043,5.45302318200498,11.3375285681359,8.51078608856468,5.55206715032764,11.4695050268017,8.23432050538303,0,8.31578581716903,0,"normal","I",25,300,0.5,0,0.1,0,FALSE,0,TRUE,101,"leave-1",300,0.5,1e+05,FALSE,83
8,2,0.00459048549809292,10.0091809709962,8.39527587507043,5.45302318200498,11.3375285681359,8.45077603027293,5.49239187118715,11.4091601893587,8.23432050538303,0,8.30816739104833,0,"normal","I",25,300,0.5,0,0.1,0,FALSE,0,TRUE,101,"leave-1",300,0.5,1e+05,FALSE,83
8,2,0.00459048549809292,10.0091809709962,8.39527587507043,5.45302318200498,11.3375285681359,8.64232780827829,5.68561766550841,11.5990379510482,8.23432050538303,0,8.43655320131843,0,"normal","I",25,300,0.5,0,0.1,0,FALSE,0,TRUE,101,"leave-1",300,0.5,1e+05,FALSE,83
8,2,0.00459048549809292,10.0091809709962,8.39527587507043,5.45302318200498,11.3375285681359,8.36026675356515,5.40446904216647,11.3160644649638,8.23432050538303,0,8.21126898561798,0,"normal","I",25,300,0.5,0,0.1,0,FALSE,0,TRUE,101,"leave-1",300,0.5,1e+05,FALSE,83
8,2,0.00459048549809292,10.0091809709962,8.39527587507043,5.45302318200498,11.3375285681359,8.53760903230954,5.58409264733227,11.4911254172868,8.23432050538303,0,8.38158046956488,0,"normal","I",25,300,0.5,0,0.1,0,FALSE,0,TRUE,101,"leave-1",300,0.5,1e+05,FALSE,83
8,2,0.00459048549809292,10.0091809709962,8.39527587507043,5.45302318200498,11.3375285681359,8.29853883372913,5.36183215463286,11.2352455128254,8.23432050538303,0,8.07123096118657,0,"normal","I",25,300,0.5,0,0.1,0,FALSE,0,TRUE,101,"leave-1",300,0.5,1e+05,FALSE,83
8,2,0.00459048549809292,10.0091809709962,8.39527587507043,5.45302318200498,11.3375285681359,8.38099896447892,5.42392213649671,11.3380757924611,8.23432050538303,0,8.22623985720423,0,"normal","I",25,300,0.5,0,0.1,0,FALSE,0,TRUE,101,"leave-1",300,0.5,1e+05,FALSE,83
8,2,0.00459048549809292,10.0091809709962,8.39527587507043,5.45302318200498,11.3375285681359,8.41133543892358,5.45413239922031,11.3685384786269,8.23432050538303,0,8.25027466870173,0,"normal","I",25,300,0.5,0,0.1,0,FALSE,0,TRUE,101,"leave-1",300,0.5,1e+05,FALSE,83
8,2,0.00459048549809292,10.0091809709962,8.39527587507043,5.45302318200498,11.3375285681359,8.41494049797176,5.4566809790974,11.3732000168461,8.23432050538303,0,8.25290944126609,0,"normal","I",25,300,0.5,0,0.1,0,FALSE,0,TRUE,101,"leave-1",300,0.5,1e+05,FALSE,83
8,2,0.00459048549809292,10.0091809709962,8.39527587507043,5.45302318200498,11.3375285681359,8.61803466556041,5.66070227603782,11.575367055083,8.23432050538303,0,8.39911489002222,0,"normal","I",25,300,0.5,0,0.1,0,FALSE,0,TRUE,101,"leave-1",300,0.5,1e+05,FALSE,83
8,2,0.00459048549809292,10.0091809709962,8.39527587507043,5.45302318200498,11.3375285681359,8.37696306525648,5.41933102493293,11.33459510558,8.23432050538303,0,8.24514977823796,0,"normal","I",25,300,0.5,0,0.1,0,FALSE,0,TRUE,101,"leave-1",300,0.5,1e+05,FALSE,83
8,2,0.00459048549809292,10.0091809709962,8.39527587507043,5.45302318200498,11.3375285681359,8.33085061088825,5.38145039642622,11.2802508253503,8.23432050538303,0,8.17479999356029,0,"normal","I",25,300,0.5,0,0.1,0,FALSE,0,TRUE,101,"leave-1",300,0.5,1e+05,FALSE,83
8,2,0.00459048549809292,10.0091809709962,8.39527587507043,5.45302318200498,11.3375285681359,8.42211240331009,5.46467422225867,11.3795505843615,8.23432050538303,0,8.25978855269696,0,"normal","I",25,300,0.5,0,0.1,0,FALSE,0,TRUE,101,"leave-1",300,0.5,1e+05,FALSE,83
8,2,0.00459048549809292,10.0091809709962,8.39527587507043,5.45302318200498,11.3375285681359,8.38364727912983,5.43084498531239,11.3364495729473,8.23432050538303,0,8.24038326744293,0,"normal","I",25,300,0.5,0,0.1,0,FALSE,0,TRUE,101,"leave-1",300,0.5,1e+05,FALSE,83
8,2,0.00459048549809292,10.0091809709962,8.39527587507043,5.45302318200498,11.3375285681359,8.32446483191179,5.37895639005136,11.2699732737722,8.23432050538303,0,8.16266836770561,0,"normal","I",25,300,0.5,0,0.1,0,FALSE,0,TRUE,101,"leave-1",300,0.5,1e+05,FALSE,83
8,2,0.00459048549809292,10.0091809709962,8.39527587507043,5.45302318200498,11.3375285681359,8.39350278873555,5.43948267037228,11.3475229070988,8.23432050538303,0,8.20358408482034,0,"normal","I",25,300,0.5,0,0.1,0,FALSE,0,TRUE,101,"leave-1",300,0.5,1e+05,FALSE,83
8,2,0.00459048549809292,10.0091809709962,8.39527587507043,5.45302318200498,11.3375285681359,8.50522952460301,5.54857701263845,11.4618820365676,8.23432050538303,0,8.31893788642424,0,"normal","I",25,300,0.5,0,0.1,0,FALSE,0,TRUE,101,"leave-1",300,0.5,1e+05,FALSE,83
8,2,0.00459048549809292,10.0091809709962,8.39527587507043,5.45302318200498,11.3375285681359,8.07185384137105,5.13438491725666,11.0093227654854,8.23432050538303,0,7.97505462852608,0,"normal","I",25,300,0.5,0,0.1,0,FALSE,0,TRUE,101,"leave-1",300,0.5,1e+05,FALSE,83
8,2,0.00459048549809292,10.0091809709962,8.39527587507043,5.45302318200498,11.3375285681359,8.36520642509652,5.41793326135092,11.3124795888421,8.23432050538303,0,8.2465461865336,0,"normal","I",25,300,0.5,0,0.1,0,FALSE,0,TRUE,101,"leave-1",300,0.5,1e+05,FALSE,83
8,2,0.00459048549809292,10.0091809709962,8.39527587507043,5.45302318200498,11.3375285681359,8.34218813817128,5.38444809855023,11.2999281777923,8.23432050538303,0,8.24131909638041,0,"normal","I",25,300,0.5,0,0.1,0,FALSE,0,TRUE,101,"leave-1",300,0.5,1e+05,FALSE,83
8,2,0.00459048549809292,10.0091809709962,8.39527587507043,5.45302318200498,11.3375285681359,8.39966234312559,5.44194595885319,11.357378727398,8.23432050538303,0,8.25662967820821,0,"normal","I",25,300,0.5,0,0.1,0,FALSE,0,TRUE,101,"leave-1",300,0.5,1e+05,FALSE,83
8,2,0.00459048549809292,10.0091809709962,8.39527587507043,5.45302318200498,11.3375285681359,8.39782231887629,5.44335978832118,11.3522848494314,8.23432050538303,0,8.28480613177428,0,"normal","I",25,300,0.5,0,0.1,0,FALSE,0,TRUE,101,"leave-1",300,0.5,1e+05,FALSE,83
8,2,0.00459048549809292,10.0091809709962,8.39527587507043,5.45302318200498,11.3375285681359,8.52131460610876,5.56341642868228,11.4792127835352,8.23432050538303,0,8.32125598237014,0,"normal","I",25,300,0.5,0,0.1,0,FALSE,0,TRUE,101,"leave-1",300,0.5,1e+05,FALSE,83
8,2,0.00459048549809292,10.0091809709962,8.39527587507043,5.45302318200498,11.3375285681359,8.45479106028072,5.49803958132118,11.4115425392403,8.23432050538303,0,8.27690835464422,0,"normal","I",25,300,0.5,0,0.1,0,FALSE,0,TRUE,101,"leave-1",300,0.5,1e+05,FALSE,83
8,2,0.00459048549809292,10.0091809709962,8.39527587507043,5.45302318200498,11.3375285681359,8.18964724311185,5.23593190387813,11.1433625823456,8.23432050538303,0,8.15736782993923,0,"normal","I",25,300,0.5,0,0.1,0,FALSE,0,TRUE,101,"leave-1",300,0.5,1e+05,FALSE,83
8,2,0.00459048549809292,10.0091809709962,8.39527587507043,5.45302318200498,11.3375285681359,8.46782018623624,5.51125192299723,11.4243884494752,8.23432050538303,0,8.28860632460292,0,"normal","I",25,300,0.5,0,0.1,0,FALSE,0,TRUE,101,"leave-1",300,0.5,1e+05,FALSE,83
8,2,0.00459048549809292,10.0091809709962,8.39527587507043,5.45302318200498,11.3375285681359,8.31109524424556,5.37706448163717,11.2451260068539,8.23432050538303,0,8.09496350005213,0,"normal","I",25,300,0.5,0,0.1,0,FALSE,0,TRUE,101,"leave-1",300,0.5,1e+05,FALSE,83
8,2,0.00459048549809292,10.0091809709962,8.39527587507043,5.45302318200498,11.3375285681359,8.39971594234919,5.44167714569396,11.3577547390044,8.23432050538303,0,8.23790616355924,0,"normal","I",25,300,0.5,0,0.1,0,FALSE,0,TRUE,101,"leave-1",300,0.5,1e+05,FALSE,83
8,2,0.00459048549809292,10.0091809709962,8.39527587507043,5.45302318200498,11.3375285681359,8.06361764144711,5.13387132160123,10.993363961293,8.23432050538303,0,8.0197419749432,0,"normal","I",25,300,0.5,0,0.1,0,FALSE,0,TRUE,101,"leave-1",300,0.5,1e+05,FALSE,83
8,2,0.00459048549809292,10.0091809709962,8.39527587507043,5.45302318200498,11.3375285681359,8.47145506781493,5.51572530156802,11.4271848340618,8.23432050538303,0,8.29624290273509,0,"normal","I",25,300,0.5,0,0.1,0,FALSE,0,TRUE,101,"leave-1",300,0.5,1e+05,FALSE,83
8,2,0.00459048549809292,10.0091809709962,8.39527587507043,5.45302318200498,11.3375285681359,8.31801013061745,5.36073358417481,11.2752866770601,8.23432050538303,0,8.23910310158313,0,"normal","I",25,300,0.5,0,0.1,0,FALSE,0,TRUE,101,"leave-1",300,0.5,1e+05,FALSE,83
8,2,0.00459048549809292,10.0091809709962,8.39527587507043,5.45302318200498,11.3375285681359,8.49654821678767,5.54293103626794,11.4501653973074,8.23432050538303,0,8.35826178015079,0,"normal","I",25,300,0.5,0,0.1,0,FALSE,0,TRUE,101,"leave-1",300,0.5,1e+05,FALSE,83
8,2,0.00459048549809292,10.0091809709962,8.39527587507043,5.45302318200498,11.3375285681359,8.37041126059943,5.41334919022656,11.3274733309723,8.23432050538303,0,8.2366319037261,0,"normal","I",25,300,0.5,0,0.1,0,FALSE,0,TRUE,101,"leave-1",300,0.5,1e+05,FALSE,83
8,2,0.00459048549809292,10.0091809709962,8.39527587507043,5.45302318200498,11.3375285681359,8.4118830635277,5.48305655006815,11.3407095769873,8.23432050538303,0,8.30024064017314,0,"normal","I",25,300,0.5,0,0.1,0,FALSE,0,TRUE,101,"leave-1",300,0.5,1e+05,FALSE,83
8,2,0.00459048549809292,10.0091809709962,8.39527587507043,5.45302318200498,11.3375285681359,8.56574398835739,5.61421374838645,11.5172742283283,8.23432050538303,0,8.3513701981939,0,"normal","I",25,300,0.5,0,0.1,0,FALSE,0,TRUE,101,"leave-1",300,0.5,1e+05,FALSE,83
8,2,0.00459048549809292,10.0091809709962,8.39527587507043,5.45302318200498,11.3375285681359,8.16138225341235,5.24688692166948,11.0758775851552,8.23432050538303,0,7.85032822698609,0,"normal","I",25,300,0.5,0,0.1,0,FALSE,0,TRUE,101,"leave-1",300,0.5,1e+05,FALSE,83
8,2,0.00459048549809292,10.0091809709962,8.39527587507043,5.45302318200498,11.3375285681359,8.38628037248883,5.42846203152918,11.3440987134485,8.23432050538303,0,8.2307593191372,0,"normal","I",25,300,0.5,0,0.1,0,FALSE,0,TRUE,101,"leave-1",300,0.5,1e+05,FALSE,83
8,2,0.00459048549809292,10.0091809709962,8.39527587507043,5.45302318200498,11.3375285681359,8.37755862564806,5.42090261362005,11.3342146376761,8.23432050538303,0,8.2185481825944,0,"normal","I",25,300,0.5,0,0.1,0,FALSE,0,TRUE,101,"leave-1",300,0.5,1e+05,FALSE,83
8,2,0.00459048549809292,10.0091809709962,8.39527587507043,5.45302318200498,11.3375285681359,8.566890431853,5.61102759741776,11.5227532662882,8.23432050538303,0,8.31893099284976,0,"normal","I",25,300,0.5,0,0.1,0,FALSE,0,TRUE,101,"leave-1",300,0.5,1e+05,FALSE,83
8,2,0.00459048549809292,10.0091809709962,8.39527587507043,5.45302318200498,11.3375285681359,8.42218324232982,5.46619727571159,11.3781692089481,8.23432050538303,0,8.23933242739507,0,"normal","I",25,300,0.5,0,0.1,0,FALSE,0,TRUE,101,"leave-1",300,0.5,1e+05,FALSE,83
8,2,0.00459048549809292,10.0091809709962,8.39527587507043,5.45302318200498,11.3375285681359,8.58131904456492,5.62563635401755,11.5370017351123,8.23432050538303,0,8.45531033758857,0,"normal","I",25,300,0.5,0,0.1,0,FALSE,0,TRUE,101,"leave-1",300,0.5,1e+05,FALSE,83
8,2,0.00459048549809292,10.0091809709962,8.39527587507043,5.45302318200498,11.3375285681359,8.87511929382303,5.92360689730515,11.8266316903409,8.23432050538303,0,8.56974841239495,0,"normal","I",25,300,0.5,0,0.1,0,FALSE,0,TRUE,101,"leave-1",300,0.5,1e+05,FALSE,83
8,2,0.00459048549809292,10.0091809709962,8.39527587507043,5.45302318200498,11.3375285681359,8.32687146716591,5.37327159825,11.2804713360818,8.23432050538303,0,8.3023398092998,0,"normal","I",25,300,0.5,0,0.1,0,FALSE,0,TRUE,101,"leave-1",300,0.5,1e+05,FALSE,83
8,2,0.00459048549809292,10.0091809709962,8.39527587507043,5.45302318200498,11.3375285681359,8.45316221905173,5.49535993911545,11.410964498988,8.23432050538303,0,8.26371544912326,0,"normal","I",25,300,0.5,0,0.1,0,FALSE,0,TRUE,101,"leave-1",300,0.5,1e+05,FALSE,83
8,2,0.00459048549809292,10.0091809709962,8.39527587507043,5.45302318200498,11.3375285681359,8.42157255502084,5.46340187884735,11.3797432311943,8.23432050538303,0,8.26547729400472,0,"normal","I",25,300,0.5,0,0.1,0,FALSE,0,TRUE,101,"leave-1",300,0.5,1e+05,FALSE,83
8,2,0.00459048549809292,10.0091809709962,8.39527587507043,5.45302318200498,11.3375285681359,8.48802311442513,5.53102784778345,11.4450183810668,8.23432050538303,0,8.33541918668908,0,"normal","I",25,300,0.5,0,0.1,0,FALSE,0,TRUE,101,"leave-1",300,0.5,1e+05,FALSE,83
8,2,0.00459048549809292,10.0091809709962,8.39527587507043,5.45302318200498,11.3375285681359,8.36218962719516,5.40416149710071,11.3202177572896,8.23432050538303,0,8.21209259917201,0,"normal","I",25,300,0.5,0,0.1,0,FALSE,0,TRUE,101,"leave-1",300,0.5,1e+05,FALSE,83
8,2,0.00459048549809292,10.0091809709962,8.39527587507043,5.45302318200498,11.3375285681359,8.20734937913298,5.29528428881798,11.119414469448,8.23432050538303,0,8.14963547780561,0,"normal","I",25,300,0.5,0,0.1,0,FALSE,0,TRUE,101,"leave-1",300,0.5,1e+05,FALSE,83
8,2,0.00459048549809292,10.0091809709962,8.39527587507043,5.45302318200498,11.3375285681359,8.48080240625152,5.52411531966893,11.4374894928341,8.23432050538303,0,8.30236703613591,0,"normal","I",25,300,0.5,0,0.1,0,FALSE,0,TRUE,101,"leave-1",300,0.5,1e+05,FALSE,83
8,2,0.00459048549809292,10.0091809709962,8.39527587507043,5.45302318200498,11.3375285681359,8.49051186640314,5.53240019225341,11.4486235405529,8.23432050538303,0,8.30367379682819,0,"normal","I",25,300,0.5,0,0.1,0,FALSE,0,TRUE,101,"leave-1",300,0.5,1e+05,FALSE,83
8,2,0.00459048549809292,10.0091809709962,8.39527587507043,5.45302318200498,11.3375285681359,8.39978886324962,5.44197297949634,11.3576047470029,8.23432050538303,0,8.26892455171704,0,"normal","I",25,300,0.5,0,0.1,0,FALSE,0,TRUE,101,"leave-1",300,0.5,1e+05,FALSE,83
8,2,0.00459048549809292,10.0091809709962,8.39527587507043,5.45302318200498,11.3375285681359,8.51866787747463,5.56329469120582,11.4740410637434,8.23432050538303,0,8.33124558309672,0,"normal","I",25,300,0.5,0,0.1,0,FALSE,0,TRUE,101,"leave-1",300,0.5,1e+05,FALSE,83
8,2,0.00459048549809292,10.0091809709962,8.39527587507043,5.45302318200498,11.3375285681359,8.31512099804957,5.36500103317652,11.2652409629226,8.23432050538303,0,8.16657252768016,0,"normal","I",25,300,0.5,0,0.1,0,FALSE,0,TRUE,101,"leave-1",300,0.5,1e+05,FALSE,83
8,2,0.00459048549809292,10.0091809709962,8.39527587507043,5.45302318200498,11.3375285681359,8.37626086230361,5.42257756155862,11.3299441630486,8.23432050538303,0,8.22098050808395,0,"normal","I",25,300,0.5,0,0.1,0,FALSE,0,TRUE,101,"leave-1",300,0.5,1e+05,FALSE,83
8,2,0.00459048549809292,10.0091809709962,8.39527587507043,5.45302318200498,11.3375285681359,8.66029176651745,5.71108207423853,11.6095014587964,8.23432050538303,0,8.30388909263831,0,"normal","I",25,300,0.5,0,0.1,0,FALSE,0,TRUE,101,"leave-1",300,0.5,1e+05,FALSE,83
8,2,0.00459048549809292,10.0091809709962,8.39527587507043,5.45302318200498,11.3375285681359,8.40205353015934,5.44813684907856,11.3559702112401,8.23432050538303,0,8.22784383589529,0,"normal","I",25,300,0.5,0,0.1,0,FALSE,0,TRUE,101,"leave-1",300,0.5,1e+05,FALSE,83
8,2,0.00459048549809292,10.0091809709962,8.39527587507043,5.45302318200498,11.3375285681359,8.42165477870178,5.46476195597453,11.378547601429,8.23432050538303,0,8.26529523203794,0,"normal","I",25,300,0.5,0,0.1,0,FALSE,0,TRUE,101,"leave-1",300,0.5,1e+05,FALSE,83
8,2,0.00459048549809292,10.0091809709962,8.39527587507043,5.45302318200498,11.3375285681359,8.45737491499573,5.52225590455821,11.3924939254333,8.23432050538303,0,8.27619026861728,0,"normal","I",25,300,0.5,0,0.1,0,FALSE,0,TRUE,101,"leave-1",300,0.5,1e+05,FALSE,83
8,2,0.00459048549809292,10.0091809709962,8.39527587507043,5.45302318200498,11.3375285681359,8.36593585809638,5.40973628589574,11.322135430297,8.23432050538303,0,8.20470501512463,0,"normal","I",25,300,0.5,0,0.1,0,FALSE,0,TRUE,101,"leave-1",300,0.5,1e+05,FALSE,83
8,2,0.00459048549809292,10.0091809709962,8.39527587507043,5.45302318200498,11.3375285681359,8.41528920235708,5.45669767980332,11.3738807249108,8.23432050538303,0,8.28470022027012,0,"normal","I",25,300,0.5,0,0.1,0,FALSE,0,TRUE,101,"leave-1",300,0.5,1e+05,FALSE,83
8,2,0.00459048549809292,10.0091809709962,8.39527587507043,5.45302318200498,11.3375285681359,8.30197236497115,5.34798087031573,11.2559638596266,8.23432050538303,0,8.16665602760487,0,"normal","I",25,300,0.5,0,0.1,0,FALSE,0,TRUE,101,"leave-1",300,0.5,1e+05,FALSE,83
8,2,0.00459048549809292,10.0091809709962,8.39527587507043,5.45302318200498,11.3375285681359,8.37703293074098,5.41940813269745,11.3346577287845,8.23432050538303,0,8.22686359653759,0,"normal","I",25,300,0.5,0,0.1,0,FALSE,0,TRUE,101,"leave-1",300,0.5,1e+05,FALSE,83
8,2,0.00459048549809292,10.0091809709962,8.39527587507043,5.45302318200498,11.3375285681359,8.22298521123325,5.27953543782836,11.1664349846381,8.23432050538303,0,8.11695027181669,0,"normal","I",25,300,0.5,0,0.1,0,FALSE,0,TRUE,101,"leave-1",300,0.5,1e+05,FALSE,83
8,2,0.00459048549809292,10.0091809709962,8.39527587507043,5.45302318200498,11.3375285681359,8.38109343383842,5.42515741793124,11.3370294497456,8.23432050538303,0,8.22187632498812,0,"normal","I",25,300,0.5,0,0.1,0,FALSE,0,TRUE,101,"leave-1",300,0.5,1e+05,FALSE,83
8,2,0.00459048549809292,10.0091809709962,8.39527587507043,5.45302318200498,11.3375285681359,8.35424128471258,5.39930530581968,11.3091772636055,8.23432050538303,0,8.19475559715661,0,"normal","I",25,300,0.5,0,0.1,0,FALSE,0,TRUE,101,"leave-1",300,0.5,1e+05,FALSE,83
8,2,0.00459048549809292,10.0091809709962,8.39527587507043,5.45302318200498,11.3375285681359,8.37719115608827,5.42183940785572,11.3325429043208,8.23432050538303,0,8.22156909932567,0,"normal","I",25,300,0.5,0,0.1,0,FALSE,0,TRUE,101,"leave-1",300,0.5,1e+05,FALSE,83
8,2,0.00459048549809292,10.0091809709962,8.39527587507043,5.45302318200498,11.3375285681359,8.41087814166336,5.45459884420484,11.3671574391219,8.23432050538303,0,8.24305350698767,0,"normal","I",25,300,0.5,0,0.1,0,FALSE,0,TRUE,101,"leave-1",300,0.5,1e+05,FALSE,83
8,2,0.00459048549809292,10.0091809709962,8.39527587507043,5.45302318200498,11.3375285681359,8.35182622994258,5.40301609039073,11.3006363694944,8.23432050538303,0,8.22860744444554,0,"normal","I",25,300,0.5,0,0.1,0,FALSE,0,TRUE,101,"leave-1",300,0.5,1e+05,FALSE,83
8,2,0.00459048549809292,10.0091809709962,8.39527587507043,5.45302318200498,11.3375285681359,8.36005562932235,5.41622603632169,11.303885222323,8.23432050538303,0,8.15101113602515,0,"normal","I",25,300,0.5,0,0.1,0,FALSE,0,TRUE,101,"leave-1",300,0.5,1e+05,FALSE,83
8,2,0.00459048549809292,10.0091809709962,8.39527587507043,5.45302318200498,11.3375285681359,8.20520409588148,5.26188908860557,11.1485191031574,8.23432050538303,0,8.12317900545229,0,"normal","I",25,300,0.5,0,0.1,0,FALSE,0,TRUE,101,"leave-1",300,0.5,1e+05,FALSE,83
8,2,0.00459048549809292,10.0091809709962,8.39527587507043,5.45302318200498,11.3375285681359,8.30400052684539,5.35630646066027,11.2516945930305,8.23432050538303,0,8.16572590328163,0,"normal","I",25,300,0.5,0,0.1,0,FALSE,0,TRUE,101,"leave-1",300,0.5,1e+05,FALSE,83
8,2,0.00459048549809292,10.0091809709962,8.39527587507043,5.45302318200498,11.3375285681359,8.31951690331503,5.36792585051422,11.2711079561158,8.23432050538303,0,8.16064438016716,0,"normal","I",25,300,0.5,0,0.1,0,FALSE,0,TRUE,101,"leave-1",300,0.5,1e+05,FALSE,83
8,2,0.00459048549809292,10.0091809709962,8.39527587507043,5.45302318200498,11.3375285681359,8.36283451578045,5.40505306236091,11.3206159692,8.23432050538303,0,8.21288717793273,0,"normal","I",25,300,0.5,0,0.1,0,FALSE,0,TRUE,101,"leave-1",300,0.5,1e+05,FALSE,83
8,2,0.00459048549809292,10.0091809709962,8.39527587507043,5.45302318200498,11.3375285681359,8.30520213990832,5.35091968718553,11.2594845926311,8.23432050538303,0,8.26805102932203,0,"normal","I",25,300,0.5,0,0.1,0,FALSE,0,TRUE,101,"leave-1",300,0.5,1e+05,FALSE,83
8,2,0.00459048549809292,10.0091809709962,8.39527587507043,5.45302318200498,11.3375285681359,8.35586433522991,5.39893854258656,11.3127901278733,8.23432050538303,0,8.23002673560299,0,"normal","I",25,300,0.5,0,0.1,0,FALSE,0,TRUE,101,"leave-1",300,0.5,1e+05,FALSE,83
8,2,0.00459048549809292,10.0091809709962,8.39527587507043,5.45302318200498,11.3375285681359,8.39858125107923,5.44151779423242,11.355644707926,8.23432050538303,0,8.23712739222567,0,"normal","I",25,300,0.5,0,0.1,0,FALSE,0,TRUE,101,"leave-1",300,0.5,1e+05,FALSE,83
8,2,0.00459048549809292,10.0091809709962,8.39527587507043,5.45302318200498,11.3375285681359,8.39922446006817,5.4418226978071,11.3566262223293,8.23432050538303,0,8.24793842610584,0,"normal","I",25,300,0.5,0,0.1,0,FALSE,0,TRUE,101,"leave-1",300,0.5,1e+05,FALSE,83
8,2,0.00459048549809292,10.0091809709962,8.39527587507043,5.45302318200498,11.3375285681359,8.47008679034039,5.51687008530452,11.4233034953763,8.23432050538303,0,8.3184016877772,0,"normal","I",25,300,0.5,0,0.1,0,FALSE,0,TRUE,101,"leave-1",300,0.5,1e+05,FALSE,83
8,2,0.00459048549809292,10.0091809709962,8.39527587507043,5.45302318200498,11.3375285681359,8.39858140591565,5.44045959028993,11.3567032215414,8.23432050538303,0,8.25633975122145,0,"normal","I",25,300,0.5,0,0.1,0,FALSE,0,TRUE,101,"leave-1",300,0.5,1e+05,FALSE,83
8,2,0.00459048549809292,10.0091809709962,8.39527587507043,5.45302318200498,11.3375285681359,8.16062622016848,5.23926700764078,11.0819854326962,8.23432050538303,0,7.97319221332322,0,"normal","I",25,300,0.5,0,0.1,0,FALSE,0,TRUE,101,"leave-1",300,0.5,1e+05,FALSE,83
8,2,0.00459048549809292,10.0091809709962,8.39527587507043,5.45302318200498,11.3375285681359,8.51440525129997,5.55573490342359,11.4730755991763,8.23432050538303,0,8.35103814870746,0,"normal","I",25,300,0.5,0,0.1,0,FALSE,0,TRUE,101,"leave-1",300,0.5,1e+05,FALSE,83
8,2,0.00459048549809292,10.0091809709962,8.39527587507043,5.45302318200498,11.3375285681359,8.14190854766905,5.22109834917425,11.0627187461638,8.23432050538303,0,8.04014248295932,0,"normal","I",25,300,0.5,0,0.1,0,FALSE,0,TRUE,101,"leave-1",300,0.5,1e+05,FALSE,83
8,2,0.00459048549809292,10.0091809709962,8.39527587507043,5.45302318200498,11.3375285681359,8.26377742235824,5.31881859178455,11.2087362529319,8.23432050538303,0,8.09070208500226,0,"normal","I",25,300,0.5,0,0.1,0,FALSE,0,TRUE,101,"leave-1",300,0.5,1e+05,FALSE,83
8,2,0.00459048549809292,10.0091809709962,8.39527587507043,5.45302318200498,11.3375285681359,8.39037212391142,5.46323691482186,11.317507333001,8.23432050538303,0,8.17707096937636,0,"normal","I",25,300,0.5,0,0.1,0,FALSE,0,TRUE,101,"leave-1",300,0.5,1e+05,FALSE,83
8,2,0.00459048549809292,10.0091809709962,8.39527587507043,5.45302318200498,11.3375285681359,8.29237404734692,5.35582666609286,11.228921428601,8.23432050538303,0,8.15173659499457,0,"normal","I",25,300,0.5,0,0.1,0,FALSE,0,TRUE,101,"leave-1",300,0.5,1e+05,FALSE,83
8,2,0.00459048549809292,10.0091809709962,8.39527587507043,5.45302318200498,11.3375285681359,8.42406308749394,5.46586638801804,11.3822597869698,8.23432050538303,0,8.25128573956361,0,"normal","I",25,300,0.5,0,0.1,0,FALSE,0,TRUE,101,"leave-1",300,0.5,1e+05,FALSE,83
8,2,0.00459048549809292,10.0091809709962,8.39527587507043,5.45302318200498,11.3375285681359,8.17432324042806,5.24916798041309,11.099478500443,8.23432050538303,0,8.01776897817023,0,"normal","I",25,300,0.5,0,0.1,0,FALSE,0,TRUE,101,"leave-1",300,0.5,1e+05,FALSE,83
8,2,0.00459048549809292,10.0091809709962,8.39527587507043,5.45302318200498,11.3375285681359,8.56381949255808,5.61022386649545,11.5174151186207,8.23432050538303,0,8.43301263552009,0,"normal","I",25,300,0.5,0,0.1,0,FALSE,0,TRUE,101,"leave-1",300,0.5,1e+05,FALSE,83
8,2,0.00459048549809292,10.0091809709962,8.39527587507043,5.45302318200498,11.3375285681359,8.60223881590562,5.66863279547601,11.5358448363352,8.23432050538303,0,8.43030708807953,0,"normal","I",25,300,0.5,0,0.1,0,FALSE,0,TRUE,101,"leave-1",300,0.5,1e+05,FALSE,83
8,2,0.00459048549809292,10.0091809709962,8.39527587507043,5.45302318200498,11.3375285681359,8.40427046138957,5.44537455988546,11.3631663628937,8.23432050538303,0,8.25874991073531,0,"normal","I",25,300,0.5,0,0.1,0,FALSE,0,TRUE,101,"leave-1",300,0.5,1e+05,FALSE,83
8,2,0.00459048549809292,10.0091809709962,8.39527587507043,5.45302318200498,11.3375285681359,8.3834072046591,5.42513933570448,11.3416750736137,8.23432050538303,0,8.2247364894174,0,"normal","I",25,300,0.5,0,0.1,0,FALSE,0,TRUE,101,"leave-1",300,0.5,1e+05,FALSE,83
8,2,0.00459048549809292,10.0091809709962,8.39527587507043,5.45302318200498,11.3375285681359,8.62780501085994,5.68365465038605,11.5719553713338,8.23432050538303,0,8.43809567528865,0,"normal","I",25,300,0.5,0,0.1,0,FALSE,0,TRUE,101,"leave-1",300,0.5,1e+05,FALSE,83
8,2,0.00459048549809292,10.0091809709962,8.39527587507043,5.45302318200498,11.3375285681359,8.26756517381795,5.31754406267846,11.2175862849574,8.23432050538303,0,8.14507257599503,0,"normal","I",25,300,0.5,0,0.1,0,FALSE,0,TRUE,101,"leave-1",300,0.5,1e+05,FALSE,83
8,2,0.00459048549809292,10.0091809709962,8.39527587507043,5.45302318200498,11.3375285681359,8.40744612977192,5.45472977530117,11.3601624842427,8.23432050538303,0,8.22377727106264,0,"normal","I",25,300,0.5,0,0.1,0,FALSE,0,TRUE,101,"leave-1",300,0.5,1e+05,FALSE,83
8,2,0.00459048549809292,10.0091809709962,8.39527587507043,5.45302318200498,11.3375285681359,8.28273981077368,5.32531080763082,11.2401688139165,8.23432050538303,0,8.23266393875575,0,"normal","I",25,300,0.5,0,0.1,0,FALSE,0,TRUE,101,"leave-1",300,0.5,1e+05,FALSE,83
8,2,0.00459048549809292,10.0091809709962,8.39527587507043,5.45302318200498,11.3375285681359,8.60660129684032,5.6497169463207,11.5634856473599,8.23432050538303,0,8.38608045586172,0,"normal","I",25,300,0.5,0,0.1,0,FALSE,0,TRUE,101,"leave-1",300,0.5,1e+05,FALSE,83
8,2,0.00459048549809292,10.0091809709962,8.39527587507043,5.45302318200498,11.3375285681359,8.34776473897681,5.39636515281038,11.2991643251432,8.23432050538303,0,8.16795607718046,0,"normal","I",25,300,0.5,0,0.1,0,FALSE,0,TRUE,101,"leave-1",300,0.5,1e+05,FALSE,83
8,2,0.00459048549809292,10.0091809709962,8.39527587507043,5.45302318200498,11.3375285681359,8.39295664024745,5.44326601424343,11.3426472662515,8.23432050538303,0,8.20310633880243,0,"normal","I",25,300,0.5,0,0.1,0,FALSE,0,TRUE,101,"leave-1",300,0.5,1e+05,FALSE,83
8,2,0.00459048549809292,10.0091809709962,8.39527587507043,5.45302318200498,11.3375285681359,8.37679584538779,5.4250721225109,11.3285195682647,8.23432050538303,0,8.21282966988366,0,"normal","I",25,300,0.5,0,0.1,0,FALSE,0,TRUE,101,"leave-1",300,0.5,1e+05,FALSE,83
8,2,0.00459048549809292,10.0091809709962,8.39527587507043,5.45302318200498,11.3375285681359,8.36466463472657,5.41374201709015,11.315587252363,8.23432050538303,0,8.21595971731396,0,"normal","I",25,300,0.5,0,0.1,0,FALSE,0,TRUE,101,"leave-1",300,0.5,1e+05,FALSE,83
8,2,0.00459048549809292,10.0091809709962,8.39527587507043,5.45302318200498,11.3375285681359,8.30636350988368,5.38115344416804,11.2315735755993,8.23432050538303,0,8.18283914045157,0,"normal","I",25,300,0.5,0,0.1,0,FALSE,0,TRUE,101,"leave-1",300,0.5,1e+05,FALSE,83
8,2,0.00459048549809292,10.0091809709962,8.39527587507043,5.45302318200498,11.3375285681359,8.37633701798213,5.42150682904573,11.3311672069185,8.23432050538303,0,8.21186217959173,0,"normal","I",25,300,0.5,0,0.1,0,FALSE,0,TRUE,101,"leave-1",300,0.5,1e+05,FALSE,83
8,2,0.00459048549809292,10.0091809709962,8.39527587507043,5.45302318200498,11.3375285681359,8.42527933596066,5.47186876066156,11.3786899112598,8.23432050538303,0,8.25193250848925,0,"normal","I",25,300,0.5,0,0.1,0,FALSE,0,TRUE,101,"leave-1",300,0.5,1e+05,FALSE,83
8,2,0.00459048549809292,10.0091809709962,8.39527587507043,5.45302318200498,11.3375285681359,8.08072751018701,5.15893737083643,11.0025176495376,8.23432050538303,0,8.03916980391556,0,"normal","I",25,300,0.5,0,0.1,0,FALSE,0,TRUE,101,"leave-1",300,0.5,1e+05,FALSE,83
8,2,0.00459048549809292,10.0091809709962,8.39527587507043,5.45302318200498,11.3375285681359,8.3952891877177,5.44332024833393,11.3472581271015,8.23432050538303,0,8.24982732269981,0,"normal","I",25,300,0.5,0,0.1,0,FALSE,0,TRUE,101,"leave-1",300,0.5,1e+05,FALSE,83
8,2,0.00459048549809292,10.0091809709962,8.39527587507043,5.45302318200498,11.3375285681359,8.39518751830084,5.43784358146507,11.3525314551366,8.23432050538303,0,8.23159325260429,0,"normal","I",25,300,0.5,0,0.1,0,FALSE,0,TRUE,101,"leave-1",300,0.5,1e+05,FALSE,83
8,2,0.00459048549809292,10.0091809709962,8.39527587507043,5.45302318200498,11.3375285681359,8.1792981103957,5.232273945095,11.1263222756964,8.23432050538303,0,8.08061291573346,0,"normal","I",25,300,0.5,0,0.1,0,FALSE,0,TRUE,101,"leave-1",300,0.5,1e+05,FALSE,83
8,2,0.00459048549809292,10.0091809709962,8.39527587507043,5.45302318200498,11.3375285681359,8.43001534149291,5.4757255706028,11.384305112383,8.23432050538303,0,8.31021335856475,0,"normal","I",25,300,0.5,0,0.1,0,FALSE,0,TRUE,101,"leave-1",300,0.5,1e+05,FALSE,83
8,2,0.00459048549809292,10.0091809709962,8.39527587507043,5.45302318200498,11.3375285681359,8.40744443251303,5.45089656298742,11.3639923020386,8.23432050538303,0,8.22248639936029,0,"normal","I",25,300,0.5,0,0.1,0,FALSE,0,TRUE,101,"leave-1",300,0.5,1e+05,FALSE,83
8,2,0.00459048549809292,10.0091809709962,8.39527587507043,5.45302318200498,11.3375285681359,8.31290136512175,5.37257858846647,11.253224141777,8.23432050538303,0,8.12829706830783,0,"normal","I",25,300,0.5,0,0.1,0,FALSE,0,TRUE,101,"leave-1",300,0.5,1e+05,FALSE,83
8,2,0.00459048549809292,10.0091809709962,8.39527587507043,5.45302318200498,11.3375285681359,8.41133651894827,5.45554216603319,11.3671308718633,8.23432050538303,0,8.26010364569709,0,"normal","I",25,300,0.5,0,0.1,0,FALSE,0,TRUE,101,"leave-1",300,0.5,1e+05,FALSE,83
8,2,0.00459048549809292,10.0091809709962,8.39527587507043,5.45302318200498,11.3375285681359,8.44221921722605,5.48720377910785,11.3972346553443,8.23432050538303,0,8.26468985200754,0,"normal","I",25,300,0.5,0,0.1,0,FALSE,0,TRUE,101,"leave-1",300,0.5,1e+05,FALSE,83
8,2,0.00459048549809292,10.0091809709962,8.39527587507043,5.45302318200498,11.3375285681359,8.44307691962806,5.48608179873975,11.4000720405164,8.23432050538303,0,8.27749187002417,0,"normal","I",25,300,0.5,0,0.1,0,FALSE,0,TRUE,101,"leave-1",300,0.5,1e+05,FALSE,83
8,2,0.00459048549809292,10.0091809709962,8.39527587507043,5.45302318200498,11.3375285681359,8.33998322364676,5.38321751996597,11.2967489273276,8.23432050538303,0,8.19926512016492,0,"normal","I",25,300,0.5,0,0.1,0,FALSE,0,TRUE,101,"leave-1",300,0.5,1e+05,FALSE,83
8,2,0.00459048549809292,10.0091809709962,8.39527587507043,5.45302318200498,11.3375285681359,8.42219031878191,5.46818953685531,11.3761911007085,8.23432050538303,0,8.25475527504624,0,"normal","I",25,300,0.5,0,0.1,0,FALSE,0,TRUE,101,"leave-1",300,0.5,1e+05,FALSE,83
8,2,0.00459048549809292,10.0091809709962,8.39527587507043,5.45302318200498,11.3375285681359,8.39962729089781,5.4452146000437,11.3540399817519,8.23432050538303,0,8.23187064063526,0,"normal","I",25,300,0.5,0,0.1,0,FALSE,0,TRUE,101,"leave-1",300,0.5,1e+05,FALSE,83
8,2,0.00459048549809292,10.0091809709962,8.39527587507043,5.45302318200498,11.3375285681359,8.28029061602529,5.34040389343323,11.2201773386173,8.23432050538303,0,8.07687328995736,0,"normal","I",25,300,0.5,0,0.1,0,FALSE,0,TRUE,101,"leave-1",300,0.5,1e+05,FALSE,83
8,2,0.00459048549809292,10.0091809709962,8.39527587507043,5.45302318200498,11.3375285681359,8.37616705254383,5.41816833412458,11.3341657709631,8.23432050538303,0,8.21982930089199,0,"normal","I",25,300,0.5,0,0.1,0,FALSE,0,TRUE,101,"leave-1",300,0.5,1e+05,FALSE,83
8,2,0.00459048549809292,10.0091809709962,8.39527587507043,5.45302318200498,11.3375285681359,8.38871723791165,5.43056373376698,11.3468707420563,8.23432050538303,0,8.23826676313397,0,"normal","I",25,300,0.5,0,0.1,0,FALSE,0,TRUE,101,"leave-1",300,0.5,1e+05,FALSE,83
8,2,0.00459048549809292,10.0091809709962,8.39527587507043,5.45302318200498,11.3375285681359,8.45101927333021,5.49373596000589,11.4083025866545,8.23432050538303,0,8.33025647245225,0,"normal","I",25,300,0.5,0,0.1,0,FALSE,0,TRUE,101,"leave-1",300,0.5,1e+05,FALSE,83
8,2,0.00459048549809292,10.0091809709962,8.39527587507043,5.45302318200498,11.3375285681359,8.37387277716152,5.42108658547194,11.3266589688511,8.23432050538303,0,8.23956856349516,0,"normal","I",25,300,0.5,0,0.1,0,FALSE,0,TRUE,101,"leave-1",300,0.5,1e+05,FALSE,83
8,2,0.00459048549809292,10.0091809709962,8.39527587507043,5.45302318200498,11.3375285681359,8.45667948252652,5.49867810339514,11.4146808616579,8.23432050538303,0,8.29057017239842,0,"normal","I",25,300,0.5,0,0.1,0,FALSE,0,TRUE,101,"leave-1",300,0.5,1e+05,FALSE,83
8,2,0.00459048549809292,10.0091809709962,8.39527587507043,5.45302318200498,11.3375285681359,8.5191801693757,5.56298206019184,11.4753782785596,8.23432050538303,0,8.34889721718246,0,"normal","I",25,300,0.5,0,0.1,0,FALSE,0,TRUE,101,"leave-1",300,0.5,1e+05,FALSE,83
8,2,0.00459048549809292,10.0091809709962,8.39527587507043,5.45302318200498,11.3375285681359,7.897117368131,4.98262120300094,10.8116135332611,8.23432050538303,0,7.75745592964226,0,"normal","I",25,300,0.5,0,0.1,0,FALSE,0,TRUE,101,"leave-1",300,0.5,1e+05,FALSE,83
8,2,0.00459048549809292,10.0091809709962,8.39527587507043,5.45302318200498,11.3375285681359,8.42241187664913,5.48207001246664,11.3627537408316,8.23432050538303,0,8.240284135196,0,"normal","I",25,300,0.5,0,0.1,0,FALSE,0,TRUE,101,"leave-1",300,0.5,1e+05,FALSE,83
8,2,0.00459048549809292,10.0091809709962,8.39527587507043,5.45302318200498,11.3375285681359,8.34923030643488,5.39071034246384,11.3077502704059,8.23432050538303,0,8.19866524546891,0,"normal","I",25,300,0.5,0,0.1,0,FALSE,0,TRUE,101,"leave-1",300,0.5,1e+05,FALSE,83
8,2,0.00459048549809292,10.0091809709962,8.39527587507043,5.45302318200498,11.3375285681359,8.2326437638588,5.29993166201245,11.1653558657052,8.23432050538303,0,8.03401798302412,0,"normal","I",25,300,0.5,0,0.1,0,FALSE,0,TRUE,101,"leave-1",300,0.5,1e+05,FALSE,83
8,2,0.00459048549809292,10.0091809709962,8.39527587507043,5.45302318200498,11.3375285681359,8.25071636181769,5.3134376394573,11.1879950841781,8.23432050538303,0,8.16412911107918,0,"normal","I",25,300,0.5,0,0.1,0,FALSE,0,TRUE,101,"leave-1",300,0.5,1e+05,FALSE,83
8,2,0.00459048549809292,10.0091809709962,8.39527587507043,5.45302318200498,11.3375285681359,8.27785993961886,5.35026439631878,11.2054554829189,8.23432050538303,0,8.02723873137512,0,"normal","I",25,300,0.5,0,0.1,0,FALSE,0,TRUE,101,"leave-1",300,0.5,1e+05,FALSE,83
8,2,0.00459048549809292,10.0091809709962,8.39527587507043,5.45302318200498,11.3375285681359,8.37999232381999,5.42192203208824,11.3380626155517,8.23432050538303,0,8.24230952117706,0,"normal","I",25,300,0.5,0,0.1,0,FALSE,0,TRUE,101,"leave-1",300,0.5,1e+05,FALSE,83
8,2,0.00459048549809292,10.0091809709962,8.39527587507043,5.45302318200498,11.3375285681359,8.38804187583422,5.42993248294271,11.3461512687257,8.23432050538303,0,8.2398147552633,0,"normal","I",25,300,0.5,0,0.1,0,FALSE,0,TRUE,101,"leave-1",300,0.5,1e+05,FALSE,83
8,2,0.00459048549809292,10.0091809709962,8.39527587507043,5.45302318200498,11.3375285681359,8.51943076135372,5.58737494932655,11.4514865733809,8.23432050538303,0,8.16471804208237,0,"normal","I",25,300,0.5,0,0.1,0,FALSE,0,TRUE,101,"leave-1",300,0.5,1e+05,FALSE,83
8,2,0.00459048549809292,10.0091809709962,8.39527587507043,5.45302318200498,11.3375285681359,8.54788165299058,5.59594222352317,11.499821082458,8.23432050538303,0,8.36388147420317,0,"normal","I",25,300,0.5,0,0.1,0,FALSE,0,TRUE,101,"leave-1",300,0.5,1e+05,FALSE,83
8,2,0.00459048549809292,10.0091809709962,8.39527587507043,5.45302318200498,11.3375285681359,8.33994415181358,5.39046686691909,11.2894214367081,8.23432050538303,0,8.2218321113952,0,"normal","I",25,300,0.5,0,0.1,0,FALSE,0,TRUE,101,"leave-1",300,0.5,1e+05,FALSE,83
8,2,0.00459048549809292,10.0091809709962,8.39527587507043,5.45302318200498,11.3375285681359,8.53503935659014,5.57930310400015,11.4907756091801,8.23432050538303,0,8.38371996900861,0,"normal","I",25,300,0.5,0,0.1,0,FALSE,0,TRUE,101,"leave-1",300,0.5,1e+05,FALSE,83
8,2,0.00459048549809292,10.0091809709962,8.39527587507043,5.45302318200498,11.3375285681359,8.57102879384048,5.61964058621264,11.5224170014683,8.23432050538303,0,8.34070285863594,0,"normal","I",25,300,0.5,0,0.1,0,FALSE,0,TRUE,101,"leave-1",300,0.5,1e+05,FALSE,83
8,2,0.00459048549809292,10.0091809709962,8.39527587507043,5.45302318200498,11.3375285681359,8.28323999700365,5.33814377562489,11.2283362183824,8.23432050538303,0,8.15953972523175,0,"normal","I",25,300,0.5,0,0.1,0,FALSE,0,TRUE,101,"leave-1",300,0.5,1e+05,FALSE,83
8,2,0.00459048549809292,10.0091809709962,8.39527587507043,5.45302318200498,11.3375285681359,8.75898558004279,5.8003052596667,11.7176659004189,8.23432050538303,0,8.49290497263481,0,"normal","I",25,300,0.5,0,0.1,0,FALSE,0,TRUE,101,"leave-1",300,0.5,1e+05,FALSE,83
8,2,0.00459048549809292,10.0091809709962,8.39527587507043,5.45302318200498,11.3375285681359,8.33903711522411,5.38617046324215,11.2919037672061,8.23432050538303,0,8.17893689168554,0,"normal","I",25,300,0.5,0,0.1,0,FALSE,0,TRUE,101,"leave-1",300,0.5,1e+05,FALSE,83
8,2,0.00459048549809292,10.0091809709962,8.39527587507043,5.45302318200498,11.3375285681359,8.32948020415009,5.38627571092421,11.272684697376,8.23432050538303,0,8.20049164645055,0,"normal","I",25,300,0.5,0,0.1,0,FALSE,0,TRUE,101,"leave-1",300,0.5,1e+05,FALSE,83
8,2,0.00459048549809292,10.0091809709962,8.39527587507043,5.45302318200498,11.3375285681359,8.38619558425532,5.46018957555695,11.3122015929537,8.23432050538303,0,8.2575318158383,0,"normal","I",25,300,0.5,0,0.1,0,FALSE,0,TRUE,101,"leave-1",300,0.5,1e+05,FALSE,83
8,2,0.00459048549809292,10.0091809709962,8.39527587507043,5.45302318200498,11.3375285681359,8.54750456792164,5.60482042530229,11.490188710541,8.23432050538303,0,8.40517346523893,0,"normal","I",25,300,0.5,0,0.1,0,FALSE,0,TRUE,101,"leave-1",300,0.5,1e+05,FALSE,83
8,2,0.00459048549809292,10.0091809709962,8.39527587507043,5.45302318200498,11.3375285681359,8.32796536478332,5.37028495992252,11.2856457696441,8.23432050538303,0,8.2467707141753,0,"normal","I",25,300,0.5,0,0.1,0,FALSE,0,TRUE,101,"leave-1",300,0.5,1e+05,FALSE,83
8,2,0.00459048549809292,10.0091809709962,8.39527587507043,5.45302318200498,11.3375285681359,8.54545142688102,5.59385127968253,11.4970515740795,8.23432050538303,0,8.36293650464153,0,"normal","I",25,300,0.5,0,0.1,0,FALSE,0,TRUE,101,"leave-1",300,0.5,1e+05,FALSE,83
8,2,0.00459048549809292,10.0091809709962,8.39527587507043,5.45302318200498,11.3375285681359,8.22931778063786,5.29467137916122,11.1639641821145,8.23432050538303,0,8.0871160660365,0,"normal","I",25,300,0.5,0,0.1,0,FALSE,0,TRUE,101,"leave-1",300,0.5,1e+05,FALSE,83
8,2,0.00459048549809292,10.0091809709962,8.39527587507043,5.45302318200498,11.3375285681359,8.30990505833108,5.36205597720635,11.2577541394558,8.23432050538303,0,8.17138186506736,0,"normal","I",25,300,0.5,0,0.1,0,FALSE,0,TRUE,101,"leave-1",300,0.5,1e+05,FALSE,83
8,2,0.00459048549809292,10.0091809709962,8.39527587507043,5.45302318200498,11.3375285681359,8.49772461913214,5.54541193064438,11.4500373076199,8.23432050538303,0,8.32309445027944,0,"normal","I",25,300,0.5,0,0.1,0,FALSE,0,TRUE,101,"leave-1",300,0.5,1e+05,FALSE,83
8,2,0.00459048549809292,10.0091809709962,8.39527587507043,5.45302318200498,11.3375285681359,8.43262033546842,5.47365980585807,11.3915808650788,8.23432050538303,0,8.28511684511281,0,"normal","I",25,300,0.5,0,0.1,0,FALSE,0,TRUE,101,"leave-1",300,0.5,1e+05,FALSE,83
8,2,0.00459048549809292,10.0091809709962,8.39527587507043,5.45302318200498,11.3375285681359,8.33396360328172,5.37942619843144,11.288501008132,8.23432050538303,0,8.17954192234177,0,"normal","I",25,300,0.5,0,0.1,0,FALSE,0,TRUE,101,"leave-1",300,0.5,1e+05,FALSE,83
8,2,0.00459048549809292,10.0091809709962,8.39527587507043,5.45302318200498,11.3375285681359,8.38268516653463,5.42573440243054,11.3396359306387,8.23432050538303,0,8.23822743083313,0,"normal","I",25,300,0.5,0,0.1,0,FALSE,0,TRUE,101,"leave-1",300,0.5,1e+05,FALSE,83
8,2,0.00459048549809292,10.0091809709962,8.39527587507043,5.45302318200498,11.3375285681359,8.37106064260466,5.41356298751376,11.3285582976956,8.23432050538303,0,8.2135510582068,0,"normal","I",25,300,0.5,0,0.1,0,FALSE,0,TRUE,101,"leave-1",300,0.5,1e+05,FALSE,83
8,2,0.00459048549809292,10.0091809709962,8.39527587507043,5.45302318200498,11.3375285681359,8.32719210804302,5.38504163121608,11.26934258487,8.23432050538303,0,8.22155665731008,0,"normal","I",25,300,0.5,0,0.1,0,FALSE,0,TRUE,101,"leave-1",300,0.5,1e+05,FALSE,83
8,2,0.00459048549809292,10.0091809709962,8.39527587507043,5.45302318200498,11.3375285681359,8.3635942583935,5.41364109228546,11.3135474245015,8.23432050538303,0,8.21061236908367,0,"normal","I",25,300,0.5,0,0.1,0,FALSE,0,TRUE,101,"leave-1",300,0.5,1e+05,FALSE,83
8,2,0.00459048549809292,10.0091809709962,8.39527587507043,5.45302318200498,11.3375285681359,8.2514874789561,5.31748673759146,11.1854882203207,8.23432050538303,0,8.05635541004727,0,"normal","I",25,300,0.5,0,0.1,0,FALSE,0,TRUE,101,"leave-1",300,0.5,1e+05,FALSE,83
8,2,0.00459048549809292,10.0091809709962,8.39527587507043,5.45302318200498,11.3375285681359,8.27287588072303,5.32248604083194,11.2232657206141,8.23432050538303,0,8.24329353035728,0,"normal","I",25,300,0.5,0,0.1,0,FALSE,0,TRUE,101,"leave-1",300,0.5,1e+05,FALSE,83
8,2,0.00459048549809292,10.0091809709962,8.39527587507043,5.45302318200498,11.3375285681359,8.33485116440757,5.38365465347522,11.2860476753399,8.23432050538303,0,8.18222684858253,0,"normal","I",25,300,0.5,0,0.1,0,FALSE,0,TRUE,101,"leave-1",300,0.5,1e+05,FALSE,83
8,2,0.00459048549809292,10.0091809709962,8.39527587507043,5.45302318200498,11.3375285681359,8.36141615833969,5.40297898011383,11.3198533365656,8.23432050538303,0,8.24577390872991,0,"normal","I",25,300,0.5,0,0.1,0,FALSE,0,TRUE,101,"leave-1",300,0.5,1e+05,FALSE,83
8,2,0.00459048549809292,10.0091809709962,8.39527587507043,5.45302318200498,11.3375285681359,8.35062367668072,5.39878657333739,11.3024607800241,8.23432050538303,0,8.1905934131988,0,"normal","I",25,300,0.5,0,0.1,0,FALSE,0,TRUE,101,"leave-1",300,0.5,1e+05,FALSE,83
8,2,0.00459048549809292,10.0091809709962,8.39527587507043,5.45302318200498,11.3375285681359,8.42632520704285,5.47670610571629,11.3759443083694,8.23432050538303,0,8.2644384304465,0,"normal","I",25,300,0.5,0,0.1,0,FALSE,0,TRUE,101,"leave-1",300,0.5,1e+05,FALSE,83
8,2,0.00459048549809292,10.0091809709962,8.39527587507043,5.45302318200498,11.3375285681359,8.24785044756671,5.34612581367131,11.1495750814621,8.23432050538303,0,7.97945596095186,0,"normal","I",25,300,0.5,0,0.1,0,FALSE,0,TRUE,101,"leave-1",300,0.5,1e+05,FALSE,83
8,2,0.00459048549809292,10.0091809709962,8.39527587507043,5.45302318200498,11.3375285681359,8.56711095584507,5.60962767012541,11.5245942415647,8.23432050538303,0,8.35636263105136,0,"normal","I",25,300,0.5,0,0.1,0,FALSE,0,TRUE,101,"leave-1",300,0.5,1e+05,FALSE,83
8,2,0.00459048549809292,10.0091809709962,8.39527587507043,5.45302318200498,11.3375285681359,8.44275102141271,5.49192688500728,11.3935751578181,8.23432050538303,0,8.2618532066008,0,"normal","I",25,300,0.5,0,0.1,0,FALSE,0,TRUE,101,"leave-1",300,0.5,1e+05,FALSE,83
8,2,0.00459048549809292,10.0091809709962,8.39527587507043,5.45302318200498,11.3375285681359,8.39540079980072,5.44434749303377,11.3464541065677,8.23432050538303,0,8.17657235651676,0,"normal","I",25,300,0.5,0,0.1,0,FALSE,0,TRUE,101,"leave-1",300,0.5,1e+05,FALSE,83
8,2,0.00459048549809292,10.0091809709962,8.39527587507043,5.45302318200498,11.3375285681359,8.16158360844089,5.23448913863683,11.0886780782449,8.23432050538303,0,7.96033057859311,0,"normal","I",25,300,0.5,0,0.1,0,FALSE,0,TRUE,101,"leave-1",300,0.5,1e+05,FALSE,83
8,2,0.00459048549809292,10.0091809709962,8.39527587507043,5.45302318200498,11.3375285681359,8.4691011777475,5.51319116303066,11.4250111924643,8.23432050538303,0,8.27408679496706,0,"normal","I",25,300,0.5,0,0.1,0,FALSE,0,TRUE,101,"leave-1",300,0.5,1e+05,FALSE,83
8,2,0.00459048549809292,10.0091809709962,8.39527587507043,5.45302318200498,11.3375285681359,8.56637560636913,5.608859651458,11.5238915612803,8.23432050538303,0,8.37604979894212,0,"normal","I",25,300,0.5,0,0.1,0,FALSE,0,TRUE,101,"leave-1",300,0.5,1e+05,FALSE,83
8,2,0.00459048549809292,10.0091809709962,8.39527587507043,5.45302318200498,11.3375285681359,8.42631601431527,5.47071343126292,11.3819185973676,8.23432050538303,0,8.24567158993942,0,"normal","I",25,300,0.5,0,0.1,0,FALSE,0,TRUE,101,"leave-1",300,0.5,1e+05,FALSE,83
8,2,0.00459048549809292,10.0091809709962,8.39527587507043,5.45302318200498,11.3375285681359,8.34943158344704,5.39149140743765,11.3073717594564,8.23432050538303,0,8.21903924099045,0,"normal","I",25,300,0.5,0,0.1,0,FALSE,0,TRUE,101,"leave-1",300,0.5,1e+05,FALSE,83
8,2,0.00459048549809292,10.0091809709962,8.39527587507043,5.45302318200498,11.3375285681359,8.2855314948389,5.34758276317699,11.2234802265008,8.23432050538303,0,8.25912318752618,0,"normal","I",25,300,0.5,0,0.1,0,FALSE,0,TRUE,101,"leave-1",300,0.5,1e+05,FALSE,83
8,2,0.00459048549809292,10.0091809709962,8.39527587507043,5.45302318200498,11.3375285681359,8.22059590929184,5.26668361942709,11.1745081991566,8.23432050538303,0,8.19425870211974,0,"normal","I",25,300,0.5,0,0.1,0,FALSE,0,TRUE,101,"leave-1",300,0.5,1e+05,FALSE,83
8,2,0.00459048549809292,10.0091809709962,8.39527587507043,5.45302318200498,11.3375285681359,8.39730890093572,5.44028126594423,11.3543365359272,8.23432050538303,0,8.28710672212057,0,"normal","I",25,300,0.5,0,0.1,0,FALSE,0,TRUE,101,"leave-1",300,0.5,1e+05,FALSE,83
8,2,0.00459048549809292,10.0091809709962,8.39527587507043,5.45302318200498,11.3375285681359,8.29851405858131,5.36593424819427,11.2310938689683,8.23432050538303,0,8.04747271358061,0,"normal","I",25,300,0.5,0,0.1,0,FALSE,0,TRUE,101,"leave-1",300,0.5,1e+05,FALSE,83
8,2,0.00459048549809292,10.0091809709962,8.39527587507043,5.45302318200498,11.3375285681359,8.39259978524324,5.43443573528277,11.3507638352037,8.23432050538303,0,8.23476958660621,0,"normal","I",25,300,0.5,0,0.1,0,FALSE,0,TRUE,101,"leave-1",300,0.5,1e+05,FALSE,83
8,2,0.00459048549809292,10.0091809709962,8.39527587507043,5.45302318200498,11.3375285681359,8.43442830849442,5.47667032850231,11.3921862884865,8.23432050538303,0,8.25189025247649,0,"normal","I",25,300,0.5,0,0.1,0,FALSE,0,TRUE,101,"leave-1",300,0.5,1e+05,FALSE,83
8,2,0.00459048549809292,10.0091809709962,8.39527587507043,5.45302318200498,11.3375285681359,8.23932759727353,5.302513271686,11.1761419228611,8.23432050538303,0,8.04369829516812,0,"normal","I",25,300,0.5,0,0.1,0,FALSE,0,TRUE,101,"leave-1",300,0.5,1e+05,FALSE,83
8,2,0.00459048549809292,10.0091809709962,8.39527587507043,5.45302318200498,11.3375285681359,8.76623287053557,5.826628417754,11.7058373233171,8.23432050538303,0,8.50587489750945,0,"normal","I",25,300,0.5,0,0.1,0,FALSE,0,TRUE,101,"leave-1",300,0.5,1e+05,FALSE,83
8,2,0.00459048549809292,10.0091809709962,8.39527587507043,5.45302318200498,11.3375285681359,8.41109090858737,5.45619394677953,11.3659878703952,8.23432050538303,0,8.25206418732034,0,"normal","I",25,300,0.5,0,0.1,0,FALSE,0,TRUE,101,"leave-1",300,0.5,1e+05,FALSE,83
8,2,0.00459048549809292,10.0091809709962,8.39527587507043,5.45302318200498,11.3375285681359,8.43296981931187,5.47920541857837,11.3867342200454,8.23432050538303,0,8.27155274605687,0,"normal","I",25,300,0.5,0,0.1,0,FALSE,0,TRUE,101,"leave-1",300,0.5,1e+05,FALSE,83
8,2,0.00459048549809292,10.0091809709962,8.39527587507043,5.45302318200498,11.3375285681359,8.69400288284248,5.7370780022874,11.6509277633976,8.23432050538303,0,8.5007489953619,0,"normal","I",25,300,0.5,0,0.1,0,FALSE,0,TRUE,101,"leave-1",300,0.5,1e+05,FALSE,83
8,2,0.00459048549809292,10.0091809709962,8.39527587507043,5.45302318200498,11.3375285681359,8.43421874082352,5.47867235718603,11.389765124461,8.23432050538303,0,8.26537798482712,0,"normal","I",25,300,0.5,0,0.1,0,FALSE,0,TRUE,101,"leave-1",300,0.5,1e+05,FALSE,83
8,2,0.00459048549809292,10.0091809709962,8.39527587507043,5.45302318200498,11.3375285681359,8.33392671205031,5.38183054906578,11.2860228750348,8.23432050538303,0,8.17713635362568,0,"normal","I",25,300,0.5,0,0.1,0,FALSE,0,TRUE,101,"leave-1",300,0.5,1e+05,FALSE,83
8,2,0.00459048549809292,10.0091809709962,8.39527587507043,5.45302318200498,11.3375285681359,8.40996406219033,5.45241964771018,11.3675084766705,8.23432050538303,0,8.25224287731032,0,"normal","I",25,300,0.5,0,0.1,0,FALSE,0,TRUE,101,"leave-1",300,0.5,1e+05,FALSE,83
8,2,0.00459048549809292,10.0091809709962,8.39527587507043,5.45302318200498,11.3375285681359,8.69821167408031,5.74272028173712,11.6537030664235,8.23432050538303,0,8.5147476684951,0,"normal","I",25,300,0.5,0,0.1,0,FALSE,0,TRUE,101,"leave-1",300,0.5,1e+05,FALSE,83
8,2,0.00459048549809292,10.0091809709962,8.39527587507043,5.45302318200498,11.3375285681359,8.44308938860244,5.4939010632804,11.3922777139245,8.23432050538303,0,8.27029038542673,0,"normal","I",25,300,0.5,0,0.1,0,FALSE,0,TRUE,101,"leave-1",300,0.5,1e+05,FALSE,83
8,2,0.00459048549809292,10.0091809709962,8.39527587507043,5.45302318200498,11.3375285681359,8.42686290699371,5.46976245231011,11.3839633616773,8.23432050538303,0,8.28991383611625,0,"normal","I",25,300,0.5,0,0.1,0,FALSE,0,TRUE,101,"leave-1",300,0.5,1e+05,FALSE,83
8,2,0.00459048549809292,10.0091809709962,8.39527587507043,5.45302318200498,11.3375285681359,8.31155011606858,5.36150044932224,11.2615997828149,8.23432050538303,0,8.13699897530916,0,"normal","I",25,300,0.5,0,0.1,0,FALSE,0,TRUE,101,"leave-1",300,0.5,1e+05,FALSE,83
8,2,0.00459048549809292,10.0091809709962,8.39527587507043,5.45302318200498,11.3375285681359,8.60879808844296,5.69640489133316,11.5211912855528,8.23432050538303,0,8.31676794006577,0,"normal","I",25,300,0.5,0,0.1,0,FALSE,0,TRUE,101,"leave-1",300,0.5,1e+05,FALSE,83
8,2,0.00459048549809292,10.0091809709962,8.39527587507043,5.45302318200498,11.3375285681359,8.37732496344715,5.41999297365245,11.3346569532419,8.23432050538303,0,8.23352513772607,0,"normal","I",25,300,0.5,0,0.1,0,FALSE,0,TRUE,101,"leave-1",300,0.5,1e+05,FALSE,83
8,2,0.00459048549809292,10.0091809709962,8.39527587507043,5.45302318200498,11.3375285681359,8.35035894156399,5.40186723416481,11.2988506489632,8.23432050538303,0,8.17809939116599,0,"normal","I",25,300,0.5,0,0.1,0,FALSE,0,TRUE,101,"leave-1",300,0.5,1e+05,FALSE,83
8,2,0.00459048549809292,10.0091809709962,8.39527587507043,5.45302318200498,11.3375285681359,8.45744479400906,5.53107308862542,11.3838164993927,8.23432050538303,0,8.33607024518196,0,"normal","I",25,300,0.5,0,0.1,0,FALSE,0,TRUE,101,"leave-1",300,0.5,1e+05,FALSE,83
8,2,0.00459048549809292,10.0091809709962,8.39527587507043,5.45302318200498,11.3375285681359,8.25891758906653,5.37319364048405,11.144641537649,8.23432050538303,0,8.03384370401367,0,"normal","I",25,300,0.5,0,0.1,0,FALSE,0,TRUE,101,"leave-1",300,0.5,1e+05,FALSE,83
8,2,0.00459048549809292,10.0091809709962,8.39527587507043,5.45302318200498,11.3375285681359,8.48958309390025,5.53406575265657,11.4451004351439,8.23432050538303,0,8.31077575447867,0,"normal","I",25,300,0.5,0,0.1,0,FALSE,0,TRUE,101,"leave-1",300,0.5,1e+05,FALSE,83
8,2,0.00459048549809292,10.0091809709962,8.39527587507043,5.45302318200498,11.3375285681359,8.70276755193473,5.74480560241638,11.6607295014531,8.23432050538303,0,8.4873721199216,0,"normal","I",25,300,0.5,0,0.1,0,FALSE,0,TRUE,101,"leave-1",300,0.5,1e+05,FALSE,83
8,2,0.00459048549809292,10.0091809709962,8.39527587507043,5.45302318200498,11.3375285681359,8.42096184951543,5.47942340763497,11.3625002913959,8.23432050538303,0,8.304103920266,0,"normal","I",25,300,0.5,0,0.1,0,FALSE,0,TRUE,101,"leave-1",300,0.5,1e+05,FALSE,83
