"var_main_effect","var_inter_effect","cov_main_inter_effect","var_total_effect","EigenPrism_main","EigenPrism_CI1","EigenPrism_CI2","sub_EigenPrism_main","sub_EigenPrism_CI1","sub_EigenPrism_CI2","GCTA_main","GCTA_inter","sub_GCTA_main","sub_GCTA_inter","x_dist","structure","p","n","main_fixed_var","main_random_var","inter_fixed_var","inter_random_var","decor","interact","combine","pro","bs","n_sub","rho_e","emp_n","inter_std","i"
10,0,0,0,9.44837207042408,7.35880127395495,11.5379428668932,8.42895479471088,4.63292869433817,12.2249808950836,9.55536793226912,0,7.91932223902205,0,"normal","I",1000,500,0.5,0,0,0,FALSE,0,FALSE,0.5,"leave-d",200,0.7,1e+05,TRUE,820
10,0,0,0,9.44837207042408,7.35880127395495,11.5379428668932,7.99618458338936,4.17249772988498,11.8198714368937,9.55536793226912,0,7.70941748614865,0,"normal","I",1000,500,0.5,0,0,0,FALSE,0,FALSE,0.5,"leave-d",200,0.7,1e+05,TRUE,820
10,0,0,0,9.44837207042408,7.35880127395495,11.5379428668932,9.36546803386217,5.84335063910106,12.8875854286233,9.55536793226912,0,9.34295454026395,0,"normal","I",1000,500,0.5,0,0,0,FALSE,0,FALSE,0.5,"leave-d",200,0.7,1e+05,TRUE,820
10,0,0,0,9.44837207042408,7.35880127395495,11.5379428668932,10.7874146247303,7.02877586935349,14.5460533801072,9.55536793226912,0,10.6134488639503,0,"normal","I",1000,500,0.5,0,0,0,FALSE,0,FALSE,0.5,"leave-d",200,0.7,1e+05,TRUE,820
10,0,0,0,9.44837207042408,7.35880127395495,11.5379428668932,8.05559025365445,4.63852670371699,11.4726538035919,9.55536793226912,0,7.54743962657089,0,"normal","I",1000,500,0.5,0,0,0,FALSE,0,FALSE,0.5,"leave-d",200,0.7,1e+05,TRUE,820
10,0,0,0,9.44837207042408,7.35880127395495,11.5379428668932,9.0528897212399,5.57753140710052,12.5282480353793,9.55536793226912,0,8.68785524688877,0,"normal","I",1000,500,0.5,0,0,0,FALSE,0,FALSE,0.5,"leave-d",200,0.7,1e+05,TRUE,820
10,0,0,0,9.44837207042408,7.35880127395495,11.5379428668932,12.6034937189181,8.83416025329601,16.3728271845402,9.55536793226912,0,11.492591767635,0,"normal","I",1000,500,0.5,0,0,0,FALSE,0,FALSE,0.5,"leave-d",200,0.7,1e+05,TRUE,820
10,0,0,0,9.44837207042408,7.35880127395495,11.5379428668932,6.64781132625682,3.06388869334125,10.2317339591724,9.55536793226912,0,6.56816859474013,0,"normal","I",1000,500,0.5,0,0,0,FALSE,0,FALSE,0.5,"leave-d",200,0.7,1e+05,TRUE,820
10,0,0,0,9.44837207042408,7.35880127395495,11.5379428668932,9.64641720592008,5.87814928300053,13.4146851288396,9.55536793226912,0,9.39712414709584,0,"normal","I",1000,500,0.5,0,0,0,FALSE,0,FALSE,0.5,"leave-d",200,0.7,1e+05,TRUE,820
10,0,0,0,9.44837207042408,7.35880127395495,11.5379428668932,10.3407001010279,6.60328817161037,14.0781120304454,9.55536793226912,0,10.1893099834191,0,"normal","I",1000,500,0.5,0,0,0,FALSE,0,FALSE,0.5,"leave-d",200,0.7,1e+05,TRUE,820
10,0,0,0,9.44837207042408,7.35880127395495,11.5379428668932,10.883387617547,7.15166597635655,14.6151092587374,9.55536793226912,0,10.2292149563832,0,"normal","I",1000,500,0.5,0,0,0,FALSE,0,FALSE,0.5,"leave-d",200,0.7,1e+05,TRUE,820
10,0,0,0,9.44837207042408,7.35880127395495,11.5379428668932,11.579459590386,7.97145554102295,15.187463639749,9.55536793226912,0,11.004631635007,0,"normal","I",1000,500,0.5,0,0,0,FALSE,0,FALSE,0.5,"leave-d",200,0.7,1e+05,TRUE,820
10,0,0,0,9.44837207042408,7.35880127395495,11.5379428668932,9.9491193814551,6.36377440593891,13.5344643569713,9.55536793226912,0,10.6603503753568,0,"normal","I",1000,500,0.5,0,0,0,FALSE,0,FALSE,0.5,"leave-d",200,0.7,1e+05,TRUE,820
10,0,0,0,9.44837207042408,7.35880127395495,11.5379428668932,7.88449883273053,4.07529432075564,11.6937033447054,9.55536793226912,0,7.65019755095983,0,"normal","I",1000,500,0.5,0,0,0,FALSE,0,FALSE,0.5,"leave-d",200,0.7,1e+05,TRUE,820
10,0,0,0,9.44837207042408,7.35880127395495,11.5379428668932,12.0195556481879,8.37688044814643,15.6622308482294,9.55536793226912,0,12.9132714452427,0,"normal","I",1000,500,0.5,0,0,0,FALSE,0,FALSE,0.5,"leave-d",200,0.7,1e+05,TRUE,820
10,0,0,0,9.44837207042408,7.35880127395495,11.5379428668932,9.54566516651545,5.96477453289497,13.1265558001359,9.55536793226912,0,9.60772810805022,0,"normal","I",1000,500,0.5,0,0,0,FALSE,0,FALSE,0.5,"leave-d",200,0.7,1e+05,TRUE,820
10,0,0,0,9.44837207042408,7.35880127395495,11.5379428668932,6.93176052095901,3.41059594463214,10.4529250972859,9.55536793226912,0,6.30102195860164,0,"normal","I",1000,500,0.5,0,0,0,FALSE,0,FALSE,0.5,"leave-d",200,0.7,1e+05,TRUE,820
10,0,0,0,9.44837207042408,7.35880127395495,11.5379428668932,8.98230609972872,5.13236205161617,12.8322501478413,9.55536793226912,0,8.42243910130107,0,"normal","I",1000,500,0.5,0,0,0,FALSE,0,FALSE,0.5,"leave-d",200,0.7,1e+05,TRUE,820
10,0,0,0,9.44837207042408,7.35880127395495,11.5379428668932,8.9316854759813,5.68928403441755,12.1740869175451,9.55536793226912,0,9.87587960483569,0,"normal","I",1000,500,0.5,0,0,0,FALSE,0,FALSE,0.5,"leave-d",200,0.7,1e+05,TRUE,820
10,0,0,0,9.44837207042408,7.35880127395495,11.5379428668932,6.94084878734591,3.57813609211911,10.3035614825727,9.55536793226912,0,6.78384960610922,0,"normal","I",1000,500,0.5,0,0,0,FALSE,0,FALSE,0.5,"leave-d",200,0.7,1e+05,TRUE,820
10,0,0,0,9.44837207042408,7.35880127395495,11.5379428668932,8.92536444695349,5.13733819592215,12.7133906979848,9.55536793226912,0,8.42726207864047,0,"normal","I",1000,500,0.5,0,0,0,FALSE,0,FALSE,0.5,"leave-d",200,0.7,1e+05,TRUE,820
10,0,0,0,9.44837207042408,7.35880127395495,11.5379428668932,12.1410392782527,8.61746940313081,15.6646091533746,9.55536793226912,0,12.7319929320072,0,"normal","I",1000,500,0.5,0,0,0,FALSE,0,FALSE,0.5,"leave-d",200,0.7,1e+05,TRUE,820
10,0,0,0,9.44837207042408,7.35880127395495,11.5379428668932,10.3233494264239,6.49088102011008,14.1558178327378,9.55536793226912,0,9.50806894112805,0,"normal","I",1000,500,0.5,0,0,0,FALSE,0,FALSE,0.5,"leave-d",200,0.7,1e+05,TRUE,820
10,0,0,0,9.44837207042408,7.35880127395495,11.5379428668932,11.4441582600399,7.61380675392914,15.2745097661508,9.55536793226912,0,11.4190511731319,0,"normal","I",1000,500,0.5,0,0,0,FALSE,0,FALSE,0.5,"leave-d",200,0.7,1e+05,TRUE,820
10,0,0,0,9.44837207042408,7.35880127395495,11.5379428668932,5.29989484856675,1.50782163601574,9.09196806111776,9.55536793226912,0,5.59013517807695,0,"normal","I",1000,500,0.5,0,0,0,FALSE,0,FALSE,0.5,"leave-d",200,0.7,1e+05,TRUE,820
10,0,0,0,9.44837207042408,7.35880127395495,11.5379428668932,10.6638222978887,7.07761087276879,14.2500337230085,9.55536793226912,0,10.2174102932036,0,"normal","I",1000,500,0.5,0,0,0,FALSE,0,FALSE,0.5,"leave-d",200,0.7,1e+05,TRUE,820
10,0,0,0,9.44837207042408,7.35880127395495,11.5379428668932,15.7063237791189,11.6239386632338,19.7887088950041,9.55536793226912,0,15.591988787213,0,"normal","I",1000,500,0.5,0,0,0,FALSE,0,FALSE,0.5,"leave-d",200,0.7,1e+05,TRUE,820
10,0,0,0,9.44837207042408,7.35880127395495,11.5379428668932,11.6861808056626,8.0407833720589,15.3315782392663,9.55536793226912,0,11.9173730793515,0,"normal","I",1000,500,0.5,0,0,0,FALSE,0,FALSE,0.5,"leave-d",200,0.7,1e+05,TRUE,820
10,0,0,0,9.44837207042408,7.35880127395495,11.5379428668932,11.2888881373485,7.13417470882065,15.4436015658763,9.55536793226912,0,11.5372960170072,0,"normal","I",1000,500,0.5,0,0,0,FALSE,0,FALSE,0.5,"leave-d",200,0.7,1e+05,TRUE,820
10,0,0,0,9.44837207042408,7.35880127395495,11.5379428668932,9.18139026172559,5.59235785060893,12.7704226728422,9.55536793226912,0,9.20026864958331,0,"normal","I",1000,500,0.5,0,0,0,FALSE,0,FALSE,0.5,"leave-d",200,0.7,1e+05,TRUE,820
10,0,0,0,9.44837207042408,7.35880127395495,11.5379428668932,5.63315597142017,1.82620040040278,9.44011154243755,9.55536793226912,0,5.97503249512365,0,"normal","I",1000,500,0.5,0,0,0,FALSE,0,FALSE,0.5,"leave-d",200,0.7,1e+05,TRUE,820
10,0,0,0,9.44837207042408,7.35880127395495,11.5379428668932,8.13498547659994,4.77851744047478,11.4914535127251,9.55536793226912,0,7.79673290956802,0,"normal","I",1000,500,0.5,0,0,0,FALSE,0,FALSE,0.5,"leave-d",200,0.7,1e+05,TRUE,820
10,0,0,0,9.44837207042408,7.35880127395495,11.5379428668932,13.2548961435862,9.59300672728375,16.9167855598887,9.55536793226912,0,11.8549495296723,0,"normal","I",1000,500,0.5,0,0,0,FALSE,0,FALSE,0.5,"leave-d",200,0.7,1e+05,TRUE,820
10,0,0,0,9.44837207042408,7.35880127395495,11.5379428668932,9.24744952795368,5.6797622239997,12.8151368319077,9.55536793226912,0,8.63591099696899,0,"normal","I",1000,500,0.5,0,0,0,FALSE,0,FALSE,0.5,"leave-d",200,0.7,1e+05,TRUE,820
10,0,0,0,9.44837207042408,7.35880127395495,11.5379428668932,8.59359998400976,4.89209344740268,12.2951065206168,9.55536793226912,0,8.51310490374894,0,"normal","I",1000,500,0.5,0,0,0,FALSE,0,FALSE,0.5,"leave-d",200,0.7,1e+05,TRUE,820
10,0,0,0,9.44837207042408,7.35880127395495,11.5379428668932,8.96780434946144,5.36896659284164,12.5666421060812,9.55536793226912,0,8.71313952265601,0,"normal","I",1000,500,0.5,0,0,0,FALSE,0,FALSE,0.5,"leave-d",200,0.7,1e+05,TRUE,820
10,0,0,0,9.44837207042408,7.35880127395495,11.5379428668932,8.78674339841553,4.83440078504757,12.7390860117835,9.55536793226912,0,8.59618804837798,0,"normal","I",1000,500,0.5,0,0,0,FALSE,0,FALSE,0.5,"leave-d",200,0.7,1e+05,TRUE,820
10,0,0,0,9.44837207042408,7.35880127395495,11.5379428668932,13.1232416898497,9.62590074199919,16.6205826377002,9.55536793226912,0,13.1507646552424,0,"normal","I",1000,500,0.5,0,0,0,FALSE,0,FALSE,0.5,"leave-d",200,0.7,1e+05,TRUE,820
10,0,0,0,9.44837207042408,7.35880127395495,11.5379428668932,10.0533327576073,6.24042745862955,13.866238056585,9.55536793226912,0,9.8762981041868,0,"normal","I",1000,500,0.5,0,0,0,FALSE,0,FALSE,0.5,"leave-d",200,0.7,1e+05,TRUE,820
10,0,0,0,9.44837207042408,7.35880127395495,11.5379428668932,12.5292456710643,8.8369913949599,16.2214999471687,9.55536793226912,0,12.2327739936409,0,"normal","I",1000,500,0.5,0,0,0,FALSE,0,FALSE,0.5,"leave-d",200,0.7,1e+05,TRUE,820
10,0,0,0,9.44837207042408,7.35880127395495,11.5379428668932,10.6473848562197,7.0146080263445,14.2801616860948,9.55536793226912,0,9.58617146134917,0,"normal","I",1000,500,0.5,0,0,0,FALSE,0,FALSE,0.5,"leave-d",200,0.7,1e+05,TRUE,820
10,0,0,0,9.44837207042408,7.35880127395495,11.5379428668932,12.7745197219771,9.03126995430789,16.5177694896464,9.55536793226912,0,11.4078833003121,0,"normal","I",1000,500,0.5,0,0,0,FALSE,0,FALSE,0.5,"leave-d",200,0.7,1e+05,TRUE,820
10,0,0,0,9.44837207042408,7.35880127395495,11.5379428668932,9.6021249954463,6.05931543938248,13.1449345515101,9.55536793226912,0,9.29710446953445,0,"normal","I",1000,500,0.5,0,0,0,FALSE,0,FALSE,0.5,"leave-d",200,0.7,1e+05,TRUE,820
10,0,0,0,9.44837207042408,7.35880127395495,11.5379428668932,8.9565581792951,5.31424598375855,12.5988703748317,9.55536793226912,0,8.29792288598787,0,"normal","I",1000,500,0.5,0,0,0,FALSE,0,FALSE,0.5,"leave-d",200,0.7,1e+05,TRUE,820
10,0,0,0,9.44837207042408,7.35880127395495,11.5379428668932,11.3594820970853,8.00250944289947,14.7164547512711,9.55536793226912,0,9.85052668887774,0,"normal","I",1000,500,0.5,0,0,0,FALSE,0,FALSE,0.5,"leave-d",200,0.7,1e+05,TRUE,820
10,0,0,0,9.44837207042408,7.35880127395495,11.5379428668932,13.4959493113915,9.64246366539662,17.3494349573864,9.55536793226912,0,12.584197471693,0,"normal","I",1000,500,0.5,0,0,0,FALSE,0,FALSE,0.5,"leave-d",200,0.7,1e+05,TRUE,820
10,0,0,0,9.44837207042408,7.35880127395495,11.5379428668932,9.60157632699744,6.04395736470356,13.1591952892913,9.55536793226912,0,9.19484489607285,0,"normal","I",1000,500,0.5,0,0,0,FALSE,0,FALSE,0.5,"leave-d",200,0.7,1e+05,TRUE,820
10,0,0,0,9.44837207042408,7.35880127395495,11.5379428668932,10.1458868249729,6.32481166757533,13.9669619823705,9.55536793226912,0,9.46655007698055,0,"normal","I",1000,500,0.5,0,0,0,FALSE,0,FALSE,0.5,"leave-d",200,0.7,1e+05,TRUE,820
10,0,0,0,9.44837207042408,7.35880127395495,11.5379428668932,12.899324531236,8.754169899221,17.0444791632511,9.55536793226912,0,11.9231284675578,0,"normal","I",1000,500,0.5,0,0,0,FALSE,0,FALSE,0.5,"leave-d",200,0.7,1e+05,TRUE,820
10,0,0,0,9.44837207042408,7.35880127395495,11.5379428668932,13.5136612251847,9.78097817408321,17.2463442762861,9.55536793226912,0,12.5385827153119,0,"normal","I",1000,500,0.5,0,0,0,FALSE,0,FALSE,0.5,"leave-d",200,0.7,1e+05,TRUE,820
10,0,0,0,9.44837207042408,7.35880127395495,11.5379428668932,14.4455738067813,10.4097756295189,18.4813719840438,9.55536793226912,0,12.6844171349214,0,"normal","I",1000,500,0.5,0,0,0,FALSE,0,FALSE,0.5,"leave-d",200,0.7,1e+05,TRUE,820
10,0,0,0,9.44837207042408,7.35880127395495,11.5379428668932,11.8866809600867,8.17718508712802,15.5961768330453,9.55536793226912,0,12.4290627376448,0,"normal","I",1000,500,0.5,0,0,0,FALSE,0,FALSE,0.5,"leave-d",200,0.7,1e+05,TRUE,820
10,0,0,0,9.44837207042408,7.35880127395495,11.5379428668932,6.53350084052984,2.85427705593615,10.2127246251235,9.55536793226912,0,6.45562976566689,0,"normal","I",1000,500,0.5,0,0,0,FALSE,0,FALSE,0.5,"leave-d",200,0.7,1e+05,TRUE,820
10,0,0,0,9.44837207042408,7.35880127395495,11.5379428668932,8.58917441655514,4.52759810236267,12.6507507307476,9.55536793226912,0,8.42754463635034,0,"normal","I",1000,500,0.5,0,0,0,FALSE,0,FALSE,0.5,"leave-d",200,0.7,1e+05,TRUE,820
10,0,0,0,9.44837207042408,7.35880127395495,11.5379428668932,11.1254458023838,7.61154163292876,14.6393499718388,9.55536793226912,0,10.6382753675447,0,"normal","I",1000,500,0.5,0,0,0,FALSE,0,FALSE,0.5,"leave-d",200,0.7,1e+05,TRUE,820
10,0,0,0,9.44837207042408,7.35880127395495,11.5379428668932,11.9866846903505,8.13277018899978,15.8405991917012,9.55536793226912,0,12.1443025039405,0,"normal","I",1000,500,0.5,0,0,0,FALSE,0,FALSE,0.5,"leave-d",200,0.7,1e+05,TRUE,820
10,0,0,0,9.44837207042408,7.35880127395495,11.5379428668932,11.8125112958773,7.80502355262023,15.8199990391344,9.55536793226912,0,11.3406234666408,0,"normal","I",1000,500,0.5,0,0,0,FALSE,0,FALSE,0.5,"leave-d",200,0.7,1e+05,TRUE,820
10,0,0,0,9.44837207042408,7.35880127395495,11.5379428668932,11.3033902150686,7.37160622364878,15.2351742064884,9.55536793226912,0,11.4122590064542,0,"normal","I",1000,500,0.5,0,0,0,FALSE,0,FALSE,0.5,"leave-d",200,0.7,1e+05,TRUE,820
10,0,0,0,9.44837207042408,7.35880127395495,11.5379428668932,10.1332372824996,6.22587757392607,14.0405969910731,9.55536793226912,0,9.56089692847642,0,"normal","I",1000,500,0.5,0,0,0,FALSE,0,FALSE,0.5,"leave-d",200,0.7,1e+05,TRUE,820
10,0,0,0,9.44837207042408,7.35880127395495,11.5379428668932,9.09926398135012,5.42534349249258,12.7731844702077,9.55536793226912,0,8.56976067423393,0,"normal","I",1000,500,0.5,0,0,0,FALSE,0,FALSE,0.5,"leave-d",200,0.7,1e+05,TRUE,820
10,0,0,0,9.44837207042408,7.35880127395495,11.5379428668932,10.9444338067403,6.96752530083334,14.9213423126473,9.55536793226912,0,10.8302509544621,0,"normal","I",1000,500,0.5,0,0,0,FALSE,0,FALSE,0.5,"leave-d",200,0.7,1e+05,TRUE,820
10,0,0,0,9.44837207042408,7.35880127395495,11.5379428668932,6.81626051078019,3.40527863530784,10.2272423862525,9.55536793226912,0,6.59453504004692,0,"normal","I",1000,500,0.5,0,0,0,FALSE,0,FALSE,0.5,"leave-d",200,0.7,1e+05,TRUE,820
10,0,0,0,9.44837207042408,7.35880127395495,11.5379428668932,7.14070449025928,3.55242816132689,10.7289808191917,9.55536793226912,0,6.97137224164125,0,"normal","I",1000,500,0.5,0,0,0,FALSE,0,FALSE,0.5,"leave-d",200,0.7,1e+05,TRUE,820
10,0,0,0,9.44837207042408,7.35880127395495,11.5379428668932,7.99014128100857,4.1617020046625,11.8185805573546,9.55536793226912,0,7.78360212038364,0,"normal","I",1000,500,0.5,0,0,0,FALSE,0,FALSE,0.5,"leave-d",200,0.7,1e+05,TRUE,820
10,0,0,0,9.44837207042408,7.35880127395495,11.5379428668932,10.2748062048993,6.61752894664876,13.9320834631499,9.55536793226912,0,10.665747805392,0,"normal","I",1000,500,0.5,0,0,0,FALSE,0,FALSE,0.5,"leave-d",200,0.7,1e+05,TRUE,820
10,0,0,0,9.44837207042408,7.35880127395495,11.5379428668932,11.8628759976342,7.78412923539396,15.9416227598744,9.55536793226912,0,11.2481980893661,0,"normal","I",1000,500,0.5,0,0,0,FALSE,0,FALSE,0.5,"leave-d",200,0.7,1e+05,TRUE,820
10,0,0,0,9.44837207042408,7.35880127395495,11.5379428668932,10.5393173878844,6.81169280958867,14.2669419661802,9.55536793226912,0,10.0257834466551,0,"normal","I",1000,500,0.5,0,0,0,FALSE,0,FALSE,0.5,"leave-d",200,0.7,1e+05,TRUE,820
10,0,0,0,9.44837207042408,7.35880127395495,11.5379428668932,13.8905881507306,10.0337310779187,17.7474452235424,9.55536793226912,0,12.8610380056876,0,"normal","I",1000,500,0.5,0,0,0,FALSE,0,FALSE,0.5,"leave-d",200,0.7,1e+05,TRUE,820
10,0,0,0,9.44837207042408,7.35880127395495,11.5379428668932,5.67437117515142,1.95651914364156,9.39222320666128,9.55536793226912,0,5.4551656261604,0,"normal","I",1000,500,0.5,0,0,0,FALSE,0,FALSE,0.5,"leave-d",200,0.7,1e+05,TRUE,820
10,0,0,0,9.44837207042408,7.35880127395495,11.5379428668932,12.6898496954257,8.48548574572238,16.8942136451291,9.55536793226912,0,11.8056649174191,0,"normal","I",1000,500,0.5,0,0,0,FALSE,0,FALSE,0.5,"leave-d",200,0.7,1e+05,TRUE,820
10,0,0,0,9.44837207042408,7.35880127395495,11.5379428668932,10.2569516397993,6.38154612575389,14.1323571538447,9.55536793226912,0,9.47696945498966,0,"normal","I",1000,500,0.5,0,0,0,FALSE,0,FALSE,0.5,"leave-d",200,0.7,1e+05,TRUE,820
10,0,0,0,9.44837207042408,7.35880127395495,11.5379428668932,6.11280014079515,2.16720388575733,10.058396395833,9.55536793226912,0,5.91345508550787,0,"normal","I",1000,500,0.5,0,0,0,FALSE,0,FALSE,0.5,"leave-d",200,0.7,1e+05,TRUE,820
10,0,0,0,9.44837207042408,7.35880127395495,11.5379428668932,10.4568961225955,6.70297176993701,14.2108204752539,9.55536793226912,0,9.10925840423184,0,"normal","I",1000,500,0.5,0,0,0,FALSE,0,FALSE,0.5,"leave-d",200,0.7,1e+05,TRUE,820
10,0,0,0,9.44837207042408,7.35880127395495,11.5379428668932,7.50839819157335,3.93422154005743,11.0825748430893,9.55536793226912,0,7.2939971587815,0,"normal","I",1000,500,0.5,0,0,0,FALSE,0,FALSE,0.5,"leave-d",200,0.7,1e+05,TRUE,820
10,0,0,0,9.44837207042408,7.35880127395495,11.5379428668932,10.3590717153924,6.97250574825583,13.745637682529,9.55536793226912,0,10.1283591005751,0,"normal","I",1000,500,0.5,0,0,0,FALSE,0,FALSE,0.5,"leave-d",200,0.7,1e+05,TRUE,820
10,0,0,0,9.44837207042408,7.35880127395495,11.5379428668932,11.6833895115796,7.69625018603822,15.6705288371211,9.55536793226912,0,11.3171622406783,0,"normal","I",1000,500,0.5,0,0,0,FALSE,0,FALSE,0.5,"leave-d",200,0.7,1e+05,TRUE,820
10,0,0,0,9.44837207042408,7.35880127395495,11.5379428668932,9.41424102496818,5.87733064643515,12.9511514035012,9.55536793226912,0,9.06611058623585,0,"normal","I",1000,500,0.5,0,0,0,FALSE,0,FALSE,0.5,"leave-d",200,0.7,1e+05,TRUE,820
10,0,0,0,9.44837207042408,7.35880127395495,11.5379428668932,10.5521182770961,6.73114872078383,14.3730878334083,9.55536793226912,0,10.7870307953353,0,"normal","I",1000,500,0.5,0,0,0,FALSE,0,FALSE,0.5,"leave-d",200,0.7,1e+05,TRUE,820
10,0,0,0,9.44837207042408,7.35880127395495,11.5379428668932,13.8658710609482,9.77578223466114,17.9559598872353,9.55536793226912,0,15.6690661302651,0,"normal","I",1000,500,0.5,0,0,0,FALSE,0,FALSE,0.5,"leave-d",200,0.7,1e+05,TRUE,820
10,0,0,0,9.44837207042408,7.35880127395495,11.5379428668932,12.749111880957,8.93276567777131,16.5654580841426,9.55536793226912,0,13.9792699719995,0,"normal","I",1000,500,0.5,0,0,0,FALSE,0,FALSE,0.5,"leave-d",200,0.7,1e+05,TRUE,820
10,0,0,0,9.44837207042408,7.35880127395495,11.5379428668932,10.837157211915,7.334529755324,14.3397846685059,9.55536793226912,0,10.5599996067861,0,"normal","I",1000,500,0.5,0,0,0,FALSE,0,FALSE,0.5,"leave-d",200,0.7,1e+05,TRUE,820
10,0,0,0,9.44837207042408,7.35880127395495,11.5379428668932,12.7250739152881,9.039129886231,16.4110179443452,9.55536793226912,0,11.9527096513521,0,"normal","I",1000,500,0.5,0,0,0,FALSE,0,FALSE,0.5,"leave-d",200,0.7,1e+05,TRUE,820
10,0,0,0,9.44837207042408,7.35880127395495,11.5379428668932,11.0841736989474,7.39377856980972,14.7745688280852,9.55536793226912,0,10.7970910690553,0,"normal","I",1000,500,0.5,0,0,0,FALSE,0,FALSE,0.5,"leave-d",200,0.7,1e+05,TRUE,820
10,0,0,0,9.44837207042408,7.35880127395495,11.5379428668932,10.7187909783304,6.82734562335077,14.61023633331,9.55536793226912,0,10.8600360393498,0,"normal","I",1000,500,0.5,0,0,0,FALSE,0,FALSE,0.5,"leave-d",200,0.7,1e+05,TRUE,820
10,0,0,0,9.44837207042408,7.35880127395495,11.5379428668932,11.4583830472358,7.72314355603168,15.1936225384399,9.55536793226912,0,10.4625627265285,0,"normal","I",1000,500,0.5,0,0,0,FALSE,0,FALSE,0.5,"leave-d",200,0.7,1e+05,TRUE,820
10,0,0,0,9.44837207042408,7.35880127395495,11.5379428668932,10.2893463554888,6.58807631569407,13.9906163952836,9.55536793226912,0,9.50206172382235,0,"normal","I",1000,500,0.5,0,0,0,FALSE,0,FALSE,0.5,"leave-d",200,0.7,1e+05,TRUE,820
10,0,0,0,9.44837207042408,7.35880127395495,11.5379428668932,9.85010974452936,5.99265388645194,13.7075656026068,9.55536793226912,0,9.59268821421508,0,"normal","I",1000,500,0.5,0,0,0,FALSE,0,FALSE,0.5,"leave-d",200,0.7,1e+05,TRUE,820
10,0,0,0,9.44837207042408,7.35880127395495,11.5379428668932,3.4974434892714,-0.374583782127614,7.36947076067041,9.55536793226912,0,3.48672433908186,0,"normal","I",1000,500,0.5,0,0,0,FALSE,0,FALSE,0.5,"leave-d",200,0.7,1e+05,TRUE,820
10,0,0,0,9.44837207042408,7.35880127395495,11.5379428668932,11.4316186368979,7.91301133934297,14.9502259344528,9.55536793226912,0,10.6636354177522,0,"normal","I",1000,500,0.5,0,0,0,FALSE,0,FALSE,0.5,"leave-d",200,0.7,1e+05,TRUE,820
10,0,0,0,9.44837207042408,7.35880127395495,11.5379428668932,13.2938510906502,9.49255845171188,17.0951437295886,9.55536793226912,0,12.0233583862018,0,"normal","I",1000,500,0.5,0,0,0,FALSE,0,FALSE,0.5,"leave-d",200,0.7,1e+05,TRUE,820
10,0,0,0,9.44837207042408,7.35880127395495,11.5379428668932,9.21931719313014,5.20626954343511,13.2323648428252,9.55536793226912,0,8.94508943988109,0,"normal","I",1000,500,0.5,0,0,0,FALSE,0,FALSE,0.5,"leave-d",200,0.7,1e+05,TRUE,820
10,0,0,0,9.44837207042408,7.35880127395495,11.5379428668932,12.4877438665382,8.34428465876949,16.6312030743069,9.55536793226912,0,12.718816868437,0,"normal","I",1000,500,0.5,0,0,0,FALSE,0,FALSE,0.5,"leave-d",200,0.7,1e+05,TRUE,820
10,0,0,0,9.44837207042408,7.35880127395495,11.5379428668932,11.0568519146884,7.5019162501317,14.611787579245,9.55536793226912,0,11.5970081522944,0,"normal","I",1000,500,0.5,0,0,0,FALSE,0,FALSE,0.5,"leave-d",200,0.7,1e+05,TRUE,820
10,0,0,0,9.44837207042408,7.35880127395495,11.5379428668932,10.7991718492408,7.08873112196408,14.5096125765176,9.55536793226912,0,9.49030700754058,0,"normal","I",1000,500,0.5,0,0,0,FALSE,0,FALSE,0.5,"leave-d",200,0.7,1e+05,TRUE,820
10,0,0,0,9.44837207042408,7.35880127395495,11.5379428668932,5.81877637307796,1.76828723145452,9.8692655147014,9.55536793226912,0,5.86510035349822,0,"normal","I",1000,500,0.5,0,0,0,FALSE,0,FALSE,0.5,"leave-d",200,0.7,1e+05,TRUE,820
10,0,0,0,9.44837207042408,7.35880127395495,11.5379428668932,10.7980799601102,7.06797711203349,14.5281828081868,9.55536793226912,0,9.64270059593478,0,"normal","I",1000,500,0.5,0,0,0,FALSE,0,FALSE,0.5,"leave-d",200,0.7,1e+05,TRUE,820
10,0,0,0,9.44837207042408,7.35880127395495,11.5379428668932,9.69182740214479,6.41688717846917,12.9667676258204,9.55536793226912,0,9.14369281738318,0,"normal","I",1000,500,0.5,0,0,0,FALSE,0,FALSE,0.5,"leave-d",200,0.7,1e+05,TRUE,820
10,0,0,0,9.44837207042408,7.35880127395495,11.5379428668932,13.2303737026436,9.41987513653789,17.0408722687493,9.55536793226912,0,12.6212406664617,0,"normal","I",1000,500,0.5,0,0,0,FALSE,0,FALSE,0.5,"leave-d",200,0.7,1e+05,TRUE,820
10,0,0,0,9.44837207042408,7.35880127395495,11.5379428668932,11.8864805129363,8.11491529954029,15.6580457263322,9.55536793226912,0,11.2104703934723,0,"normal","I",1000,500,0.5,0,0,0,FALSE,0,FALSE,0.5,"leave-d",200,0.7,1e+05,TRUE,820
10,0,0,0,9.44837207042408,7.35880127395495,11.5379428668932,5.97536494109558,2.20859173986758,9.74213814232359,9.55536793226912,0,5.85238808686815,0,"normal","I",1000,500,0.5,0,0,0,FALSE,0,FALSE,0.5,"leave-d",200,0.7,1e+05,TRUE,820
10,0,0,0,9.44837207042408,7.35880127395495,11.5379428668932,7.96890063606798,4.12650629511031,11.8112949770256,9.55536793226912,0,7.72512696162503,0,"normal","I",1000,500,0.5,0,0,0,FALSE,0,FALSE,0.5,"leave-d",200,0.7,1e+05,TRUE,820
10,0,0,0,9.44837207042408,7.35880127395495,11.5379428668932,11.6078902305302,8.16457261110468,15.0512078499557,9.55536793226912,0,11.4208341140998,0,"normal","I",1000,500,0.5,0,0,0,FALSE,0,FALSE,0.5,"leave-d",200,0.7,1e+05,TRUE,820
10,0,0,0,9.44837207042408,7.35880127395495,11.5379428668932,10.2955823743205,6.49823335480495,14.0929313938359,9.55536793226912,0,10.3411815064513,0,"normal","I",1000,500,0.5,0,0,0,FALSE,0,FALSE,0.5,"leave-d",200,0.7,1e+05,TRUE,820
10,0,0,0,9.44837207042408,7.35880127395495,11.5379428668932,10.188288578871,6.36232876039925,14.0142483973428,9.55536793226912,0,9.93447637889001,0,"normal","I",1000,500,0.5,0,0,0,FALSE,0,FALSE,0.5,"leave-d",200,0.7,1e+05,TRUE,820
10,0,0,0,9.44837207042408,7.35880127395495,11.5379428668932,8.3189355748288,4.77822720150013,11.8596439481575,9.55536793226912,0,8.62987669460196,0,"normal","I",1000,500,0.5,0,0,0,FALSE,0,FALSE,0.5,"leave-d",200,0.7,1e+05,TRUE,820
10,0,0,0,9.44837207042408,7.35880127395495,11.5379428668932,9.31727049266569,5.52081900186859,13.1137219834628,9.55536793226912,0,9.18929317879404,0,"normal","I",1000,500,0.5,0,0,0,FALSE,0,FALSE,0.5,"leave-d",200,0.7,1e+05,TRUE,820
10,0,0,0,9.44837207042408,7.35880127395495,11.5379428668932,8.62975160201908,4.99406651494397,12.2654366890942,9.55536793226912,0,8.46750663759017,0,"normal","I",1000,500,0.5,0,0,0,FALSE,0,FALSE,0.5,"leave-d",200,0.7,1e+05,TRUE,820
10,0,0,0,9.44837207042408,7.35880127395495,11.5379428668932,14.2727446686111,10.3260854872048,18.2194038500175,9.55536793226912,0,13.3298448015292,0,"normal","I",1000,500,0.5,0,0,0,FALSE,0,FALSE,0.5,"leave-d",200,0.7,1e+05,TRUE,820
10,0,0,0,9.44837207042408,7.35880127395495,11.5379428668932,13.7865059919221,10.1685562921617,17.4044556916825,9.55536793226912,0,13.4755834043729,0,"normal","I",1000,500,0.5,0,0,0,FALSE,0,FALSE,0.5,"leave-d",200,0.7,1e+05,TRUE,820
10,0,0,0,9.44837207042408,7.35880127395495,11.5379428668932,9.99240036962412,6.2076544938603,13.7771462453879,9.55536793226912,0,9.36603089117176,0,"normal","I",1000,500,0.5,0,0,0,FALSE,0,FALSE,0.5,"leave-d",200,0.7,1e+05,TRUE,820
10,0,0,0,9.44837207042408,7.35880127395495,11.5379428668932,13.4595208516886,9.48882815413782,17.4302135492394,9.55536793226912,0,12.5285091843303,0,"normal","I",1000,500,0.5,0,0,0,FALSE,0,FALSE,0.5,"leave-d",200,0.7,1e+05,TRUE,820
10,0,0,0,9.44837207042408,7.35880127395495,11.5379428668932,8.4859254661507,4.60593237612399,12.3659185561774,9.55536793226912,0,8.02548761401841,0,"normal","I",1000,500,0.5,0,0,0,FALSE,0,FALSE,0.5,"leave-d",200,0.7,1e+05,TRUE,820
10,0,0,0,9.44837207042408,7.35880127395495,11.5379428668932,10.924738051185,7.03742207845906,14.812054023911,9.55536793226912,0,10.6348744854656,0,"normal","I",1000,500,0.5,0,0,0,FALSE,0,FALSE,0.5,"leave-d",200,0.7,1e+05,TRUE,820
10,0,0,0,9.44837207042408,7.35880127395495,11.5379428668932,10.5818459999701,6.84667955224231,14.317012447698,9.55536793226912,0,9.76525020234745,0,"normal","I",1000,500,0.5,0,0,0,FALSE,0,FALSE,0.5,"leave-d",200,0.7,1e+05,TRUE,820
10,0,0,0,9.44837207042408,7.35880127395495,11.5379428668932,9.01156740463433,5.44220042936049,12.5809343799082,9.55536793226912,0,9.35184006643777,0,"normal","I",1000,500,0.5,0,0,0,FALSE,0,FALSE,0.5,"leave-d",200,0.7,1e+05,TRUE,820
10,0,0,0,9.44837207042408,7.35880127395495,11.5379428668932,8.18255288785232,4.62136570572182,11.7437400699828,9.55536793226912,0,8.06719073131189,0,"normal","I",1000,500,0.5,0,0,0,FALSE,0,FALSE,0.5,"leave-d",200,0.7,1e+05,TRUE,820
10,0,0,0,9.44837207042408,7.35880127395495,11.5379428668932,10.0197081958902,6.66115437733999,13.3782620144403,9.55536793226912,0,9.80174371986028,0,"normal","I",1000,500,0.5,0,0,0,FALSE,0,FALSE,0.5,"leave-d",200,0.7,1e+05,TRUE,820
10,0,0,0,9.44837207042408,7.35880127395495,11.5379428668932,12.0890378333821,8.23144369303315,15.9466319737311,9.55536793226912,0,13.5400915039491,0,"normal","I",1000,500,0.5,0,0,0,FALSE,0,FALSE,0.5,"leave-d",200,0.7,1e+05,TRUE,820
10,0,0,0,9.44837207042408,7.35880127395495,11.5379428668932,8.81388344901003,4.70057906347264,12.9271878345474,9.55536793226912,0,8.37837629633407,0,"normal","I",1000,500,0.5,0,0,0,FALSE,0,FALSE,0.5,"leave-d",200,0.7,1e+05,TRUE,820
10,0,0,0,9.44837207042408,7.35880127395495,11.5379428668932,6.37805662312433,2.8293388587906,9.92677438745805,9.55536793226912,0,6.2348654557308,0,"normal","I",1000,500,0.5,0,0,0,FALSE,0,FALSE,0.5,"leave-d",200,0.7,1e+05,TRUE,820
10,0,0,0,9.44837207042408,7.35880127395495,11.5379428668932,10.2590335597517,6.73735466436904,13.7807124551343,9.55536793226912,0,10.2423807644253,0,"normal","I",1000,500,0.5,0,0,0,FALSE,0,FALSE,0.5,"leave-d",200,0.7,1e+05,TRUE,820
10,0,0,0,9.44837207042408,7.35880127395495,11.5379428668932,8.8667015717381,5.11770897411977,12.6156941693564,9.55536793226912,0,8.66902244675344,0,"normal","I",1000,500,0.5,0,0,0,FALSE,0,FALSE,0.5,"leave-d",200,0.7,1e+05,TRUE,820
10,0,0,0,9.44837207042408,7.35880127395495,11.5379428668932,9.16164895635175,5.43072884717817,12.8925690655253,9.55536793226912,0,8.80781609056117,0,"normal","I",1000,500,0.5,0,0,0,FALSE,0,FALSE,0.5,"leave-d",200,0.7,1e+05,TRUE,820
10,0,0,0,9.44837207042408,7.35880127395495,11.5379428668932,8.72836917702984,5.11270948470166,12.344028869358,9.55536793226912,0,8.85021723183394,0,"normal","I",1000,500,0.5,0,0,0,FALSE,0,FALSE,0.5,"leave-d",200,0.7,1e+05,TRUE,820
10,0,0,0,9.44837207042408,7.35880127395495,11.5379428668932,11.3940349409381,7.74171366706096,15.0463562148153,9.55536793226912,0,11.3296332557213,0,"normal","I",1000,500,0.5,0,0,0,FALSE,0,FALSE,0.5,"leave-d",200,0.7,1e+05,TRUE,820
10,0,0,0,9.44837207042408,7.35880127395495,11.5379428668932,7.02792513813619,3.2918483826282,10.7640018936442,9.55536793226912,0,6.75389489999218,0,"normal","I",1000,500,0.5,0,0,0,FALSE,0,FALSE,0.5,"leave-d",200,0.7,1e+05,TRUE,820
10,0,0,0,9.44837207042408,7.35880127395495,11.5379428668932,13.6852100139395,10.0573057299179,17.3131142979611,9.55536793226912,0,13.3740160380748,0,"normal","I",1000,500,0.5,0,0,0,FALSE,0,FALSE,0.5,"leave-d",200,0.7,1e+05,TRUE,820
10,0,0,0,9.44837207042408,7.35880127395495,11.5379428668932,11.196298244389,7.41951022810968,14.9730862606683,9.55536793226912,0,11.8856220060191,0,"normal","I",1000,500,0.5,0,0,0,FALSE,0,FALSE,0.5,"leave-d",200,0.7,1e+05,TRUE,820
10,0,0,0,9.44837207042408,7.35880127395495,11.5379428668932,13.307537677594,9.49080197436259,17.1242733808254,9.55536793226912,0,14.0027592829414,0,"normal","I",1000,500,0.5,0,0,0,FALSE,0,FALSE,0.5,"leave-d",200,0.7,1e+05,TRUE,820
10,0,0,0,9.44837207042408,7.35880127395495,11.5379428668932,11.8440954571161,8.03007360638708,15.6581173078451,9.55536793226912,0,10.2633698822076,0,"normal","I",1000,500,0.5,0,0,0,FALSE,0,FALSE,0.5,"leave-d",200,0.7,1e+05,TRUE,820
10,0,0,0,9.44837207042408,7.35880127395495,11.5379428668932,10.8365564679163,7.16048364107075,14.5126292947619,9.55536793226912,0,9.92520697816459,0,"normal","I",1000,500,0.5,0,0,0,FALSE,0,FALSE,0.5,"leave-d",200,0.7,1e+05,TRUE,820
10,0,0,0,9.44837207042408,7.35880127395495,11.5379428668932,11.3190568662684,7.41013771888492,15.2279760136519,9.55536793226912,0,11.1784932419563,0,"normal","I",1000,500,0.5,0,0,0,FALSE,0,FALSE,0.5,"leave-d",200,0.7,1e+05,TRUE,820
10,0,0,0,9.44837207042408,7.35880127395495,11.5379428668932,13.0026237472848,9.21667048494962,16.78857700962,9.55536793226912,0,13.0287958635871,0,"normal","I",1000,500,0.5,0,0,0,FALSE,0,FALSE,0.5,"leave-d",200,0.7,1e+05,TRUE,820
10,0,0,0,9.44837207042408,7.35880127395495,11.5379428668932,13.594339356097,9.63956785646426,17.5491108557297,9.55536793226912,0,13.6048212153736,0,"normal","I",1000,500,0.5,0,0,0,FALSE,0,FALSE,0.5,"leave-d",200,0.7,1e+05,TRUE,820
10,0,0,0,9.44837207042408,7.35880127395495,11.5379428668932,9.99952110953671,6.62150396893944,13.377538250134,9.55536793226912,0,9.01013084548864,0,"normal","I",1000,500,0.5,0,0,0,FALSE,0,FALSE,0.5,"leave-d",200,0.7,1e+05,TRUE,820
10,0,0,0,9.44837207042408,7.35880127395495,11.5379428668932,11.1965366602465,7.79860248977451,14.5944708307186,9.55536793226912,0,10.4088023161008,0,"normal","I",1000,500,0.5,0,0,0,FALSE,0,FALSE,0.5,"leave-d",200,0.7,1e+05,TRUE,820
10,0,0,0,9.44837207042408,7.35880127395495,11.5379428668932,14.0041249175797,10.0847524400034,17.923497395156,9.55536793226912,0,11.6129362537783,0,"normal","I",1000,500,0.5,0,0,0,FALSE,0,FALSE,0.5,"leave-d",200,0.7,1e+05,TRUE,820
10,0,0,0,9.44837207042408,7.35880127395495,11.5379428668932,8.32089478103655,4.88172084392665,11.7600687181464,9.55536793226912,0,8.22876936136928,0,"normal","I",1000,500,0.5,0,0,0,FALSE,0,FALSE,0.5,"leave-d",200,0.7,1e+05,TRUE,820
10,0,0,0,9.44837207042408,7.35880127395495,11.5379428668932,15.1918985201853,11.2900359381911,19.0937611021796,9.55536793226912,0,14.3844580105343,0,"normal","I",1000,500,0.5,0,0,0,FALSE,0,FALSE,0.5,"leave-d",200,0.7,1e+05,TRUE,820
10,0,0,0,9.44837207042408,7.35880127395495,11.5379428668932,9.05600937822903,5.26780547466268,12.8442132817954,9.55536793226912,0,9.02707837671903,0,"normal","I",1000,500,0.5,0,0,0,FALSE,0,FALSE,0.5,"leave-d",200,0.7,1e+05,TRUE,820
10,0,0,0,9.44837207042408,7.35880127395495,11.5379428668932,10.8031350739513,6.97846272241804,14.6278074254845,9.55536793226912,0,11.2508750389963,0,"normal","I",1000,500,0.5,0,0,0,FALSE,0,FALSE,0.5,"leave-d",200,0.7,1e+05,TRUE,820
10,0,0,0,9.44837207042408,7.35880127395495,11.5379428668932,10.8359315103955,7.1497396548401,14.522123365951,9.55536793226912,0,11.1520783351632,0,"normal","I",1000,500,0.5,0,0,0,FALSE,0,FALSE,0.5,"leave-d",200,0.7,1e+05,TRUE,820
10,0,0,0,9.44837207042408,7.35880127395495,11.5379428668932,12.2864161868755,8.36103623998275,16.2117961337683,9.55536793226912,0,11.5764398172348,0,"normal","I",1000,500,0.5,0,0,0,FALSE,0,FALSE,0.5,"leave-d",200,0.7,1e+05,TRUE,820
10,0,0,0,9.44837207042408,7.35880127395495,11.5379428668932,9.11735283901718,5.67414572753602,12.5605599504983,9.55536793226912,0,8.74389285811638,0,"normal","I",1000,500,0.5,0,0,0,FALSE,0,FALSE,0.5,"leave-d",200,0.7,1e+05,TRUE,820
10,0,0,0,9.44837207042408,7.35880127395495,11.5379428668932,6.31558962017122,2.92829482398992,9.70288441635253,9.55536793226912,0,6.07367529629177,0,"normal","I",1000,500,0.5,0,0,0,FALSE,0,FALSE,0.5,"leave-d",200,0.7,1e+05,TRUE,820
10,0,0,0,9.44837207042408,7.35880127395495,11.5379428668932,13.5712327246411,9.84475593527461,17.2977095140076,9.55536793226912,0,11.3132502138365,0,"normal","I",1000,500,0.5,0,0,0,FALSE,0,FALSE,0.5,"leave-d",200,0.7,1e+05,TRUE,820
10,0,0,0,9.44837207042408,7.35880127395495,11.5379428668932,10.5270326849034,6.98595317794423,14.0681121918625,9.55536793226912,0,10.1590018290913,0,"normal","I",1000,500,0.5,0,0,0,FALSE,0,FALSE,0.5,"leave-d",200,0.7,1e+05,TRUE,820
10,0,0,0,9.44837207042408,7.35880127395495,11.5379428668932,6.71626530483222,2.88752578058053,10.5450048290839,9.55536793226912,0,6.00238563158435,0,"normal","I",1000,500,0.5,0,0,0,FALSE,0,FALSE,0.5,"leave-d",200,0.7,1e+05,TRUE,820
10,0,0,0,9.44837207042408,7.35880127395495,11.5379428668932,9.75314571168049,6.06771523262812,13.4385761907329,9.55536793226912,0,10.5292174564702,0,"normal","I",1000,500,0.5,0,0,0,FALSE,0,FALSE,0.5,"leave-d",200,0.7,1e+05,TRUE,820
10,0,0,0,9.44837207042408,7.35880127395495,11.5379428668932,7.67476212327728,4.1039156419002,11.2456086046544,9.55536793226912,0,7.23244699701776,0,"normal","I",1000,500,0.5,0,0,0,FALSE,0,FALSE,0.5,"leave-d",200,0.7,1e+05,TRUE,820
10,0,0,0,9.44837207042408,7.35880127395495,11.5379428668932,15.7316549045573,11.8851965571735,19.5781132519412,9.55536793226912,0,14.9713952432837,0,"normal","I",1000,500,0.5,0,0,0,FALSE,0,FALSE,0.5,"leave-d",200,0.7,1e+05,TRUE,820
10,0,0,0,9.44837207042408,7.35880127395495,11.5379428668932,10.9255703195135,7.0064169967241,14.844723642303,9.55536793226912,0,11.0199788652369,0,"normal","I",1000,500,0.5,0,0,0,FALSE,0,FALSE,0.5,"leave-d",200,0.7,1e+05,TRUE,820
10,0,0,0,9.44837207042408,7.35880127395495,11.5379428668932,9.4715094639739,5.71526476823121,13.2277541597166,9.55536793226912,0,9.02908835443022,0,"normal","I",1000,500,0.5,0,0,0,FALSE,0,FALSE,0.5,"leave-d",200,0.7,1e+05,TRUE,820
10,0,0,0,9.44837207042408,7.35880127395495,11.5379428668932,14.8581749026912,10.7773621928939,18.9389876124885,9.55536793226912,0,13.7131505480045,0,"normal","I",1000,500,0.5,0,0,0,FALSE,0,FALSE,0.5,"leave-d",200,0.7,1e+05,TRUE,820
10,0,0,0,9.44837207042408,7.35880127395495,11.5379428668932,8.28795378412967,4.49198823042885,12.0839193378305,9.55536793226912,0,8.06388828679532,0,"normal","I",1000,500,0.5,0,0,0,FALSE,0,FALSE,0.5,"leave-d",200,0.7,1e+05,TRUE,820
10,0,0,0,9.44837207042408,7.35880127395495,11.5379428668932,11.3314857269782,7.85928463168211,14.8036868222743,9.55536793226912,0,11.8828201806339,0,"normal","I",1000,500,0.5,0,0,0,FALSE,0,FALSE,0.5,"leave-d",200,0.7,1e+05,TRUE,820
10,0,0,0,9.44837207042408,7.35880127395495,11.5379428668932,12.4100115341594,8.6451000539001,16.1749230144188,9.55536793226912,0,11.6948978483283,0,"normal","I",1000,500,0.5,0,0,0,FALSE,0,FALSE,0.5,"leave-d",200,0.7,1e+05,TRUE,820
10,0,0,0,9.44837207042408,7.35880127395495,11.5379428668932,11.4262428815123,7.78329528377292,15.0691904792516,9.55536793226912,0,11.3389163716843,0,"normal","I",1000,500,0.5,0,0,0,FALSE,0,FALSE,0.5,"leave-d",200,0.7,1e+05,TRUE,820
10,0,0,0,9.44837207042408,7.35880127395495,11.5379428668932,14.5577101032731,10.5654356203952,18.549984586151,9.55536793226912,0,14.5790767704167,0,"normal","I",1000,500,0.5,0,0,0,FALSE,0,FALSE,0.5,"leave-d",200,0.7,1e+05,TRUE,820
10,0,0,0,9.44837207042408,7.35880127395495,11.5379428668932,7.46333744682227,4.08670453528844,10.8399703583561,9.55536793226912,0,7.60350680955765,0,"normal","I",1000,500,0.5,0,0,0,FALSE,0,FALSE,0.5,"leave-d",200,0.7,1e+05,TRUE,820
10,0,0,0,9.44837207042408,7.35880127395495,11.5379428668932,10.438335291823,6.45306950181977,14.4236010818263,9.55536793226912,0,10.3126188852033,0,"normal","I",1000,500,0.5,0,0,0,FALSE,0,FALSE,0.5,"leave-d",200,0.7,1e+05,TRUE,820
10,0,0,0,9.44837207042408,7.35880127395495,11.5379428668932,12.2718877193397,8.86000668755129,15.683768751128,9.55536793226912,0,12.1546343451668,0,"normal","I",1000,500,0.5,0,0,0,FALSE,0,FALSE,0.5,"leave-d",200,0.7,1e+05,TRUE,820
10,0,0,0,9.44837207042408,7.35880127395495,11.5379428668932,14.2893654232852,10.2063706571157,18.3723601894548,9.55536793226912,0,13.5863707305277,0,"normal","I",1000,500,0.5,0,0,0,FALSE,0,FALSE,0.5,"leave-d",200,0.7,1e+05,TRUE,820
10,0,0,0,9.44837207042408,7.35880127395495,11.5379428668932,10.6517141898906,6.51727068550875,14.7861576942725,9.55536793226912,0,10.5476091440509,0,"normal","I",1000,500,0.5,0,0,0,FALSE,0,FALSE,0.5,"leave-d",200,0.7,1e+05,TRUE,820
10,0,0,0,9.44837207042408,7.35880127395495,11.5379428668932,13.8123357562656,9.38420068383602,18.2404708286951,9.55536793226912,0,13.2512626276567,0,"normal","I",1000,500,0.5,0,0,0,FALSE,0,FALSE,0.5,"leave-d",200,0.7,1e+05,TRUE,820
10,0,0,0,9.44837207042408,7.35880127395495,11.5379428668932,10.9046141563716,6.96989190187292,14.8393364108703,9.55536793226912,0,11.6451978910139,0,"normal","I",1000,500,0.5,0,0,0,FALSE,0,FALSE,0.5,"leave-d",200,0.7,1e+05,TRUE,820
10,0,0,0,9.44837207042408,7.35880127395495,11.5379428668932,13.1953156454534,9.37755518850575,17.013076102401,9.55536793226912,0,12.9193680297504,0,"normal","I",1000,500,0.5,0,0,0,FALSE,0,FALSE,0.5,"leave-d",200,0.7,1e+05,TRUE,820
10,0,0,0,9.44837207042408,7.35880127395495,11.5379428668932,11.4181166013168,7.87184284283003,14.9643903598035,9.55536793226912,0,10.9901589933043,0,"normal","I",1000,500,0.5,0,0,0,FALSE,0,FALSE,0.5,"leave-d",200,0.7,1e+05,TRUE,820
10,0,0,0,9.44837207042408,7.35880127395495,11.5379428668932,11.7308718194879,7.86361795347988,15.598125685496,9.55536793226912,0,11.9768625320455,0,"normal","I",1000,500,0.5,0,0,0,FALSE,0,FALSE,0.5,"leave-d",200,0.7,1e+05,TRUE,820
10,0,0,0,9.44837207042408,7.35880127395495,11.5379428668932,4.99191798958029,1.4567163413423,8.52711963781828,9.55536793226912,0,5.32014512284915,0,"normal","I",1000,500,0.5,0,0,0,FALSE,0,FALSE,0.5,"leave-d",200,0.7,1e+05,TRUE,820
10,0,0,0,9.44837207042408,7.35880127395495,11.5379428668932,7.96084594003541,4.27340806112048,11.6482838189503,9.55536793226912,0,7.91573454162548,0,"normal","I",1000,500,0.5,0,0,0,FALSE,0,FALSE,0.5,"leave-d",200,0.7,1e+05,TRUE,820
10,0,0,0,9.44837207042408,7.35880127395495,11.5379428668932,6.88494581277632,3.0669438925298,10.7029477330228,9.55536793226912,0,6.63411432248423,0,"normal","I",1000,500,0.5,0,0,0,FALSE,0,FALSE,0.5,"leave-d",200,0.7,1e+05,TRUE,820
10,0,0,0,9.44837207042408,7.35880127395495,11.5379428668932,9.68442303599521,6.14667457237044,13.22217149962,9.55536793226912,0,9.05544953803014,0,"normal","I",1000,500,0.5,0,0,0,FALSE,0,FALSE,0.5,"leave-d",200,0.7,1e+05,TRUE,820
10,0,0,0,9.44837207042408,7.35880127395495,11.5379428668932,14.7477383180887,10.8763495990831,18.6191270370943,9.55536793226912,0,14.0896913553165,0,"normal","I",1000,500,0.5,0,0,0,FALSE,0,FALSE,0.5,"leave-d",200,0.7,1e+05,TRUE,820
10,0,0,0,9.44837207042408,7.35880127395495,11.5379428668932,9.2049066824988,5.72708458868525,12.6827287763123,9.55536793226912,0,9.31362287531434,0,"normal","I",1000,500,0.5,0,0,0,FALSE,0,FALSE,0.5,"leave-d",200,0.7,1e+05,TRUE,820
10,0,0,0,9.44837207042408,7.35880127395495,11.5379428668932,9.38639764376848,5.38962632599134,13.3831689615456,9.55536793226912,0,8.89197360930063,0,"normal","I",1000,500,0.5,0,0,0,FALSE,0,FALSE,0.5,"leave-d",200,0.7,1e+05,TRUE,820
10,0,0,0,9.44837207042408,7.35880127395495,11.5379428668932,11.0254104437926,7.12690548426929,14.923915403316,9.55536793226912,0,10.287124792751,0,"normal","I",1000,500,0.5,0,0,0,FALSE,0,FALSE,0.5,"leave-d",200,0.7,1e+05,TRUE,820
10,0,0,0,9.44837207042408,7.35880127395495,11.5379428668932,8.59609009109448,5.50987133725303,11.6823088449359,9.55536793226912,0,8.30969013338851,0,"normal","I",1000,500,0.5,0,0,0,FALSE,0,FALSE,0.5,"leave-d",200,0.7,1e+05,TRUE,820
10,0,0,0,9.44837207042408,7.35880127395495,11.5379428668932,7.32601524380311,3.19553606684316,11.4564944207631,9.55536793226912,0,7.19045797733403,0,"normal","I",1000,500,0.5,0,0,0,FALSE,0,FALSE,0.5,"leave-d",200,0.7,1e+05,TRUE,820
10,0,0,0,9.44837207042408,7.35880127395495,11.5379428668932,8.80419160936604,5.47918847922996,12.1291947395021,9.55536793226912,0,8.2445847572139,0,"normal","I",1000,500,0.5,0,0,0,FALSE,0,FALSE,0.5,"leave-d",200,0.7,1e+05,TRUE,820
10,0,0,0,9.44837207042408,7.35880127395495,11.5379428668932,9.02713537617088,5.62995849123138,12.4243122611104,9.55536793226912,0,8.97799689090083,0,"normal","I",1000,500,0.5,0,0,0,FALSE,0,FALSE,0.5,"leave-d",200,0.7,1e+05,TRUE,820
10,0,0,0,9.44837207042408,7.35880127395495,11.5379428668932,5.78636161466304,2.32516423353027,9.24755899579582,9.55536793226912,0,5.83603545408184,0,"normal","I",1000,500,0.5,0,0,0,FALSE,0,FALSE,0.5,"leave-d",200,0.7,1e+05,TRUE,820
10,0,0,0,9.44837207042408,7.35880127395495,11.5379428668932,7.11784233856062,3.57535616303291,10.6603285140883,9.55536793226912,0,6.83225641747408,0,"normal","I",1000,500,0.5,0,0,0,FALSE,0,FALSE,0.5,"leave-d",200,0.7,1e+05,TRUE,820
10,0,0,0,9.44837207042408,7.35880127395495,11.5379428668932,10.2251987549571,6.53400013733873,13.9163973725755,9.55536793226912,0,10.1410362494789,0,"normal","I",1000,500,0.5,0,0,0,FALSE,0,FALSE,0.5,"leave-d",200,0.7,1e+05,TRUE,820
10,0,0,0,9.44837207042408,7.35880127395495,11.5379428668932,8.61823313122808,5.3042263150508,11.9322399474054,9.55536793226912,0,8.189564738269,0,"normal","I",1000,500,0.5,0,0,0,FALSE,0,FALSE,0.5,"leave-d",200,0.7,1e+05,TRUE,820
10,0,0,0,9.44837207042408,7.35880127395495,11.5379428668932,6.0280532337707,2.2342249633225,9.8218815042189,9.55536793226912,0,6.24183581293474,0,"normal","I",1000,500,0.5,0,0,0,FALSE,0,FALSE,0.5,"leave-d",200,0.7,1e+05,TRUE,820
10,0,0,0,9.44837207042408,7.35880127395495,11.5379428668932,10.9920750165248,7.01096719640575,14.9731828366438,9.55536793226912,0,10.7029675099291,0,"normal","I",1000,500,0.5,0,0,0,FALSE,0,FALSE,0.5,"leave-d",200,0.7,1e+05,TRUE,820
10,0,0,0,9.44837207042408,7.35880127395495,11.5379428668932,4.19929979740109,0.894664119800973,7.50393547500121,9.55536793226912,0,4.29661142226785,0,"normal","I",1000,500,0.5,0,0,0,FALSE,0,FALSE,0.5,"leave-d",200,0.7,1e+05,TRUE,820
10,0,0,0,9.44837207042408,7.35880127395495,11.5379428668932,12.8931503382853,9.26213490232466,16.5241657742459,9.55536793226912,0,12.4895698181859,0,"normal","I",1000,500,0.5,0,0,0,FALSE,0,FALSE,0.5,"leave-d",200,0.7,1e+05,TRUE,820
10,0,0,0,9.44837207042408,7.35880127395495,11.5379428668932,7.30199710586733,3.74534425088427,10.8586499608504,9.55536793226912,0,7.33511786303848,0,"normal","I",1000,500,0.5,0,0,0,FALSE,0,FALSE,0.5,"leave-d",200,0.7,1e+05,TRUE,820
10,0,0,0,9.44837207042408,7.35880127395495,11.5379428668932,11.6949110384094,8.04247635827969,15.3473457185391,9.55536793226912,0,12.8193897342874,0,"normal","I",1000,500,0.5,0,0,0,FALSE,0,FALSE,0.5,"leave-d",200,0.7,1e+05,TRUE,820
10,0,0,0,9.44837207042408,7.35880127395495,11.5379428668932,7.83682707439752,4.04752573320963,11.6261284155854,9.55536793226912,0,7.45173567804099,0,"normal","I",1000,500,0.5,0,0,0,FALSE,0,FALSE,0.5,"leave-d",200,0.7,1e+05,TRUE,820
10,0,0,0,9.44837207042408,7.35880127395495,11.5379428668932,15.2603335451245,11.3649399365392,19.1557271537099,9.55536793226912,0,15.0558241356503,0,"normal","I",1000,500,0.5,0,0,0,FALSE,0,FALSE,0.5,"leave-d",200,0.7,1e+05,TRUE,820
10,0,0,0,9.44837207042408,7.35880127395495,11.5379428668932,11.1214494816493,7.41883468834594,14.8240642749527,9.55536793226912,0,10.1537329045645,0,"normal","I",1000,500,0.5,0,0,0,FALSE,0,FALSE,0.5,"leave-d",200,0.7,1e+05,TRUE,820
10,0,0,0,9.44837207042408,7.35880127395495,11.5379428668932,12.789851621614,9.18576829398858,16.3939349492393,9.55536793226912,0,12.0924818514357,0,"normal","I",1000,500,0.5,0,0,0,FALSE,0,FALSE,0.5,"leave-d",200,0.7,1e+05,TRUE,820
10,0,0,0,9.44837207042408,7.35880127395495,11.5379428668932,10.9523541978604,7.0222596966732,14.8824486990476,9.55536793226912,0,11.6236134719701,0,"normal","I",1000,500,0.5,0,0,0,FALSE,0,FALSE,0.5,"leave-d",200,0.7,1e+05,TRUE,820
10,0,0,0,9.44837207042408,7.35880127395495,11.5379428668932,9.01114874481529,5.15933866484218,12.8629588247884,9.55536793226912,0,8.55411253374887,0,"normal","I",1000,500,0.5,0,0,0,FALSE,0,FALSE,0.5,"leave-d",200,0.7,1e+05,TRUE,820
10,0,0,0,9.44837207042408,7.35880127395495,11.5379428668932,11.7815551315325,7.9055324072818,15.6575778557833,9.55536793226912,0,12.2947661601006,0,"normal","I",1000,500,0.5,0,0,0,FALSE,0,FALSE,0.5,"leave-d",200,0.7,1e+05,TRUE,820
10,0,0,0,9.44837207042408,7.35880127395495,11.5379428668932,7.62787867722053,3.89020787914779,11.3655494752933,9.55536793226912,0,7.3279480751838,0,"normal","I",1000,500,0.5,0,0,0,FALSE,0,FALSE,0.5,"leave-d",200,0.7,1e+05,TRUE,820
10,0,0,0,9.44837207042408,7.35880127395495,11.5379428668932,11.6338522262893,7.31951530442876,15.9481891481499,9.55536793226912,0,11.2707609532962,0,"normal","I",1000,500,0.5,0,0,0,FALSE,0,FALSE,0.5,"leave-d",200,0.7,1e+05,TRUE,820
