"var_main_effect","var_inter_effect","cov_main_inter_effect","var_total_effect","EigenPrism_main","EigenPrism_CI1","EigenPrism_CI2","sub_EigenPrism_main","sub_EigenPrism_CI1","sub_EigenPrism_CI2","GCTA_main","GCTA_inter","sub_GCTA_main","sub_GCTA_inter","x_dist","structure","p","n","main_fixed_var","main_random_var","inter_fixed_var","inter_random_var","decor","interact","combine","pro","bs","n_sub","rho_e","emp_n","inter_std","i"
10,0,0,0,22.4862704324085,-5.18171897946954,50.1542598442865,59.6795639570887,9.84932381478773,109.50980409939,17.2510648865401,0,50.1861060807538,0,"normal","I",1000,100,0.5,0,0,0,FALSE,0,FALSE,0.5,"leave-d",200,0.2,1e+05,TRUE,733
10,0,0,0,22.4862704324085,-5.18171897946954,50.1542598442865,40.5640331913759,2.6278015120235,78.5002648707282,17.2510648865401,0,25.8585299202286,0,"normal","I",1000,100,0.5,0,0,0,FALSE,0,FALSE,0.5,"leave-d",200,0.2,1e+05,TRUE,733
10,0,0,0,22.4862704324085,-5.18171897946954,50.1542598442865,83.8641543880102,32.8852131305151,134.843095645505,17.2510648865401,0,50.0944293074998,0,"normal","I",1000,100,0.5,0,0,0,FALSE,0,FALSE,0.5,"leave-d",200,0.2,1e+05,TRUE,733
10,0,0,0,22.4862704324085,-5.18171897946954,50.1542598442865,46.0646388098392,4.95775445905243,87.1715231606261,17.2510648865401,0,41.8952954979465,0,"normal","I",1000,100,0.5,0,0,0,FALSE,0,FALSE,0.5,"leave-d",200,0.2,1e+05,TRUE,733
10,0,0,0,22.4862704324085,-5.18171897946954,50.1542598442865,17.6787113437415,-34.5141844344574,69.8716071219404,17.2510648865401,0,1.88522661010984,0,"normal","I",1000,100,0.5,0,0,0,FALSE,0,FALSE,0.5,"leave-d",200,0.2,1e+05,TRUE,733
10,0,0,0,22.4862704324085,-5.18171897946954,50.1542598442865,30.5962383902732,-19.1624537053123,80.3549304858587,17.2510648865401,0,19.2451737216981,0,"normal","I",1000,100,0.5,0,0,0,FALSE,0,FALSE,0.5,"leave-d",200,0.2,1e+05,TRUE,733
10,0,0,0,22.4862704324085,-5.18171897946954,50.1542598442865,15.647643212435,-20.7772898819811,52.0725763068511,17.2510648865401,0,4.7786420842087,0,"normal","I",1000,100,0.5,0,0,0,FALSE,0,FALSE,0.5,"leave-d",200,0.2,1e+05,TRUE,733
10,0,0,0,22.4862704324085,-5.18171897946954,50.1542598442865,32.6656000578471,-11.4278601374895,76.7590602531836,17.2510648865401,0,45.8460930756883,0,"normal","I",1000,100,0.5,0,0,0,FALSE,0,FALSE,0.5,"leave-d",200,0.2,1e+05,TRUE,733
10,0,0,0,22.4862704324085,-5.18171897946954,50.1542598442865,50.5300824974193,-10.0657220136958,111.125887008534,17.2510648865401,0,47.2523329673385,0,"normal","I",1000,100,0.5,0,0,0,FALSE,0,FALSE,0.5,"leave-d",200,0.2,1e+05,TRUE,733
10,0,0,0,22.4862704324085,-5.18171897946954,50.1542598442865,107.087814121169,53.4535125798871,160.722115662452,17.2510648865401,0,52.3956203220581,0,"normal","I",1000,100,0.5,0,0,0,FALSE,0,FALSE,0.5,"leave-d",200,0.2,1e+05,TRUE,733
10,0,0,0,22.4862704324085,-5.18171897946954,50.1542598442865,23.7794470662104,-22.8519150943315,70.4108092267522,17.2510648865401,0,18.3922565992737,0,"normal","I",1000,100,0.5,0,0,0,FALSE,0,FALSE,0.5,"leave-d",200,0.2,1e+05,TRUE,733
10,0,0,0,22.4862704324085,-5.18171897946954,50.1542598442865,-14.097749443346,-67.8442685003718,39.6487696136798,17.2510648865401,0,0,0,"normal","I",1000,100,0.5,0,0,0,FALSE,0,FALSE,0.5,"leave-d",200,0.2,1e+05,TRUE,733
10,0,0,0,22.4862704324085,-5.18171897946954,50.1542598442865,16.8507006391551,-20.4332759198664,54.1346771981766,17.2510648865401,0,4.29575274788783,0,"normal","I",1000,100,0.5,0,0,0,FALSE,0,FALSE,0.5,"leave-d",200,0.2,1e+05,TRUE,733
10,0,0,0,22.4862704324085,-5.18171897946954,50.1542598442865,25.1830701372326,-16.1474840024072,66.5136242768724,17.2510648865401,0,16.8703176931095,0,"normal","I",1000,100,0.5,0,0,0,FALSE,0,FALSE,0.5,"leave-d",200,0.2,1e+05,TRUE,733
10,0,0,0,22.4862704324085,-5.18171897946954,50.1542598442865,64.0909254670838,9.81131298878245,118.370537945385,17.2510648865401,0,44.6900716912805,0,"normal","I",1000,100,0.5,0,0,0,FALSE,0,FALSE,0.5,"leave-d",200,0.2,1e+05,TRUE,733
10,0,0,0,22.4862704324085,-5.18171897946954,50.1542598442865,74.0422410859054,24.0392716276661,124.045210544145,17.2510648865401,0,49.8504986832758,0,"normal","I",1000,100,0.5,0,0,0,FALSE,0,FALSE,0.5,"leave-d",200,0.2,1e+05,TRUE,733
10,0,0,0,22.4862704324085,-5.18171897946954,50.1542598442865,65.6598471826021,12.4557720283115,118.863922336893,17.2510648865401,0,1.59797626690401,0,"normal","I",1000,100,0.5,0,0,0,FALSE,0,FALSE,0.5,"leave-d",200,0.2,1e+05,TRUE,733
10,0,0,0,22.4862704324085,-5.18171897946954,50.1542598442865,33.2278421828868,-9.30924625699578,75.7649306227695,17.2510648865401,0,25.4923566770248,0,"normal","I",1000,100,0.5,0,0,0,FALSE,0,FALSE,0.5,"leave-d",200,0.2,1e+05,TRUE,733
10,0,0,0,22.4862704324085,-5.18171897946954,50.1542598442865,21.9755087136027,-19.8076407048041,63.7586581320096,17.2510648865401,0,10.3242754667319,0,"normal","I",1000,100,0.5,0,0,0,FALSE,0,FALSE,0.5,"leave-d",200,0.2,1e+05,TRUE,733
10,0,0,0,22.4862704324085,-5.18171897946954,50.1542598442865,16.876322943302,-31.2789960320345,65.0316419186385,17.2510648865401,0,2.80434730323546,0,"normal","I",1000,100,0.5,0,0,0,FALSE,0,FALSE,0.5,"leave-d",200,0.2,1e+05,TRUE,733
10,0,0,0,22.4862704324085,-5.18171897946954,50.1542598442865,54.4001559773787,9.16770034070079,99.6326116140565,17.2510648865401,0,46.7124429218747,0,"normal","I",1000,100,0.5,0,0,0,FALSE,0,FALSE,0.5,"leave-d",200,0.2,1e+05,TRUE,733
10,0,0,0,22.4862704324085,-5.18171897946954,50.1542598442865,7.49028216092585,-45.2304059546382,60.2109702764899,17.2510648865401,0,0,0,"normal","I",1000,100,0.5,0,0,0,FALSE,0,FALSE,0.5,"leave-d",200,0.2,1e+05,TRUE,733
10,0,0,0,22.4862704324085,-5.18171897946954,50.1542598442865,52.3624373858569,1.63480009983081,103.090074671883,17.2510648865401,0,52.3680498819425,0,"normal","I",1000,100,0.5,0,0,0,FALSE,0,FALSE,0.5,"leave-d",200,0.2,1e+05,TRUE,733
10,0,0,0,22.4862704324085,-5.18171897946954,50.1542598442865,13.8163323196626,-30.1943150090186,57.8269796483437,17.2510648865401,0,0.195803769226832,0,"normal","I",1000,100,0.5,0,0,0,FALSE,0,FALSE,0.5,"leave-d",200,0.2,1e+05,TRUE,733
10,0,0,0,22.4862704324085,-5.18171897946954,50.1542598442865,9.5890318639131,-54.5007031237346,73.6787668515609,17.2510648865401,0,0,0,"normal","I",1000,100,0.5,0,0,0,FALSE,0,FALSE,0.5,"leave-d",200,0.2,1e+05,TRUE,733
10,0,0,0,22.4862704324085,-5.18171897946954,50.1542598442865,45.7067447833393,-0.285913210535767,91.6994027772144,17.2510648865401,0,47.0029859526777,0,"normal","I",1000,100,0.5,0,0,0,FALSE,0,FALSE,0.5,"leave-d",200,0.2,1e+05,TRUE,733
10,0,0,0,22.4862704324085,-5.18171897946954,50.1542598442865,60.5457696958741,17.9743715741633,103.117167817585,17.2510648865401,0,43.0753504748753,0,"normal","I",1000,100,0.5,0,0,0,FALSE,0,FALSE,0.5,"leave-d",200,0.2,1e+05,TRUE,733
10,0,0,0,22.4862704324085,-5.18171897946954,50.1542598442865,101.982643091221,49.8302369902979,154.135049192144,17.2510648865401,0,51.0862539082371,0,"normal","I",1000,100,0.5,0,0,0,FALSE,0,FALSE,0.5,"leave-d",200,0.2,1e+05,TRUE,733
10,0,0,0,22.4862704324085,-5.18171897946954,50.1542598442865,84.1448017750332,29.8933542276821,138.396249322384,17.2510648865401,0,53.6145033014264,0,"normal","I",1000,100,0.5,0,0,0,FALSE,0,FALSE,0.5,"leave-d",200,0.2,1e+05,TRUE,733
10,0,0,0,22.4862704324085,-5.18171897946954,50.1542598442865,34.0401947443766,-17.5500198573073,85.6304093460605,17.2510648865401,0,19.0512412840769,0,"normal","I",1000,100,0.5,0,0,0,FALSE,0,FALSE,0.5,"leave-d",200,0.2,1e+05,TRUE,733
10,0,0,0,22.4862704324085,-5.18171897946954,50.1542598442865,44.1752760268567,-6.79821258746223,95.1487646411756,17.2510648865401,0,29.0816326401724,0,"normal","I",1000,100,0.5,0,0,0,FALSE,0,FALSE,0.5,"leave-d",200,0.2,1e+05,TRUE,733
10,0,0,0,22.4862704324085,-5.18171897946954,50.1542598442865,0.00237798850647341,-54.239322074849,54.2440780518619,17.2510648865401,0,0,0,"normal","I",1000,100,0.5,0,0,0,FALSE,0,FALSE,0.5,"leave-d",200,0.2,1e+05,TRUE,733
10,0,0,0,22.4862704324085,-5.18171897946954,50.1542598442865,23.0160670085374,-30.8912097499878,76.9233437670625,17.2510648865401,0,9.24790778295746,0,"normal","I",1000,100,0.5,0,0,0,FALSE,0,FALSE,0.5,"leave-d",200,0.2,1e+05,TRUE,733
10,0,0,0,22.4862704324085,-5.18171897946954,50.1542598442865,13.0623975926711,-31.457702406568,57.5824975919103,17.2510648865401,0,0,0,"normal","I",1000,100,0.5,0,0,0,FALSE,0,FALSE,0.5,"leave-d",200,0.2,1e+05,TRUE,733
10,0,0,0,22.4862704324085,-5.18171897946954,50.1542598442865,82.4997009401714,35.5464736463023,129.45292823404,17.2510648865401,0,45.7485900636351,0,"normal","I",1000,100,0.5,0,0,0,FALSE,0,FALSE,0.5,"leave-d",200,0.2,1e+05,TRUE,733
10,0,0,0,22.4862704324085,-5.18171897946954,50.1542598442865,71.1723631368443,35.0181719186979,107.326554354991,17.2510648865401,0,34.8901770226214,0,"normal","I",1000,100,0.5,0,0,0,FALSE,0,FALSE,0.5,"leave-d",200,0.2,1e+05,TRUE,733
10,0,0,0,22.4862704324085,-5.18171897946954,50.1542598442865,56.630573656448,5.08198900574579,108.17915830715,17.2510648865401,0,46.8700238290199,0,"normal","I",1000,100,0.5,0,0,0,FALSE,0,FALSE,0.5,"leave-d",200,0.2,1e+05,TRUE,733
10,0,0,0,22.4862704324085,-5.18171897946954,50.1542598442865,87.1931918434753,27.8507102551158,146.535673431835,17.2510648865401,0,58.7909353296706,0,"normal","I",1000,100,0.5,0,0,0,FALSE,0,FALSE,0.5,"leave-d",200,0.2,1e+05,TRUE,733
10,0,0,0,22.4862704324085,-5.18171897946954,50.1542598442865,42.79004854825,-11.297875912318,96.8779730088181,17.2510648865401,0,28.0018761993003,0,"normal","I",1000,100,0.5,0,0,0,FALSE,0,FALSE,0.5,"leave-d",200,0.2,1e+05,TRUE,733
10,0,0,0,22.4862704324085,-5.18171897946954,50.1542598442865,56.5255398112233,16.6012733173699,96.4498063050767,17.2510648865401,0,39.5176640470861,0,"normal","I",1000,100,0.5,0,0,0,FALSE,0,FALSE,0.5,"leave-d",200,0.2,1e+05,TRUE,733
10,0,0,0,22.4862704324085,-5.18171897946954,50.1542598442865,38.2304621050775,-17.5236711806482,93.9845953908033,17.2510648865401,0,20.1292654756636,0,"normal","I",1000,100,0.5,0,0,0,FALSE,0,FALSE,0.5,"leave-d",200,0.2,1e+05,TRUE,733
10,0,0,0,22.4862704324085,-5.18171897946954,50.1542598442865,49.7491953965054,3.43808202503732,96.0603087679736,17.2510648865401,0,47.4405307992179,0,"normal","I",1000,100,0.5,0,0,0,FALSE,0,FALSE,0.5,"leave-d",200,0.2,1e+05,TRUE,733
10,0,0,0,22.4862704324085,-5.18171897946954,50.1542598442865,-12.2879062132172,-64.5485487348284,39.9727363083939,17.2510648865401,0,0,0,"normal","I",1000,100,0.5,0,0,0,FALSE,0,FALSE,0.5,"leave-d",200,0.2,1e+05,TRUE,733
10,0,0,0,22.4862704324085,-5.18171897946954,50.1542598442865,75.0329646042918,25.2822605826336,124.78366862595,17.2510648865401,0,50.2779608605804,0,"normal","I",1000,100,0.5,0,0,0,FALSE,0,FALSE,0.5,"leave-d",200,0.2,1e+05,TRUE,733
10,0,0,0,22.4862704324085,-5.18171897946954,50.1542598442865,2.37808564423002,-39.0358173423124,43.7919886307725,17.2510648865401,0,0,0,"normal","I",1000,100,0.5,0,0,0,FALSE,0,FALSE,0.5,"leave-d",200,0.2,1e+05,TRUE,733
10,0,0,0,22.4862704324085,-5.18171897946954,50.1542598442865,52.6541423662509,20.3663865440582,84.9418981884437,17.2510648865401,0,31.8372920419796,0,"normal","I",1000,100,0.5,0,0,0,FALSE,0,FALSE,0.5,"leave-d",200,0.2,1e+05,TRUE,733
10,0,0,0,22.4862704324085,-5.18171897946954,50.1542598442865,30.4706561968309,-10.859857977242,71.8011703709039,17.2510648865401,0,33.3325769249139,0,"normal","I",1000,100,0.5,0,0,0,FALSE,0,FALSE,0.5,"leave-d",200,0.2,1e+05,TRUE,733
10,0,0,0,22.4862704324085,-5.18171897946954,50.1542598442865,32.1786717714902,-13.6690599042189,78.0264034471993,17.2510648865401,0,23.3532709728179,0,"normal","I",1000,100,0.5,0,0,0,FALSE,0,FALSE,0.5,"leave-d",200,0.2,1e+05,TRUE,733
10,0,0,0,22.4862704324085,-5.18171897946954,50.1542598442865,77.3925406023812,25.326050396545,129.459030808217,17.2510648865401,0,51.7635315024734,0,"normal","I",1000,100,0.5,0,0,0,FALSE,0,FALSE,0.5,"leave-d",200,0.2,1e+05,TRUE,733
10,0,0,0,22.4862704324085,-5.18171897946954,50.1542598442865,44.6777536661703,7.24897277941232,82.1065345529284,17.2510648865401,0,36.541223024464,0,"normal","I",1000,100,0.5,0,0,0,FALSE,0,FALSE,0.5,"leave-d",200,0.2,1e+05,TRUE,733
10,0,0,0,22.4862704324085,-5.18171897946954,50.1542598442865,21.5440561188779,-17.3831084908808,60.4712207286365,17.2510648865401,0,8.46988691897841,0,"normal","I",1000,100,0.5,0,0,0,FALSE,0,FALSE,0.5,"leave-d",200,0.2,1e+05,TRUE,733
10,0,0,0,22.4862704324085,-5.18171897946954,50.1542598442865,-29.790251740465,-76.7660214853533,17.1855180044234,17.2510648865401,0,0,0,"normal","I",1000,100,0.5,0,0,0,FALSE,0,FALSE,0.5,"leave-d",200,0.2,1e+05,TRUE,733
10,0,0,0,22.4862704324085,-5.18171897946954,50.1542598442865,10.5886582515455,-35.2368540473443,56.4141705504354,17.2510648865401,0,0,0,"normal","I",1000,100,0.5,0,0,0,FALSE,0,FALSE,0.5,"leave-d",200,0.2,1e+05,TRUE,733
10,0,0,0,22.4862704324085,-5.18171897946954,50.1542598442865,53.920853735795,18.38751087177,89.4541965998199,17.2510648865401,0,35.6231545585379,0,"normal","I",1000,100,0.5,0,0,0,FALSE,0,FALSE,0.5,"leave-d",200,0.2,1e+05,TRUE,733
10,0,0,0,22.4862704324085,-5.18171897946954,50.1542598442865,1.72820582939772,-41.6994611542557,45.1558728130512,17.2510648865401,0,0,0,"normal","I",1000,100,0.5,0,0,0,FALSE,0,FALSE,0.5,"leave-d",200,0.2,1e+05,TRUE,733
10,0,0,0,22.4862704324085,-5.18171897946954,50.1542598442865,52.577618690004,-0.865214309236386,106.020451689244,17.2510648865401,0,54.6704287090683,0,"normal","I",1000,100,0.5,0,0,0,FALSE,0,FALSE,0.5,"leave-d",200,0.2,1e+05,TRUE,733
10,0,0,0,22.4862704324085,-5.18171897946954,50.1542598442865,43.448593535854,-4.28050910715744,91.1776961788655,17.2510648865401,0,48.3544112761716,0,"normal","I",1000,100,0.5,0,0,0,FALSE,0,FALSE,0.5,"leave-d",200,0.2,1e+05,TRUE,733
10,0,0,0,22.4862704324085,-5.18171897946954,50.1542598442865,9.98151258520094,-33.6000738663594,53.5630990367612,17.2510648865401,0,0,0,"normal","I",1000,100,0.5,0,0,0,FALSE,0,FALSE,0.5,"leave-d",200,0.2,1e+05,TRUE,733
10,0,0,0,22.4862704324085,-5.18171897946954,50.1542598442865,48.547718388704,-10.6014822605288,107.696919037937,17.2510648865401,0,59.4117115735267,0,"normal","I",1000,100,0.5,0,0,0,FALSE,0,FALSE,0.5,"leave-d",200,0.2,1e+05,TRUE,733
10,0,0,0,22.4862704324085,-5.18171897946954,50.1542598442865,45.9229620592887,-6.98401157876525,98.8299356973426,17.2510648865401,0,36.65247807242,0,"normal","I",1000,100,0.5,0,0,0,FALSE,0,FALSE,0.5,"leave-d",200,0.2,1e+05,TRUE,733
10,0,0,0,22.4862704324085,-5.18171897946954,50.1542598442865,41.3972617895761,-18.2095329435558,101.004056522708,17.2510648865401,0,30.4966819937113,0,"normal","I",1000,100,0.5,0,0,0,FALSE,0,FALSE,0.5,"leave-d",200,0.2,1e+05,TRUE,733
10,0,0,0,22.4862704324085,-5.18171897946954,50.1542598442865,13.5829755866853,-32.3242928493495,59.49024402272,17.2510648865401,0,0,0,"normal","I",1000,100,0.5,0,0,0,FALSE,0,FALSE,0.5,"leave-d",200,0.2,1e+05,TRUE,733
10,0,0,0,22.4862704324085,-5.18171897946954,50.1542598442865,-46.9127702695265,-87.4818933793878,-6.34364715966515,17.2510648865401,0,0,0,"normal","I",1000,100,0.5,0,0,0,FALSE,0,FALSE,0.5,"leave-d",200,0.2,1e+05,TRUE,733
10,0,0,0,22.4862704324085,-5.18171897946954,50.1542598442865,21.7012033027929,-30.5279750473424,73.9303816529282,17.2510648865401,0,5.76252270720115,0,"normal","I",1000,100,0.5,0,0,0,FALSE,0,FALSE,0.5,"leave-d",200,0.2,1e+05,TRUE,733
10,0,0,0,22.4862704324085,-5.18171897946954,50.1542598442865,8.79289452996147,-45.404205546144,62.989994606067,17.2510648865401,0,0,0,"normal","I",1000,100,0.5,0,0,0,FALSE,0,FALSE,0.5,"leave-d",200,0.2,1e+05,TRUE,733
10,0,0,0,22.4862704324085,-5.18171897946954,50.1542598442865,49.6671939821829,3.70017395253226,95.6342140118335,17.2510648865401,0,46.0204641775091,0,"normal","I",1000,100,0.5,0,0,0,FALSE,0,FALSE,0.5,"leave-d",200,0.2,1e+05,TRUE,733
10,0,0,0,22.4862704324085,-5.18171897946954,50.1542598442865,42.2618597219848,-9.11117561055626,93.6348950545258,17.2510648865401,0,35.9753476875936,0,"normal","I",1000,100,0.5,0,0,0,FALSE,0,FALSE,0.5,"leave-d",200,0.2,1e+05,TRUE,733
10,0,0,0,22.4862704324085,-5.18171897946954,50.1542598442865,44.9785553010889,-5.04688093000032,95.0039915321781,17.2510648865401,0,40.7926508216674,0,"normal","I",1000,100,0.5,0,0,0,FALSE,0,FALSE,0.5,"leave-d",200,0.2,1e+05,TRUE,733
10,0,0,0,22.4862704324085,-5.18171897946954,50.1542598442865,8.23725600908864,-38.5843388783352,55.0588508965125,17.2510648865401,0,0,0,"normal","I",1000,100,0.5,0,0,0,FALSE,0,FALSE,0.5,"leave-d",200,0.2,1e+05,TRUE,733
10,0,0,0,22.4862704324085,-5.18171897946954,50.1542598442865,32.970317962426,-11.2641056246105,77.2047415494624,17.2510648865401,0,41.0295759904072,0,"normal","I",1000,100,0.5,0,0,0,FALSE,0,FALSE,0.5,"leave-d",200,0.2,1e+05,TRUE,733
10,0,0,0,22.4862704324085,-5.18171897946954,50.1542598442865,24.4456989398065,-18.7066449341827,67.5980428137957,17.2510648865401,0,21.7450843655346,0,"normal","I",1000,100,0.5,0,0,0,FALSE,0,FALSE,0.5,"leave-d",200,0.2,1e+05,TRUE,733
10,0,0,0,22.4862704324085,-5.18171897946954,50.1542598442865,66.8169025494216,19.8539385988803,113.779866499963,17.2510648865401,0,39.9998412654023,0,"normal","I",1000,100,0.5,0,0,0,FALSE,0,FALSE,0.5,"leave-d",200,0.2,1e+05,TRUE,733
10,0,0,0,22.4862704324085,-5.18171897946954,50.1542598442865,40.5920014072762,0.552373197232193,80.6316296173203,17.2510648865401,0,30.1658085599814,0,"normal","I",1000,100,0.5,0,0,0,FALSE,0,FALSE,0.5,"leave-d",200,0.2,1e+05,TRUE,733
10,0,0,0,22.4862704324085,-5.18171897946954,50.1542598442865,13.2028288180847,-29.430209268674,55.8358669048434,17.2510648865401,0,0.567975930676331,0,"normal","I",1000,100,0.5,0,0,0,FALSE,0,FALSE,0.5,"leave-d",200,0.2,1e+05,TRUE,733
10,0,0,0,22.4862704324085,-5.18171897946954,50.1542598442865,42.0690816920472,-8.64821066785422,92.7863740519486,17.2510648865401,0,39.7849693523168,0,"normal","I",1000,100,0.5,0,0,0,FALSE,0,FALSE,0.5,"leave-d",200,0.2,1e+05,TRUE,733
10,0,0,0,22.4862704324085,-5.18171897946954,50.1542598442865,44.2731081004515,-5.33904999479407,93.8852661956971,17.2510648865401,0,46.5857290496053,0,"normal","I",1000,100,0.5,0,0,0,FALSE,0,FALSE,0.5,"leave-d",200,0.2,1e+05,TRUE,733
10,0,0,0,22.4862704324085,-5.18171897946954,50.1542598442865,25.1808437451045,-20.1099711804185,70.4716586706275,17.2510648865401,0,23.973971389596,0,"normal","I",1000,100,0.5,0,0,0,FALSE,0,FALSE,0.5,"leave-d",200,0.2,1e+05,TRUE,733
10,0,0,0,22.4862704324085,-5.18171897946954,50.1542598442865,-15.7318578092315,-60.5242441379003,29.0605285194372,17.2510648865401,0,0,0,"normal","I",1000,100,0.5,0,0,0,FALSE,0,FALSE,0.5,"leave-d",200,0.2,1e+05,TRUE,733
10,0,0,0,22.4862704324085,-5.18171897946954,50.1542598442865,97.5601371463722,38.9995790644737,156.120695228271,17.2510648865401,0,58.0422739594761,0,"normal","I",1000,100,0.5,0,0,0,FALSE,0,FALSE,0.5,"leave-d",200,0.2,1e+05,TRUE,733
10,0,0,0,22.4862704324085,-5.18171897946954,50.1542598442865,-12.6165599571146,-61.656402614339,36.4232827001098,17.2510648865401,0,0,0,"normal","I",1000,100,0.5,0,0,0,FALSE,0,FALSE,0.5,"leave-d",200,0.2,1e+05,TRUE,733
10,0,0,0,22.4862704324085,-5.18171897946954,50.1542598442865,-13.1572800237582,-53.7802537354981,27.4656936879818,17.2510648865401,0,0,0,"normal","I",1000,100,0.5,0,0,0,FALSE,0,FALSE,0.5,"leave-d",200,0.2,1e+05,TRUE,733
10,0,0,0,22.4862704324085,-5.18171897946954,50.1542598442865,74.0479962843625,27.7815827077961,120.314409860929,17.2510648865401,0,45.8730630465879,0,"normal","I",1000,100,0.5,0,0,0,FALSE,0,FALSE,0.5,"leave-d",200,0.2,1e+05,TRUE,733
10,0,0,0,22.4862704324085,-5.18171897946954,50.1542598442865,10.8628892635515,-30.8085499742529,52.534328501356,17.2510648865401,0,0,0,"normal","I",1000,100,0.5,0,0,0,FALSE,0,FALSE,0.5,"leave-d",200,0.2,1e+05,TRUE,733
10,0,0,0,22.4862704324085,-5.18171897946954,50.1542598442865,87.5905773065732,40.2691647271035,134.911989886043,17.2510648865401,0,45.3304443659203,0,"normal","I",1000,100,0.5,0,0,0,FALSE,0,FALSE,0.5,"leave-d",200,0.2,1e+05,TRUE,733
10,0,0,0,22.4862704324085,-5.18171897946954,50.1542598442865,-0.476171559598851,-44.5676768424637,43.615333723266,17.2510648865401,0,0,0,"normal","I",1000,100,0.5,0,0,0,FALSE,0,FALSE,0.5,"leave-d",200,0.2,1e+05,TRUE,733
10,0,0,0,22.4862704324085,-5.18171897946954,50.1542598442865,13.0220694597084,-34.6354259531853,60.6795648726021,17.2510648865401,0,0,0,"normal","I",1000,100,0.5,0,0,0,FALSE,0,FALSE,0.5,"leave-d",200,0.2,1e+05,TRUE,733
10,0,0,0,22.4862704324085,-5.18171897946954,50.1542598442865,61.036290225986,12.761000412735,109.311580039237,17.2510648865401,0,48.518004417662,0,"normal","I",1000,100,0.5,0,0,0,FALSE,0,FALSE,0.5,"leave-d",200,0.2,1e+05,TRUE,733
10,0,0,0,22.4862704324085,-5.18171897946954,50.1542598442865,47.1374821038022,-5.17557217405272,99.4505363816572,17.2510648865401,0,27.2260936501154,0,"normal","I",1000,100,0.5,0,0,0,FALSE,0,FALSE,0.5,"leave-d",200,0.2,1e+05,TRUE,733
10,0,0,0,22.4862704324085,-5.18171897946954,50.1542598442865,28.5744477800992,-5.7953279004291,62.9442234606275,17.2510648865401,0,31.7018200766155,0,"normal","I",1000,100,0.5,0,0,0,FALSE,0,FALSE,0.5,"leave-d",200,0.2,1e+05,TRUE,733
10,0,0,0,22.4862704324085,-5.18171897946954,50.1542598442865,26.0301235451995,-16.8510899733041,68.9113370637031,17.2510648865401,0,10.9182877696128,0,"normal","I",1000,100,0.5,0,0,0,FALSE,0,FALSE,0.5,"leave-d",200,0.2,1e+05,TRUE,733
10,0,0,0,22.4862704324085,-5.18171897946954,50.1542598442865,-53.2935102499416,-94.6384523543396,-11.9485681455435,17.2510648865401,0,0,0,"normal","I",1000,100,0.5,0,0,0,FALSE,0,FALSE,0.5,"leave-d",200,0.2,1e+05,TRUE,733
10,0,0,0,22.4862704324085,-5.18171897946954,50.1542598442865,32.4701026118899,-25.1099525169861,90.0501577407659,17.2510648865401,0,14.6125663898181,0,"normal","I",1000,100,0.5,0,0,0,FALSE,0,FALSE,0.5,"leave-d",200,0.2,1e+05,TRUE,733
10,0,0,0,22.4862704324085,-5.18171897946954,50.1542598442865,55.6041751133008,3.58429483547275,107.624055391129,17.2510648865401,0,27.3683402241626,0,"normal","I",1000,100,0.5,0,0,0,FALSE,0,FALSE,0.5,"leave-d",200,0.2,1e+05,TRUE,733
10,0,0,0,22.4862704324085,-5.18171897946954,50.1542598442865,4.10292562079189,-28.8388662602799,37.0447175018636,17.2510648865401,0,0,0,"normal","I",1000,100,0.5,0,0,0,FALSE,0,FALSE,0.5,"leave-d",200,0.2,1e+05,TRUE,733
10,0,0,0,22.4862704324085,-5.18171897946954,50.1542598442865,14.0290610291317,-35.0222741951615,63.080396253425,17.2510648865401,0,0,0,"normal","I",1000,100,0.5,0,0,0,FALSE,0,FALSE,0.5,"leave-d",200,0.2,1e+05,TRUE,733
10,0,0,0,22.4862704324085,-5.18171897946954,50.1542598442865,33.3498657381675,-11.8381791849314,78.5379106612664,17.2510648865401,0,35.4600635639047,0,"normal","I",1000,100,0.5,0,0,0,FALSE,0,FALSE,0.5,"leave-d",200,0.2,1e+05,TRUE,733
10,0,0,0,22.4862704324085,-5.18171897946954,50.1542598442865,60.1156959884798,4.97470172290296,115.256690254057,17.2510648865401,0,55.0166148825551,0,"normal","I",1000,100,0.5,0,0,0,FALSE,0,FALSE,0.5,"leave-d",200,0.2,1e+05,TRUE,733
10,0,0,0,22.4862704324085,-5.18171897946954,50.1542598442865,-31.0939164196673,-70.5541647987997,8.36633195946502,17.2510648865401,0,0,0,"normal","I",1000,100,0.5,0,0,0,FALSE,0,FALSE,0.5,"leave-d",200,0.2,1e+05,TRUE,733
10,0,0,0,22.4862704324085,-5.18171897946954,50.1542598442865,38.4784606749206,-23.0125166890004,99.9694380388416,17.2510648865401,0,21.6893828534138,0,"normal","I",1000,100,0.5,0,0,0,FALSE,0,FALSE,0.5,"leave-d",200,0.2,1e+05,TRUE,733
10,0,0,0,22.4862704324085,-5.18171897946954,50.1542598442865,-2.53742507671989,-50.6093653771908,45.534515223751,17.2510648865401,0,0,0,"normal","I",1000,100,0.5,0,0,0,FALSE,0,FALSE,0.5,"leave-d",200,0.2,1e+05,TRUE,733
10,0,0,0,22.4862704324085,-5.18171897946954,50.1542598442865,110.57412516231,62.4936008976092,158.654649427011,17.2510648865401,0,44.335894326403,0,"normal","I",1000,100,0.5,0,0,0,FALSE,0,FALSE,0.5,"leave-d",200,0.2,1e+05,TRUE,733
10,0,0,0,22.4862704324085,-5.18171897946954,50.1542598442865,-14.149825326332,-59.4597913985455,31.1601407458815,17.2510648865401,0,0,0,"normal","I",1000,100,0.5,0,0,0,FALSE,0,FALSE,0.5,"leave-d",200,0.2,1e+05,TRUE,733
10,0,0,0,22.4862704324085,-5.18171897946954,50.1542598442865,-16.8638827365111,-61.5895957065239,27.8618302335017,17.2510648865401,0,0,0,"normal","I",1000,100,0.5,0,0,0,FALSE,0,FALSE,0.5,"leave-d",200,0.2,1e+05,TRUE,733
10,0,0,0,22.4862704324085,-5.18171897946954,50.1542598442865,1.99491295364627,-35.1611886978398,39.1510146051324,17.2510648865401,0,0,0,"normal","I",1000,100,0.5,0,0,0,FALSE,0,FALSE,0.5,"leave-d",200,0.2,1e+05,TRUE,733
10,0,0,0,22.4862704324085,-5.18171897946954,50.1542598442865,25.1904871593884,-20.6923448543597,71.0733191731365,17.2510648865401,0,12.476456402099,0,"normal","I",1000,100,0.5,0,0,0,FALSE,0,FALSE,0.5,"leave-d",200,0.2,1e+05,TRUE,733
10,0,0,0,22.4862704324085,-5.18171897946954,50.1542598442865,27.7295059318121,-27.2966583472738,82.7556702108979,17.2510648865401,0,10.3087291102881,0,"normal","I",1000,100,0.5,0,0,0,FALSE,0,FALSE,0.5,"leave-d",200,0.2,1e+05,TRUE,733
10,0,0,0,22.4862704324085,-5.18171897946954,50.1542598442865,50.4844706183191,-3.47098937236375,104.439930609002,17.2510648865401,0,35.7869093813513,0,"normal","I",1000,100,0.5,0,0,0,FALSE,0,FALSE,0.5,"leave-d",200,0.2,1e+05,TRUE,733
10,0,0,0,22.4862704324085,-5.18171897946954,50.1542598442865,9.98630413179263,-40.8552711353628,60.8278793989481,17.2510648865401,0,0,0,"normal","I",1000,100,0.5,0,0,0,FALSE,0,FALSE,0.5,"leave-d",200,0.2,1e+05,TRUE,733
10,0,0,0,22.4862704324085,-5.18171897946954,50.1542598442865,48.8412018594479,0.289049910734128,97.3933538081617,17.2510648865401,0,30.4483771545939,0,"normal","I",1000,100,0.5,0,0,0,FALSE,0,FALSE,0.5,"leave-d",200,0.2,1e+05,TRUE,733
10,0,0,0,22.4862704324085,-5.18171897946954,50.1542598442865,-1.35853200721862,-52.7502607454735,50.0331967310362,17.2510648865401,0,0,0,"normal","I",1000,100,0.5,0,0,0,FALSE,0,FALSE,0.5,"leave-d",200,0.2,1e+05,TRUE,733
10,0,0,0,22.4862704324085,-5.18171897946954,50.1542598442865,32.0327909737674,-16.1006336204451,80.1662155679798,17.2510648865401,0,39.8268340270085,0,"normal","I",1000,100,0.5,0,0,0,FALSE,0,FALSE,0.5,"leave-d",200,0.2,1e+05,TRUE,733
10,0,0,0,22.4862704324085,-5.18171897946954,50.1542598442865,48.7378985262963,-7.34862271329237,104.824419765885,17.2510648865401,0,44.6582318451571,0,"normal","I",1000,100,0.5,0,0,0,FALSE,0,FALSE,0.5,"leave-d",200,0.2,1e+05,TRUE,733
10,0,0,0,22.4862704324085,-5.18171897946954,50.1542598442865,50.6519270998326,4.71450967523356,96.5893445244317,17.2510648865401,0,40.7746626627724,0,"normal","I",1000,100,0.5,0,0,0,FALSE,0,FALSE,0.5,"leave-d",200,0.2,1e+05,TRUE,733
10,0,0,0,22.4862704324085,-5.18171897946954,50.1542598442865,9.16689514757965,-38.3164504106226,56.6502407057819,17.2510648865401,0,0,0,"normal","I",1000,100,0.5,0,0,0,FALSE,0,FALSE,0.5,"leave-d",200,0.2,1e+05,TRUE,733
10,0,0,0,22.4862704324085,-5.18171897946954,50.1542598442865,11.6222134012191,-38.0250144629944,61.2694412654325,17.2510648865401,0,0,0,"normal","I",1000,100,0.5,0,0,0,FALSE,0,FALSE,0.5,"leave-d",200,0.2,1e+05,TRUE,733
10,0,0,0,22.4862704324085,-5.18171897946954,50.1542598442865,71.0419674461103,5.37075361918238,136.713181273038,17.2510648865401,0,61.6548034569186,0,"normal","I",1000,100,0.5,0,0,0,FALSE,0,FALSE,0.5,"leave-d",200,0.2,1e+05,TRUE,733
10,0,0,0,22.4862704324085,-5.18171897946954,50.1542598442865,88.0367631502806,29.7582085735472,146.315317727014,17.2510648865401,0,56.4881230055058,0,"normal","I",1000,100,0.5,0,0,0,FALSE,0,FALSE,0.5,"leave-d",200,0.2,1e+05,TRUE,733
10,0,0,0,22.4862704324085,-5.18171897946954,50.1542598442865,79.3264316395488,30.7530162819906,127.899846997107,17.2510648865401,0,40.7890175635402,0,"normal","I",1000,100,0.5,0,0,0,FALSE,0,FALSE,0.5,"leave-d",200,0.2,1e+05,TRUE,733
10,0,0,0,22.4862704324085,-5.18171897946954,50.1542598442865,-0.535805967600069,-52.6521658823124,51.5805539471123,17.2510648865401,0,0,0,"normal","I",1000,100,0.5,0,0,0,FALSE,0,FALSE,0.5,"leave-d",200,0.2,1e+05,TRUE,733
10,0,0,0,22.4862704324085,-5.18171897946954,50.1542598442865,15.3779105551349,-37.2558642240522,68.0116853343221,17.2510648865401,0,0,0,"normal","I",1000,100,0.5,0,0,0,FALSE,0,FALSE,0.5,"leave-d",200,0.2,1e+05,TRUE,733
10,0,0,0,22.4862704324085,-5.18171897946954,50.1542598442865,21.9286363266621,-28.1586849242075,72.0159575775317,17.2510648865401,0,10.6089833050531,0,"normal","I",1000,100,0.5,0,0,0,FALSE,0,FALSE,0.5,"leave-d",200,0.2,1e+05,TRUE,733
10,0,0,0,22.4862704324085,-5.18171897946954,50.1542598442865,27.8599288610062,-31.8169528611909,87.5368105832032,17.2510648865401,0,10.97875205912,0,"normal","I",1000,100,0.5,0,0,0,FALSE,0,FALSE,0.5,"leave-d",200,0.2,1e+05,TRUE,733
10,0,0,0,22.4862704324085,-5.18171897946954,50.1542598442865,33.4466696411025,-16.5890526494776,83.4823919316825,17.2510648865401,0,21.9189939785753,0,"normal","I",1000,100,0.5,0,0,0,FALSE,0,FALSE,0.5,"leave-d",200,0.2,1e+05,TRUE,733
10,0,0,0,22.4862704324085,-5.18171897946954,50.1542598442865,53.7758310815826,13.5780540483609,93.9736081148043,17.2510648865401,0,40.0229102471608,0,"normal","I",1000,100,0.5,0,0,0,FALSE,0,FALSE,0.5,"leave-d",200,0.2,1e+05,TRUE,733
10,0,0,0,22.4862704324085,-5.18171897946954,50.1542598442865,42.3874952508577,0.266558767536267,84.508431734179,17.2510648865401,0,42.2022610739867,0,"normal","I",1000,100,0.5,0,0,0,FALSE,0,FALSE,0.5,"leave-d",200,0.2,1e+05,TRUE,733
10,0,0,0,22.4862704324085,-5.18171897946954,50.1542598442865,12.4506195803443,-29.414783166219,54.3160223269076,17.2510648865401,0,0,0,"normal","I",1000,100,0.5,0,0,0,FALSE,0,FALSE,0.5,"leave-d",200,0.2,1e+05,TRUE,733
10,0,0,0,22.4862704324085,-5.18171897946954,50.1542598442865,31.3124018927827,-6.68506531862728,69.3098691041927,17.2510648865401,0,17.4542666931988,0,"normal","I",1000,100,0.5,0,0,0,FALSE,0,FALSE,0.5,"leave-d",200,0.2,1e+05,TRUE,733
10,0,0,0,22.4862704324085,-5.18171897946954,50.1542598442865,-21.0708422259021,-66.0559566161199,23.9142721643157,17.2510648865401,0,0,0,"normal","I",1000,100,0.5,0,0,0,FALSE,0,FALSE,0.5,"leave-d",200,0.2,1e+05,TRUE,733
10,0,0,0,22.4862704324085,-5.18171897946954,50.1542598442865,39.3200965164556,-16.6834751874604,95.3236682203716,17.2510648865401,0,34.1549270886156,0,"normal","I",1000,100,0.5,0,0,0,FALSE,0,FALSE,0.5,"leave-d",200,0.2,1e+05,TRUE,733
10,0,0,0,22.4862704324085,-5.18171897946954,50.1542598442865,72.7212776314463,10.7640949270021,134.67846033589,17.2510648865401,0,61.1615998074816,0,"normal","I",1000,100,0.5,0,0,0,FALSE,0,FALSE,0.5,"leave-d",200,0.2,1e+05,TRUE,733
10,0,0,0,22.4862704324085,-5.18171897946954,50.1542598442865,5.31783503734888,-45.809050993781,56.4447210684787,17.2510648865401,0,0,0,"normal","I",1000,100,0.5,0,0,0,FALSE,0,FALSE,0.5,"leave-d",200,0.2,1e+05,TRUE,733
10,0,0,0,22.4862704324085,-5.18171897946954,50.1542598442865,42.6399391928249,-3.93136006094119,89.211238446591,17.2510648865401,0,43.0409844319479,0,"normal","I",1000,100,0.5,0,0,0,FALSE,0,FALSE,0.5,"leave-d",200,0.2,1e+05,TRUE,733
10,0,0,0,22.4862704324085,-5.18171897946954,50.1542598442865,22.5034906958284,-34.3912424539696,79.3982238456263,17.2510648865401,0,4.99373004269945,0,"normal","I",1000,100,0.5,0,0,0,FALSE,0,FALSE,0.5,"leave-d",200,0.2,1e+05,TRUE,733
10,0,0,0,22.4862704324085,-5.18171897946954,50.1542598442865,2.67481574033704,-32.8314576866763,38.1810891673504,17.2510648865401,0,0,0,"normal","I",1000,100,0.5,0,0,0,FALSE,0,FALSE,0.5,"leave-d",200,0.2,1e+05,TRUE,733
10,0,0,0,22.4862704324085,-5.18171897946954,50.1542598442865,77.8512783914407,16.4981626337239,139.204394149158,17.2510648865401,0,62.1915011748546,0,"normal","I",1000,100,0.5,0,0,0,FALSE,0,FALSE,0.5,"leave-d",200,0.2,1e+05,TRUE,733
10,0,0,0,22.4862704324085,-5.18171897946954,50.1542598442865,-45.5719700697236,-86.7223748571121,-4.42156528233512,17.2510648865401,0,0,0,"normal","I",1000,100,0.5,0,0,0,FALSE,0,FALSE,0.5,"leave-d",200,0.2,1e+05,TRUE,733
10,0,0,0,22.4862704324085,-5.18171897946954,50.1542598442865,0.312420518107611,-51.255419461904,51.8802604981192,17.2510648865401,0,0,0,"normal","I",1000,100,0.5,0,0,0,FALSE,0,FALSE,0.5,"leave-d",200,0.2,1e+05,TRUE,733
10,0,0,0,22.4862704324085,-5.18171897946954,50.1542598442865,85.3987397782678,38.9998378279527,131.797641728583,17.2510648865401,0,33.9831837062724,0,"normal","I",1000,100,0.5,0,0,0,FALSE,0,FALSE,0.5,"leave-d",200,0.2,1e+05,TRUE,733
10,0,0,0,22.4862704324085,-5.18171897946954,50.1542598442865,68.8529591705526,15.2642647628965,122.441653578209,17.2510648865401,0,53.5697058521585,0,"normal","I",1000,100,0.5,0,0,0,FALSE,0,FALSE,0.5,"leave-d",200,0.2,1e+05,TRUE,733
10,0,0,0,22.4862704324085,-5.18171897946954,50.1542598442865,65.7820282916969,10.150173068577,121.413883514817,17.2510648865401,0,49.8359456717992,0,"normal","I",1000,100,0.5,0,0,0,FALSE,0,FALSE,0.5,"leave-d",200,0.2,1e+05,TRUE,733
10,0,0,0,22.4862704324085,-5.18171897946954,50.1542598442865,61.4586375899447,-3.12334663174313,126.040621811632,17.2510648865401,0,48.1907241301059,0,"normal","I",1000,100,0.5,0,0,0,FALSE,0,FALSE,0.5,"leave-d",200,0.2,1e+05,TRUE,733
10,0,0,0,22.4862704324085,-5.18171897946954,50.1542598442865,3.1212445423246,-50.55412380911,56.7966128937592,17.2510648865401,0,0,0,"normal","I",1000,100,0.5,0,0,0,FALSE,0,FALSE,0.5,"leave-d",200,0.2,1e+05,TRUE,733
10,0,0,0,22.4862704324085,-5.18171897946954,50.1542598442865,28.9684060584564,-19.6623344268711,77.5991465437838,17.2510648865401,0,10.8364168584959,0,"normal","I",1000,100,0.5,0,0,0,FALSE,0,FALSE,0.5,"leave-d",200,0.2,1e+05,TRUE,733
10,0,0,0,22.4862704324085,-5.18171897946954,50.1542598442865,13.1260381104697,-29.2544651391765,55.5065413601158,17.2510648865401,0,0.330272495482132,0,"normal","I",1000,100,0.5,0,0,0,FALSE,0,FALSE,0.5,"leave-d",200,0.2,1e+05,TRUE,733
10,0,0,0,22.4862704324085,-5.18171897946954,50.1542598442865,71.9718399628262,17.5973320529672,126.346347872685,17.2510648865401,0,55.0869829839188,0,"normal","I",1000,100,0.5,0,0,0,FALSE,0,FALSE,0.5,"leave-d",200,0.2,1e+05,TRUE,733
10,0,0,0,22.4862704324085,-5.18171897946954,50.1542598442865,59.2166224477999,-0.0466291634709393,118.479874059071,17.2510648865401,0,56.766511384908,0,"normal","I",1000,100,0.5,0,0,0,FALSE,0,FALSE,0.5,"leave-d",200,0.2,1e+05,TRUE,733
10,0,0,0,22.4862704324085,-5.18171897946954,50.1542598442865,-59.0537305561839,-107.874649474909,-10.2328116374589,17.2510648865401,0,0,0,"normal","I",1000,100,0.5,0,0,0,FALSE,0,FALSE,0.5,"leave-d",200,0.2,1e+05,TRUE,733
10,0,0,0,22.4862704324085,-5.18171897946954,50.1542598442865,5.6630157298901,-25.8966789848184,37.2227104445986,17.2510648865401,0,0,0,"normal","I",1000,100,0.5,0,0,0,FALSE,0,FALSE,0.5,"leave-d",200,0.2,1e+05,TRUE,733
10,0,0,0,22.4862704324085,-5.18171897946954,50.1542598442865,109.657211857709,65.8206632582094,153.493760457209,17.2510648865401,0,41.7772811459741,0,"normal","I",1000,100,0.5,0,0,0,FALSE,0,FALSE,0.5,"leave-d",200,0.2,1e+05,TRUE,733
10,0,0,0,22.4862704324085,-5.18171897946954,50.1542598442865,35.578223188466,-14.0842130735211,85.2406594504532,17.2510648865401,0,24.2392262659849,0,"normal","I",1000,100,0.5,0,0,0,FALSE,0,FALSE,0.5,"leave-d",200,0.2,1e+05,TRUE,733
10,0,0,0,22.4862704324085,-5.18171897946954,50.1542598442865,3.32257975236269,-42.6476158348463,49.2927753395717,17.2510648865401,0,0,0,"normal","I",1000,100,0.5,0,0,0,FALSE,0,FALSE,0.5,"leave-d",200,0.2,1e+05,TRUE,733
10,0,0,0,22.4862704324085,-5.18171897946954,50.1542598442865,34.8735009830227,-9.94897648774342,79.6959784537888,17.2510648865401,0,40.2942911668276,0,"normal","I",1000,100,0.5,0,0,0,FALSE,0,FALSE,0.5,"leave-d",200,0.2,1e+05,TRUE,733
10,0,0,0,22.4862704324085,-5.18171897946954,50.1542598442865,14.512129973802,-42.551441447637,71.5757013952409,17.2510648865401,0,0,0,"normal","I",1000,100,0.5,0,0,0,FALSE,0,FALSE,0.5,"leave-d",200,0.2,1e+05,TRUE,733
10,0,0,0,22.4862704324085,-5.18171897946954,50.1542598442865,54.4790540362046,-5.8706444220311,114.82875249444,17.2510648865401,0,32.9569526985612,0,"normal","I",1000,100,0.5,0,0,0,FALSE,0,FALSE,0.5,"leave-d",200,0.2,1e+05,TRUE,733
10,0,0,0,22.4862704324085,-5.18171897946954,50.1542598442865,-7.04000580256493,-53.5758391998779,39.4958275947481,17.2510648865401,0,0,0,"normal","I",1000,100,0.5,0,0,0,FALSE,0,FALSE,0.5,"leave-d",200,0.2,1e+05,TRUE,733
10,0,0,0,22.4862704324085,-5.18171897946954,50.1542598442865,55.3495005328353,0.0502963410413102,110.648704724629,17.2510648865401,0,41.3118332060374,0,"normal","I",1000,100,0.5,0,0,0,FALSE,0,FALSE,0.5,"leave-d",200,0.2,1e+05,TRUE,733
10,0,0,0,22.4862704324085,-5.18171897946954,50.1542598442865,89.8989613688442,35.0731817202265,144.724741017462,17.2510648865401,0,53.7673613274039,0,"normal","I",1000,100,0.5,0,0,0,FALSE,0,FALSE,0.5,"leave-d",200,0.2,1e+05,TRUE,733
10,0,0,0,22.4862704324085,-5.18171897946954,50.1542598442865,86.7349201898617,33.9661902335437,139.50365014618,17.2510648865401,0,50.9622125516216,0,"normal","I",1000,100,0.5,0,0,0,FALSE,0,FALSE,0.5,"leave-d",200,0.2,1e+05,TRUE,733
10,0,0,0,22.4862704324085,-5.18171897946954,50.1542598442865,38.1579539783897,-6.71543223170533,83.0313401884847,17.2510648865401,0,45.8715149551609,0,"normal","I",1000,100,0.5,0,0,0,FALSE,0,FALSE,0.5,"leave-d",200,0.2,1e+05,TRUE,733
10,0,0,0,22.4862704324085,-5.18171897946954,50.1542598442865,57.83164695328,6.16429633234682,109.498997574213,17.2510648865401,0,51.4031814770083,0,"normal","I",1000,100,0.5,0,0,0,FALSE,0,FALSE,0.5,"leave-d",200,0.2,1e+05,TRUE,733
10,0,0,0,22.4862704324085,-5.18171897946954,50.1542598442865,36.3418620788231,-25.3107029820898,97.9944271397359,17.2510648865401,0,20.0755632399298,0,"normal","I",1000,100,0.5,0,0,0,FALSE,0,FALSE,0.5,"leave-d",200,0.2,1e+05,TRUE,733
10,0,0,0,22.4862704324085,-5.18171897946954,50.1542598442865,53.4577766054497,-5.1068632098487,112.022416420748,17.2510648865401,0,35.649479607375,0,"normal","I",1000,100,0.5,0,0,0,FALSE,0,FALSE,0.5,"leave-d",200,0.2,1e+05,TRUE,733
10,0,0,0,22.4862704324085,-5.18171897946954,50.1542598442865,60.3700953074368,6.80121515886817,113.938975456005,17.2510648865401,0,37.4024685087705,0,"normal","I",1000,100,0.5,0,0,0,FALSE,0,FALSE,0.5,"leave-d",200,0.2,1e+05,TRUE,733
10,0,0,0,22.4862704324085,-5.18171897946954,50.1542598442865,-12.6897852929833,-55.8260495338095,30.4464789478428,17.2510648865401,0,0,0,"normal","I",1000,100,0.5,0,0,0,FALSE,0,FALSE,0.5,"leave-d",200,0.2,1e+05,TRUE,733
10,0,0,0,22.4862704324085,-5.18171897946954,50.1542598442865,108.899106951384,54.034986611383,163.763227291385,17.2510648865401,0,52.7442417125832,0,"normal","I",1000,100,0.5,0,0,0,FALSE,0,FALSE,0.5,"leave-d",200,0.2,1e+05,TRUE,733
10,0,0,0,22.4862704324085,-5.18171897946954,50.1542598442865,51.3284883152587,-1.58266401592182,104.239640646439,17.2510648865401,0,49.872332088914,0,"normal","I",1000,100,0.5,0,0,0,FALSE,0,FALSE,0.5,"leave-d",200,0.2,1e+05,TRUE,733
10,0,0,0,22.4862704324085,-5.18171897946954,50.1542598442865,27.648167948932,-18.6282519872799,73.9245878851439,17.2510648865401,0,14.6018124633478,0,"normal","I",1000,100,0.5,0,0,0,FALSE,0,FALSE,0.5,"leave-d",200,0.2,1e+05,TRUE,733
10,0,0,0,22.4862704324085,-5.18171897946954,50.1542598442865,73.8308060273535,12.6332766578966,135.02833539681,17.2510648865401,0,61.6311635904449,0,"normal","I",1000,100,0.5,0,0,0,FALSE,0,FALSE,0.5,"leave-d",200,0.2,1e+05,TRUE,733
10,0,0,0,22.4862704324085,-5.18171897946954,50.1542598442865,89.7129630883096,31.0318307715534,148.394095405066,17.2510648865401,0,59.2616921218989,0,"normal","I",1000,100,0.5,0,0,0,FALSE,0,FALSE,0.5,"leave-d",200,0.2,1e+05,TRUE,733
10,0,0,0,22.4862704324085,-5.18171897946954,50.1542598442865,97.1773017542728,43.3685452243792,150.986058284166,17.2510648865401,0,53.119864137216,0,"normal","I",1000,100,0.5,0,0,0,FALSE,0,FALSE,0.5,"leave-d",200,0.2,1e+05,TRUE,733
10,0,0,0,22.4862704324085,-5.18171897946954,50.1542598442865,5.8248371958836,-32.6164692104104,44.2661436021776,17.2510648865401,0,0,0,"normal","I",1000,100,0.5,0,0,0,FALSE,0,FALSE,0.5,"leave-d",200,0.2,1e+05,TRUE,733
10,0,0,0,22.4862704324085,-5.18171897946954,50.1542598442865,36.1896466711785,-19.7009660533658,92.0802593957228,17.2510648865401,0,26.4597589245728,0,"normal","I",1000,100,0.5,0,0,0,FALSE,0,FALSE,0.5,"leave-d",200,0.2,1e+05,TRUE,733
10,0,0,0,22.4862704324085,-5.18171897946954,50.1542598442865,53.715451185716,1.18224924146574,106.248653129966,17.2510648865401,0,53.2706880325296,0,"normal","I",1000,100,0.5,0,0,0,FALSE,0,FALSE,0.5,"leave-d",200,0.2,1e+05,TRUE,733
10,0,0,0,22.4862704324085,-5.18171897946954,50.1542598442865,7.61110118701392,-33.0822119252925,48.3044142993203,17.2510648865401,0,0,0,"normal","I",1000,100,0.5,0,0,0,FALSE,0,FALSE,0.5,"leave-d",200,0.2,1e+05,TRUE,733
10,0,0,0,22.4862704324085,-5.18171897946954,50.1542598442865,25.3916712673194,-20.4289938671965,71.2123364018352,17.2510648865401,0,14.1788905435201,0,"normal","I",1000,100,0.5,0,0,0,FALSE,0,FALSE,0.5,"leave-d",200,0.2,1e+05,TRUE,733
10,0,0,0,22.4862704324085,-5.18171897946954,50.1542598442865,55.3550096153456,1.20795381698225,109.502065413709,17.2510648865401,0,55.2524557310532,0,"normal","I",1000,100,0.5,0,0,0,FALSE,0,FALSE,0.5,"leave-d",200,0.2,1e+05,TRUE,733
10,0,0,0,22.4862704324085,-5.18171897946954,50.1542598442865,39.9638652618025,-2.07490829016642,82.0026388137714,17.2510648865401,0,30.2685893605651,0,"normal","I",1000,100,0.5,0,0,0,FALSE,0,FALSE,0.5,"leave-d",200,0.2,1e+05,TRUE,733
10,0,0,0,22.4862704324085,-5.18171897946954,50.1542598442865,-28.0751785926968,-70.5709014585872,14.4205442731936,17.2510648865401,0,0,0,"normal","I",1000,100,0.5,0,0,0,FALSE,0,FALSE,0.5,"leave-d",200,0.2,1e+05,TRUE,733
10,0,0,0,22.4862704324085,-5.18171897946954,50.1542598442865,64.7780625583255,5.67237734052153,123.883747776129,17.2510648865401,0,59.1718233884851,0,"normal","I",1000,100,0.5,0,0,0,FALSE,0,FALSE,0.5,"leave-d",200,0.2,1e+05,TRUE,733
10,0,0,0,22.4862704324085,-5.18171897946954,50.1542598442865,19.7981723365225,-33.0388793018703,72.6352239749153,17.2510648865401,0,3.87738675880777,0,"normal","I",1000,100,0.5,0,0,0,FALSE,0,FALSE,0.5,"leave-d",200,0.2,1e+05,TRUE,733
10,0,0,0,22.4862704324085,-5.18171897946954,50.1542598442865,47.7641633539874,7.66591599709482,87.8624107108799,17.2510648865401,0,39.3084708879843,0,"normal","I",1000,100,0.5,0,0,0,FALSE,0,FALSE,0.5,"leave-d",200,0.2,1e+05,TRUE,733
10,0,0,0,22.4862704324085,-5.18171897946954,50.1542598442865,2.67469562945802,-41.8892336412095,47.2386249001255,17.2510648865401,0,0,0,"normal","I",1000,100,0.5,0,0,0,FALSE,0,FALSE,0.5,"leave-d",200,0.2,1e+05,TRUE,733
10,0,0,0,22.4862704324085,-5.18171897946954,50.1542598442865,21.9140618219519,-16.6986457213838,60.5267693652877,17.2510648865401,0,11.4695675152342,0,"normal","I",1000,100,0.5,0,0,0,FALSE,0,FALSE,0.5,"leave-d",200,0.2,1e+05,TRUE,733
10,0,0,0,22.4862704324085,-5.18171897946954,50.1542598442865,27.9660995669558,-19.7696788094935,75.7018779434052,17.2510648865401,0,48.4429805917361,0,"normal","I",1000,100,0.5,0,0,0,FALSE,0,FALSE,0.5,"leave-d",200,0.2,1e+05,TRUE,733
10,0,0,0,22.4862704324085,-5.18171897946954,50.1542598442865,62.0765117275532,26.8010300349456,97.3519934201608,17.2510648865401,0,35.0437117437326,0,"normal","I",1000,100,0.5,0,0,0,FALSE,0,FALSE,0.5,"leave-d",200,0.2,1e+05,TRUE,733
10,0,0,0,22.4862704324085,-5.18171897946954,50.1542598442865,16.5588153240172,-23.513892094108,56.6315227421424,17.2510648865401,0,7.34678144233819,0,"normal","I",1000,100,0.5,0,0,0,FALSE,0,FALSE,0.5,"leave-d",200,0.2,1e+05,TRUE,733
10,0,0,0,22.4862704324085,-5.18171897946954,50.1542598442865,43.3502275370658,-16.6997234755426,103.400178549674,17.2510648865401,0,47.7256088223685,0,"normal","I",1000,100,0.5,0,0,0,FALSE,0,FALSE,0.5,"leave-d",200,0.2,1e+05,TRUE,733
10,0,0,0,22.4862704324085,-5.18171897946954,50.1542598442865,82.1731148588353,29.7203029346695,134.625926783001,17.2510648865401,0,50.2113371313641,0,"normal","I",1000,100,0.5,0,0,0,FALSE,0,FALSE,0.5,"leave-d",200,0.2,1e+05,TRUE,733
10,0,0,0,22.4862704324085,-5.18171897946954,50.1542598442865,-1.31909947270187,-56.6445155273844,54.0063165819807,17.2510648865401,0,0,0,"normal","I",1000,100,0.5,0,0,0,FALSE,0,FALSE,0.5,"leave-d",200,0.2,1e+05,TRUE,733
10,0,0,0,22.4862704324085,-5.18171897946954,50.1542598442865,43.9082543315643,-3.00084645107366,90.8173551142022,17.2510648865401,0,47.523564326281,0,"normal","I",1000,100,0.5,0,0,0,FALSE,0,FALSE,0.5,"leave-d",200,0.2,1e+05,TRUE,733
10,0,0,0,22.4862704324085,-5.18171897946954,50.1542598442865,26.3842359640959,-15.7233330865698,68.4918050147616,17.2510648865401,0,14.1273774559041,0,"normal","I",1000,100,0.5,0,0,0,FALSE,0,FALSE,0.5,"leave-d",200,0.2,1e+05,TRUE,733
10,0,0,0,22.4862704324085,-5.18171897946954,50.1542598442865,27.4315801737276,-23.1274996955047,77.9906600429598,17.2510648865401,0,28.1145403465667,0,"normal","I",1000,100,0.5,0,0,0,FALSE,0,FALSE,0.5,"leave-d",200,0.2,1e+05,TRUE,733
10,0,0,0,22.4862704324085,-5.18171897946954,50.1542598442865,48.910622026418,9.57608200224321,88.2451620505927,17.2510648865401,0,33.3956727982157,0,"normal","I",1000,100,0.5,0,0,0,FALSE,0,FALSE,0.5,"leave-d",200,0.2,1e+05,TRUE,733
10,0,0,0,22.4862704324085,-5.18171897946954,50.1542598442865,-4.84549468919653,-46.5648553000152,36.8738659216222,17.2510648865401,0,0,0,"normal","I",1000,100,0.5,0,0,0,FALSE,0,FALSE,0.5,"leave-d",200,0.2,1e+05,TRUE,733
10,0,0,0,22.4862704324085,-5.18171897946954,50.1542598442865,30.0744352660907,-12.6756537321033,72.8245242642846,17.2510648865401,0,23.3269890382898,0,"normal","I",1000,100,0.5,0,0,0,FALSE,0,FALSE,0.5,"leave-d",200,0.2,1e+05,TRUE,733
10,0,0,0,22.4862704324085,-5.18171897946954,50.1542598442865,6.25574912814525,-44.0596399562895,56.57113821258,17.2510648865401,0,0,0,"normal","I",1000,100,0.5,0,0,0,FALSE,0,FALSE,0.5,"leave-d",200,0.2,1e+05,TRUE,733
10,0,0,0,22.4862704324085,-5.18171897946954,50.1542598442865,-31.6277889815122,-87.889243922142,24.6336659591177,17.2510648865401,0,0,0,"normal","I",1000,100,0.5,0,0,0,FALSE,0,FALSE,0.5,"leave-d",200,0.2,1e+05,TRUE,733
10,0,0,0,22.4862704324085,-5.18171897946954,50.1542598442865,64.3563217897788,16.9059854175938,111.806658161964,17.2510648865401,0,46.7333392148836,0,"normal","I",1000,100,0.5,0,0,0,FALSE,0,FALSE,0.5,"leave-d",200,0.2,1e+05,TRUE,733
10,0,0,0,22.4862704324085,-5.18171897946954,50.1542598442865,50.0143597653641,-4.06139015267743,104.090109683406,17.2510648865401,0,31.1745423166954,0,"normal","I",1000,100,0.5,0,0,0,FALSE,0,FALSE,0.5,"leave-d",200,0.2,1e+05,TRUE,733
10,0,0,0,22.4862704324085,-5.18171897946954,50.1542598442865,56.1218188898408,-2.42146575030155,114.665103529983,17.2510648865401,0,50.9644428551851,0,"normal","I",1000,100,0.5,0,0,0,FALSE,0,FALSE,0.5,"leave-d",200,0.2,1e+05,TRUE,733
