"var_main_effect","var_inter_effect","cov_main_inter_effect","var_total_effect","EigenPrism_main","EigenPrism_CI1","EigenPrism_CI2","sub_EigenPrism_main","sub_EigenPrism_CI1","sub_EigenPrism_CI2","GCTA_main","GCTA_inter","sub_GCTA_main","sub_GCTA_inter","x_dist","structure","p","n","main_fixed_var","main_random_var","inter_fixed_var","inter_random_var","decor","interact","combine","pro","bs","n_sub","rho_e","emp_n","inter_std","i"
10,0,0,0,3.12509239414792,-3.65592699746333,9.90611178575917,5.70080815990423,-7.11335780818169,18.5149741279902,0.779744961915866,0,9.62033718459291,0,"normal","I",1000,100,0.5,0,0,0,FALSE,0,FALSE,0.5,"leave-d",200,0.7,1e+05,TRUE,517
10,0,0,0,3.12509239414792,-3.65592699746333,9.90611178575917,3.84496420648091,-10.5853726455062,18.275301058468,0.779744961915866,0,0,0,"normal","I",1000,100,0.5,0,0,0,FALSE,0,FALSE,0.5,"leave-d",200,0.7,1e+05,TRUE,517
10,0,0,0,3.12509239414792,-3.65592699746333,9.90611178575917,1.30870368509107,-12.4684506035907,15.0858579737728,0.779744961915866,0,0,0,"normal","I",1000,100,0.5,0,0,0,FALSE,0,FALSE,0.5,"leave-d",200,0.7,1e+05,TRUE,517
10,0,0,0,3.12509239414792,-3.65592699746333,9.90611178575917,0.801283264742074,-9.51751232567332,11.1200788551575,0.779744961915866,0,0,0,"normal","I",1000,100,0.5,0,0,0,FALSE,0,FALSE,0.5,"leave-d",200,0.7,1e+05,TRUE,517
10,0,0,0,3.12509239414792,-3.65592699746333,9.90611178575917,0.0193001560505573,-11.4796516170921,11.5182519291932,0.779744961915866,0,0,0,"normal","I",1000,100,0.5,0,0,0,FALSE,0,FALSE,0.5,"leave-d",200,0.7,1e+05,TRUE,517
10,0,0,0,3.12509239414792,-3.65592699746333,9.90611178575917,0.613725454783608,-12.872565757733,14.1000166673002,0.779744961915866,0,0,0,"normal","I",1000,100,0.5,0,0,0,FALSE,0,FALSE,0.5,"leave-d",200,0.7,1e+05,TRUE,517
10,0,0,0,3.12509239414792,-3.65592699746333,9.90611178575917,-2.23475810613426,-16.40537531145,11.9358590991814,0.779744961915866,0,0,0,"normal","I",1000,100,0.5,0,0,0,FALSE,0,FALSE,0.5,"leave-d",200,0.7,1e+05,TRUE,517
10,0,0,0,3.12509239414792,-3.65592699746333,9.90611178575917,-3.99511244220412,-15.0594464909352,7.06922160652697,0.779744961915866,0,0,0,"normal","I",1000,100,0.5,0,0,0,FALSE,0,FALSE,0.5,"leave-d",200,0.7,1e+05,TRUE,517
10,0,0,0,3.12509239414792,-3.65592699746333,9.90611178575917,2.59510096262182,-7.34129397583765,12.5314959010813,0.779744961915866,0,0,0,"normal","I",1000,100,0.5,0,0,0,FALSE,0,FALSE,0.5,"leave-d",200,0.7,1e+05,TRUE,517
10,0,0,0,3.12509239414792,-3.65592699746333,9.90611178575917,17.2273461955292,5.48317972261616,28.9715126684422,0.779744961915866,0,11.8068390942533,0,"normal","I",1000,100,0.5,0,0,0,FALSE,0,FALSE,0.5,"leave-d",200,0.7,1e+05,TRUE,517
10,0,0,0,3.12509239414792,-3.65592699746333,9.90611178575917,6.90359125897212,-2.46495745916505,16.2721399771093,0.779744961915866,0,9.79428151071728,0,"normal","I",1000,100,0.5,0,0,0,FALSE,0,FALSE,0.5,"leave-d",200,0.7,1e+05,TRUE,517
10,0,0,0,3.12509239414792,-3.65592699746333,9.90611178575917,1.22679490379121,-8.0613396618246,10.514929469407,0.779744961915866,0,0,0,"normal","I",1000,100,0.5,0,0,0,FALSE,0,FALSE,0.5,"leave-d",200,0.7,1e+05,TRUE,517
10,0,0,0,3.12509239414792,-3.65592699746333,9.90611178575917,-4.94379798272486,-14.9263802014212,5.03878423597144,0.779744961915866,0,0,0,"normal","I",1000,100,0.5,0,0,0,FALSE,0,FALSE,0.5,"leave-d",200,0.7,1e+05,TRUE,517
10,0,0,0,3.12509239414792,-3.65592699746333,9.90611178575917,-6.56984454341887,-18.7198546088929,5.58016552205516,0.779744961915866,0,0,0,"normal","I",1000,100,0.5,0,0,0,FALSE,0,FALSE,0.5,"leave-d",200,0.7,1e+05,TRUE,517
10,0,0,0,3.12509239414792,-3.65592699746333,9.90611178575917,3.25850557746602,-8.52827248659176,15.0452836415238,0.779744961915866,0,0,0,"normal","I",1000,100,0.5,0,0,0,FALSE,0,FALSE,0.5,"leave-d",200,0.7,1e+05,TRUE,517
10,0,0,0,3.12509239414792,-3.65592699746333,9.90611178575917,6.85005272022911,-3.58854790628839,17.2886533467466,0.779744961915866,0,5.77426580726607,0,"normal","I",1000,100,0.5,0,0,0,FALSE,0,FALSE,0.5,"leave-d",200,0.7,1e+05,TRUE,517
10,0,0,0,3.12509239414792,-3.65592699746333,9.90611178575917,5.21907760435735,-6.54810022561347,16.9862554343282,0.779744961915866,0,3.93987863400035,0,"normal","I",1000,100,0.5,0,0,0,FALSE,0,FALSE,0.5,"leave-d",200,0.7,1e+05,TRUE,517
10,0,0,0,3.12509239414792,-3.65592699746333,9.90611178575917,2.54556388321137,-8.08697568441292,13.1781034508357,0.779744961915866,0,0,0,"normal","I",1000,100,0.5,0,0,0,FALSE,0,FALSE,0.5,"leave-d",200,0.7,1e+05,TRUE,517
10,0,0,0,3.12509239414792,-3.65592699746333,9.90611178575917,13.9764573120152,2.13119349254725,25.8217211314832,0.779744961915866,0,11.1729882121535,0,"normal","I",1000,100,0.5,0,0,0,FALSE,0,FALSE,0.5,"leave-d",200,0.7,1e+05,TRUE,517
10,0,0,0,3.12509239414792,-3.65592699746333,9.90611178575917,10.5003196094935,-3.13176153465767,24.1324007536446,0.779744961915866,0,14.027929419457,0,"normal","I",1000,100,0.5,0,0,0,FALSE,0,FALSE,0.5,"leave-d",200,0.7,1e+05,TRUE,517
10,0,0,0,3.12509239414792,-3.65592699746333,9.90611178575917,2.33469655429187,-9.4667468258649,14.1361399344487,0.779744961915866,0,0,0,"normal","I",1000,100,0.5,0,0,0,FALSE,0,FALSE,0.5,"leave-d",200,0.7,1e+05,TRUE,517
10,0,0,0,3.12509239414792,-3.65592699746333,9.90611178575917,-3.84365647510017,-15.7317216732439,8.04440872304361,0.779744961915866,0,0,0,"normal","I",1000,100,0.5,0,0,0,FALSE,0,FALSE,0.5,"leave-d",200,0.7,1e+05,TRUE,517
10,0,0,0,3.12509239414792,-3.65592699746333,9.90611178575917,0.855978476230415,-11.7494275879684,13.4613845404292,0.779744961915866,0,0,0,"normal","I",1000,100,0.5,0,0,0,FALSE,0,FALSE,0.5,"leave-d",200,0.7,1e+05,TRUE,517
10,0,0,0,3.12509239414792,-3.65592699746333,9.90611178575917,-6.00071198840951,-18.5332208923412,6.53179691552223,0.779744961915866,0,0,0,"normal","I",1000,100,0.5,0,0,0,FALSE,0,FALSE,0.5,"leave-d",200,0.7,1e+05,TRUE,517
10,0,0,0,3.12509239414792,-3.65592699746333,9.90611178575917,3.28009242668603,-9.0962151691716,15.6564000225437,0.779744961915866,0,0,0,"normal","I",1000,100,0.5,0,0,0,FALSE,0,FALSE,0.5,"leave-d",200,0.7,1e+05,TRUE,517
10,0,0,0,3.12509239414792,-3.65592699746333,9.90611178575917,-3.52452333974384,-15.7912027861335,8.74215610664584,0.779744961915866,0,0,0,"normal","I",1000,100,0.5,0,0,0,FALSE,0,FALSE,0.5,"leave-d",200,0.7,1e+05,TRUE,517
10,0,0,0,3.12509239414792,-3.65592699746333,9.90611178575917,5.6421941725381,-5.86618387465311,17.1505722197293,0.779744961915866,0,2.49521363132886,0,"normal","I",1000,100,0.5,0,0,0,FALSE,0,FALSE,0.5,"leave-d",200,0.7,1e+05,TRUE,517
10,0,0,0,3.12509239414792,-3.65592699746333,9.90611178575917,-4.85424036791106,-17.3947038951986,7.68622315937652,0.779744961915866,0,0,0,"normal","I",1000,100,0.5,0,0,0,FALSE,0,FALSE,0.5,"leave-d",200,0.7,1e+05,TRUE,517
10,0,0,0,3.12509239414792,-3.65592699746333,9.90611178575917,1.37072348520663,-10.4361837345841,13.1776307049974,0.779744961915866,0,0,0,"normal","I",1000,100,0.5,0,0,0,FALSE,0,FALSE,0.5,"leave-d",200,0.7,1e+05,TRUE,517
10,0,0,0,3.12509239414792,-3.65592699746333,9.90611178575917,7.87616829864032,-3.74462140550535,19.496958002786,0.779744961915866,0,4.04058331442288,0,"normal","I",1000,100,0.5,0,0,0,FALSE,0,FALSE,0.5,"leave-d",200,0.7,1e+05,TRUE,517
10,0,0,0,3.12509239414792,-3.65592699746333,9.90611178575917,3.90547345884741,-9.36240155354193,17.1733484712367,0.779744961915866,0,0,0,"normal","I",1000,100,0.5,0,0,0,FALSE,0,FALSE,0.5,"leave-d",200,0.7,1e+05,TRUE,517
10,0,0,0,3.12509239414792,-3.65592699746333,9.90611178575917,0.532027129862563,-9.82160910167143,10.8856633613966,0.779744961915866,0,0,0,"normal","I",1000,100,0.5,0,0,0,FALSE,0,FALSE,0.5,"leave-d",200,0.7,1e+05,TRUE,517
10,0,0,0,3.12509239414792,-3.65592699746333,9.90611178575917,-2.887910017968,-14.7448179094293,8.9689978734933,0.779744961915866,0,0,0,"normal","I",1000,100,0.5,0,0,0,FALSE,0,FALSE,0.5,"leave-d",200,0.7,1e+05,TRUE,517
10,0,0,0,3.12509239414792,-3.65592699746333,9.90611178575917,2.35724778284025,-8.64194477578464,13.3564403414651,0.779744961915866,0,0,0,"normal","I",1000,100,0.5,0,0,0,FALSE,0,FALSE,0.5,"leave-d",200,0.7,1e+05,TRUE,517
10,0,0,0,3.12509239414792,-3.65592699746333,9.90611178575917,-0.332993348701776,-12.0923330576509,11.4263463602474,0.779744961915866,0,0,0,"normal","I",1000,100,0.5,0,0,0,FALSE,0,FALSE,0.5,"leave-d",200,0.7,1e+05,TRUE,517
10,0,0,0,3.12509239414792,-3.65592699746333,9.90611178575917,16.6119934171598,3.59678518222573,29.6272016520939,0.779744961915866,0,13.1306383911322,0,"normal","I",1000,100,0.5,0,0,0,FALSE,0,FALSE,0.5,"leave-d",200,0.7,1e+05,TRUE,517
10,0,0,0,3.12509239414792,-3.65592699746333,9.90611178575917,8.87888317899602,-1.1025317613412,18.8602981193332,0.779744961915866,0,10.3321322699972,0,"normal","I",1000,100,0.5,0,0,0,FALSE,0,FALSE,0.5,"leave-d",200,0.7,1e+05,TRUE,517
10,0,0,0,3.12509239414792,-3.65592699746333,9.90611178575917,-1.18029205563794,-12.4147591592506,10.0541750479747,0.779744961915866,0,0,0,"normal","I",1000,100,0.5,0,0,0,FALSE,0,FALSE,0.5,"leave-d",200,0.7,1e+05,TRUE,517
10,0,0,0,3.12509239414792,-3.65592699746333,9.90611178575917,4.9289738149281,-6.51748785257047,16.3754354824267,0.779744961915866,0,3.26362595398405,0,"normal","I",1000,100,0.5,0,0,0,FALSE,0,FALSE,0.5,"leave-d",200,0.7,1e+05,TRUE,517
10,0,0,0,3.12509239414792,-3.65592699746333,9.90611178575917,12.5972173193216,0.68064257770388,24.5137920609393,0.779744961915866,0,11.1002409897499,0,"normal","I",1000,100,0.5,0,0,0,FALSE,0,FALSE,0.5,"leave-d",200,0.7,1e+05,TRUE,517
10,0,0,0,3.12509239414792,-3.65592699746333,9.90611178575917,7.99756379909408,-2.35985634942856,18.3549839476167,0.779744961915866,0,10.7181425155611,0,"normal","I",1000,100,0.5,0,0,0,FALSE,0,FALSE,0.5,"leave-d",200,0.7,1e+05,TRUE,517
10,0,0,0,3.12509239414792,-3.65592699746333,9.90611178575917,3.32086749643658,-10.971740122775,17.6134751156481,0.779744961915866,0,0,0,"normal","I",1000,100,0.5,0,0,0,FALSE,0,FALSE,0.5,"leave-d",200,0.7,1e+05,TRUE,517
10,0,0,0,3.12509239414792,-3.65592699746333,9.90611178575917,12.4492657558936,0.545061646507692,24.3534698652796,0.779744961915866,0,10.6000370341072,0,"normal","I",1000,100,0.5,0,0,0,FALSE,0,FALSE,0.5,"leave-d",200,0.7,1e+05,TRUE,517
10,0,0,0,3.12509239414792,-3.65592699746333,9.90611178575917,15.5446193126961,5.93300189999946,25.1562367253927,0.779744961915866,0,9.37720043241338,0,"normal","I",1000,100,0.5,0,0,0,FALSE,0,FALSE,0.5,"leave-d",200,0.7,1e+05,TRUE,517
10,0,0,0,3.12509239414792,-3.65592699746333,9.90611178575917,-9.57073263490462,-23.5943686126691,4.45290334285982,0.779744961915866,0,0,0,"normal","I",1000,100,0.5,0,0,0,FALSE,0,FALSE,0.5,"leave-d",200,0.7,1e+05,TRUE,517
10,0,0,0,3.12509239414792,-3.65592699746333,9.90611178575917,14.9437947466504,2.01273113329951,27.8748583600014,0.779744961915866,0,13.1323097108099,0,"normal","I",1000,100,0.5,0,0,0,FALSE,0,FALSE,0.5,"leave-d",200,0.7,1e+05,TRUE,517
10,0,0,0,3.12509239414792,-3.65592699746333,9.90611178575917,12.9980673430171,1.45610905144542,24.5400256345888,0.779744961915866,0,11.826709823869,0,"normal","I",1000,100,0.5,0,0,0,FALSE,0,FALSE,0.5,"leave-d",200,0.7,1e+05,TRUE,517
10,0,0,0,3.12509239414792,-3.65592699746333,9.90611178575917,17.7337248296794,8.25972798963907,27.2077216697196,0.779744961915866,0,9.25367176312148,0,"normal","I",1000,100,0.5,0,0,0,FALSE,0,FALSE,0.5,"leave-d",200,0.7,1e+05,TRUE,517
10,0,0,0,3.12509239414792,-3.65592699746333,9.90611178575917,0.93918334094582,-11.6672921086032,13.5456587904949,0.779744961915866,0,0,0,"normal","I",1000,100,0.5,0,0,0,FALSE,0,FALSE,0.5,"leave-d",200,0.7,1e+05,TRUE,517
10,0,0,0,3.12509239414792,-3.65592699746333,9.90611178575917,10.7911519430189,-1.6508531429518,23.2331570289896,0.779744961915866,0,8.33310775504343,0,"normal","I",1000,100,0.5,0,0,0,FALSE,0,FALSE,0.5,"leave-d",200,0.7,1e+05,TRUE,517
10,0,0,0,3.12509239414792,-3.65592699746333,9.90611178575917,21.2535752447668,10.1198723552996,32.387278134234,0.779744961915866,0,10.7508769345585,0,"normal","I",1000,100,0.5,0,0,0,FALSE,0,FALSE,0.5,"leave-d",200,0.7,1e+05,TRUE,517
10,0,0,0,3.12509239414792,-3.65592699746333,9.90611178575917,-3.47084514963606,-17.8483899106241,10.906699611352,0.779744961915866,0,0,0,"normal","I",1000,100,0.5,0,0,0,FALSE,0,FALSE,0.5,"leave-d",200,0.7,1e+05,TRUE,517
10,0,0,0,3.12509239414792,-3.65592699746333,9.90611178575917,16.7142921331937,4.31722687067207,29.1113573957153,0.779744961915866,0,12.3143716727151,0,"normal","I",1000,100,0.5,0,0,0,FALSE,0,FALSE,0.5,"leave-d",200,0.7,1e+05,TRUE,517
10,0,0,0,3.12509239414792,-3.65592699746333,9.90611178575917,9.2554214287124,0.664027195684062,17.8468156617407,0.779744961915866,0,8.68378091023913,0,"normal","I",1000,100,0.5,0,0,0,FALSE,0,FALSE,0.5,"leave-d",200,0.7,1e+05,TRUE,517
10,0,0,0,3.12509239414792,-3.65592699746333,9.90611178575917,10.8656862170076,0.578736267005622,21.1526361670096,0.779744961915866,0,10.9023036305435,0,"normal","I",1000,100,0.5,0,0,0,FALSE,0,FALSE,0.5,"leave-d",200,0.7,1e+05,TRUE,517
10,0,0,0,3.12509239414792,-3.65592699746333,9.90611178575917,0.310208483259931,-8.61482362924986,9.23524059576972,0.779744961915866,0,0,0,"normal","I",1000,100,0.5,0,0,0,FALSE,0,FALSE,0.5,"leave-d",200,0.7,1e+05,TRUE,517
10,0,0,0,3.12509239414792,-3.65592699746333,9.90611178575917,22.7871627741482,9.21087555689356,36.3634499914028,0.779744961915866,0,13.0830851221335,0,"normal","I",1000,100,0.5,0,0,0,FALSE,0,FALSE,0.5,"leave-d",200,0.7,1e+05,TRUE,517
10,0,0,0,3.12509239414792,-3.65592699746333,9.90611178575917,0.155616680350761,-11.5060234563093,11.8172568170108,0.779744961915866,0,0,0,"normal","I",1000,100,0.5,0,0,0,FALSE,0,FALSE,0.5,"leave-d",200,0.7,1e+05,TRUE,517
10,0,0,0,3.12509239414792,-3.65592699746333,9.90611178575917,-5.68563995304662,-19.211378639805,7.84009873371178,0.779744961915866,0,0,0,"normal","I",1000,100,0.5,0,0,0,FALSE,0,FALSE,0.5,"leave-d",200,0.7,1e+05,TRUE,517
10,0,0,0,3.12509239414792,-3.65592699746333,9.90611178575917,11.5144790354187,0.330042179800705,22.6989158910367,0.779744961915866,0,11.1859913949968,0,"normal","I",1000,100,0.5,0,0,0,FALSE,0,FALSE,0.5,"leave-d",200,0.7,1e+05,TRUE,517
10,0,0,0,3.12509239414792,-3.65592699746333,9.90611178575917,13.5333009333626,0.641302432943478,26.4252994337817,0.779744961915866,0,13.2448778462482,0,"normal","I",1000,100,0.5,0,0,0,FALSE,0,FALSE,0.5,"leave-d",200,0.7,1e+05,TRUE,517
10,0,0,0,3.12509239414792,-3.65592699746333,9.90611178575917,14.283308603416,0.772479327912961,27.794137878919,0.779744961915866,0,13.5988702040808,0,"normal","I",1000,100,0.5,0,0,0,FALSE,0,FALSE,0.5,"leave-d",200,0.7,1e+05,TRUE,517
10,0,0,0,3.12509239414792,-3.65592699746333,9.90611178575917,-1.70923102579565,-12.1851702812549,8.76670822966357,0.779744961915866,0,0,0,"normal","I",1000,100,0.5,0,0,0,FALSE,0,FALSE,0.5,"leave-d",200,0.7,1e+05,TRUE,517
10,0,0,0,3.12509239414792,-3.65592699746333,9.90611178575917,0.99341785953187,-11.287568169872,13.2744038889358,0.779744961915866,0,0,0,"normal","I",1000,100,0.5,0,0,0,FALSE,0,FALSE,0.5,"leave-d",200,0.7,1e+05,TRUE,517
10,0,0,0,3.12509239414792,-3.65592699746333,9.90611178575917,15.3127732506484,3.23441635918483,27.391130142112,0.779744961915866,0,12.3052792481612,0,"normal","I",1000,100,0.5,0,0,0,FALSE,0,FALSE,0.5,"leave-d",200,0.7,1e+05,TRUE,517
10,0,0,0,3.12509239414792,-3.65592699746333,9.90611178575917,3.91047985915428,-9.27185116010033,17.0928108784089,0.779744961915866,0,0,0,"normal","I",1000,100,0.5,0,0,0,FALSE,0,FALSE,0.5,"leave-d",200,0.7,1e+05,TRUE,517
10,0,0,0,3.12509239414792,-3.65592699746333,9.90611178575917,10.8546329560118,0.381697800827256,21.3275681111963,0.779744961915866,0,9.01208377310984,0,"normal","I",1000,100,0.5,0,0,0,FALSE,0,FALSE,0.5,"leave-d",200,0.7,1e+05,TRUE,517
10,0,0,0,3.12509239414792,-3.65592699746333,9.90611178575917,0.192740181105793,-10.3717610752903,10.7572414375019,0.779744961915866,0,0,0,"normal","I",1000,100,0.5,0,0,0,FALSE,0,FALSE,0.5,"leave-d",200,0.7,1e+05,TRUE,517
10,0,0,0,3.12509239414792,-3.65592699746333,9.90611178575917,17.7234733747185,0.039284471573712,35.4076622778633,0.779744961915866,0,17.9946593691645,0,"normal","I",1000,100,0.5,0,0,0,FALSE,0,FALSE,0.5,"leave-d",200,0.7,1e+05,TRUE,517
10,0,0,0,3.12509239414792,-3.65592699746333,9.90611178575917,-1.12151195522581,-10.1365106941837,7.89348678373207,0.779744961915866,0,0,0,"normal","I",1000,100,0.5,0,0,0,FALSE,0,FALSE,0.5,"leave-d",200,0.7,1e+05,TRUE,517
10,0,0,0,3.12509239414792,-3.65592699746333,9.90611178575917,-1.49298313146641,-11.4591971730834,8.47323091015063,0.779744961915866,0,0,0,"normal","I",1000,100,0.5,0,0,0,FALSE,0,FALSE,0.5,"leave-d",200,0.7,1e+05,TRUE,517
10,0,0,0,3.12509239414792,-3.65592699746333,9.90611178575917,-9.4984393950736,-17.9258998122787,-1.0709789778685,0.779744961915866,0,0,0,"normal","I",1000,100,0.5,0,0,0,FALSE,0,FALSE,0.5,"leave-d",200,0.7,1e+05,TRUE,517
10,0,0,0,3.12509239414792,-3.65592699746333,9.90611178575917,11.8809227792117,0.13565719357614,23.6261883648472,0.779744961915866,0,12.0065417837564,0,"normal","I",1000,100,0.5,0,0,0,FALSE,0,FALSE,0.5,"leave-d",200,0.7,1e+05,TRUE,517
10,0,0,0,3.12509239414792,-3.65592699746333,9.90611178575917,14.5678180761898,3.05399337180341,26.0816427805763,0.779744961915866,0,11.5736971051681,0,"normal","I",1000,100,0.5,0,0,0,FALSE,0,FALSE,0.5,"leave-d",200,0.7,1e+05,TRUE,517
10,0,0,0,3.12509239414792,-3.65592699746333,9.90611178575917,7.34825572325631,-5.33391434301602,20.0304257895287,0.779744961915866,0,9.90833954012144,0,"normal","I",1000,100,0.5,0,0,0,FALSE,0,FALSE,0.5,"leave-d",200,0.7,1e+05,TRUE,517
10,0,0,0,3.12509239414792,-3.65592699746333,9.90611178575917,9.43497147011236,-0.584695758041951,19.4546386982667,0.779744961915866,0,8.68657036858592,0,"normal","I",1000,100,0.5,0,0,0,FALSE,0,FALSE,0.5,"leave-d",200,0.7,1e+05,TRUE,517
10,0,0,0,3.12509239414792,-3.65592699746333,9.90611178575917,-0.992285212046208,-13.0249596275515,11.040389203459,0.779744961915866,0,0,0,"normal","I",1000,100,0.5,0,0,0,FALSE,0,FALSE,0.5,"leave-d",200,0.7,1e+05,TRUE,517
10,0,0,0,3.12509239414792,-3.65592699746333,9.90611178575917,11.941412485264,-0.668776675404487,24.5516016459325,0.779744961915866,0,12.4499323424752,0,"normal","I",1000,100,0.5,0,0,0,FALSE,0,FALSE,0.5,"leave-d",200,0.7,1e+05,TRUE,517
10,0,0,0,3.12509239414792,-3.65592699746333,9.90611178575917,-3.65517479326852,-12.9976604577972,5.68731087126016,0.779744961915866,0,0,0,"normal","I",1000,100,0.5,0,0,0,FALSE,0,FALSE,0.5,"leave-d",200,0.7,1e+05,TRUE,517
10,0,0,0,3.12509239414792,-3.65592699746333,9.90611178575917,-5.60745476722876,-18.1214221665259,6.90651263206834,0.779744961915866,0,0,0,"normal","I",1000,100,0.5,0,0,0,FALSE,0,FALSE,0.5,"leave-d",200,0.7,1e+05,TRUE,517
10,0,0,0,3.12509239414792,-3.65592699746333,9.90611178575917,-0.79374788330124,-11.8619115825139,10.2744158159114,0.779744961915866,0,0,0,"normal","I",1000,100,0.5,0,0,0,FALSE,0,FALSE,0.5,"leave-d",200,0.7,1e+05,TRUE,517
10,0,0,0,3.12509239414792,-3.65592699746333,9.90611178575917,5.17319693365438,-6.20683687705091,16.5532307443597,0.779744961915866,0,5.10703949566678,0,"normal","I",1000,100,0.5,0,0,0,FALSE,0,FALSE,0.5,"leave-d",200,0.7,1e+05,TRUE,517
10,0,0,0,3.12509239414792,-3.65592699746333,9.90611178575917,9.45688934269137,-3.02606938543131,21.9398480708141,0.779744961915866,0,12.06493496709,0,"normal","I",1000,100,0.5,0,0,0,FALSE,0,FALSE,0.5,"leave-d",200,0.7,1e+05,TRUE,517
10,0,0,0,3.12509239414792,-3.65592699746333,9.90611178575917,6.80950070171271,-4.65031388096224,18.2693152843877,0.779744961915866,0,5.07533889751546,0,"normal","I",1000,100,0.5,0,0,0,FALSE,0,FALSE,0.5,"leave-d",200,0.7,1e+05,TRUE,517
10,0,0,0,3.12509239414792,-3.65592699746333,9.90611178575917,-0.293339950376221,-12.9763709649516,12.3896910641992,0.779744961915866,0,0,0,"normal","I",1000,100,0.5,0,0,0,FALSE,0,FALSE,0.5,"leave-d",200,0.7,1e+05,TRUE,517
10,0,0,0,3.12509239414792,-3.65592699746333,9.90611178575917,-10.1402749879735,-22.5408084735217,2.26025849757459,0.779744961915866,0,0,0,"normal","I",1000,100,0.5,0,0,0,FALSE,0,FALSE,0.5,"leave-d",200,0.7,1e+05,TRUE,517
10,0,0,0,3.12509239414792,-3.65592699746333,9.90611178575917,-7.06052943754281,-16.6620749424763,2.54101606739064,0.779744961915866,0,0,0,"normal","I",1000,100,0.5,0,0,0,FALSE,0,FALSE,0.5,"leave-d",200,0.7,1e+05,TRUE,517
10,0,0,0,3.12509239414792,-3.65592699746333,9.90611178575917,-2.88862023355757,-13.2570749552064,7.47983448809121,0.779744961915866,0,0,0,"normal","I",1000,100,0.5,0,0,0,FALSE,0,FALSE,0.5,"leave-d",200,0.7,1e+05,TRUE,517
10,0,0,0,3.12509239414792,-3.65592699746333,9.90611178575917,3.0626998198479,-7.79735991640505,13.9227595561008,0.779744961915866,0,0,0,"normal","I",1000,100,0.5,0,0,0,FALSE,0,FALSE,0.5,"leave-d",200,0.7,1e+05,TRUE,517
10,0,0,0,3.12509239414792,-3.65592699746333,9.90611178575917,-10.2881717164918,-24.5191596835331,3.94281625054945,0.779744961915866,0,0,0,"normal","I",1000,100,0.5,0,0,0,FALSE,0,FALSE,0.5,"leave-d",200,0.7,1e+05,TRUE,517
10,0,0,0,3.12509239414792,-3.65592699746333,9.90611178575917,-6.95887872388956,-18.3906286727928,4.47287122501366,0.779744961915866,0,0,0,"normal","I",1000,100,0.5,0,0,0,FALSE,0,FALSE,0.5,"leave-d",200,0.7,1e+05,TRUE,517
10,0,0,0,3.12509239414792,-3.65592699746333,9.90611178575917,-3.09676139382635,-14.9773624154325,8.78383962777978,0.779744961915866,0,0,0,"normal","I",1000,100,0.5,0,0,0,FALSE,0,FALSE,0.5,"leave-d",200,0.7,1e+05,TRUE,517
10,0,0,0,3.12509239414792,-3.65592699746333,9.90611178575917,10.4691542341507,0.532826270241403,20.4054821980601,0.779744961915866,0,10.3335109375001,0,"normal","I",1000,100,0.5,0,0,0,FALSE,0,FALSE,0.5,"leave-d",200,0.7,1e+05,TRUE,517
10,0,0,0,3.12509239414792,-3.65592699746333,9.90611178575917,0.265023964618219,-12.6124075186214,13.1424554478578,0.779744961915866,0,0,0,"normal","I",1000,100,0.5,0,0,0,FALSE,0,FALSE,0.5,"leave-d",200,0.7,1e+05,TRUE,517
10,0,0,0,3.12509239414792,-3.65592699746333,9.90611178575917,8.99609586924247,-1.24658402000253,19.2387757584875,0.779744961915866,0,6.27894023118232,0,"normal","I",1000,100,0.5,0,0,0,FALSE,0,FALSE,0.5,"leave-d",200,0.7,1e+05,TRUE,517
10,0,0,0,3.12509239414792,-3.65592699746333,9.90611178575917,4.66868054050721,-6.7208784380044,16.0582395190188,0.779744961915866,0,1.3156147181623,0,"normal","I",1000,100,0.5,0,0,0,FALSE,0,FALSE,0.5,"leave-d",200,0.7,1e+05,TRUE,517
10,0,0,0,3.12509239414792,-3.65592699746333,9.90611178575917,16.406968108341,4.6321069227449,28.181829293937,0.779744961915866,0,12.0666265699887,0,"normal","I",1000,100,0.5,0,0,0,FALSE,0,FALSE,0.5,"leave-d",200,0.7,1e+05,TRUE,517
10,0,0,0,3.12509239414792,-3.65592699746333,9.90611178575917,10.3812944995294,0.644199937269489,20.1183890617894,0.779744961915866,0,9.84011278963963,0,"normal","I",1000,100,0.5,0,0,0,FALSE,0,FALSE,0.5,"leave-d",200,0.7,1e+05,TRUE,517
10,0,0,0,3.12509239414792,-3.65592699746333,9.90611178575917,-1.6587035882905,-15.2155530524895,11.8981458759085,0.779744961915866,0,0,0,"normal","I",1000,100,0.5,0,0,0,FALSE,0,FALSE,0.5,"leave-d",200,0.7,1e+05,TRUE,517
10,0,0,0,3.12509239414792,-3.65592699746333,9.90611178575917,5.10027595862588,-8.01991050922541,18.2204624264772,0.779744961915866,0,2.56480088443733,0,"normal","I",1000,100,0.5,0,0,0,FALSE,0,FALSE,0.5,"leave-d",200,0.7,1e+05,TRUE,517
10,0,0,0,3.12509239414792,-3.65592699746333,9.90611178575917,2.69342556246693,-8.28384818351395,13.6706993084478,0.779744961915866,0,0,0,"normal","I",1000,100,0.5,0,0,0,FALSE,0,FALSE,0.5,"leave-d",200,0.7,1e+05,TRUE,517
10,0,0,0,3.12509239414792,-3.65592699746333,9.90611178575917,4.84813723016154,-4.48985537322663,14.1861298335497,0.779744961915866,0,4.4663804184044,0,"normal","I",1000,100,0.5,0,0,0,FALSE,0,FALSE,0.5,"leave-d",200,0.7,1e+05,TRUE,517
10,0,0,0,3.12509239414792,-3.65592699746333,9.90611178575917,3.40920852672356,-6.01386449529658,12.8322815487437,0.779744961915866,0,1.35873781298556,0,"normal","I",1000,100,0.5,0,0,0,FALSE,0,FALSE,0.5,"leave-d",200,0.7,1e+05,TRUE,517
10,0,0,0,3.12509239414792,-3.65592699746333,9.90611178575917,6.52311204209612,-4.29455460048072,17.340778684673,0.779744961915866,0,3.05466910525015,0,"normal","I",1000,100,0.5,0,0,0,FALSE,0,FALSE,0.5,"leave-d",200,0.7,1e+05,TRUE,517
10,0,0,0,3.12509239414792,-3.65592699746333,9.90611178575917,15.6583936378564,5.20261279258943,26.1141744831234,0.779744961915866,0,10.3169396378332,0,"normal","I",1000,100,0.5,0,0,0,FALSE,0,FALSE,0.5,"leave-d",200,0.7,1e+05,TRUE,517
10,0,0,0,3.12509239414792,-3.65592699746333,9.90611178575917,5.3971072978376,-5.48342629168054,16.2776408873557,0.779744961915866,0,6.68263801197504,0,"normal","I",1000,100,0.5,0,0,0,FALSE,0,FALSE,0.5,"leave-d",200,0.7,1e+05,TRUE,517
10,0,0,0,3.12509239414792,-3.65592699746333,9.90611178575917,-2.86688005607611,-15.4289072949321,9.6951471827799,0.779744961915866,0,0,0,"normal","I",1000,100,0.5,0,0,0,FALSE,0,FALSE,0.5,"leave-d",200,0.7,1e+05,TRUE,517
10,0,0,0,3.12509239414792,-3.65592699746333,9.90611178575917,5.13927420503267,-5.83159676208467,16.11014517215,0.779744961915866,0,4.88257548292449,0,"normal","I",1000,100,0.5,0,0,0,FALSE,0,FALSE,0.5,"leave-d",200,0.7,1e+05,TRUE,517
10,0,0,0,3.12509239414792,-3.65592699746333,9.90611178575917,2.56150727598601,-9.10606534596242,14.2290798979345,0.779744961915866,0,0,0,"normal","I",1000,100,0.5,0,0,0,FALSE,0,FALSE,0.5,"leave-d",200,0.7,1e+05,TRUE,517
10,0,0,0,3.12509239414792,-3.65592699746333,9.90611178575917,0.960301112971255,-9.31001400453385,11.2306162304764,0.779744961915866,0,0,0,"normal","I",1000,100,0.5,0,0,0,FALSE,0,FALSE,0.5,"leave-d",200,0.7,1e+05,TRUE,517
10,0,0,0,3.12509239414792,-3.65592699746333,9.90611178575917,4.47934986122078,-4.40598054806333,13.3646802705049,0.779744961915866,0,7.84450717155805,0,"normal","I",1000,100,0.5,0,0,0,FALSE,0,FALSE,0.5,"leave-d",200,0.7,1e+05,TRUE,517
10,0,0,0,3.12509239414792,-3.65592699746333,9.90611178575917,-1.77769571244114,-17.6935163730362,14.138124948154,0.779744961915866,0,0,0,"normal","I",1000,100,0.5,0,0,0,FALSE,0,FALSE,0.5,"leave-d",200,0.7,1e+05,TRUE,517
10,0,0,0,3.12509239414792,-3.65592699746333,9.90611178575917,-2.78862508759244,-12.9402405730695,7.36299039788464,0.779744961915866,0,0,0,"normal","I",1000,100,0.5,0,0,0,FALSE,0,FALSE,0.5,"leave-d",200,0.7,1e+05,TRUE,517
10,0,0,0,3.12509239414792,-3.65592699746333,9.90611178575917,6.6993976487412,-3.54039357669356,16.939188874176,0.779744961915866,0,7.75688998083696,0,"normal","I",1000,100,0.5,0,0,0,FALSE,0,FALSE,0.5,"leave-d",200,0.7,1e+05,TRUE,517
10,0,0,0,3.12509239414792,-3.65592699746333,9.90611178575917,6.41378449892524,-5.38417499936541,18.2117439972159,0.779744961915866,0,12.2589657729623,0,"normal","I",1000,100,0.5,0,0,0,FALSE,0,FALSE,0.5,"leave-d",200,0.7,1e+05,TRUE,517
10,0,0,0,3.12509239414792,-3.65592699746333,9.90611178575917,13.6797918284251,1.98803640578864,25.3715472510615,0.779744961915866,0,10.7622007608634,0,"normal","I",1000,100,0.5,0,0,0,FALSE,0,FALSE,0.5,"leave-d",200,0.7,1e+05,TRUE,517
10,0,0,0,3.12509239414792,-3.65592699746333,9.90611178575917,1.23821473236909,-14.9302783997895,17.4067078645277,0.779744961915866,0,0,0,"normal","I",1000,100,0.5,0,0,0,FALSE,0,FALSE,0.5,"leave-d",200,0.7,1e+05,TRUE,517
10,0,0,0,3.12509239414792,-3.65592699746333,9.90611178575917,19.9733342173968,6.70517913790034,33.2414892968932,0.779744961915866,0,13.2083335183675,0,"normal","I",1000,100,0.5,0,0,0,FALSE,0,FALSE,0.5,"leave-d",200,0.7,1e+05,TRUE,517
10,0,0,0,3.12509239414792,-3.65592699746333,9.90611178575917,7.55948196926702,-5.80003029439218,20.9189942329262,0.779744961915866,0,5.64074315971959,0,"normal","I",1000,100,0.5,0,0,0,FALSE,0,FALSE,0.5,"leave-d",200,0.7,1e+05,TRUE,517
10,0,0,0,3.12509239414792,-3.65592699746333,9.90611178575917,3.40644277151576,-6.28721577323496,13.1001013162665,0.779744961915866,0,1.04184341600691,0,"normal","I",1000,100,0.5,0,0,0,FALSE,0,FALSE,0.5,"leave-d",200,0.7,1e+05,TRUE,517
10,0,0,0,3.12509239414792,-3.65592699746333,9.90611178575917,5.75263619772565,-9.34295330805153,20.8482257035028,0.779744961915866,0,2.63517574039463,0,"normal","I",1000,100,0.5,0,0,0,FALSE,0,FALSE,0.5,"leave-d",200,0.7,1e+05,TRUE,517
10,0,0,0,3.12509239414792,-3.65592699746333,9.90611178575917,13.1487771187052,0.650891747574017,25.6466624898364,0.779744961915866,0,12.6664572412675,0,"normal","I",1000,100,0.5,0,0,0,FALSE,0,FALSE,0.5,"leave-d",200,0.7,1e+05,TRUE,517
10,0,0,0,3.12509239414792,-3.65592699746333,9.90611178575917,3.88331506909328,-8.43351629692298,16.2001464351095,0.779744961915866,0,0.441141798342179,0,"normal","I",1000,100,0.5,0,0,0,FALSE,0,FALSE,0.5,"leave-d",200,0.7,1e+05,TRUE,517
10,0,0,0,3.12509239414792,-3.65592699746333,9.90611178575917,-6.95459465618239,-18.9974849125716,5.08829560020685,0.779744961915866,0,0,0,"normal","I",1000,100,0.5,0,0,0,FALSE,0,FALSE,0.5,"leave-d",200,0.7,1e+05,TRUE,517
10,0,0,0,3.12509239414792,-3.65592699746333,9.90611178575917,-5.80866425260546,-17.5500091743041,5.93268066909324,0.779744961915866,0,0,0,"normal","I",1000,100,0.5,0,0,0,FALSE,0,FALSE,0.5,"leave-d",200,0.7,1e+05,TRUE,517
10,0,0,0,3.12509239414792,-3.65592699746333,9.90611178575917,-3.72608496824123,-14.1709659824409,6.71879604595847,0.779744961915866,0,0,0,"normal","I",1000,100,0.5,0,0,0,FALSE,0,FALSE,0.5,"leave-d",200,0.7,1e+05,TRUE,517
10,0,0,0,3.12509239414792,-3.65592699746333,9.90611178575917,0.349240599016574,-15.038165370208,15.7366465682412,0.779744961915866,0,0,0,"normal","I",1000,100,0.5,0,0,0,FALSE,0,FALSE,0.5,"leave-d",200,0.7,1e+05,TRUE,517
10,0,0,0,3.12509239414792,-3.65592699746333,9.90611178575917,-2.66559807881228,-16.581639882088,11.2504437244635,0.779744961915866,0,0,0,"normal","I",1000,100,0.5,0,0,0,FALSE,0,FALSE,0.5,"leave-d",200,0.7,1e+05,TRUE,517
10,0,0,0,3.12509239414792,-3.65592699746333,9.90611178575917,-12.2817467709667,-24.8000687014947,0.236575159561246,0.779744961915866,0,0,0,"normal","I",1000,100,0.5,0,0,0,FALSE,0,FALSE,0.5,"leave-d",200,0.7,1e+05,TRUE,517
10,0,0,0,3.12509239414792,-3.65592699746333,9.90611178575917,9.18346183472743,-5.13835438099963,23.5052780504545,0.779744961915866,0,14.8853146241385,0,"normal","I",1000,100,0.5,0,0,0,FALSE,0,FALSE,0.5,"leave-d",200,0.7,1e+05,TRUE,517
10,0,0,0,3.12509239414792,-3.65592699746333,9.90611178575917,-5.24864855574366,-15.2054698957892,4.70817278430186,0.779744961915866,0,0,0,"normal","I",1000,100,0.5,0,0,0,FALSE,0,FALSE,0.5,"leave-d",200,0.7,1e+05,TRUE,517
10,0,0,0,3.12509239414792,-3.65592699746333,9.90611178575917,-2.85538750533881,-13.2067953303001,7.49602031962248,0.779744961915866,0,0,0,"normal","I",1000,100,0.5,0,0,0,FALSE,0,FALSE,0.5,"leave-d",200,0.7,1e+05,TRUE,517
10,0,0,0,3.12509239414792,-3.65592699746333,9.90611178575917,-2.66656980568448,-13.8136259524781,8.48048634110912,0.779744961915866,0,0,0,"normal","I",1000,100,0.5,0,0,0,FALSE,0,FALSE,0.5,"leave-d",200,0.7,1e+05,TRUE,517
10,0,0,0,3.12509239414792,-3.65592699746333,9.90611178575917,5.87122246062636,-4.22373354786339,15.9661784691161,0.779744961915866,0,3.80787730856583,0,"normal","I",1000,100,0.5,0,0,0,FALSE,0,FALSE,0.5,"leave-d",200,0.7,1e+05,TRUE,517
10,0,0,0,3.12509239414792,-3.65592699746333,9.90611178575917,-5.78643459436113,-18.6787724807259,7.10590329200368,0.779744961915866,0,0,0,"normal","I",1000,100,0.5,0,0,0,FALSE,0,FALSE,0.5,"leave-d",200,0.7,1e+05,TRUE,517
10,0,0,0,3.12509239414792,-3.65592699746333,9.90611178575917,10.5743814218959,-1.27694710076331,22.425709944555,0.779744961915866,0,7.80353123703871,0,"normal","I",1000,100,0.5,0,0,0,FALSE,0,FALSE,0.5,"leave-d",200,0.7,1e+05,TRUE,517
10,0,0,0,3.12509239414792,-3.65592699746333,9.90611178575917,-3.43848111831344,-14.7345416387545,7.85757940212762,0.779744961915866,0,0,0,"normal","I",1000,100,0.5,0,0,0,FALSE,0,FALSE,0.5,"leave-d",200,0.7,1e+05,TRUE,517
10,0,0,0,3.12509239414792,-3.65592699746333,9.90611178575917,5.09106597030705,-5.01950253302939,15.2016344736435,0.779744961915866,0,4.93541429621217,0,"normal","I",1000,100,0.5,0,0,0,FALSE,0,FALSE,0.5,"leave-d",200,0.7,1e+05,TRUE,517
10,0,0,0,3.12509239414792,-3.65592699746333,9.90611178575917,4.74135949680521,-4.63776617178171,14.1204851653921,0.779744961915866,0,2.65956991546678,0,"normal","I",1000,100,0.5,0,0,0,FALSE,0,FALSE,0.5,"leave-d",200,0.7,1e+05,TRUE,517
10,0,0,0,3.12509239414792,-3.65592699746333,9.90611178575917,-0.726064951449981,-12.1811452128212,10.7290153099212,0.779744961915866,0,0,0,"normal","I",1000,100,0.5,0,0,0,FALSE,0,FALSE,0.5,"leave-d",200,0.7,1e+05,TRUE,517
10,0,0,0,3.12509239414792,-3.65592699746333,9.90611178575917,-2.32599032598253,-13.4890368523584,8.83705620039338,0.779744961915866,0,0,0,"normal","I",1000,100,0.5,0,0,0,FALSE,0,FALSE,0.5,"leave-d",200,0.7,1e+05,TRUE,517
10,0,0,0,3.12509239414792,-3.65592699746333,9.90611178575917,0.824945651601971,-9.484152894295,11.1340441974989,0.779744961915866,0,0,0,"normal","I",1000,100,0.5,0,0,0,FALSE,0,FALSE,0.5,"leave-d",200,0.7,1e+05,TRUE,517
10,0,0,0,3.12509239414792,-3.65592699746333,9.90611178575917,9.26585830406868,-3.64862111170973,22.1803377198471,0.779744961915866,0,6.4317466221386,0,"normal","I",1000,100,0.5,0,0,0,FALSE,0,FALSE,0.5,"leave-d",200,0.7,1e+05,TRUE,517
10,0,0,0,3.12509239414792,-3.65592699746333,9.90611178575917,-7.82759151229983,-19.565635336703,3.91045231210334,0.779744961915866,0,0,0,"normal","I",1000,100,0.5,0,0,0,FALSE,0,FALSE,0.5,"leave-d",200,0.7,1e+05,TRUE,517
10,0,0,0,3.12509239414792,-3.65592699746333,9.90611178575917,0.885891700828045,-10.6640940478603,12.4358774495164,0.779744961915866,0,0,0,"normal","I",1000,100,0.5,0,0,0,FALSE,0,FALSE,0.5,"leave-d",200,0.7,1e+05,TRUE,517
10,0,0,0,3.12509239414792,-3.65592699746333,9.90611178575917,8.0453369999772,-2.57040499325344,18.6610789932078,0.779744961915866,0,7.96707888401384,0,"normal","I",1000,100,0.5,0,0,0,FALSE,0,FALSE,0.5,"leave-d",200,0.7,1e+05,TRUE,517
10,0,0,0,3.12509239414792,-3.65592699746333,9.90611178575917,-2.99857549812444,-12.7006136401189,6.70346264387001,0.779744961915866,0,0,0,"normal","I",1000,100,0.5,0,0,0,FALSE,0,FALSE,0.5,"leave-d",200,0.7,1e+05,TRUE,517
10,0,0,0,3.12509239414792,-3.65592699746333,9.90611178575917,4.54162656796103,-7.91391769351806,16.9971708294401,0.779744961915866,0,1.29750268118235,0,"normal","I",1000,100,0.5,0,0,0,FALSE,0,FALSE,0.5,"leave-d",200,0.7,1e+05,TRUE,517
10,0,0,0,3.12509239414792,-3.65592699746333,9.90611178575917,3.24016044623059,-8.34462561394463,14.8249465064058,0.779744961915866,0,0,0,"normal","I",1000,100,0.5,0,0,0,FALSE,0,FALSE,0.5,"leave-d",200,0.7,1e+05,TRUE,517
10,0,0,0,3.12509239414792,-3.65592699746333,9.90611178575917,7.78567762748325,-3.27614371858689,18.8474989735534,0.779744961915866,0,11.7139944366627,0,"normal","I",1000,100,0.5,0,0,0,FALSE,0,FALSE,0.5,"leave-d",200,0.7,1e+05,TRUE,517
10,0,0,0,3.12509239414792,-3.65592699746333,9.90611178575917,-3.35041933178924,-11.6986443315281,4.99780566794959,0.779744961915866,0,0,0,"normal","I",1000,100,0.5,0,0,0,FALSE,0,FALSE,0.5,"leave-d",200,0.7,1e+05,TRUE,517
10,0,0,0,3.12509239414792,-3.65592699746333,9.90611178575917,22.7248798734288,8.28100417359749,37.1687555732601,0.779744961915866,0,13.9132895633753,0,"normal","I",1000,100,0.5,0,0,0,FALSE,0,FALSE,0.5,"leave-d",200,0.7,1e+05,TRUE,517
10,0,0,0,3.12509239414792,-3.65592699746333,9.90611178575917,16.3018524999655,3.88549565810081,28.7182093418302,0.779744961915866,0,12.494468606863,0,"normal","I",1000,100,0.5,0,0,0,FALSE,0,FALSE,0.5,"leave-d",200,0.7,1e+05,TRUE,517
10,0,0,0,3.12509239414792,-3.65592699746333,9.90611178575917,-6.34666313843442,-19.6066417354663,6.9133154585975,0.779744961915866,0,0,0,"normal","I",1000,100,0.5,0,0,0,FALSE,0,FALSE,0.5,"leave-d",200,0.7,1e+05,TRUE,517
10,0,0,0,3.12509239414792,-3.65592699746333,9.90611178575917,-3.11289188686479,-14.714244291072,8.48846051734246,0.779744961915866,0,0,0,"normal","I",1000,100,0.5,0,0,0,FALSE,0,FALSE,0.5,"leave-d",200,0.7,1e+05,TRUE,517
10,0,0,0,3.12509239414792,-3.65592699746333,9.90611178575917,5.40068708503307,-7.89905102007086,18.700425190137,0.779744961915866,0,1.84376886079658,0,"normal","I",1000,100,0.5,0,0,0,FALSE,0,FALSE,0.5,"leave-d",200,0.7,1e+05,TRUE,517
10,0,0,0,3.12509239414792,-3.65592699746333,9.90611178575917,2.10127348455989,-8.60690662668005,12.8094535957998,0.779744961915866,0,0,0,"normal","I",1000,100,0.5,0,0,0,FALSE,0,FALSE,0.5,"leave-d",200,0.7,1e+05,TRUE,517
10,0,0,0,3.12509239414792,-3.65592699746333,9.90611178575917,0.0630283661199011,-9.22529078283603,9.35134751507583,0.779744961915866,0,0,0,"normal","I",1000,100,0.5,0,0,0,FALSE,0,FALSE,0.5,"leave-d",200,0.7,1e+05,TRUE,517
10,0,0,0,3.12509239414792,-3.65592699746333,9.90611178575917,3.8352543918052,-6.35338436045438,14.0238931440648,0.779744961915866,0,1.78018187226118,0,"normal","I",1000,100,0.5,0,0,0,FALSE,0,FALSE,0.5,"leave-d",200,0.7,1e+05,TRUE,517
10,0,0,0,3.12509239414792,-3.65592699746333,9.90611178575917,5.57392289957011,-6.4539178141659,17.6017636133061,0.779744961915866,0,2.52628669117741,0,"normal","I",1000,100,0.5,0,0,0,FALSE,0,FALSE,0.5,"leave-d",200,0.7,1e+05,TRUE,517
10,0,0,0,3.12509239414792,-3.65592699746333,9.90611178575917,15.1081688993242,5.09103302081905,25.1253047778293,0.779744961915866,0,10.0042601595138,0,"normal","I",1000,100,0.5,0,0,0,FALSE,0,FALSE,0.5,"leave-d",200,0.7,1e+05,TRUE,517
10,0,0,0,3.12509239414792,-3.65592699746333,9.90611178575917,13.1469426173061,-1.0241008959054,27.3179861305177,0.779744961915866,0,7.58013519554311,0,"normal","I",1000,100,0.5,0,0,0,FALSE,0,FALSE,0.5,"leave-d",200,0.7,1e+05,TRUE,517
10,0,0,0,3.12509239414792,-3.65592699746333,9.90611178575917,8.19457344209433,-4.53952475511734,20.928671639306,0.779744961915866,0,7.83555018362125,0,"normal","I",1000,100,0.5,0,0,0,FALSE,0,FALSE,0.5,"leave-d",200,0.7,1e+05,TRUE,517
10,0,0,0,3.12509239414792,-3.65592699746333,9.90611178575917,9.55696512604997,-2.47844086056815,21.5923711126681,0.779744961915866,0,7.65546188073479,0,"normal","I",1000,100,0.5,0,0,0,FALSE,0,FALSE,0.5,"leave-d",200,0.7,1e+05,TRUE,517
10,0,0,0,3.12509239414792,-3.65592699746333,9.90611178575917,8.84715610423259,-3.11834425090709,20.8126564593723,0.779744961915866,0,12.1508618552993,0,"normal","I",1000,100,0.5,0,0,0,FALSE,0,FALSE,0.5,"leave-d",200,0.7,1e+05,TRUE,517
10,0,0,0,3.12509239414792,-3.65592699746333,9.90611178575917,11.4304702628528,-0.483267231408384,23.344207757114,0.779744961915866,0,12.3123630022133,0,"normal","I",1000,100,0.5,0,0,0,FALSE,0,FALSE,0.5,"leave-d",200,0.7,1e+05,TRUE,517
10,0,0,0,3.12509239414792,-3.65592699746333,9.90611178575917,1.38359918965994,-8.79685171948466,11.5640500988046,0.779744961915866,0,0,0,"normal","I",1000,100,0.5,0,0,0,FALSE,0,FALSE,0.5,"leave-d",200,0.7,1e+05,TRUE,517
10,0,0,0,3.12509239414792,-3.65592699746333,9.90611178575917,3.96243590487511,-5.57502644568634,13.4998982554366,0.779744961915866,0,2.6371917102127,0,"normal","I",1000,100,0.5,0,0,0,FALSE,0,FALSE,0.5,"leave-d",200,0.7,1e+05,TRUE,517
10,0,0,0,3.12509239414792,-3.65592699746333,9.90611178575917,-5.83744143608835,-15.8920331382935,4.21715026611676,0.779744961915866,0,0,0,"normal","I",1000,100,0.5,0,0,0,FALSE,0,FALSE,0.5,"leave-d",200,0.7,1e+05,TRUE,517
10,0,0,0,3.12509239414792,-3.65592699746333,9.90611178575917,4.510436765801,-5.91611592994915,14.9369894615512,0.779744961915866,0,2.07952540311131,0,"normal","I",1000,100,0.5,0,0,0,FALSE,0,FALSE,0.5,"leave-d",200,0.7,1e+05,TRUE,517
10,0,0,0,3.12509239414792,-3.65592699746333,9.90611178575917,11.0207727158797,-0.841759631163182,22.8833050629225,0.779744961915866,0,12.2986379686712,0,"normal","I",1000,100,0.5,0,0,0,FALSE,0,FALSE,0.5,"leave-d",200,0.7,1e+05,TRUE,517
10,0,0,0,3.12509239414792,-3.65592699746333,9.90611178575917,7.78895185887204,-3.84239776556781,19.4203014833119,0.779744961915866,0,6.69701129006908,0,"normal","I",1000,100,0.5,0,0,0,FALSE,0,FALSE,0.5,"leave-d",200,0.7,1e+05,TRUE,517
10,0,0,0,3.12509239414792,-3.65592699746333,9.90611178575917,-2.16213758250885,-13.2785501332825,8.95427496826478,0.779744961915866,0,0,0,"normal","I",1000,100,0.5,0,0,0,FALSE,0,FALSE,0.5,"leave-d",200,0.7,1e+05,TRUE,517
10,0,0,0,3.12509239414792,-3.65592699746333,9.90611178575917,1.67257336901471,-10.3707203236608,13.7158670616902,0.779744961915866,0,0,0,"normal","I",1000,100,0.5,0,0,0,FALSE,0,FALSE,0.5,"leave-d",200,0.7,1e+05,TRUE,517
10,0,0,0,3.12509239414792,-3.65592699746333,9.90611178575917,1.3835511746445,-8.17522046367974,10.9423228129687,0.779744961915866,0,0,0,"normal","I",1000,100,0.5,0,0,0,FALSE,0,FALSE,0.5,"leave-d",200,0.7,1e+05,TRUE,517
10,0,0,0,3.12509239414792,-3.65592699746333,9.90611178575917,7.39836398934435,-2.62901104630435,17.4257390249931,0.779744961915866,0,10.3316408312144,0,"normal","I",1000,100,0.5,0,0,0,FALSE,0,FALSE,0.5,"leave-d",200,0.7,1e+05,TRUE,517
10,0,0,0,3.12509239414792,-3.65592699746333,9.90611178575917,-3.88161099613697,-18.6741460488301,10.9109240565562,0.779744961915866,0,0,0,"normal","I",1000,100,0.5,0,0,0,FALSE,0,FALSE,0.5,"leave-d",200,0.7,1e+05,TRUE,517
10,0,0,0,3.12509239414792,-3.65592699746333,9.90611178575917,7.14073887659088,-3.97888956555796,18.2603673187397,0.779744961915866,0,10.9631929270178,0,"normal","I",1000,100,0.5,0,0,0,FALSE,0,FALSE,0.5,"leave-d",200,0.7,1e+05,TRUE,517
10,0,0,0,3.12509239414792,-3.65592699746333,9.90611178575917,-0.931224238668322,-10.8330838222965,8.9706353449599,0.779744961915866,0,0,0,"normal","I",1000,100,0.5,0,0,0,FALSE,0,FALSE,0.5,"leave-d",200,0.7,1e+05,TRUE,517
10,0,0,0,3.12509239414792,-3.65592699746333,9.90611178575917,11.7944560234789,1.15202538725105,22.4368866597067,0.779744961915866,0,10.7282877292029,0,"normal","I",1000,100,0.5,0,0,0,FALSE,0,FALSE,0.5,"leave-d",200,0.7,1e+05,TRUE,517
10,0,0,0,3.12509239414792,-3.65592699746333,9.90611178575917,-3.79694482488694,-14.1492348254827,6.55534517570883,0.779744961915866,0,0,0,"normal","I",1000,100,0.5,0,0,0,FALSE,0,FALSE,0.5,"leave-d",200,0.7,1e+05,TRUE,517
10,0,0,0,3.12509239414792,-3.65592699746333,9.90611178575917,9.88592206205442,-3.18397859439207,22.9558227185009,0.779744961915866,0,8.21628812703725,0,"normal","I",1000,100,0.5,0,0,0,FALSE,0,FALSE,0.5,"leave-d",200,0.7,1e+05,TRUE,517
10,0,0,0,3.12509239414792,-3.65592699746333,9.90611178575917,-2.32554086018156,-17.3122055932938,12.6611238729307,0.779744961915866,0,0,0,"normal","I",1000,100,0.5,0,0,0,FALSE,0,FALSE,0.5,"leave-d",200,0.7,1e+05,TRUE,517
10,0,0,0,3.12509239414792,-3.65592699746333,9.90611178575917,5.41326356668256,-5.12676185886163,15.9532889922268,0.779744961915866,0,6.61230020554189,0,"normal","I",1000,100,0.5,0,0,0,FALSE,0,FALSE,0.5,"leave-d",200,0.7,1e+05,TRUE,517
10,0,0,0,3.12509239414792,-3.65592699746333,9.90611178575917,-13.6648221965399,-26.4731601254019,-0.856484267678006,0.779744961915866,0,0,0,"normal","I",1000,100,0.5,0,0,0,FALSE,0,FALSE,0.5,"leave-d",200,0.7,1e+05,TRUE,517
10,0,0,0,3.12509239414792,-3.65592699746333,9.90611178575917,4.31084314271033,-7.99403375655048,16.6157200419712,0.779744961915866,0,1.22477998310213,0,"normal","I",1000,100,0.5,0,0,0,FALSE,0,FALSE,0.5,"leave-d",200,0.7,1e+05,TRUE,517
10,0,0,0,3.12509239414792,-3.65592699746333,9.90611178575917,5.53177253608958,-7.8449475681116,18.9084926402908,0.779744961915866,0,3.91883010297859,0,"normal","I",1000,100,0.5,0,0,0,FALSE,0,FALSE,0.5,"leave-d",200,0.7,1e+05,TRUE,517
10,0,0,0,3.12509239414792,-3.65592699746333,9.90611178575917,12.3056412680639,1.26097839404373,23.350304142084,0.779744961915866,0,11.0527790072204,0,"normal","I",1000,100,0.5,0,0,0,FALSE,0,FALSE,0.5,"leave-d",200,0.7,1e+05,TRUE,517
10,0,0,0,3.12509239414792,-3.65592699746333,9.90611178575917,9.80914143073636,-5.29856111415355,24.9168439756263,0.779744961915866,0,13.9551101892542,0,"normal","I",1000,100,0.5,0,0,0,FALSE,0,FALSE,0.5,"leave-d",200,0.7,1e+05,TRUE,517
10,0,0,0,3.12509239414792,-3.65592699746333,9.90611178575917,15.0353477461964,4.2410980089927,25.8295974834001,0.779744961915866,0,10.7882454289224,0,"normal","I",1000,100,0.5,0,0,0,FALSE,0,FALSE,0.5,"leave-d",200,0.7,1e+05,TRUE,517
10,0,0,0,3.12509239414792,-3.65592699746333,9.90611178575917,2.5480611624759,-8.3156594506143,13.4117817755661,0.779744961915866,0,0,0,"normal","I",1000,100,0.5,0,0,0,FALSE,0,FALSE,0.5,"leave-d",200,0.7,1e+05,TRUE,517
10,0,0,0,3.12509239414792,-3.65592699746333,9.90611178575917,2.65320692922078,-10.0161113983692,15.3225252568108,0.779744961915866,0,0,0,"normal","I",1000,100,0.5,0,0,0,FALSE,0,FALSE,0.5,"leave-d",200,0.7,1e+05,TRUE,517
10,0,0,0,3.12509239414792,-3.65592699746333,9.90611178575917,-7.14232748413075,-18.6776313140392,4.39297634577767,0.779744961915866,0,0,0,"normal","I",1000,100,0.5,0,0,0,FALSE,0,FALSE,0.5,"leave-d",200,0.7,1e+05,TRUE,517
10,0,0,0,3.12509239414792,-3.65592699746333,9.90611178575917,6.36477559356308,-6.92576271899992,19.6553139061261,0.779744961915866,0,3.13708770978466,0,"normal","I",1000,100,0.5,0,0,0,FALSE,0,FALSE,0.5,"leave-d",200,0.7,1e+05,TRUE,517
10,0,0,0,3.12509239414792,-3.65592699746333,9.90611178575917,-2.67617794863325,-13.4637864072048,8.1114305099383,0.779744961915866,0,0,0,"normal","I",1000,100,0.5,0,0,0,FALSE,0,FALSE,0.5,"leave-d",200,0.7,1e+05,TRUE,517
10,0,0,0,3.12509239414792,-3.65592699746333,9.90611178575917,3.32903093079459,-8.96990172550168,15.6279635870909,0.779744961915866,0,0,0,"normal","I",1000,100,0.5,0,0,0,FALSE,0,FALSE,0.5,"leave-d",200,0.7,1e+05,TRUE,517
10,0,0,0,3.12509239414792,-3.65592699746333,9.90611178575917,-3.06381219279627,-13.5280525757076,7.40042819011505,0.779744961915866,0,0,0,"normal","I",1000,100,0.5,0,0,0,FALSE,0,FALSE,0.5,"leave-d",200,0.7,1e+05,TRUE,517
10,0,0,0,3.12509239414792,-3.65592699746333,9.90611178575917,5.24950712290101,-5.29207753611411,15.7910917819161,0.779744961915866,0,4.16811482485583,0,"normal","I",1000,100,0.5,0,0,0,FALSE,0,FALSE,0.5,"leave-d",200,0.7,1e+05,TRUE,517
10,0,0,0,3.12509239414792,-3.65592699746333,9.90611178575917,8.00176992854893,-5.47847603265296,21.4820158897508,0.779744961915866,0,8.12290583828305,0,"normal","I",1000,100,0.5,0,0,0,FALSE,0,FALSE,0.5,"leave-d",200,0.7,1e+05,TRUE,517
10,0,0,0,3.12509239414792,-3.65592699746333,9.90611178575917,13.9438557815806,3.40132743649746,24.4863841266638,0.779744961915866,0,10.5711896471473,0,"normal","I",1000,100,0.5,0,0,0,FALSE,0,FALSE,0.5,"leave-d",200,0.7,1e+05,TRUE,517
