"var_main_effect","var_inter_effect","cov_main_inter_effect","var_total_effect","EigenPrism_main","EigenPrism_CI1","EigenPrism_CI2","sub_EigenPrism_main","sub_EigenPrism_CI1","sub_EigenPrism_CI2","GCTA_main","GCTA_inter","sub_GCTA_main","sub_GCTA_inter","x_dist","structure","p","n","main_fixed_var","main_random_var","inter_fixed_var","inter_random_var","decor","interact","combine","pro","bs","n_sub","rho_e","emp_n","inter_std","i"
10,0,0,0,9.58759302027001,6.74615307761138,12.4290329629286,10.7153790135504,5.83130335315071,15.5994546739502,9.65961327315288,0,10.4850799999447,0,"normal","I",1000,500,0.5,0,0,0,FALSE,0,FALSE,0.5,"leave-d",200,0.5,1e+05,TRUE,314
10,0,0,0,9.58759302027001,6.74615307761138,12.4290329629286,12.922530141571,8.13448192487455,17.7105783582675,9.65961327315288,0,13.3301777666415,0,"normal","I",1000,500,0.5,0,0,0,FALSE,0,FALSE,0.5,"leave-d",200,0.5,1e+05,TRUE,314
10,0,0,0,9.58759302027001,6.74615307761138,12.4290329629286,11.6685328387859,6.84820455003713,16.4888611275346,9.65961327315288,0,11.6589084271634,0,"normal","I",1000,500,0.5,0,0,0,FALSE,0,FALSE,0.5,"leave-d",200,0.5,1e+05,TRUE,314
10,0,0,0,9.58759302027001,6.74615307761138,12.4290329629286,8.361318653196,3.78654837359786,12.9360889327941,9.65961327315288,0,8.40781595050608,0,"normal","I",1000,500,0.5,0,0,0,FALSE,0,FALSE,0.5,"leave-d",200,0.5,1e+05,TRUE,314
10,0,0,0,9.58759302027001,6.74615307761138,12.4290329629286,10.3297750518966,5.30248104974718,15.3570690540461,9.65961327315288,0,9.73003308848016,0,"normal","I",1000,500,0.5,0,0,0,FALSE,0,FALSE,0.5,"leave-d",200,0.5,1e+05,TRUE,314
10,0,0,0,9.58759302027001,6.74615307761138,12.4290329629286,12.7876764944569,7.65906355918146,17.9162894297324,9.65961327315288,0,12.3766673451665,0,"normal","I",1000,500,0.5,0,0,0,FALSE,0,FALSE,0.5,"leave-d",200,0.5,1e+05,TRUE,314
10,0,0,0,9.58759302027001,6.74615307761138,12.4290329629286,0.814325914604629,-3.86803855116814,5.49669038037739,9.65961327315288,0,0,0,"normal","I",1000,500,0.5,0,0,0,FALSE,0,FALSE,0.5,"leave-d",200,0.5,1e+05,TRUE,314
10,0,0,0,9.58759302027001,6.74615307761138,12.4290329629286,11.0741905647482,5.90816121454627,16.2402199149502,9.65961327315288,0,10.8249584390087,0,"normal","I",1000,500,0.5,0,0,0,FALSE,0,FALSE,0.5,"leave-d",200,0.5,1e+05,TRUE,314
10,0,0,0,9.58759302027001,6.74615307761138,12.4290329629286,10.1516201889086,4.55677639164112,15.7464639861761,9.65961327315288,0,9.73476398807185,0,"normal","I",1000,500,0.5,0,0,0,FALSE,0,FALSE,0.5,"leave-d",200,0.5,1e+05,TRUE,314
10,0,0,0,9.58759302027001,6.74615307761138,12.4290329629286,7.27795242360529,2.39796310762393,12.1579417395867,9.65961327315288,0,7.05430265844125,0,"normal","I",1000,500,0.5,0,0,0,FALSE,0,FALSE,0.5,"leave-d",200,0.5,1e+05,TRUE,314
10,0,0,0,9.58759302027001,6.74615307761138,12.4290329629286,11.8653922798665,6.25978387581217,17.4710006839207,9.65961327315288,0,11.4680736755127,0,"normal","I",1000,500,0.5,0,0,0,FALSE,0,FALSE,0.5,"leave-d",200,0.5,1e+05,TRUE,314
10,0,0,0,9.58759302027001,6.74615307761138,12.4290329629286,6.91925077357172,2.06409591588799,11.7744056312554,9.65961327315288,0,6.38410210561254,0,"normal","I",1000,500,0.5,0,0,0,FALSE,0,FALSE,0.5,"leave-d",200,0.5,1e+05,TRUE,314
10,0,0,0,9.58759302027001,6.74615307761138,12.4290329629286,9.47023616474876,4.32717408550631,14.6132982439912,9.65961327315288,0,9.34086156981803,0,"normal","I",1000,500,0.5,0,0,0,FALSE,0,FALSE,0.5,"leave-d",200,0.5,1e+05,TRUE,314
10,0,0,0,9.58759302027001,6.74615307761138,12.4290329629286,9.49096341981138,4.14492737544079,14.836999464182,9.65961327315288,0,9.24527164325599,0,"normal","I",1000,500,0.5,0,0,0,FALSE,0,FALSE,0.5,"leave-d",200,0.5,1e+05,TRUE,314
10,0,0,0,9.58759302027001,6.74615307761138,12.4290329629286,6.42943436095172,1.26266472081389,11.5962040010895,9.65961327315288,0,6.29051096066263,0,"normal","I",1000,500,0.5,0,0,0,FALSE,0,FALSE,0.5,"leave-d",200,0.5,1e+05,TRUE,314
10,0,0,0,9.58759302027001,6.74615307761138,12.4290329629286,11.6805340070743,6.58415077062122,16.7769172435274,9.65961327315288,0,12.0755655342706,0,"normal","I",1000,500,0.5,0,0,0,FALSE,0,FALSE,0.5,"leave-d",200,0.5,1e+05,TRUE,314
10,0,0,0,9.58759302027001,6.74615307761138,12.4290329629286,3.91978998683921,-1.19213061776263,9.03171059144105,9.65961327315288,0,3.96343382639829,0,"normal","I",1000,500,0.5,0,0,0,FALSE,0,FALSE,0.5,"leave-d",200,0.5,1e+05,TRUE,314
10,0,0,0,9.58759302027001,6.74615307761138,12.4290329629286,5.05070494253679,0.279463766506694,9.82194611856688,9.65961327315288,0,4.12590317751982,0,"normal","I",1000,500,0.5,0,0,0,FALSE,0,FALSE,0.5,"leave-d",200,0.5,1e+05,TRUE,314
10,0,0,0,9.58759302027001,6.74615307761138,12.4290329629286,12.147191147255,7.36376324882603,16.9306190456839,9.65961327315288,0,12.1548270604243,0,"normal","I",1000,500,0.5,0,0,0,FALSE,0,FALSE,0.5,"leave-d",200,0.5,1e+05,TRUE,314
10,0,0,0,9.58759302027001,6.74615307761138,12.4290329629286,8.35111842982264,3.50042722313287,13.2018096365124,9.65961327315288,0,7.693591565512,0,"normal","I",1000,500,0.5,0,0,0,FALSE,0,FALSE,0.5,"leave-d",200,0.5,1e+05,TRUE,314
10,0,0,0,9.58759302027001,6.74615307761138,12.4290329629286,10.2289978155115,5.39499021175495,15.063005419268,9.65961327315288,0,10.1835691217675,0,"normal","I",1000,500,0.5,0,0,0,FALSE,0,FALSE,0.5,"leave-d",200,0.5,1e+05,TRUE,314
10,0,0,0,9.58759302027001,6.74615307761138,12.4290329629286,10.1851208629934,4.82995091656586,15.5402908094208,9.65961327315288,0,9.59821661335388,0,"normal","I",1000,500,0.5,0,0,0,FALSE,0,FALSE,0.5,"leave-d",200,0.5,1e+05,TRUE,314
10,0,0,0,9.58759302027001,6.74615307761138,12.4290329629286,15.0853635783404,9.91133556645305,20.2593915902277,9.65961327315288,0,14.4962944923975,0,"normal","I",1000,500,0.5,0,0,0,FALSE,0,FALSE,0.5,"leave-d",200,0.5,1e+05,TRUE,314
10,0,0,0,9.58759302027001,6.74615307761138,12.4290329629286,4.79043308562188,-0.233666006588975,9.81453217783274,9.65961327315288,0,4.39753632962339,0,"normal","I",1000,500,0.5,0,0,0,FALSE,0,FALSE,0.5,"leave-d",200,0.5,1e+05,TRUE,314
10,0,0,0,9.58759302027001,6.74615307761138,12.4290329629286,9.9032593350446,4.69941412860199,15.1071045414872,9.65961327315288,0,9.57952677346731,0,"normal","I",1000,500,0.5,0,0,0,FALSE,0,FALSE,0.5,"leave-d",200,0.5,1e+05,TRUE,314
10,0,0,0,9.58759302027001,6.74615307761138,12.4290329629286,5.79231759962397,0.892237640368238,10.6923975588797,9.65961327315288,0,5.65546587716833,0,"normal","I",1000,500,0.5,0,0,0,FALSE,0,FALSE,0.5,"leave-d",200,0.5,1e+05,TRUE,314
10,0,0,0,9.58759302027001,6.74615307761138,12.4290329629286,9.7034730352792,4.99942228780764,14.4075237827508,9.65961327315288,0,9.45720278007361,0,"normal","I",1000,500,0.5,0,0,0,FALSE,0,FALSE,0.5,"leave-d",200,0.5,1e+05,TRUE,314
10,0,0,0,9.58759302027001,6.74615307761138,12.4290329629286,8.65386653443348,3.87652766367937,13.4312054051876,9.65961327315288,0,8.26083597443664,0,"normal","I",1000,500,0.5,0,0,0,FALSE,0,FALSE,0.5,"leave-d",200,0.5,1e+05,TRUE,314
10,0,0,0,9.58759302027001,6.74615307761138,12.4290329629286,14.8388777704195,9.51509361016528,20.1626619306737,9.65961327315288,0,14.0839631320127,0,"normal","I",1000,500,0.5,0,0,0,FALSE,0,FALSE,0.5,"leave-d",200,0.5,1e+05,TRUE,314
10,0,0,0,9.58759302027001,6.74615307761138,12.4290329629286,11.0504997751481,5.97231610094697,16.1286834493493,9.65961327315288,0,10.3102621028605,0,"normal","I",1000,500,0.5,0,0,0,FALSE,0,FALSE,0.5,"leave-d",200,0.5,1e+05,TRUE,314
10,0,0,0,9.58759302027001,6.74615307761138,12.4290329629286,10.9951076618676,6.11494274334721,15.8752725803881,9.65961327315288,0,11.1171341797663,0,"normal","I",1000,500,0.5,0,0,0,FALSE,0,FALSE,0.5,"leave-d",200,0.5,1e+05,TRUE,314
10,0,0,0,9.58759302027001,6.74615307761138,12.4290329629286,12.3606853497079,7.68432992546777,17.0370407739481,9.65961327315288,0,13.1091592714907,0,"normal","I",1000,500,0.5,0,0,0,FALSE,0,FALSE,0.5,"leave-d",200,0.5,1e+05,TRUE,314
10,0,0,0,9.58759302027001,6.74615307761138,12.4290329629286,8.83632138139497,3.94105133335359,13.7315914294364,9.65961327315288,0,8.6048468895015,0,"normal","I",1000,500,0.5,0,0,0,FALSE,0,FALSE,0.5,"leave-d",200,0.5,1e+05,TRUE,314
10,0,0,0,9.58759302027001,6.74615307761138,12.4290329629286,11.0442768924489,5.83626471504311,16.2522890698547,9.65961327315288,0,10.4811040233012,0,"normal","I",1000,500,0.5,0,0,0,FALSE,0,FALSE,0.5,"leave-d",200,0.5,1e+05,TRUE,314
10,0,0,0,9.58759302027001,6.74615307761138,12.4290329629286,7.61116091593262,2.21423304749422,13.008088784371,9.65961327315288,0,7.74384824477847,0,"normal","I",1000,500,0.5,0,0,0,FALSE,0,FALSE,0.5,"leave-d",200,0.5,1e+05,TRUE,314
10,0,0,0,9.58759302027001,6.74615307761138,12.4290329629286,14.4266629312254,8.86384088454122,19.9894849779095,9.65961327315288,0,14.7388368690393,0,"normal","I",1000,500,0.5,0,0,0,FALSE,0,FALSE,0.5,"leave-d",200,0.5,1e+05,TRUE,314
10,0,0,0,9.58759302027001,6.74615307761138,12.4290329629286,10.0877295136138,4.54708162429041,15.6283774029371,9.65961327315288,0,9.94747507056686,0,"normal","I",1000,500,0.5,0,0,0,FALSE,0,FALSE,0.5,"leave-d",200,0.5,1e+05,TRUE,314
10,0,0,0,9.58759302027001,6.74615307761138,12.4290329629286,7.7290618723783,2.46282252558847,12.9953012191681,9.65961327315288,0,7.31039195561118,0,"normal","I",1000,500,0.5,0,0,0,FALSE,0,FALSE,0.5,"leave-d",200,0.5,1e+05,TRUE,314
10,0,0,0,9.58759302027001,6.74615307761138,12.4290329629286,16.0846641717397,10.5588058136487,21.6105225298307,9.65961327315288,0,15.7425320708589,0,"normal","I",1000,500,0.5,0,0,0,FALSE,0,FALSE,0.5,"leave-d",200,0.5,1e+05,TRUE,314
10,0,0,0,9.58759302027001,6.74615307761138,12.4290329629286,8.99867881967384,3.87792849475748,14.1194291445902,9.65961327315288,0,9.1121393670478,0,"normal","I",1000,500,0.5,0,0,0,FALSE,0,FALSE,0.5,"leave-d",200,0.5,1e+05,TRUE,314
10,0,0,0,9.58759302027001,6.74615307761138,12.4290329629286,9.57434335805044,4.44019675346215,14.7084899626387,9.65961327315288,0,9.19108875715244,0,"normal","I",1000,500,0.5,0,0,0,FALSE,0,FALSE,0.5,"leave-d",200,0.5,1e+05,TRUE,314
10,0,0,0,9.58759302027001,6.74615307761138,12.4290329629286,8.7948501876541,3.89503983974116,13.694660535567,9.65961327315288,0,8.46216238733588,0,"normal","I",1000,500,0.5,0,0,0,FALSE,0,FALSE,0.5,"leave-d",200,0.5,1e+05,TRUE,314
10,0,0,0,9.58759302027001,6.74615307761138,12.4290329629286,13.2506275357775,8.25905199996716,18.2422030715879,9.65961327315288,0,14.0614021697574,0,"normal","I",1000,500,0.5,0,0,0,FALSE,0,FALSE,0.5,"leave-d",200,0.5,1e+05,TRUE,314
10,0,0,0,9.58759302027001,6.74615307761138,12.4290329629286,7.52810314906164,2.47042726853823,12.585779029585,9.65961327315288,0,7.43659366273885,0,"normal","I",1000,500,0.5,0,0,0,FALSE,0,FALSE,0.5,"leave-d",200,0.5,1e+05,TRUE,314
10,0,0,0,9.58759302027001,6.74615307761138,12.4290329629286,11.6220893252248,6.64890907006332,16.5952695803863,9.65961327315288,0,11.9068599810327,0,"normal","I",1000,500,0.5,0,0,0,FALSE,0,FALSE,0.5,"leave-d",200,0.5,1e+05,TRUE,314
10,0,0,0,9.58759302027001,6.74615307761138,12.4290329629286,11.2350595996894,6.53948846455345,15.9306307348253,9.65961327315288,0,10.7904236821022,0,"normal","I",1000,500,0.5,0,0,0,FALSE,0,FALSE,0.5,"leave-d",200,0.5,1e+05,TRUE,314
10,0,0,0,9.58759302027001,6.74615307761138,12.4290329629286,11.8520849854124,6.68770879904221,17.0164611717825,9.65961327315288,0,11.6734778608423,0,"normal","I",1000,500,0.5,0,0,0,FALSE,0,FALSE,0.5,"leave-d",200,0.5,1e+05,TRUE,314
10,0,0,0,9.58759302027001,6.74615307761138,12.4290329629286,8.04181252431439,3.52628925483194,12.5573357937968,9.65961327315288,0,7.11481895424223,0,"normal","I",1000,500,0.5,0,0,0,FALSE,0,FALSE,0.5,"leave-d",200,0.5,1e+05,TRUE,314
10,0,0,0,9.58759302027001,6.74615307761138,12.4290329629286,10.6249244887519,5.84497467742069,15.4048743000831,9.65961327315288,0,10.2128492704443,0,"normal","I",1000,500,0.5,0,0,0,FALSE,0,FALSE,0.5,"leave-d",200,0.5,1e+05,TRUE,314
10,0,0,0,9.58759302027001,6.74615307761138,12.4290329629286,5.66713493980827,1.05857856387866,10.2756913157379,9.65961327315288,0,6.30202266110495,0,"normal","I",1000,500,0.5,0,0,0,FALSE,0,FALSE,0.5,"leave-d",200,0.5,1e+05,TRUE,314
10,0,0,0,9.58759302027001,6.74615307761138,12.4290329629286,13.7334672221187,8.5535521751545,18.9133822690829,9.65961327315288,0,13.6894111231592,0,"normal","I",1000,500,0.5,0,0,0,FALSE,0,FALSE,0.5,"leave-d",200,0.5,1e+05,TRUE,314
10,0,0,0,9.58759302027001,6.74615307761138,12.4290329629286,16.596951215348,10.9940290268848,22.1998734038112,9.65961327315288,0,18.3366213340692,0,"normal","I",1000,500,0.5,0,0,0,FALSE,0,FALSE,0.5,"leave-d",200,0.5,1e+05,TRUE,314
10,0,0,0,9.58759302027001,6.74615307761138,12.4290329629286,7.54287270631796,3.00289904293725,12.0828463696987,9.65961327315288,0,5.80423059766246,0,"normal","I",1000,500,0.5,0,0,0,FALSE,0,FALSE,0.5,"leave-d",200,0.5,1e+05,TRUE,314
10,0,0,0,9.58759302027001,6.74615307761138,12.4290329629286,9.03773912425274,4.03664153405154,14.0388367144539,9.65961327315288,0,8.74696720012762,0,"normal","I",1000,500,0.5,0,0,0,FALSE,0,FALSE,0.5,"leave-d",200,0.5,1e+05,TRUE,314
10,0,0,0,9.58759302027001,6.74615307761138,12.4290329629286,17.5166371173863,11.86762716171,23.1656470730625,9.65961327315288,0,19.6205264050613,0,"normal","I",1000,500,0.5,0,0,0,FALSE,0,FALSE,0.5,"leave-d",200,0.5,1e+05,TRUE,314
10,0,0,0,9.58759302027001,6.74615307761138,12.4290329629286,12.6372342592596,7.26680933370116,18.007659184818,9.65961327315288,0,12.7055291454009,0,"normal","I",1000,500,0.5,0,0,0,FALSE,0,FALSE,0.5,"leave-d",200,0.5,1e+05,TRUE,314
10,0,0,0,9.58759302027001,6.74615307761138,12.4290329629286,13.1204775752454,7.89080699203697,18.3501481584538,9.65961327315288,0,13.440750346159,0,"normal","I",1000,500,0.5,0,0,0,FALSE,0,FALSE,0.5,"leave-d",200,0.5,1e+05,TRUE,314
10,0,0,0,9.58759302027001,6.74615307761138,12.4290329629286,11.3009636986586,6.19012998645043,16.4117974108667,9.65961327315288,0,10.7009028508249,0,"normal","I",1000,500,0.5,0,0,0,FALSE,0,FALSE,0.5,"leave-d",200,0.5,1e+05,TRUE,314
10,0,0,0,9.58759302027001,6.74615307761138,12.4290329629286,10.7946985926572,5.61257321417944,15.976823971135,9.65961327315288,0,10.6056568294991,0,"normal","I",1000,500,0.5,0,0,0,FALSE,0,FALSE,0.5,"leave-d",200,0.5,1e+05,TRUE,314
10,0,0,0,9.58759302027001,6.74615307761138,12.4290329629286,10.2520878957175,5.2100343850558,15.2941414063792,9.65961327315288,0,10.2919747355178,0,"normal","I",1000,500,0.5,0,0,0,FALSE,0,FALSE,0.5,"leave-d",200,0.5,1e+05,TRUE,314
10,0,0,0,9.58759302027001,6.74615307761138,12.4290329629286,6.88531819949904,1.44636864058933,12.3242677584087,9.65961327315288,0,6.88107629640371,0,"normal","I",1000,500,0.5,0,0,0,FALSE,0,FALSE,0.5,"leave-d",200,0.5,1e+05,TRUE,314
10,0,0,0,9.58759302027001,6.74615307761138,12.4290329629286,13.1540707066659,8.71838978446377,17.5897516288681,9.65961327315288,0,14.1058685765516,0,"normal","I",1000,500,0.5,0,0,0,FALSE,0,FALSE,0.5,"leave-d",200,0.5,1e+05,TRUE,314
10,0,0,0,9.58759302027001,6.74615307761138,12.4290329629286,11.5685584900999,6.26770326056944,16.8694137196303,9.65961327315288,0,11.4254684207598,0,"normal","I",1000,500,0.5,0,0,0,FALSE,0,FALSE,0.5,"leave-d",200,0.5,1e+05,TRUE,314
10,0,0,0,9.58759302027001,6.74615307761138,12.4290329629286,10.2352196542785,4.81815470457089,15.6522846039862,9.65961327315288,0,10.3401102248064,0,"normal","I",1000,500,0.5,0,0,0,FALSE,0,FALSE,0.5,"leave-d",200,0.5,1e+05,TRUE,314
10,0,0,0,9.58759302027001,6.74615307761138,12.4290329629286,7.17940154846082,2.17893474103317,12.1798683558885,9.65961327315288,0,6.51062666589246,0,"normal","I",1000,500,0.5,0,0,0,FALSE,0,FALSE,0.5,"leave-d",200,0.5,1e+05,TRUE,314
10,0,0,0,9.58759302027001,6.74615307761138,12.4290329629286,6.69931517954031,1.91415129550626,11.4844790635744,9.65961327315288,0,6.40271225646952,0,"normal","I",1000,500,0.5,0,0,0,FALSE,0,FALSE,0.5,"leave-d",200,0.5,1e+05,TRUE,314
10,0,0,0,9.58759302027001,6.74615307761138,12.4290329629286,6.5515995621505,1.88467032791008,11.2185287963909,9.65961327315288,0,6.51931186783359,0,"normal","I",1000,500,0.5,0,0,0,FALSE,0,FALSE,0.5,"leave-d",200,0.5,1e+05,TRUE,314
10,0,0,0,9.58759302027001,6.74615307761138,12.4290329629286,10.7117798588922,5.95541868030692,15.4681410374775,9.65961327315288,0,10.7702790400771,0,"normal","I",1000,500,0.5,0,0,0,FALSE,0,FALSE,0.5,"leave-d",200,0.5,1e+05,TRUE,314
10,0,0,0,9.58759302027001,6.74615307761138,12.4290329629286,9.98557326290582,5.36761262199601,14.6035339038156,9.65961327315288,0,9.62024513965319,0,"normal","I",1000,500,0.5,0,0,0,FALSE,0,FALSE,0.5,"leave-d",200,0.5,1e+05,TRUE,314
10,0,0,0,9.58759302027001,6.74615307761138,12.4290329629286,14.1096949209916,9.26951029983092,18.9498795421523,9.65961327315288,0,14.760164561137,0,"normal","I",1000,500,0.5,0,0,0,FALSE,0,FALSE,0.5,"leave-d",200,0.5,1e+05,TRUE,314
10,0,0,0,9.58759302027001,6.74615307761138,12.4290329629286,8.52036501296357,3.68178739688247,13.3589426290447,9.65961327315288,0,8.20035620438795,0,"normal","I",1000,500,0.5,0,0,0,FALSE,0,FALSE,0.5,"leave-d",200,0.5,1e+05,TRUE,314
10,0,0,0,9.58759302027001,6.74615307761138,12.4290329629286,5.70940374545939,0.278567812777916,11.1402396781409,9.65961327315288,0,5.58228430808143,0,"normal","I",1000,500,0.5,0,0,0,FALSE,0,FALSE,0.5,"leave-d",200,0.5,1e+05,TRUE,314
10,0,0,0,9.58759302027001,6.74615307761138,12.4290329629286,7.90751267310983,2.79053821976333,13.0244871264563,9.65961327315288,0,7.92774856295136,0,"normal","I",1000,500,0.5,0,0,0,FALSE,0,FALSE,0.5,"leave-d",200,0.5,1e+05,TRUE,314
10,0,0,0,9.58759302027001,6.74615307761138,12.4290329629286,14.8023853050522,9.26382164519197,20.3409489649125,9.65961327315288,0,14.5710171207188,0,"normal","I",1000,500,0.5,0,0,0,FALSE,0,FALSE,0.5,"leave-d",200,0.5,1e+05,TRUE,314
10,0,0,0,9.58759302027001,6.74615307761138,12.4290329629286,14.3523382457683,9.0005364073361,19.7041400842005,9.65961327315288,0,14.3981184759216,0,"normal","I",1000,500,0.5,0,0,0,FALSE,0,FALSE,0.5,"leave-d",200,0.5,1e+05,TRUE,314
10,0,0,0,9.58759302027001,6.74615307761138,12.4290329629286,11.2307754781743,5.91570770665097,16.5458432496977,9.65961327315288,0,10.8504219076026,0,"normal","I",1000,500,0.5,0,0,0,FALSE,0,FALSE,0.5,"leave-d",200,0.5,1e+05,TRUE,314
10,0,0,0,9.58759302027001,6.74615307761138,12.4290329629286,14.805229992594,9.9033942089668,19.7070657762212,9.65961327315288,0,15.6273996643,0,"normal","I",1000,500,0.5,0,0,0,FALSE,0,FALSE,0.5,"leave-d",200,0.5,1e+05,TRUE,314
10,0,0,0,9.58759302027001,6.74615307761138,12.4290329629286,8.87937124828248,3.9670201705186,13.7917223260464,9.65961327315288,0,8.62197910654618,0,"normal","I",1000,500,0.5,0,0,0,FALSE,0,FALSE,0.5,"leave-d",200,0.5,1e+05,TRUE,314
10,0,0,0,9.58759302027001,6.74615307761138,12.4290329629286,12.127565191792,7.02631472022329,17.2288156633608,9.65961327315288,0,12.1890221707098,0,"normal","I",1000,500,0.5,0,0,0,FALSE,0,FALSE,0.5,"leave-d",200,0.5,1e+05,TRUE,314
10,0,0,0,9.58759302027001,6.74615307761138,12.4290329629286,10.9192325027356,5.65778037001202,16.1806846354592,9.65961327315288,0,10.485715531973,0,"normal","I",1000,500,0.5,0,0,0,FALSE,0,FALSE,0.5,"leave-d",200,0.5,1e+05,TRUE,314
10,0,0,0,9.58759302027001,6.74615307761138,12.4290329629286,10.8272556065854,5.98680805724222,15.6677031559285,9.65961327315288,0,11.1184775613894,0,"normal","I",1000,500,0.5,0,0,0,FALSE,0,FALSE,0.5,"leave-d",200,0.5,1e+05,TRUE,314
10,0,0,0,9.58759302027001,6.74615307761138,12.4290329629286,15.690647946089,10.4375622557173,20.9437336364607,9.65961327315288,0,15.62916695867,0,"normal","I",1000,500,0.5,0,0,0,FALSE,0,FALSE,0.5,"leave-d",200,0.5,1e+05,TRUE,314
10,0,0,0,9.58759302027001,6.74615307761138,12.4290329629286,9.43853146300335,4.47127058726804,14.4057923387387,9.65961327315288,0,8.65492563427124,0,"normal","I",1000,500,0.5,0,0,0,FALSE,0,FALSE,0.5,"leave-d",200,0.5,1e+05,TRUE,314
10,0,0,0,9.58759302027001,6.74615307761138,12.4290329629286,11.5824892575934,6.22255074551197,16.9424277696748,9.65961327315288,0,11.0690006203374,0,"normal","I",1000,500,0.5,0,0,0,FALSE,0,FALSE,0.5,"leave-d",200,0.5,1e+05,TRUE,314
10,0,0,0,9.58759302027001,6.74615307761138,12.4290329629286,8.2401300667248,2.73797244270612,13.7422876907435,9.65961327315288,0,8.01148629164668,0,"normal","I",1000,500,0.5,0,0,0,FALSE,0,FALSE,0.5,"leave-d",200,0.5,1e+05,TRUE,314
10,0,0,0,9.58759302027001,6.74615307761138,12.4290329629286,7.73988961700312,2.75026058758017,12.7295186464261,9.65961327315288,0,6.72818945522482,0,"normal","I",1000,500,0.5,0,0,0,FALSE,0,FALSE,0.5,"leave-d",200,0.5,1e+05,TRUE,314
10,0,0,0,9.58759302027001,6.74615307761138,12.4290329629286,9.78721793492192,5.21614306371019,14.3582928061336,9.65961327315288,0,9.26032767262016,0,"normal","I",1000,500,0.5,0,0,0,FALSE,0,FALSE,0.5,"leave-d",200,0.5,1e+05,TRUE,314
10,0,0,0,9.58759302027001,6.74615307761138,12.4290329629286,12.5648809893716,7.39492864619223,17.7348333325509,9.65961327315288,0,12.1378573020027,0,"normal","I",1000,500,0.5,0,0,0,FALSE,0,FALSE,0.5,"leave-d",200,0.5,1e+05,TRUE,314
10,0,0,0,9.58759302027001,6.74615307761138,12.4290329629286,9.4873882179783,4.53080563795031,14.4439707980063,9.65961327315288,0,8.87365226427019,0,"normal","I",1000,500,0.5,0,0,0,FALSE,0,FALSE,0.5,"leave-d",200,0.5,1e+05,TRUE,314
10,0,0,0,9.58759302027001,6.74615307761138,12.4290329629286,7.27162165509394,2.16590742171743,12.3773358884704,9.65961327315288,0,6.62924779382304,0,"normal","I",1000,500,0.5,0,0,0,FALSE,0,FALSE,0.5,"leave-d",200,0.5,1e+05,TRUE,314
10,0,0,0,9.58759302027001,6.74615307761138,12.4290329629286,12.8449271302555,7.8780001234458,17.8118541370651,9.65961327315288,0,12.3522112220749,0,"normal","I",1000,500,0.5,0,0,0,FALSE,0,FALSE,0.5,"leave-d",200,0.5,1e+05,TRUE,314
10,0,0,0,9.58759302027001,6.74615307761138,12.4290329629286,12.084218510524,6.73292944696552,17.4355075740824,9.65961327315288,0,11.4846490832715,0,"normal","I",1000,500,0.5,0,0,0,FALSE,0,FALSE,0.5,"leave-d",200,0.5,1e+05,TRUE,314
10,0,0,0,9.58759302027001,6.74615307761138,12.4290329629286,3.6719573018591,-1.13586100259145,8.47977560630966,9.65961327315288,0,1.04976385810854,0,"normal","I",1000,500,0.5,0,0,0,FALSE,0,FALSE,0.5,"leave-d",200,0.5,1e+05,TRUE,314
10,0,0,0,9.58759302027001,6.74615307761138,12.4290329629286,6.41417856232465,1.15201212483755,11.6763449998118,9.65961327315288,0,6.16185351331168,0,"normal","I",1000,500,0.5,0,0,0,FALSE,0,FALSE,0.5,"leave-d",200,0.5,1e+05,TRUE,314
10,0,0,0,9.58759302027001,6.74615307761138,12.4290329629286,7.53937147411187,3.05291995419944,12.0258229940243,9.65961327315288,0,7.05729273428299,0,"normal","I",1000,500,0.5,0,0,0,FALSE,0,FALSE,0.5,"leave-d",200,0.5,1e+05,TRUE,314
10,0,0,0,9.58759302027001,6.74615307761138,12.4290329629286,6.78216373201006,1.96357147279471,11.6007559912254,9.65961327315288,0,6.98635542375772,0,"normal","I",1000,500,0.5,0,0,0,FALSE,0,FALSE,0.5,"leave-d",200,0.5,1e+05,TRUE,314
10,0,0,0,9.58759302027001,6.74615307761138,12.4290329629286,15.1570821540319,10.2859579022445,20.0282064058192,9.65961327315288,0,13.6731956144671,0,"normal","I",1000,500,0.5,0,0,0,FALSE,0,FALSE,0.5,"leave-d",200,0.5,1e+05,TRUE,314
10,0,0,0,9.58759302027001,6.74615307761138,12.4290329629286,7.5431557434375,2.7770003253416,12.3093111615334,9.65961327315288,0,6.96082954848313,0,"normal","I",1000,500,0.5,0,0,0,FALSE,0,FALSE,0.5,"leave-d",200,0.5,1e+05,TRUE,314
10,0,0,0,9.58759302027001,6.74615307761138,12.4290329629286,11.9864301433476,6.52484399122762,17.4480162954675,9.65961327315288,0,12.1457654649011,0,"normal","I",1000,500,0.5,0,0,0,FALSE,0,FALSE,0.5,"leave-d",200,0.5,1e+05,TRUE,314
10,0,0,0,9.58759302027001,6.74615307761138,12.4290329629286,3.59378335554711,-1.08980694241228,8.2773736535065,9.65961327315288,0,3.7114451808121,0,"normal","I",1000,500,0.5,0,0,0,FALSE,0,FALSE,0.5,"leave-d",200,0.5,1e+05,TRUE,314
10,0,0,0,9.58759302027001,6.74615307761138,12.4290329629286,13.7095805052106,8.81801286266665,18.6011481477545,9.65961327315288,0,13.4303778094919,0,"normal","I",1000,500,0.5,0,0,0,FALSE,0,FALSE,0.5,"leave-d",200,0.5,1e+05,TRUE,314
10,0,0,0,9.58759302027001,6.74615307761138,12.4290329629286,10.0761720995872,5.06818931509033,15.0841548840841,9.65961327315288,0,9.51838060656532,0,"normal","I",1000,500,0.5,0,0,0,FALSE,0,FALSE,0.5,"leave-d",200,0.5,1e+05,TRUE,314
10,0,0,0,9.58759302027001,6.74615307761138,12.4290329629286,12.2183211252435,7.07780407488253,17.3588381756044,9.65961327315288,0,12.3706288998067,0,"normal","I",1000,500,0.5,0,0,0,FALSE,0,FALSE,0.5,"leave-d",200,0.5,1e+05,TRUE,314
10,0,0,0,9.58759302027001,6.74615307761138,12.4290329629286,8.03604213059553,2.8012094909238,13.2708747702673,9.65961327315288,0,7.62887844173392,0,"normal","I",1000,500,0.5,0,0,0,FALSE,0,FALSE,0.5,"leave-d",200,0.5,1e+05,TRUE,314
10,0,0,0,9.58759302027001,6.74615307761138,12.4290329629286,12.4905389086256,7.20321749920516,17.7778603180461,9.65961327315288,0,12.4997914079491,0,"normal","I",1000,500,0.5,0,0,0,FALSE,0,FALSE,0.5,"leave-d",200,0.5,1e+05,TRUE,314
10,0,0,0,9.58759302027001,6.74615307761138,12.4290329629286,11.7990890909256,6.68616150308663,16.9120166787646,9.65961327315288,0,11.3309852395414,0,"normal","I",1000,500,0.5,0,0,0,FALSE,0,FALSE,0.5,"leave-d",200,0.5,1e+05,TRUE,314
10,0,0,0,9.58759302027001,6.74615307761138,12.4290329629286,10.8762539256861,5.71923018799498,16.0332776633773,9.65961327315288,0,10.5280985424584,0,"normal","I",1000,500,0.5,0,0,0,FALSE,0,FALSE,0.5,"leave-d",200,0.5,1e+05,TRUE,314
10,0,0,0,9.58759302027001,6.74615307761138,12.4290329629286,11.9960745443898,6.95046728921597,17.0416817995636,9.65961327315288,0,11.3733307046179,0,"normal","I",1000,500,0.5,0,0,0,FALSE,0,FALSE,0.5,"leave-d",200,0.5,1e+05,TRUE,314
10,0,0,0,9.58759302027001,6.74615307761138,12.4290329629286,5.13053227091298,0.743060867731891,9.51800367409407,9.65961327315288,0,5.37895715482548,0,"normal","I",1000,500,0.5,0,0,0,FALSE,0,FALSE,0.5,"leave-d",200,0.5,1e+05,TRUE,314
10,0,0,0,9.58759302027001,6.74615307761138,12.4290329629286,12.1362242634562,7.29945878065,16.9729897462625,9.65961327315288,0,12.7387180306775,0,"normal","I",1000,500,0.5,0,0,0,FALSE,0,FALSE,0.5,"leave-d",200,0.5,1e+05,TRUE,314
10,0,0,0,9.58759302027001,6.74615307761138,12.4290329629286,7.33856256056925,2.41729594278165,12.2598291783569,9.65961327315288,0,6.98105916097455,0,"normal","I",1000,500,0.5,0,0,0,FALSE,0,FALSE,0.5,"leave-d",200,0.5,1e+05,TRUE,314
10,0,0,0,9.58759302027001,6.74615307761138,12.4290329629286,6.98301330796765,2.11461450901933,11.851412106916,9.65961327315288,0,6.31489814399644,0,"normal","I",1000,500,0.5,0,0,0,FALSE,0,FALSE,0.5,"leave-d",200,0.5,1e+05,TRUE,314
10,0,0,0,9.58759302027001,6.74615307761138,12.4290329629286,4.12179696119171,-0.606684700115669,8.85027862249909,9.65961327315288,0,3.45835880027644,0,"normal","I",1000,500,0.5,0,0,0,FALSE,0,FALSE,0.5,"leave-d",200,0.5,1e+05,TRUE,314
10,0,0,0,9.58759302027001,6.74615307761138,12.4290329629286,15.0880982895594,9.89226133716692,20.283935241952,9.65961327315288,0,14.7532451146531,0,"normal","I",1000,500,0.5,0,0,0,FALSE,0,FALSE,0.5,"leave-d",200,0.5,1e+05,TRUE,314
10,0,0,0,9.58759302027001,6.74615307761138,12.4290329629286,10.2233918469633,4.95681506627029,15.4899686276563,9.65961327315288,0,9.95157615413031,0,"normal","I",1000,500,0.5,0,0,0,FALSE,0,FALSE,0.5,"leave-d",200,0.5,1e+05,TRUE,314
10,0,0,0,9.58759302027001,6.74615307761138,12.4290329629286,14.6403796497122,9.28651670182037,19.994242597604,9.65961327315288,0,14.6807526918602,0,"normal","I",1000,500,0.5,0,0,0,FALSE,0,FALSE,0.5,"leave-d",200,0.5,1e+05,TRUE,314
10,0,0,0,9.58759302027001,6.74615307761138,12.4290329629286,9.69413721782509,4.61762231753745,14.7706521181127,9.65961327315288,0,9.53879391359082,0,"normal","I",1000,500,0.5,0,0,0,FALSE,0,FALSE,0.5,"leave-d",200,0.5,1e+05,TRUE,314
10,0,0,0,9.58759302027001,6.74615307761138,12.4290329629286,10.2019100461625,5.09146884237243,15.3123512499526,9.65961327315288,0,10.4519048656595,0,"normal","I",1000,500,0.5,0,0,0,FALSE,0,FALSE,0.5,"leave-d",200,0.5,1e+05,TRUE,314
10,0,0,0,9.58759302027001,6.74615307761138,12.4290329629286,9.05726028914652,4.30093603872743,13.8135845395656,9.65961327315288,0,8.84726397381161,0,"normal","I",1000,500,0.5,0,0,0,FALSE,0,FALSE,0.5,"leave-d",200,0.5,1e+05,TRUE,314
10,0,0,0,9.58759302027001,6.74615307761138,12.4290329629286,14.16567826643,8.79409331388095,19.5372632189791,9.65961327315288,0,16.6075252300354,0,"normal","I",1000,500,0.5,0,0,0,FALSE,0,FALSE,0.5,"leave-d",200,0.5,1e+05,TRUE,314
10,0,0,0,9.58759302027001,6.74615307761138,12.4290329629286,4.77957651228232,-0.252563962623885,9.81171698718853,9.65961327315288,0,5.49424708827902,0,"normal","I",1000,500,0.5,0,0,0,FALSE,0,FALSE,0.5,"leave-d",200,0.5,1e+05,TRUE,314
10,0,0,0,9.58759302027001,6.74615307761138,12.4290329629286,9.72526228248874,4.82371003602604,14.6268145289514,9.65961327315288,0,9.34524196333912,0,"normal","I",1000,500,0.5,0,0,0,FALSE,0,FALSE,0.5,"leave-d",200,0.5,1e+05,TRUE,314
10,0,0,0,9.58759302027001,6.74615307761138,12.4290329629286,14.8215677008683,9.64338958166378,19.9997458200729,9.65961327315288,0,16.5918749110406,0,"normal","I",1000,500,0.5,0,0,0,FALSE,0,FALSE,0.5,"leave-d",200,0.5,1e+05,TRUE,314
10,0,0,0,9.58759302027001,6.74615307761138,12.4290329629286,6.62620697629096,1.26211783256627,11.9902961200156,9.65961327315288,0,7.20757236609067,0,"normal","I",1000,500,0.5,0,0,0,FALSE,0,FALSE,0.5,"leave-d",200,0.5,1e+05,TRUE,314
10,0,0,0,9.58759302027001,6.74615307761138,12.4290329629286,14.8282206461499,9.30477743407249,20.3516638582273,9.65961327315288,0,14.7051967443222,0,"normal","I",1000,500,0.5,0,0,0,FALSE,0,FALSE,0.5,"leave-d",200,0.5,1e+05,TRUE,314
10,0,0,0,9.58759302027001,6.74615307761138,12.4290329629286,10.9800219464292,5.81806172577993,16.1419821670785,9.65961327315288,0,10.9492804523311,0,"normal","I",1000,500,0.5,0,0,0,FALSE,0,FALSE,0.5,"leave-d",200,0.5,1e+05,TRUE,314
10,0,0,0,9.58759302027001,6.74615307761138,12.4290329629286,16.6753495415499,11.6380236989819,21.7126753841179,9.65961327315288,0,16.122389143376,0,"normal","I",1000,500,0.5,0,0,0,FALSE,0,FALSE,0.5,"leave-d",200,0.5,1e+05,TRUE,314
10,0,0,0,9.58759302027001,6.74615307761138,12.4290329629286,9.33280125962262,4.28864814191276,14.3769543773325,9.65961327315288,0,8.95452694676331,0,"normal","I",1000,500,0.5,0,0,0,FALSE,0,FALSE,0.5,"leave-d",200,0.5,1e+05,TRUE,314
10,0,0,0,9.58759302027001,6.74615307761138,12.4290329629286,13.8446069045528,9.04697358683369,18.6422402222718,9.65961327315288,0,13.0990381675454,0,"normal","I",1000,500,0.5,0,0,0,FALSE,0,FALSE,0.5,"leave-d",200,0.5,1e+05,TRUE,314
10,0,0,0,9.58759302027001,6.74615307761138,12.4290329629286,12.241024686778,7.2676539954119,17.2143953781442,9.65961327315288,0,12.2056587845041,0,"normal","I",1000,500,0.5,0,0,0,FALSE,0,FALSE,0.5,"leave-d",200,0.5,1e+05,TRUE,314
10,0,0,0,9.58759302027001,6.74615307761138,12.4290329629286,6.55733909225941,1.63425981947502,11.4804183650438,9.65961327315288,0,5.27228593364261,0,"normal","I",1000,500,0.5,0,0,0,FALSE,0,FALSE,0.5,"leave-d",200,0.5,1e+05,TRUE,314
10,0,0,0,9.58759302027001,6.74615307761138,12.4290329629286,12.2537034406195,7.46501276461369,17.0423941166253,9.65961327315288,0,12.3898272290857,0,"normal","I",1000,500,0.5,0,0,0,FALSE,0,FALSE,0.5,"leave-d",200,0.5,1e+05,TRUE,314
10,0,0,0,9.58759302027001,6.74615307761138,12.4290329629286,10.2523706150954,5.27641806615117,15.2283231640396,9.65961327315288,0,9.83179091020597,0,"normal","I",1000,500,0.5,0,0,0,FALSE,0,FALSE,0.5,"leave-d",200,0.5,1e+05,TRUE,314
10,0,0,0,9.58759302027001,6.74615307761138,12.4290329629286,12.6702580032846,7.90906624074938,17.4314497658198,9.65961327315288,0,11.2356856163604,0,"normal","I",1000,500,0.5,0,0,0,FALSE,0,FALSE,0.5,"leave-d",200,0.5,1e+05,TRUE,314
10,0,0,0,9.58759302027001,6.74615307761138,12.4290329629286,10.5376902534113,5.4732556026198,15.6021249042029,9.65961327315288,0,10.5478135705806,0,"normal","I",1000,500,0.5,0,0,0,FALSE,0,FALSE,0.5,"leave-d",200,0.5,1e+05,TRUE,314
10,0,0,0,9.58759302027001,6.74615307761138,12.4290329629286,12.9040559721593,7.83744907238891,17.9706628719296,9.65961327315288,0,13.0934360966843,0,"normal","I",1000,500,0.5,0,0,0,FALSE,0,FALSE,0.5,"leave-d",200,0.5,1e+05,TRUE,314
10,0,0,0,9.58759302027001,6.74615307761138,12.4290329629286,4.68460161348381,-0.523664199742408,9.89286742671002,9.65961327315288,0,5.50628135323989,0,"normal","I",1000,500,0.5,0,0,0,FALSE,0,FALSE,0.5,"leave-d",200,0.5,1e+05,TRUE,314
10,0,0,0,9.58759302027001,6.74615307761138,12.4290329629286,8.21308183130104,3.37072551039549,13.0554381522066,9.65961327315288,0,7.96942625824984,0,"normal","I",1000,500,0.5,0,0,0,FALSE,0,FALSE,0.5,"leave-d",200,0.5,1e+05,TRUE,314
10,0,0,0,9.58759302027001,6.74615307761138,12.4290329629286,10.7747744122688,5.23910904819669,16.3104397763409,9.65961327315288,0,10.0583643548991,0,"normal","I",1000,500,0.5,0,0,0,FALSE,0,FALSE,0.5,"leave-d",200,0.5,1e+05,TRUE,314
10,0,0,0,9.58759302027001,6.74615307761138,12.4290329629286,10.267502477137,5.66230295445089,14.8727019998231,9.65961327315288,0,10.8468899477162,0,"normal","I",1000,500,0.5,0,0,0,FALSE,0,FALSE,0.5,"leave-d",200,0.5,1e+05,TRUE,314
10,0,0,0,9.58759302027001,6.74615307761138,12.4290329629286,8.91264548937863,3.79753035614701,14.0277606226103,9.65961327315288,0,8.4553559650768,0,"normal","I",1000,500,0.5,0,0,0,FALSE,0,FALSE,0.5,"leave-d",200,0.5,1e+05,TRUE,314
10,0,0,0,9.58759302027001,6.74615307761138,12.4290329629286,12.0563658754543,6.79328952739448,17.3194422235142,9.65961327315288,0,11.8203666131304,0,"normal","I",1000,500,0.5,0,0,0,FALSE,0,FALSE,0.5,"leave-d",200,0.5,1e+05,TRUE,314
10,0,0,0,9.58759302027001,6.74615307761138,12.4290329629286,11.7824748844811,6.12092846921749,17.4440212997447,9.65961327315288,0,11.7372472672348,0,"normal","I",1000,500,0.5,0,0,0,FALSE,0,FALSE,0.5,"leave-d",200,0.5,1e+05,TRUE,314
10,0,0,0,9.58759302027001,6.74615307761138,12.4290329629286,7.63567431658406,2.49446264108235,12.7768859920858,9.65961327315288,0,6.8561223476736,0,"normal","I",1000,500,0.5,0,0,0,FALSE,0,FALSE,0.5,"leave-d",200,0.5,1e+05,TRUE,314
10,0,0,0,9.58759302027001,6.74615307761138,12.4290329629286,8.09506304854594,3.50327060132176,12.6868554957701,9.65961327315288,0,7.24130787219642,0,"normal","I",1000,500,0.5,0,0,0,FALSE,0,FALSE,0.5,"leave-d",200,0.5,1e+05,TRUE,314
10,0,0,0,9.58759302027001,6.74615307761138,12.4290329629286,11.6837730575528,6.54006847730906,16.8274776377965,9.65961327315288,0,11.2952539752449,0,"normal","I",1000,500,0.5,0,0,0,FALSE,0,FALSE,0.5,"leave-d",200,0.5,1e+05,TRUE,314
10,0,0,0,9.58759302027001,6.74615307761138,12.4290329629286,7.75349433152268,3.21600665924414,12.2909820038012,9.65961327315288,0,7.0330119221349,0,"normal","I",1000,500,0.5,0,0,0,FALSE,0,FALSE,0.5,"leave-d",200,0.5,1e+05,TRUE,314
10,0,0,0,9.58759302027001,6.74615307761138,12.4290329629286,14.4512643807451,9.46583850775213,19.4366902537381,9.65961327315288,0,14.3364827818697,0,"normal","I",1000,500,0.5,0,0,0,FALSE,0,FALSE,0.5,"leave-d",200,0.5,1e+05,TRUE,314
10,0,0,0,9.58759302027001,6.74615307761138,12.4290329629286,5.14963181649046,0.0580102270092127,10.2412534059717,9.65961327315288,0,4.64990167394085,0,"normal","I",1000,500,0.5,0,0,0,FALSE,0,FALSE,0.5,"leave-d",200,0.5,1e+05,TRUE,314
10,0,0,0,9.58759302027001,6.74615307761138,12.4290329629286,8.27287362775434,3.46879205844392,13.0769551970648,9.65961327315288,0,8.1367306888961,0,"normal","I",1000,500,0.5,0,0,0,FALSE,0,FALSE,0.5,"leave-d",200,0.5,1e+05,TRUE,314
10,0,0,0,9.58759302027001,6.74615307761138,12.4290329629286,13.5059660165413,8.3898101212246,18.622121911858,9.65961327315288,0,13.216969476371,0,"normal","I",1000,500,0.5,0,0,0,FALSE,0,FALSE,0.5,"leave-d",200,0.5,1e+05,TRUE,314
10,0,0,0,9.58759302027001,6.74615307761138,12.4290329629286,5.29878124269718,0.438416918560086,10.1591455668343,9.65961327315288,0,5.07193776370604,0,"normal","I",1000,500,0.5,0,0,0,FALSE,0,FALSE,0.5,"leave-d",200,0.5,1e+05,TRUE,314
10,0,0,0,9.58759302027001,6.74615307761138,12.4290329629286,11.351799343952,5.81687569147912,16.886722996425,9.65961327315288,0,11.1571813613592,0,"normal","I",1000,500,0.5,0,0,0,FALSE,0,FALSE,0.5,"leave-d",200,0.5,1e+05,TRUE,314
10,0,0,0,9.58759302027001,6.74615307761138,12.4290329629286,9.48355644823993,4.17086424309433,14.7962486533855,9.65961327315288,0,8.85348960845409,0,"normal","I",1000,500,0.5,0,0,0,FALSE,0,FALSE,0.5,"leave-d",200,0.5,1e+05,TRUE,314
10,0,0,0,9.58759302027001,6.74615307761138,12.4290329629286,13.7225642794293,8.47078408811911,18.9743444707394,9.65961327315288,0,12.6160944289251,0,"normal","I",1000,500,0.5,0,0,0,FALSE,0,FALSE,0.5,"leave-d",200,0.5,1e+05,TRUE,314
10,0,0,0,9.58759302027001,6.74615307761138,12.4290329629286,2.32633584421033,-2.62633242894768,7.27900411736833,9.65961327315288,0,1.01061475578004,0,"normal","I",1000,500,0.5,0,0,0,FALSE,0,FALSE,0.5,"leave-d",200,0.5,1e+05,TRUE,314
10,0,0,0,9.58759302027001,6.74615307761138,12.4290329629286,13.0736697278129,8.08364851807955,18.0636909375463,9.65961327315288,0,13.1868649450108,0,"normal","I",1000,500,0.5,0,0,0,FALSE,0,FALSE,0.5,"leave-d",200,0.5,1e+05,TRUE,314
10,0,0,0,9.58759302027001,6.74615307761138,12.4290329629286,13.0546962773731,7.88024758963518,18.2291449651109,9.65961327315288,0,12.5060662788456,0,"normal","I",1000,500,0.5,0,0,0,FALSE,0,FALSE,0.5,"leave-d",200,0.5,1e+05,TRUE,314
10,0,0,0,9.58759302027001,6.74615307761138,12.4290329629286,12.3066650203623,7.40651566949403,17.2068143712305,9.65961327315288,0,11.6768683593997,0,"normal","I",1000,500,0.5,0,0,0,FALSE,0,FALSE,0.5,"leave-d",200,0.5,1e+05,TRUE,314
10,0,0,0,9.58759302027001,6.74615307761138,12.4290329629286,11.8900402999553,6.76430538106166,17.015775218849,9.65961327315288,0,11.063146400221,0,"normal","I",1000,500,0.5,0,0,0,FALSE,0,FALSE,0.5,"leave-d",200,0.5,1e+05,TRUE,314
10,0,0,0,9.58759302027001,6.74615307761138,12.4290329629286,10.0015919155915,5.22775024583225,14.7754335853506,9.65961327315288,0,9.66751355711338,0,"normal","I",1000,500,0.5,0,0,0,FALSE,0,FALSE,0.5,"leave-d",200,0.5,1e+05,TRUE,314
10,0,0,0,9.58759302027001,6.74615307761138,12.4290329629286,9.04089112914701,3.94617016110306,14.135612097191,9.65961327315288,0,9.13693675663411,0,"normal","I",1000,500,0.5,0,0,0,FALSE,0,FALSE,0.5,"leave-d",200,0.5,1e+05,TRUE,314
10,0,0,0,9.58759302027001,6.74615307761138,12.4290329629286,8.18768156259782,3.28996911505498,13.0853940101407,9.65961327315288,0,7.59483140285661,0,"normal","I",1000,500,0.5,0,0,0,FALSE,0,FALSE,0.5,"leave-d",200,0.5,1e+05,TRUE,314
10,0,0,0,9.58759302027001,6.74615307761138,12.4290329629286,16.9605898344692,11.7476891957183,22.1734904732202,9.65961327315288,0,16.3603034057371,0,"normal","I",1000,500,0.5,0,0,0,FALSE,0,FALSE,0.5,"leave-d",200,0.5,1e+05,TRUE,314
10,0,0,0,9.58759302027001,6.74615307761138,12.4290329629286,7.50879355243831,2.58784076824163,12.429746336635,9.65961327315288,0,7.11700298567784,0,"normal","I",1000,500,0.5,0,0,0,FALSE,0,FALSE,0.5,"leave-d",200,0.5,1e+05,TRUE,314
10,0,0,0,9.58759302027001,6.74615307761138,12.4290329629286,10.2978961034934,5.54738551704127,15.0484066899456,9.65961327315288,0,10.0042454668113,0,"normal","I",1000,500,0.5,0,0,0,FALSE,0,FALSE,0.5,"leave-d",200,0.5,1e+05,TRUE,314
10,0,0,0,9.58759302027001,6.74615307761138,12.4290329629286,9.81364312738585,3.90451360716796,15.7227726476037,9.65961327315288,0,9.07892035749651,0,"normal","I",1000,500,0.5,0,0,0,FALSE,0,FALSE,0.5,"leave-d",200,0.5,1e+05,TRUE,314
10,0,0,0,9.58759302027001,6.74615307761138,12.4290329629286,9.35932990037429,4.21780936913587,14.5008504316127,9.65961327315288,0,9.038999424205,0,"normal","I",1000,500,0.5,0,0,0,FALSE,0,FALSE,0.5,"leave-d",200,0.5,1e+05,TRUE,314
10,0,0,0,9.58759302027001,6.74615307761138,12.4290329629286,11.0168075607207,6.38909294128657,15.6445221801549,9.65961327315288,0,11.009564289875,0,"normal","I",1000,500,0.5,0,0,0,FALSE,0,FALSE,0.5,"leave-d",200,0.5,1e+05,TRUE,314
10,0,0,0,9.58759302027001,6.74615307761138,12.4290329629286,8.23653988610766,3.44255820755122,13.0305215646641,9.65961327315288,0,7.96533364795857,0,"normal","I",1000,500,0.5,0,0,0,FALSE,0,FALSE,0.5,"leave-d",200,0.5,1e+05,TRUE,314
10,0,0,0,9.58759302027001,6.74615307761138,12.4290329629286,10.0075283771851,5.43216986475294,14.5828868896173,9.65961327315288,0,9.97144851750033,0,"normal","I",1000,500,0.5,0,0,0,FALSE,0,FALSE,0.5,"leave-d",200,0.5,1e+05,TRUE,314
10,0,0,0,9.58759302027001,6.74615307761138,12.4290329629286,7.14436500390871,2.07036950794563,12.2183604998718,9.65961327315288,0,7.23848705820408,0,"normal","I",1000,500,0.5,0,0,0,FALSE,0,FALSE,0.5,"leave-d",200,0.5,1e+05,TRUE,314
10,0,0,0,9.58759302027001,6.74615307761138,12.4290329629286,10.0063629580239,5.39875569123723,14.6139702248106,9.65961327315288,0,9.81342790028052,0,"normal","I",1000,500,0.5,0,0,0,FALSE,0,FALSE,0.5,"leave-d",200,0.5,1e+05,TRUE,314
10,0,0,0,9.58759302027001,6.74615307761138,12.4290329629286,12.704108514233,7.55805495005732,17.8501620784087,9.65961327315288,0,12.5164061478979,0,"normal","I",1000,500,0.5,0,0,0,FALSE,0,FALSE,0.5,"leave-d",200,0.5,1e+05,TRUE,314
10,0,0,0,9.58759302027001,6.74615307761138,12.4290329629286,7.89863082864762,3.18046713509486,12.6167945222004,9.65961327315288,0,7.35834751247658,0,"normal","I",1000,500,0.5,0,0,0,FALSE,0,FALSE,0.5,"leave-d",200,0.5,1e+05,TRUE,314
10,0,0,0,9.58759302027001,6.74615307761138,12.4290329629286,10.4494385344279,5.52448136167176,15.3743957071839,9.65961327315288,0,10.116490387112,0,"normal","I",1000,500,0.5,0,0,0,FALSE,0,FALSE,0.5,"leave-d",200,0.5,1e+05,TRUE,314
10,0,0,0,9.58759302027001,6.74615307761138,12.4290329629286,5.84039654598864,0.271157787436255,11.409635304541,9.65961327315288,0,5.14319797397309,0,"normal","I",1000,500,0.5,0,0,0,FALSE,0,FALSE,0.5,"leave-d",200,0.5,1e+05,TRUE,314
10,0,0,0,9.58759302027001,6.74615307761138,12.4290329629286,9.3527430679234,4.50089544932713,14.2045906865197,9.65961327315288,0,9.20412528979434,0,"normal","I",1000,500,0.5,0,0,0,FALSE,0,FALSE,0.5,"leave-d",200,0.5,1e+05,TRUE,314
10,0,0,0,9.58759302027001,6.74615307761138,12.4290329629286,11.1136740536807,5.93476936154173,16.2925787458197,9.65961327315288,0,10.8937738582919,0,"normal","I",1000,500,0.5,0,0,0,FALSE,0,FALSE,0.5,"leave-d",200,0.5,1e+05,TRUE,314
10,0,0,0,9.58759302027001,6.74615307761138,12.4290329629286,16.9648789423844,11.7975806017595,22.1321772830093,9.65961327315288,0,17.2603413908901,0,"normal","I",1000,500,0.5,0,0,0,FALSE,0,FALSE,0.5,"leave-d",200,0.5,1e+05,TRUE,314
10,0,0,0,9.58759302027001,6.74615307761138,12.4290329629286,9.61993781586101,4.47435893960625,14.7655166921158,9.65961327315288,0,9.42506371224818,0,"normal","I",1000,500,0.5,0,0,0,FALSE,0,FALSE,0.5,"leave-d",200,0.5,1e+05,TRUE,314
10,0,0,0,9.58759302027001,6.74615307761138,12.4290329629286,10.2577801108205,5.39101210927893,15.1245481123621,9.65961327315288,0,10.114268825307,0,"normal","I",1000,500,0.5,0,0,0,FALSE,0,FALSE,0.5,"leave-d",200,0.5,1e+05,TRUE,314
10,0,0,0,9.58759302027001,6.74615307761138,12.4290329629286,9.00725583047248,4.10248407297663,13.9120275879683,9.65961327315288,0,8.57804849396879,0,"normal","I",1000,500,0.5,0,0,0,FALSE,0,FALSE,0.5,"leave-d",200,0.5,1e+05,TRUE,314
10,0,0,0,9.58759302027001,6.74615307761138,12.4290329629286,6.77728516753654,1.56435093948779,11.9902193955853,9.65961327315288,0,6.88337424882743,0,"normal","I",1000,500,0.5,0,0,0,FALSE,0,FALSE,0.5,"leave-d",200,0.5,1e+05,TRUE,314
10,0,0,0,9.58759302027001,6.74615307761138,12.4290329629286,10.7428043769548,5.20867087515115,16.2769378787584,9.65961327315288,0,10.400494921306,0,"normal","I",1000,500,0.5,0,0,0,FALSE,0,FALSE,0.5,"leave-d",200,0.5,1e+05,TRUE,314
10,0,0,0,9.58759302027001,6.74615307761138,12.4290329629286,17.7340668879254,12.7866502883462,22.6814834875047,9.65961327315288,0,18.1865956043847,0,"normal","I",1000,500,0.5,0,0,0,FALSE,0,FALSE,0.5,"leave-d",200,0.5,1e+05,TRUE,314
10,0,0,0,9.58759302027001,6.74615307761138,12.4290329629286,9.86832869009594,4.89591977871761,14.8407376014743,9.65961327315288,0,9.87422622507185,0,"normal","I",1000,500,0.5,0,0,0,FALSE,0,FALSE,0.5,"leave-d",200,0.5,1e+05,TRUE,314
10,0,0,0,9.58759302027001,6.74615307761138,12.4290329629286,6.71968536892738,1.94239040770185,11.4969803301529,9.65961327315288,0,6.79671936024697,0,"normal","I",1000,500,0.5,0,0,0,FALSE,0,FALSE,0.5,"leave-d",200,0.5,1e+05,TRUE,314
10,0,0,0,9.58759302027001,6.74615307761138,12.4290329629286,12.1707660626792,6.51875194995566,17.8227801754028,9.65961327315288,0,11.7414119325922,0,"normal","I",1000,500,0.5,0,0,0,FALSE,0,FALSE,0.5,"leave-d",200,0.5,1e+05,TRUE,314
10,0,0,0,9.58759302027001,6.74615307761138,12.4290329629286,16.0880950388221,10.5380726300521,21.6381174475921,9.65961327315288,0,14.9034980774692,0,"normal","I",1000,500,0.5,0,0,0,FALSE,0,FALSE,0.5,"leave-d",200,0.5,1e+05,TRUE,314
10,0,0,0,9.58759302027001,6.74615307761138,12.4290329629286,8.3754731480285,3.56986177689762,13.1810845191594,9.65961327315288,0,7.67654126551181,0,"normal","I",1000,500,0.5,0,0,0,FALSE,0,FALSE,0.5,"leave-d",200,0.5,1e+05,TRUE,314
10,0,0,0,9.58759302027001,6.74615307761138,12.4290329629286,12.6076557362007,7.51743462853874,17.6978768438627,9.65961327315288,0,12.5375946413503,0,"normal","I",1000,500,0.5,0,0,0,FALSE,0,FALSE,0.5,"leave-d",200,0.5,1e+05,TRUE,314
10,0,0,0,9.58759302027001,6.74615307761138,12.4290329629286,8.87866593938939,4.05468097331048,13.7026509054683,9.65961327315288,0,8.73078310217543,0,"normal","I",1000,500,0.5,0,0,0,FALSE,0,FALSE,0.5,"leave-d",200,0.5,1e+05,TRUE,314
10,0,0,0,9.58759302027001,6.74615307761138,12.4290329629286,11.349486449996,6.43571171163588,16.2632611883561,9.65961327315288,0,11.2548696943742,0,"normal","I",1000,500,0.5,0,0,0,FALSE,0,FALSE,0.5,"leave-d",200,0.5,1e+05,TRUE,314
10,0,0,0,9.58759302027001,6.74615307761138,12.4290329629286,9.08297153319348,3.97496510251881,14.1909779638682,9.65961327315288,0,8.87503900974022,0,"normal","I",1000,500,0.5,0,0,0,FALSE,0,FALSE,0.5,"leave-d",200,0.5,1e+05,TRUE,314
10,0,0,0,9.58759302027001,6.74615307761138,12.4290329629286,2.35403610081919,-2.52240733962823,7.23047954126661,9.65961327315288,0,3.33061007165125,0,"normal","I",1000,500,0.5,0,0,0,FALSE,0,FALSE,0.5,"leave-d",200,0.5,1e+05,TRUE,314
10,0,0,0,9.58759302027001,6.74615307761138,12.4290329629286,15.1211267227753,9.79088039084519,20.4513730547055,9.65961327315288,0,14.0358879229917,0,"normal","I",1000,500,0.5,0,0,0,FALSE,0,FALSE,0.5,"leave-d",200,0.5,1e+05,TRUE,314
10,0,0,0,9.58759302027001,6.74615307761138,12.4290329629286,9.26855508882252,3.93342549493248,14.6036846827126,9.65961327315288,0,9.18733083419535,0,"normal","I",1000,500,0.5,0,0,0,FALSE,0,FALSE,0.5,"leave-d",200,0.5,1e+05,TRUE,314
10,0,0,0,9.58759302027001,6.74615307761138,12.4290329629286,5.05478015669175,0.251343007203729,9.85821730617976,9.65961327315288,0,4.31435553591691,0,"normal","I",1000,500,0.5,0,0,0,FALSE,0,FALSE,0.5,"leave-d",200,0.5,1e+05,TRUE,314
10,0,0,0,9.58759302027001,6.74615307761138,12.4290329629286,15.170891819615,9.84432486066098,20.497458778569,9.65961327315288,0,15.1648492640327,0,"normal","I",1000,500,0.5,0,0,0,FALSE,0,FALSE,0.5,"leave-d",200,0.5,1e+05,TRUE,314
