"var_main_effect","var_inter_effect","cov_main_inter_effect","var_total_effect","EigenPrism_main","EigenPrism_CI1","EigenPrism_CI2","sub_EigenPrism_main","sub_EigenPrism_CI1","sub_EigenPrism_CI2","GCTA_main","GCTA_inter","sub_GCTA_main","sub_GCTA_inter","x_dist","structure","p","n","main_fixed_var","main_random_var","inter_fixed_var","inter_random_var","decor","interact","combine","pro","bs","n_sub","rho_e","emp_n","inter_std","i"
10,0,0,0,12.2880462792399,10.0977158878888,14.478376670591,14.1727514425169,9.75251940640613,18.5929834786277,11.415021936702,0,14.4426627411494,0,"normal","I",1000,500,0.5,0,0,0,FALSE,0,FALSE,0.5,"leave-d",200,0.7,1e+05,TRUE,432
10,0,0,0,12.2880462792399,10.0977158878888,14.478376670591,15.5569566002787,11.5079882137497,19.6059249868077,11.415021936702,0,14.809547038134,0,"normal","I",1000,500,0.5,0,0,0,FALSE,0,FALSE,0.5,"leave-d",200,0.7,1e+05,TRUE,432
10,0,0,0,12.2880462792399,10.0977158878888,14.478376670591,8.55521200645398,4.82509345175769,12.2853305611503,11.415021936702,0,7.94667764760021,0,"normal","I",1000,500,0.5,0,0,0,FALSE,0,FALSE,0.5,"leave-d",200,0.7,1e+05,TRUE,432
10,0,0,0,12.2880462792399,10.0977158878888,14.478376670591,10.792161329135,7.31854715774734,14.2657755005226,11.415021936702,0,10.412722068928,0,"normal","I",1000,500,0.5,0,0,0,FALSE,0,FALSE,0.5,"leave-d",200,0.7,1e+05,TRUE,432
10,0,0,0,12.2880462792399,10.0977158878888,14.478376670591,17.5651631331584,13.3325093393311,21.7978169269856,11.415021936702,0,16.4772262636488,0,"normal","I",1000,500,0.5,0,0,0,FALSE,0,FALSE,0.5,"leave-d",200,0.7,1e+05,TRUE,432
10,0,0,0,12.2880462792399,10.0977158878888,14.478376670591,11.3819806565057,7.59009905938948,15.173862253622,11.415021936702,0,11.4328980761504,0,"normal","I",1000,500,0.5,0,0,0,FALSE,0,FALSE,0.5,"leave-d",200,0.7,1e+05,TRUE,432
10,0,0,0,12.2880462792399,10.0977158878888,14.478376670591,12.5266633270815,8.99459778632404,16.058728867839,11.415021936702,0,11.8474501711752,0,"normal","I",1000,500,0.5,0,0,0,FALSE,0,FALSE,0.5,"leave-d",200,0.7,1e+05,TRUE,432
10,0,0,0,12.2880462792399,10.0977158878888,14.478376670591,17.3825156713754,13.4395953138943,21.3254360288564,11.415021936702,0,14.7799167636128,0,"normal","I",1000,500,0.5,0,0,0,FALSE,0,FALSE,0.5,"leave-d",200,0.7,1e+05,TRUE,432
10,0,0,0,12.2880462792399,10.0977158878888,14.478376670591,8.86397854828488,5.23005916802523,12.4978979285445,11.415021936702,0,9.28804662157653,0,"normal","I",1000,500,0.5,0,0,0,FALSE,0,FALSE,0.5,"leave-d",200,0.7,1e+05,TRUE,432
10,0,0,0,12.2880462792399,10.0977158878888,14.478376670591,16.538939150911,12.3778563624372,20.7000219393848,11.415021936702,0,15.5718073182075,0,"normal","I",1000,500,0.5,0,0,0,FALSE,0,FALSE,0.5,"leave-d",200,0.7,1e+05,TRUE,432
10,0,0,0,12.2880462792399,10.0977158878888,14.478376670591,12.780481472076,9.01392755011021,16.5470353940418,11.415021936702,0,11.5312394842703,0,"normal","I",1000,500,0.5,0,0,0,FALSE,0,FALSE,0.5,"leave-d",200,0.7,1e+05,TRUE,432
10,0,0,0,12.2880462792399,10.0977158878888,14.478376670591,13.2410287809169,9.29534158611447,17.1867159757193,11.415021936702,0,12.2378987710327,0,"normal","I",1000,500,0.5,0,0,0,FALSE,0,FALSE,0.5,"leave-d",200,0.7,1e+05,TRUE,432
10,0,0,0,12.2880462792399,10.0977158878888,14.478376670591,16.6698626512042,12.7907004837682,20.5490248186403,11.415021936702,0,13.7212378075986,0,"normal","I",1000,500,0.5,0,0,0,FALSE,0,FALSE,0.5,"leave-d",200,0.7,1e+05,TRUE,432
10,0,0,0,12.2880462792399,10.0977158878888,14.478376670591,13.8534486581481,10.1460675451657,17.5608297711306,11.415021936702,0,14.9145046317992,0,"normal","I",1000,500,0.5,0,0,0,FALSE,0,FALSE,0.5,"leave-d",200,0.7,1e+05,TRUE,432
10,0,0,0,12.2880462792399,10.0977158878888,14.478376670591,13.365676636395,9.41737423046425,17.3139790423258,11.415021936702,0,13.1077611074737,0,"normal","I",1000,500,0.5,0,0,0,FALSE,0,FALSE,0.5,"leave-d",200,0.7,1e+05,TRUE,432
10,0,0,0,12.2880462792399,10.0977158878888,14.478376670591,9.68065155232527,6.02682313694298,13.3344799677076,11.415021936702,0,9.72516835034195,0,"normal","I",1000,500,0.5,0,0,0,FALSE,0,FALSE,0.5,"leave-d",200,0.7,1e+05,TRUE,432
10,0,0,0,12.2880462792399,10.0977158878888,14.478376670591,10.5076674788903,6.87665228164476,14.1386826761358,11.415021936702,0,11.4627213038652,0,"normal","I",1000,500,0.5,0,0,0,FALSE,0,FALSE,0.5,"leave-d",200,0.7,1e+05,TRUE,432
10,0,0,0,12.2880462792399,10.0977158878888,14.478376670591,13.7020986009161,9.76746485056022,17.6367323512719,11.415021936702,0,12.2693422604704,0,"normal","I",1000,500,0.5,0,0,0,FALSE,0,FALSE,0.5,"leave-d",200,0.7,1e+05,TRUE,432
10,0,0,0,12.2880462792399,10.0977158878888,14.478376670591,17.2803393201233,13.0851542730044,21.4755243672421,11.415021936702,0,15.4964558697765,0,"normal","I",1000,500,0.5,0,0,0,FALSE,0,FALSE,0.5,"leave-d",200,0.7,1e+05,TRUE,432
10,0,0,0,12.2880462792399,10.0977158878888,14.478376670591,15.9241691563033,12.0546968784236,19.793641434183,11.415021936702,0,14.4679516744887,0,"normal","I",1000,500,0.5,0,0,0,FALSE,0,FALSE,0.5,"leave-d",200,0.7,1e+05,TRUE,432
10,0,0,0,12.2880462792399,10.0977158878888,14.478376670591,11.3988772498595,7.63413992883284,15.1636145708862,11.415021936702,0,10.5325973071634,0,"normal","I",1000,500,0.5,0,0,0,FALSE,0,FALSE,0.5,"leave-d",200,0.7,1e+05,TRUE,432
10,0,0,0,12.2880462792399,10.0977158878888,14.478376670591,15.5087951635885,11.2116460816742,19.8059442455029,11.415021936702,0,16.0315995650025,0,"normal","I",1000,500,0.5,0,0,0,FALSE,0,FALSE,0.5,"leave-d",200,0.7,1e+05,TRUE,432
10,0,0,0,12.2880462792399,10.0977158878888,14.478376670591,16.4468758754599,12.3126789553741,20.5810727955456,11.415021936702,0,14.7115830335189,0,"normal","I",1000,500,0.5,0,0,0,FALSE,0,FALSE,0.5,"leave-d",200,0.7,1e+05,TRUE,432
10,0,0,0,12.2880462792399,10.0977158878888,14.478376670591,10.50322728543,7.33501742391177,13.6714371469482,11.415021936702,0,10.5472353955543,0,"normal","I",1000,500,0.5,0,0,0,FALSE,0,FALSE,0.5,"leave-d",200,0.7,1e+05,TRUE,432
10,0,0,0,12.2880462792399,10.0977158878888,14.478376670591,14.5874231406312,10.3037007700518,18.8711455112105,11.415021936702,0,14.5642805565156,0,"normal","I",1000,500,0.5,0,0,0,FALSE,0,FALSE,0.5,"leave-d",200,0.7,1e+05,TRUE,432
10,0,0,0,12.2880462792399,10.0977158878888,14.478376670591,12.3092066058337,8.6720125269357,15.9464006847318,11.415021936702,0,11.5273863327695,0,"normal","I",1000,500,0.5,0,0,0,FALSE,0,FALSE,0.5,"leave-d",200,0.7,1e+05,TRUE,432
10,0,0,0,12.2880462792399,10.0977158878888,14.478376670591,11.2988964148545,7.51031221456529,15.0874806151438,11.415021936702,0,11.0750273629489,0,"normal","I",1000,500,0.5,0,0,0,FALSE,0,FALSE,0.5,"leave-d",200,0.7,1e+05,TRUE,432
10,0,0,0,12.2880462792399,10.0977158878888,14.478376670591,14.6917948517696,10.3124857731206,19.0711039304186,11.415021936702,0,13.7903693819056,0,"normal","I",1000,500,0.5,0,0,0,FALSE,0,FALSE,0.5,"leave-d",200,0.7,1e+05,TRUE,432
10,0,0,0,12.2880462792399,10.0977158878888,14.478376670591,10.3940860497763,6.7528780227882,14.0352940767645,11.415021936702,0,11.2837884855266,0,"normal","I",1000,500,0.5,0,0,0,FALSE,0,FALSE,0.5,"leave-d",200,0.7,1e+05,TRUE,432
10,0,0,0,12.2880462792399,10.0977158878888,14.478376670591,15.9653902151066,11.5324482447973,20.3983321854158,11.415021936702,0,15.4855665071546,0,"normal","I",1000,500,0.5,0,0,0,FALSE,0,FALSE,0.5,"leave-d",200,0.7,1e+05,TRUE,432
10,0,0,0,12.2880462792399,10.0977158878888,14.478376670591,13.8043656421903,9.99139044343475,17.6173408409459,11.415021936702,0,13.3279313115196,0,"normal","I",1000,500,0.5,0,0,0,FALSE,0,FALSE,0.5,"leave-d",200,0.7,1e+05,TRUE,432
10,0,0,0,12.2880462792399,10.0977158878888,14.478376670591,9.33214414411175,5.53387853955454,13.130409748669,11.415021936702,0,8.9472701357584,0,"normal","I",1000,500,0.5,0,0,0,FALSE,0,FALSE,0.5,"leave-d",200,0.7,1e+05,TRUE,432
10,0,0,0,12.2880462792399,10.0977158878888,14.478376670591,10.288114380286,6.77004469867182,13.8061840619002,11.415021936702,0,10.4607234365924,0,"normal","I",1000,500,0.5,0,0,0,FALSE,0,FALSE,0.5,"leave-d",200,0.7,1e+05,TRUE,432
10,0,0,0,12.2880462792399,10.0977158878888,14.478376670591,13.6015517045961,9.81238537204965,17.3907180371425,11.415021936702,0,12.348889261733,0,"normal","I",1000,500,0.5,0,0,0,FALSE,0,FALSE,0.5,"leave-d",200,0.7,1e+05,TRUE,432
10,0,0,0,12.2880462792399,10.0977158878888,14.478376670591,15.8672431506728,11.6676939224347,20.066792378911,11.415021936702,0,14.8769720250816,0,"normal","I",1000,500,0.5,0,0,0,FALSE,0,FALSE,0.5,"leave-d",200,0.7,1e+05,TRUE,432
10,0,0,0,12.2880462792399,10.0977158878888,14.478376670591,15.0542960308246,11.284196254524,18.8243958071252,11.415021936702,0,14.2686569676373,0,"normal","I",1000,500,0.5,0,0,0,FALSE,0,FALSE,0.5,"leave-d",200,0.7,1e+05,TRUE,432
10,0,0,0,12.2880462792399,10.0977158878888,14.478376670591,8.64026825399027,5.26040014673644,12.0201363612441,11.415021936702,0,8.46346168749489,0,"normal","I",1000,500,0.5,0,0,0,FALSE,0,FALSE,0.5,"leave-d",200,0.7,1e+05,TRUE,432
10,0,0,0,12.2880462792399,10.0977158878888,14.478376670591,15.7204906717934,11.4137865848695,20.0271947587173,11.415021936702,0,14.957843376515,0,"normal","I",1000,500,0.5,0,0,0,FALSE,0,FALSE,0.5,"leave-d",200,0.7,1e+05,TRUE,432
10,0,0,0,12.2880462792399,10.0977158878888,14.478376670591,8.79384703660453,4.7789759552536,12.8087181179555,11.415021936702,0,8.50219052802696,0,"normal","I",1000,500,0.5,0,0,0,FALSE,0,FALSE,0.5,"leave-d",200,0.7,1e+05,TRUE,432
10,0,0,0,12.2880462792399,10.0977158878888,14.478376670591,13.7922819511261,10.0691551096666,17.5154087925857,11.415021936702,0,11.9969266025337,0,"normal","I",1000,500,0.5,0,0,0,FALSE,0,FALSE,0.5,"leave-d",200,0.7,1e+05,TRUE,432
10,0,0,0,12.2880462792399,10.0977158878888,14.478376670591,13.2393304001314,9.78854716422351,16.6901136360392,11.415021936702,0,11.6971681146091,0,"normal","I",1000,500,0.5,0,0,0,FALSE,0,FALSE,0.5,"leave-d",200,0.7,1e+05,TRUE,432
10,0,0,0,12.2880462792399,10.0977158878888,14.478376670591,10.9643185579802,7.05005604544614,14.8785810705142,11.415021936702,0,10.8738714218049,0,"normal","I",1000,500,0.5,0,0,0,FALSE,0,FALSE,0.5,"leave-d",200,0.7,1e+05,TRUE,432
10,0,0,0,12.2880462792399,10.0977158878888,14.478376670591,11.0409571762597,7.23891088556389,14.8430034669556,11.415021936702,0,10.6274678803243,0,"normal","I",1000,500,0.5,0,0,0,FALSE,0,FALSE,0.5,"leave-d",200,0.7,1e+05,TRUE,432
10,0,0,0,12.2880462792399,10.0977158878888,14.478376670591,12.9386357893867,9.0158467701332,16.8614248086401,11.415021936702,0,11.6297216684602,0,"normal","I",1000,500,0.5,0,0,0,FALSE,0,FALSE,0.5,"leave-d",200,0.7,1e+05,TRUE,432
10,0,0,0,12.2880462792399,10.0977158878888,14.478376670591,12.5272958361258,8.58513534117297,16.4694563310786,11.415021936702,0,12.0415688023773,0,"normal","I",1000,500,0.5,0,0,0,FALSE,0,FALSE,0.5,"leave-d",200,0.7,1e+05,TRUE,432
10,0,0,0,12.2880462792399,10.0977158878888,14.478376670591,17.6916962554789,13.4099786631691,21.9734138477887,11.415021936702,0,16.1582414302305,0,"normal","I",1000,500,0.5,0,0,0,FALSE,0,FALSE,0.5,"leave-d",200,0.7,1e+05,TRUE,432
10,0,0,0,12.2880462792399,10.0977158878888,14.478376670591,14.6319849798436,10.6906615769923,18.5733083826949,11.415021936702,0,14.5062561042365,0,"normal","I",1000,500,0.5,0,0,0,FALSE,0,FALSE,0.5,"leave-d",200,0.7,1e+05,TRUE,432
10,0,0,0,12.2880462792399,10.0977158878888,14.478376670591,10.9463089330084,6.81447529511731,15.0781425708995,11.415021936702,0,10.2758073605096,0,"normal","I",1000,500,0.5,0,0,0,FALSE,0,FALSE,0.5,"leave-d",200,0.7,1e+05,TRUE,432
10,0,0,0,12.2880462792399,10.0977158878888,14.478376670591,9.21804953148434,5.61349008396028,12.8226089790084,11.415021936702,0,8.88131102659231,0,"normal","I",1000,500,0.5,0,0,0,FALSE,0,FALSE,0.5,"leave-d",200,0.7,1e+05,TRUE,432
10,0,0,0,12.2880462792399,10.0977158878888,14.478376670591,13.292290582741,9.20172396587786,17.3828571996041,11.415021936702,0,12.3775708555724,0,"normal","I",1000,500,0.5,0,0,0,FALSE,0,FALSE,0.5,"leave-d",200,0.7,1e+05,TRUE,432
10,0,0,0,12.2880462792399,10.0977158878888,14.478376670591,9.36749438296243,5.48718391747762,13.2478048484472,11.415021936702,0,9.12462250870277,0,"normal","I",1000,500,0.5,0,0,0,FALSE,0,FALSE,0.5,"leave-d",200,0.7,1e+05,TRUE,432
10,0,0,0,12.2880462792399,10.0977158878888,14.478376670591,5.71635684687364,2.17118681520601,9.26152687854127,11.415021936702,0,5.55194343004392,0,"normal","I",1000,500,0.5,0,0,0,FALSE,0,FALSE,0.5,"leave-d",200,0.7,1e+05,TRUE,432
10,0,0,0,12.2880462792399,10.0977158878888,14.478376670591,15.7783630668763,11.6735078137125,19.8832183200402,11.415021936702,0,14.0448963069035,0,"normal","I",1000,500,0.5,0,0,0,FALSE,0,FALSE,0.5,"leave-d",200,0.7,1e+05,TRUE,432
10,0,0,0,12.2880462792399,10.0977158878888,14.478376670591,11.7795415958336,8.38948264299852,15.1696005486688,11.415021936702,0,12.6981519244607,0,"normal","I",1000,500,0.5,0,0,0,FALSE,0,FALSE,0.5,"leave-d",200,0.7,1e+05,TRUE,432
10,0,0,0,12.2880462792399,10.0977158878888,14.478376670591,16.6394562831908,12.3435405765023,20.9353719898794,11.415021936702,0,14.9144565540147,0,"normal","I",1000,500,0.5,0,0,0,FALSE,0,FALSE,0.5,"leave-d",200,0.7,1e+05,TRUE,432
10,0,0,0,12.2880462792399,10.0977158878888,14.478376670591,11.687723091979,7.89298380484852,15.4824623791095,11.415021936702,0,10.859018471202,0,"normal","I",1000,500,0.5,0,0,0,FALSE,0,FALSE,0.5,"leave-d",200,0.7,1e+05,TRUE,432
10,0,0,0,12.2880462792399,10.0977158878888,14.478376670591,17.4053127570079,13.0875835716467,21.7230419423691,11.415021936702,0,16.7790319863626,0,"normal","I",1000,500,0.5,0,0,0,FALSE,0,FALSE,0.5,"leave-d",200,0.7,1e+05,TRUE,432
10,0,0,0,12.2880462792399,10.0977158878888,14.478376670591,13.9650067947189,9.75240112962913,18.1776124598087,11.415021936702,0,12.9676160166858,0,"normal","I",1000,500,0.5,0,0,0,FALSE,0,FALSE,0.5,"leave-d",200,0.7,1e+05,TRUE,432
10,0,0,0,12.2880462792399,10.0977158878888,14.478376670591,12.9061585332304,9.16894277141353,16.6433742950472,11.415021936702,0,12.4093628947255,0,"normal","I",1000,500,0.5,0,0,0,FALSE,0,FALSE,0.5,"leave-d",200,0.7,1e+05,TRUE,432
10,0,0,0,12.2880462792399,10.0977158878888,14.478376670591,16.4067463614685,12.3279360237866,20.4855566991504,11.415021936702,0,15.9699429160416,0,"normal","I",1000,500,0.5,0,0,0,FALSE,0,FALSE,0.5,"leave-d",200,0.7,1e+05,TRUE,432
10,0,0,0,12.2880462792399,10.0977158878888,14.478376670591,13.5346882405415,9.61180331489643,17.4575731661866,11.415021936702,0,13.3269416121665,0,"normal","I",1000,500,0.5,0,0,0,FALSE,0,FALSE,0.5,"leave-d",200,0.7,1e+05,TRUE,432
10,0,0,0,12.2880462792399,10.0977158878888,14.478376670591,14.2545129670106,10.1540023339194,18.3550236001018,11.415021936702,0,12.8086219026179,0,"normal","I",1000,500,0.5,0,0,0,FALSE,0,FALSE,0.5,"leave-d",200,0.7,1e+05,TRUE,432
10,0,0,0,12.2880462792399,10.0977158878888,14.478376670591,12.2162407556604,8.34108018296287,16.0914013283579,11.415021936702,0,11.4595095120575,0,"normal","I",1000,500,0.5,0,0,0,FALSE,0,FALSE,0.5,"leave-d",200,0.7,1e+05,TRUE,432
10,0,0,0,12.2880462792399,10.0977158878888,14.478376670591,16.8196373603863,12.4601959833002,21.1790787374724,11.415021936702,0,15.3140340038018,0,"normal","I",1000,500,0.5,0,0,0,FALSE,0,FALSE,0.5,"leave-d",200,0.7,1e+05,TRUE,432
10,0,0,0,12.2880462792399,10.0977158878888,14.478376670591,13.5995258759385,9.68259498446634,17.5164567674107,11.415021936702,0,14.3274972283826,0,"normal","I",1000,500,0.5,0,0,0,FALSE,0,FALSE,0.5,"leave-d",200,0.7,1e+05,TRUE,432
10,0,0,0,12.2880462792399,10.0977158878888,14.478376670591,8.80459392574548,5.01971298304116,12.5894748684498,11.415021936702,0,8.17045176430248,0,"normal","I",1000,500,0.5,0,0,0,FALSE,0,FALSE,0.5,"leave-d",200,0.7,1e+05,TRUE,432
10,0,0,0,12.2880462792399,10.0977158878888,14.478376670591,14.5841037064729,10.3976145110148,18.770592901931,11.415021936702,0,15.0549874480903,0,"normal","I",1000,500,0.5,0,0,0,FALSE,0,FALSE,0.5,"leave-d",200,0.7,1e+05,TRUE,432
10,0,0,0,12.2880462792399,10.0977158878888,14.478376670591,9.93068616982427,5.98090109161248,13.8804712480361,11.415021936702,0,9.96243853453399,0,"normal","I",1000,500,0.5,0,0,0,FALSE,0,FALSE,0.5,"leave-d",200,0.7,1e+05,TRUE,432
10,0,0,0,12.2880462792399,10.0977158878888,14.478376670591,13.5892652801778,9.6139576632583,17.5645728970972,11.415021936702,0,13.9095380018583,0,"normal","I",1000,500,0.5,0,0,0,FALSE,0,FALSE,0.5,"leave-d",200,0.7,1e+05,TRUE,432
10,0,0,0,12.2880462792399,10.0977158878888,14.478376670591,14.0451753792812,10.05294659573,18.0374041628323,11.415021936702,0,13.0816226333244,0,"normal","I",1000,500,0.5,0,0,0,FALSE,0,FALSE,0.5,"leave-d",200,0.7,1e+05,TRUE,432
10,0,0,0,12.2880462792399,10.0977158878888,14.478376670591,13.1617946770581,9.32919060993485,16.9943987441813,11.415021936702,0,12.23238608896,0,"normal","I",1000,500,0.5,0,0,0,FALSE,0,FALSE,0.5,"leave-d",200,0.7,1e+05,TRUE,432
10,0,0,0,12.2880462792399,10.0977158878888,14.478376670591,10.0423323662159,6.02933112281888,14.0553336096129,11.415021936702,0,9.78695967335685,0,"normal","I",1000,500,0.5,0,0,0,FALSE,0,FALSE,0.5,"leave-d",200,0.7,1e+05,TRUE,432
10,0,0,0,12.2880462792399,10.0977158878888,14.478376670591,12.8048238063896,9.05425938799975,16.5553882247794,11.415021936702,0,11.9400737964937,0,"normal","I",1000,500,0.5,0,0,0,FALSE,0,FALSE,0.5,"leave-d",200,0.7,1e+05,TRUE,432
10,0,0,0,12.2880462792399,10.0977158878888,14.478376670591,11.962331501654,8.33870500618329,15.5859579971246,11.415021936702,0,11.3997064545578,0,"normal","I",1000,500,0.5,0,0,0,FALSE,0,FALSE,0.5,"leave-d",200,0.7,1e+05,TRUE,432
10,0,0,0,12.2880462792399,10.0977158878888,14.478376670591,9.06102724631113,5.36719667225558,12.7548578203667,11.415021936702,0,8.80127164140948,0,"normal","I",1000,500,0.5,0,0,0,FALSE,0,FALSE,0.5,"leave-d",200,0.7,1e+05,TRUE,432
10,0,0,0,12.2880462792399,10.0977158878888,14.478376670591,10.9949555880443,7.37045129214633,14.6194598839423,11.415021936702,0,12.1118632619727,0,"normal","I",1000,500,0.5,0,0,0,FALSE,0,FALSE,0.5,"leave-d",200,0.7,1e+05,TRUE,432
10,0,0,0,12.2880462792399,10.0977158878888,14.478376670591,15.7857949003888,11.8014655457307,19.770124255047,11.415021936702,0,13.5901858106423,0,"normal","I",1000,500,0.5,0,0,0,FALSE,0,FALSE,0.5,"leave-d",200,0.7,1e+05,TRUE,432
10,0,0,0,12.2880462792399,10.0977158878888,14.478376670591,12.8267784008609,9.19274842587451,16.4608083758473,11.415021936702,0,13.9975704201655,0,"normal","I",1000,500,0.5,0,0,0,FALSE,0,FALSE,0.5,"leave-d",200,0.7,1e+05,TRUE,432
10,0,0,0,12.2880462792399,10.0977158878888,14.478376670591,10.5013008910241,6.57452471167358,14.4280770703746,11.415021936702,0,9.71472689336644,0,"normal","I",1000,500,0.5,0,0,0,FALSE,0,FALSE,0.5,"leave-d",200,0.7,1e+05,TRUE,432
10,0,0,0,12.2880462792399,10.0977158878888,14.478376670591,17.8989759301958,13.7709036829996,22.027048177392,11.415021936702,0,15.5984994644663,0,"normal","I",1000,500,0.5,0,0,0,FALSE,0,FALSE,0.5,"leave-d",200,0.7,1e+05,TRUE,432
10,0,0,0,12.2880462792399,10.0977158878888,14.478376670591,11.670571496814,8.12930373873586,15.2118392548922,11.415021936702,0,11.2299609520632,0,"normal","I",1000,500,0.5,0,0,0,FALSE,0,FALSE,0.5,"leave-d",200,0.7,1e+05,TRUE,432
10,0,0,0,12.2880462792399,10.0977158878888,14.478376670591,13.3605173045756,9.51699390045206,17.2040407086991,11.415021936702,0,13.1120900582828,0,"normal","I",1000,500,0.5,0,0,0,FALSE,0,FALSE,0.5,"leave-d",200,0.7,1e+05,TRUE,432
10,0,0,0,12.2880462792399,10.0977158878888,14.478376670591,11.2220685160618,7.30710301017702,15.1370340219466,11.415021936702,0,11.7348871777667,0,"normal","I",1000,500,0.5,0,0,0,FALSE,0,FALSE,0.5,"leave-d",200,0.7,1e+05,TRUE,432
10,0,0,0,12.2880462792399,10.0977158878888,14.478376670591,11.5107030992032,7.64008351458411,15.3813226838222,11.415021936702,0,10.5729285749977,0,"normal","I",1000,500,0.5,0,0,0,FALSE,0,FALSE,0.5,"leave-d",200,0.7,1e+05,TRUE,432
10,0,0,0,12.2880462792399,10.0977158878888,14.478376670591,16.4518478759734,12.3664077943692,20.5372879575777,11.415021936702,0,15.6835304370907,0,"normal","I",1000,500,0.5,0,0,0,FALSE,0,FALSE,0.5,"leave-d",200,0.7,1e+05,TRUE,432
10,0,0,0,12.2880462792399,10.0977158878888,14.478376670591,11.8757853781578,8.25401177398974,15.4975589823259,11.415021936702,0,10.6101759254479,0,"normal","I",1000,500,0.5,0,0,0,FALSE,0,FALSE,0.5,"leave-d",200,0.7,1e+05,TRUE,432
10,0,0,0,12.2880462792399,10.0977158878888,14.478376670591,11.3442089340502,7.70475724687434,14.9836606212261,11.415021936702,0,10.397330303584,0,"normal","I",1000,500,0.5,0,0,0,FALSE,0,FALSE,0.5,"leave-d",200,0.7,1e+05,TRUE,432
10,0,0,0,12.2880462792399,10.0977158878888,14.478376670591,10.6554135214508,6.88133319132607,14.4294938515755,11.415021936702,0,11.4698089183439,0,"normal","I",1000,500,0.5,0,0,0,FALSE,0,FALSE,0.5,"leave-d",200,0.7,1e+05,TRUE,432
10,0,0,0,12.2880462792399,10.0977158878888,14.478376670591,11.7970331807434,8.08402348187987,15.5100428796069,11.415021936702,0,11.4989074992979,0,"normal","I",1000,500,0.5,0,0,0,FALSE,0,FALSE,0.5,"leave-d",200,0.7,1e+05,TRUE,432
10,0,0,0,12.2880462792399,10.0977158878888,14.478376670591,14.173687341427,9.9918088234611,18.3555658593928,11.415021936702,0,13.7978228284059,0,"normal","I",1000,500,0.5,0,0,0,FALSE,0,FALSE,0.5,"leave-d",200,0.7,1e+05,TRUE,432
10,0,0,0,12.2880462792399,10.0977158878888,14.478376670591,17.8188993515494,13.7929170548972,21.8448816482016,11.415021936702,0,15.1747737845782,0,"normal","I",1000,500,0.5,0,0,0,FALSE,0,FALSE,0.5,"leave-d",200,0.7,1e+05,TRUE,432
10,0,0,0,12.2880462792399,10.0977158878888,14.478376670591,9.91822477959734,6.09414286605941,13.7423066931353,11.415021936702,0,9.76592438247793,0,"normal","I",1000,500,0.5,0,0,0,FALSE,0,FALSE,0.5,"leave-d",200,0.7,1e+05,TRUE,432
10,0,0,0,12.2880462792399,10.0977158878888,14.478376670591,12.1429419298517,8.58332308251875,15.7025607771847,11.415021936702,0,11.4870587219067,0,"normal","I",1000,500,0.5,0,0,0,FALSE,0,FALSE,0.5,"leave-d",200,0.7,1e+05,TRUE,432
10,0,0,0,12.2880462792399,10.0977158878888,14.478376670591,13.3788545314541,9.50497574012957,17.2527333227786,11.415021936702,0,12.4828052894087,0,"normal","I",1000,500,0.5,0,0,0,FALSE,0,FALSE,0.5,"leave-d",200,0.7,1e+05,TRUE,432
10,0,0,0,12.2880462792399,10.0977158878888,14.478376670591,15.6363000801884,11.6859605478619,19.5866396125149,11.415021936702,0,15.3503171126144,0,"normal","I",1000,500,0.5,0,0,0,FALSE,0,FALSE,0.5,"leave-d",200,0.7,1e+05,TRUE,432
10,0,0,0,12.2880462792399,10.0977158878888,14.478376670591,11.8935459915878,7.92220960632845,15.8648823768472,11.415021936702,0,10.3686668917941,0,"normal","I",1000,500,0.5,0,0,0,FALSE,0,FALSE,0.5,"leave-d",200,0.7,1e+05,TRUE,432
10,0,0,0,12.2880462792399,10.0977158878888,14.478376670591,18.8094726524604,14.2599325269301,23.3590127779908,11.415021936702,0,17.1579477632635,0,"normal","I",1000,500,0.5,0,0,0,FALSE,0,FALSE,0.5,"leave-d",200,0.7,1e+05,TRUE,432
10,0,0,0,12.2880462792399,10.0977158878888,14.478376670591,9.71366599664482,6.15916204858645,13.2681699447032,11.415021936702,0,8.89949502669856,0,"normal","I",1000,500,0.5,0,0,0,FALSE,0,FALSE,0.5,"leave-d",200,0.7,1e+05,TRUE,432
10,0,0,0,12.2880462792399,10.0977158878888,14.478376670591,16.4154360104655,12.0816902540964,20.7491817668346,11.415021936702,0,16.453452495871,0,"normal","I",1000,500,0.5,0,0,0,FALSE,0,FALSE,0.5,"leave-d",200,0.7,1e+05,TRUE,432
10,0,0,0,12.2880462792399,10.0977158878888,14.478376670591,11.0631337090284,7.39580527882503,14.7304621392318,11.415021936702,0,11.7900628582056,0,"normal","I",1000,500,0.5,0,0,0,FALSE,0,FALSE,0.5,"leave-d",200,0.7,1e+05,TRUE,432
10,0,0,0,12.2880462792399,10.0977158878888,14.478376670591,9.52418121819504,5.49475451426727,13.5536079221228,11.415021936702,0,9.47834891618726,0,"normal","I",1000,500,0.5,0,0,0,FALSE,0,FALSE,0.5,"leave-d",200,0.7,1e+05,TRUE,432
10,0,0,0,12.2880462792399,10.0977158878888,14.478376670591,13.0142241950903,9.31148376045392,16.7169646297268,11.415021936702,0,12.6065053681358,0,"normal","I",1000,500,0.5,0,0,0,FALSE,0,FALSE,0.5,"leave-d",200,0.7,1e+05,TRUE,432
10,0,0,0,12.2880462792399,10.0977158878888,14.478376670591,6.84446697798695,3.3626470360522,10.3262869199217,11.415021936702,0,6.78304698729642,0,"normal","I",1000,500,0.5,0,0,0,FALSE,0,FALSE,0.5,"leave-d",200,0.7,1e+05,TRUE,432
10,0,0,0,12.2880462792399,10.0977158878888,14.478376670591,13.568675686492,9.83818935719516,17.2991620157889,11.415021936702,0,12.9373287807617,0,"normal","I",1000,500,0.5,0,0,0,FALSE,0,FALSE,0.5,"leave-d",200,0.7,1e+05,TRUE,432
10,0,0,0,12.2880462792399,10.0977158878888,14.478376670591,15.4064102612257,11.3460899762677,19.4667305461837,11.415021936702,0,14.3768098201548,0,"normal","I",1000,500,0.5,0,0,0,FALSE,0,FALSE,0.5,"leave-d",200,0.7,1e+05,TRUE,432
10,0,0,0,12.2880462792399,10.0977158878888,14.478376670591,15.7247046121908,11.5232528784034,19.9261563459782,11.415021936702,0,15.7882442382711,0,"normal","I",1000,500,0.5,0,0,0,FALSE,0,FALSE,0.5,"leave-d",200,0.7,1e+05,TRUE,432
10,0,0,0,12.2880462792399,10.0977158878888,14.478376670591,12.6221891507755,8.7918245731102,16.4525537284408,11.415021936702,0,11.8398677262699,0,"normal","I",1000,500,0.5,0,0,0,FALSE,0,FALSE,0.5,"leave-d",200,0.7,1e+05,TRUE,432
10,0,0,0,12.2880462792399,10.0977158878888,14.478376670591,16.0344897163378,11.834724740739,20.2342546919366,11.415021936702,0,15.5316247972724,0,"normal","I",1000,500,0.5,0,0,0,FALSE,0,FALSE,0.5,"leave-d",200,0.7,1e+05,TRUE,432
10,0,0,0,12.2880462792399,10.0977158878888,14.478376670591,11.9105963068437,7.97363602726297,15.8475565864244,11.415021936702,0,10.6075111025142,0,"normal","I",1000,500,0.5,0,0,0,FALSE,0,FALSE,0.5,"leave-d",200,0.7,1e+05,TRUE,432
10,0,0,0,12.2880462792399,10.0977158878888,14.478376670591,13.435565822933,9.50320818904177,17.3679234568242,11.415021936702,0,13.8543697604498,0,"normal","I",1000,500,0.5,0,0,0,FALSE,0,FALSE,0.5,"leave-d",200,0.7,1e+05,TRUE,432
10,0,0,0,12.2880462792399,10.0977158878888,14.478376670591,9.25321225080279,5.51141583615296,12.9950086654526,11.415021936702,0,8.71962858119274,0,"normal","I",1000,500,0.5,0,0,0,FALSE,0,FALSE,0.5,"leave-d",200,0.7,1e+05,TRUE,432
10,0,0,0,12.2880462792399,10.0977158878888,14.478376670591,11.6175404593539,7.89183256206814,15.3432483566397,11.415021936702,0,13.0139618604548,0,"normal","I",1000,500,0.5,0,0,0,FALSE,0,FALSE,0.5,"leave-d",200,0.7,1e+05,TRUE,432
10,0,0,0,12.2880462792399,10.0977158878888,14.478376670591,13.281795278015,9.18508070706253,17.3785098489675,11.415021936702,0,12.8673946299996,0,"normal","I",1000,500,0.5,0,0,0,FALSE,0,FALSE,0.5,"leave-d",200,0.7,1e+05,TRUE,432
10,0,0,0,12.2880462792399,10.0977158878888,14.478376670591,13.7383128688301,9.89085255432626,17.5857731833339,11.415021936702,0,12.188021501273,0,"normal","I",1000,500,0.5,0,0,0,FALSE,0,FALSE,0.5,"leave-d",200,0.7,1e+05,TRUE,432
10,0,0,0,12.2880462792399,10.0977158878888,14.478376670591,14.4685691374758,10.4758479951763,18.4612902797753,11.415021936702,0,12.3817421291737,0,"normal","I",1000,500,0.5,0,0,0,FALSE,0,FALSE,0.5,"leave-d",200,0.7,1e+05,TRUE,432
10,0,0,0,12.2880462792399,10.0977158878888,14.478376670591,12.667066416778,8.82174119053411,16.512391643022,11.415021936702,0,13.1998407643218,0,"normal","I",1000,500,0.5,0,0,0,FALSE,0,FALSE,0.5,"leave-d",200,0.7,1e+05,TRUE,432
10,0,0,0,12.2880462792399,10.0977158878888,14.478376670591,15.0115319198618,10.914461006266,19.1086028334575,11.415021936702,0,13.403131675391,0,"normal","I",1000,500,0.5,0,0,0,FALSE,0,FALSE,0.5,"leave-d",200,0.7,1e+05,TRUE,432
10,0,0,0,12.2880462792399,10.0977158878888,14.478376670591,6.59033867371681,2.79045488803742,10.3902224593962,11.415021936702,0,6.42789163582696,0,"normal","I",1000,500,0.5,0,0,0,FALSE,0,FALSE,0.5,"leave-d",200,0.7,1e+05,TRUE,432
10,0,0,0,12.2880462792399,10.0977158878888,14.478376670591,12.9457682448588,8.74306467334157,17.148471816376,11.415021936702,0,12.1610175797207,0,"normal","I",1000,500,0.5,0,0,0,FALSE,0,FALSE,0.5,"leave-d",200,0.7,1e+05,TRUE,432
10,0,0,0,12.2880462792399,10.0977158878888,14.478376670591,12.9137334745459,8.98873033826743,16.8387366108245,11.415021936702,0,12.463568606165,0,"normal","I",1000,500,0.5,0,0,0,FALSE,0,FALSE,0.5,"leave-d",200,0.7,1e+05,TRUE,432
10,0,0,0,12.2880462792399,10.0977158878888,14.478376670591,20.0146090265196,15.8754609861903,24.1537570668488,11.415021936702,0,14.9523413224003,0,"normal","I",1000,500,0.5,0,0,0,FALSE,0,FALSE,0.5,"leave-d",200,0.7,1e+05,TRUE,432
10,0,0,0,12.2880462792399,10.0977158878888,14.478376670591,12.8383767366093,9.36165049721055,16.315102976008,11.415021936702,0,11.9414559780978,0,"normal","I",1000,500,0.5,0,0,0,FALSE,0,FALSE,0.5,"leave-d",200,0.7,1e+05,TRUE,432
10,0,0,0,12.2880462792399,10.0977158878888,14.478376670591,11.8943599699971,8.01226364434797,15.7764562956463,11.415021936702,0,11.2722081753631,0,"normal","I",1000,500,0.5,0,0,0,FALSE,0,FALSE,0.5,"leave-d",200,0.7,1e+05,TRUE,432
10,0,0,0,12.2880462792399,10.0977158878888,14.478376670591,14.7573442425814,10.7160935428981,18.7985949422647,11.415021936702,0,12.8430610394446,0,"normal","I",1000,500,0.5,0,0,0,FALSE,0,FALSE,0.5,"leave-d",200,0.7,1e+05,TRUE,432
10,0,0,0,12.2880462792399,10.0977158878888,14.478376670591,11.6888110978018,7.81540765624513,15.5622145393585,11.415021936702,0,10.753303665295,0,"normal","I",1000,500,0.5,0,0,0,FALSE,0,FALSE,0.5,"leave-d",200,0.7,1e+05,TRUE,432
10,0,0,0,12.2880462792399,10.0977158878888,14.478376670591,9.60778803166631,5.81120391681182,13.4043721465208,11.415021936702,0,9.22037601864469,0,"normal","I",1000,500,0.5,0,0,0,FALSE,0,FALSE,0.5,"leave-d",200,0.7,1e+05,TRUE,432
10,0,0,0,12.2880462792399,10.0977158878888,14.478376670591,10.0124234569843,6.42298794990639,13.6018589640622,11.415021936702,0,9.50837022020387,0,"normal","I",1000,500,0.5,0,0,0,FALSE,0,FALSE,0.5,"leave-d",200,0.7,1e+05,TRUE,432
10,0,0,0,12.2880462792399,10.0977158878888,14.478376670591,11.9910287782411,8.19890917408865,15.7831483823936,11.415021936702,0,12.3829214413306,0,"normal","I",1000,500,0.5,0,0,0,FALSE,0,FALSE,0.5,"leave-d",200,0.7,1e+05,TRUE,432
10,0,0,0,12.2880462792399,10.0977158878888,14.478376670591,11.2891824174363,7.14629657039114,15.4320682644815,11.415021936702,0,11.7331064073542,0,"normal","I",1000,500,0.5,0,0,0,FALSE,0,FALSE,0.5,"leave-d",200,0.7,1e+05,TRUE,432
10,0,0,0,12.2880462792399,10.0977158878888,14.478376670591,10.9972605446106,7.0952707992241,14.8992502899971,11.415021936702,0,10.5443651739467,0,"normal","I",1000,500,0.5,0,0,0,FALSE,0,FALSE,0.5,"leave-d",200,0.7,1e+05,TRUE,432
10,0,0,0,12.2880462792399,10.0977158878888,14.478376670591,11.7479932012353,7.88699120339103,15.6089951990795,11.415021936702,0,12.2784176180971,0,"normal","I",1000,500,0.5,0,0,0,FALSE,0,FALSE,0.5,"leave-d",200,0.7,1e+05,TRUE,432
10,0,0,0,12.2880462792399,10.0977158878888,14.478376670591,13.010806737233,9.20384769341076,16.8177657810553,11.415021936702,0,12.973597385281,0,"normal","I",1000,500,0.5,0,0,0,FALSE,0,FALSE,0.5,"leave-d",200,0.7,1e+05,TRUE,432
10,0,0,0,12.2880462792399,10.0977158878888,14.478376670591,14.3586960261759,10.4314420747419,18.28594997761,11.415021936702,0,12.6486950739635,0,"normal","I",1000,500,0.5,0,0,0,FALSE,0,FALSE,0.5,"leave-d",200,0.7,1e+05,TRUE,432
10,0,0,0,12.2880462792399,10.0977158878888,14.478376670591,15.1717793538195,11.0958590363461,19.247699671293,11.415021936702,0,13.1557597529232,0,"normal","I",1000,500,0.5,0,0,0,FALSE,0,FALSE,0.5,"leave-d",200,0.7,1e+05,TRUE,432
10,0,0,0,12.2880462792399,10.0977158878888,14.478376670591,13.4412531811189,9.60295404824188,17.2795523139959,11.415021936702,0,13.5696302704394,0,"normal","I",1000,500,0.5,0,0,0,FALSE,0,FALSE,0.5,"leave-d",200,0.7,1e+05,TRUE,432
10,0,0,0,12.2880462792399,10.0977158878888,14.478376670591,14.424346236785,10.5523935782255,18.2962988953444,11.415021936702,0,15.5022121004561,0,"normal","I",1000,500,0.5,0,0,0,FALSE,0,FALSE,0.5,"leave-d",200,0.7,1e+05,TRUE,432
10,0,0,0,12.2880462792399,10.0977158878888,14.478376670591,12.4783199061779,8.10264371442125,16.8539960979346,11.415021936702,0,11.9908532937099,0,"normal","I",1000,500,0.5,0,0,0,FALSE,0,FALSE,0.5,"leave-d",200,0.7,1e+05,TRUE,432
10,0,0,0,12.2880462792399,10.0977158878888,14.478376670591,13.3272175333257,9.1640632533864,17.490371813265,11.415021936702,0,15.3166682062985,0,"normal","I",1000,500,0.5,0,0,0,FALSE,0,FALSE,0.5,"leave-d",200,0.7,1e+05,TRUE,432
10,0,0,0,12.2880462792399,10.0977158878888,14.478376670591,10.1386238522938,6.55187632931189,13.7253713752757,11.415021936702,0,9.54379694465237,0,"normal","I",1000,500,0.5,0,0,0,FALSE,0,FALSE,0.5,"leave-d",200,0.7,1e+05,TRUE,432
10,0,0,0,12.2880462792399,10.0977158878888,14.478376670591,12.289501664816,8.7045781737115,15.8744251559205,11.415021936702,0,12.0102343005725,0,"normal","I",1000,500,0.5,0,0,0,FALSE,0,FALSE,0.5,"leave-d",200,0.7,1e+05,TRUE,432
10,0,0,0,12.2880462792399,10.0977158878888,14.478376670591,14.0056568942362,9.99901669481069,18.0122970936617,11.415021936702,0,12.3426489428847,0,"normal","I",1000,500,0.5,0,0,0,FALSE,0,FALSE,0.5,"leave-d",200,0.7,1e+05,TRUE,432
10,0,0,0,12.2880462792399,10.0977158878888,14.478376670591,13.0135595445486,9.3102176342257,16.7169014548715,11.415021936702,0,12.966084406794,0,"normal","I",1000,500,0.5,0,0,0,FALSE,0,FALSE,0.5,"leave-d",200,0.7,1e+05,TRUE,432
10,0,0,0,12.2880462792399,10.0977158878888,14.478376670591,8.19901324175741,4.50169998968409,11.8963264938307,11.415021936702,0,7.8139835937127,0,"normal","I",1000,500,0.5,0,0,0,FALSE,0,FALSE,0.5,"leave-d",200,0.7,1e+05,TRUE,432
10,0,0,0,12.2880462792399,10.0977158878888,14.478376670591,11.9289216948995,8.27081679348783,15.5870265963112,11.415021936702,0,11.9612634867522,0,"normal","I",1000,500,0.5,0,0,0,FALSE,0,FALSE,0.5,"leave-d",200,0.7,1e+05,TRUE,432
10,0,0,0,12.2880462792399,10.0977158878888,14.478376670591,12.1082433607052,7.95859483149104,16.2578918899193,11.415021936702,0,13.2570584621832,0,"normal","I",1000,500,0.5,0,0,0,FALSE,0,FALSE,0.5,"leave-d",200,0.7,1e+05,TRUE,432
10,0,0,0,12.2880462792399,10.0977158878888,14.478376670591,11.231167954303,7.23399928638975,15.2283366222163,11.415021936702,0,11.3062264062959,0,"normal","I",1000,500,0.5,0,0,0,FALSE,0,FALSE,0.5,"leave-d",200,0.7,1e+05,TRUE,432
10,0,0,0,12.2880462792399,10.0977158878888,14.478376670591,18.1415095008277,13.9635588193748,22.3194601822806,11.415021936702,0,15.9575700060117,0,"normal","I",1000,500,0.5,0,0,0,FALSE,0,FALSE,0.5,"leave-d",200,0.7,1e+05,TRUE,432
10,0,0,0,12.2880462792399,10.0977158878888,14.478376670591,14.3397910827385,10.3956946118123,18.2838875536647,11.415021936702,0,14.8925574426454,0,"normal","I",1000,500,0.5,0,0,0,FALSE,0,FALSE,0.5,"leave-d",200,0.7,1e+05,TRUE,432
10,0,0,0,12.2880462792399,10.0977158878888,14.478376670591,13.9169645810144,9.965198853857,17.8687303081718,11.415021936702,0,13.1206500766376,0,"normal","I",1000,500,0.5,0,0,0,FALSE,0,FALSE,0.5,"leave-d",200,0.7,1e+05,TRUE,432
10,0,0,0,12.2880462792399,10.0977158878888,14.478376670591,14.1016501014523,10.1268022917569,18.0764979111477,11.415021936702,0,13.2124743488218,0,"normal","I",1000,500,0.5,0,0,0,FALSE,0,FALSE,0.5,"leave-d",200,0.7,1e+05,TRUE,432
10,0,0,0,12.2880462792399,10.0977158878888,14.478376670591,13.7604165292374,9.95666870209804,17.5641643563768,11.415021936702,0,12.4582718083511,0,"normal","I",1000,500,0.5,0,0,0,FALSE,0,FALSE,0.5,"leave-d",200,0.7,1e+05,TRUE,432
10,0,0,0,12.2880462792399,10.0977158878888,14.478376670591,11.3384669297054,7.49805047669734,15.1788833827134,11.415021936702,0,10.6307978762323,0,"normal","I",1000,500,0.5,0,0,0,FALSE,0,FALSE,0.5,"leave-d",200,0.7,1e+05,TRUE,432
10,0,0,0,12.2880462792399,10.0977158878888,14.478376670591,11.889272754326,7.86689622086295,15.9116492877891,11.415021936702,0,11.7723648043257,0,"normal","I",1000,500,0.5,0,0,0,FALSE,0,FALSE,0.5,"leave-d",200,0.7,1e+05,TRUE,432
10,0,0,0,12.2880462792399,10.0977158878888,14.478376670591,12.9678978574246,8.903385198143,17.0324105167062,11.415021936702,0,12.3194331225906,0,"normal","I",1000,500,0.5,0,0,0,FALSE,0,FALSE,0.5,"leave-d",200,0.7,1e+05,TRUE,432
10,0,0,0,12.2880462792399,10.0977158878888,14.478376670591,11.8985083260883,7.81958812888559,15.9774285232909,11.415021936702,0,12.9712474580136,0,"normal","I",1000,500,0.5,0,0,0,FALSE,0,FALSE,0.5,"leave-d",200,0.7,1e+05,TRUE,432
10,0,0,0,12.2880462792399,10.0977158878888,14.478376670591,11.8730965827145,8.21487786778675,15.5313152976423,11.415021936702,0,10.378768612262,0,"normal","I",1000,500,0.5,0,0,0,FALSE,0,FALSE,0.5,"leave-d",200,0.7,1e+05,TRUE,432
10,0,0,0,12.2880462792399,10.0977158878888,14.478376670591,11.227286163767,7.73233876510616,14.7222335624278,11.415021936702,0,10.4729362750637,0,"normal","I",1000,500,0.5,0,0,0,FALSE,0,FALSE,0.5,"leave-d",200,0.7,1e+05,TRUE,432
10,0,0,0,12.2880462792399,10.0977158878888,14.478376670591,7.91617894902694,4.18573513991005,11.6466227581438,11.415021936702,0,7.84402053208937,0,"normal","I",1000,500,0.5,0,0,0,FALSE,0,FALSE,0.5,"leave-d",200,0.7,1e+05,TRUE,432
10,0,0,0,12.2880462792399,10.0977158878888,14.478376670591,12.385634900141,8.55022366969724,16.2210461305847,11.415021936702,0,13.515941260649,0,"normal","I",1000,500,0.5,0,0,0,FALSE,0,FALSE,0.5,"leave-d",200,0.7,1e+05,TRUE,432
10,0,0,0,12.2880462792399,10.0977158878888,14.478376670591,10.064581231198,6.24529096546059,13.8838714969353,11.415021936702,0,9.870813648342,0,"normal","I",1000,500,0.5,0,0,0,FALSE,0,FALSE,0.5,"leave-d",200,0.7,1e+05,TRUE,432
10,0,0,0,12.2880462792399,10.0977158878888,14.478376670591,11.4913109245966,7.89837482652839,15.0842470226648,11.415021936702,0,11.5286557362716,0,"normal","I",1000,500,0.5,0,0,0,FALSE,0,FALSE,0.5,"leave-d",200,0.7,1e+05,TRUE,432
10,0,0,0,12.2880462792399,10.0977158878888,14.478376670591,12.3497897891932,8.67210681155886,16.0274727668276,11.415021936702,0,14.6192491365759,0,"normal","I",1000,500,0.5,0,0,0,FALSE,0,FALSE,0.5,"leave-d",200,0.7,1e+05,TRUE,432
10,0,0,0,12.2880462792399,10.0977158878888,14.478376670591,16.4334974103114,12.5482555368085,20.3187392838143,11.415021936702,0,14.6279971339893,0,"normal","I",1000,500,0.5,0,0,0,FALSE,0,FALSE,0.5,"leave-d",200,0.7,1e+05,TRUE,432
10,0,0,0,12.2880462792399,10.0977158878888,14.478376670591,15.1019934701751,11.3415114314437,18.8624755089065,11.415021936702,0,13.566666376438,0,"normal","I",1000,500,0.5,0,0,0,FALSE,0,FALSE,0.5,"leave-d",200,0.7,1e+05,TRUE,432
10,0,0,0,12.2880462792399,10.0977158878888,14.478376670591,14.337185367077,10.3908107219287,18.2835600122253,11.415021936702,0,13.5315634786982,0,"normal","I",1000,500,0.5,0,0,0,FALSE,0,FALSE,0.5,"leave-d",200,0.7,1e+05,TRUE,432
10,0,0,0,12.2880462792399,10.0977158878888,14.478376670591,13.9096397207101,9.82508511576343,17.9941943256568,11.415021936702,0,15.0837078533449,0,"normal","I",1000,500,0.5,0,0,0,FALSE,0,FALSE,0.5,"leave-d",200,0.7,1e+05,TRUE,432
10,0,0,0,12.2880462792399,10.0977158878888,14.478376670591,10.4561070910009,6.87087558267716,14.0413385993246,11.415021936702,0,10.1932940595026,0,"normal","I",1000,500,0.5,0,0,0,FALSE,0,FALSE,0.5,"leave-d",200,0.7,1e+05,TRUE,432
10,0,0,0,12.2880462792399,10.0977158878888,14.478376670591,15.8652161571533,11.5914582820217,20.1389740322849,11.415021936702,0,14.9895324129816,0,"normal","I",1000,500,0.5,0,0,0,FALSE,0,FALSE,0.5,"leave-d",200,0.7,1e+05,TRUE,432
10,0,0,0,12.2880462792399,10.0977158878888,14.478376670591,15.0776731354397,10.8988806689916,19.2564656018878,11.415021936702,0,13.1056608794715,0,"normal","I",1000,500,0.5,0,0,0,FALSE,0,FALSE,0.5,"leave-d",200,0.7,1e+05,TRUE,432
10,0,0,0,12.2880462792399,10.0977158878888,14.478376670591,11.079100925401,7.17242401167503,14.985777839127,11.415021936702,0,11.0591860232378,0,"normal","I",1000,500,0.5,0,0,0,FALSE,0,FALSE,0.5,"leave-d",200,0.7,1e+05,TRUE,432
10,0,0,0,12.2880462792399,10.0977158878888,14.478376670591,14.3839891115826,10.4325805077622,18.3353977154029,11.415021936702,0,13.681204218498,0,"normal","I",1000,500,0.5,0,0,0,FALSE,0,FALSE,0.5,"leave-d",200,0.7,1e+05,TRUE,432
10,0,0,0,12.2880462792399,10.0977158878888,14.478376670591,12.9719612467772,9.21927559497396,16.7246468985804,11.415021936702,0,12.7797582272279,0,"normal","I",1000,500,0.5,0,0,0,FALSE,0,FALSE,0.5,"leave-d",200,0.7,1e+05,TRUE,432
10,0,0,0,12.2880462792399,10.0977158878888,14.478376670591,14.0394908299264,10.147818069094,17.9311635907588,11.415021936702,0,15.6599244917125,0,"normal","I",1000,500,0.5,0,0,0,FALSE,0,FALSE,0.5,"leave-d",200,0.7,1e+05,TRUE,432
10,0,0,0,12.2880462792399,10.0977158878888,14.478376670591,11.8335132369303,7.983277043837,15.6837494300236,11.415021936702,0,11.2917689239072,0,"normal","I",1000,500,0.5,0,0,0,FALSE,0,FALSE,0.5,"leave-d",200,0.7,1e+05,TRUE,432
10,0,0,0,12.2880462792399,10.0977158878888,14.478376670591,7.5924312716552,3.77861473247913,11.4062478108313,11.415021936702,0,7.37313264270157,0,"normal","I",1000,500,0.5,0,0,0,FALSE,0,FALSE,0.5,"leave-d",200,0.7,1e+05,TRUE,432
10,0,0,0,12.2880462792399,10.0977158878888,14.478376670591,12.666962344212,8.76367061510477,16.5702540733193,11.415021936702,0,13.8656777173004,0,"normal","I",1000,500,0.5,0,0,0,FALSE,0,FALSE,0.5,"leave-d",200,0.7,1e+05,TRUE,432
10,0,0,0,12.2880462792399,10.0977158878888,14.478376670591,14.7542145216813,10.56089855156,18.9475304918026,11.415021936702,0,13.8732958075405,0,"normal","I",1000,500,0.5,0,0,0,FALSE,0,FALSE,0.5,"leave-d",200,0.7,1e+05,TRUE,432
10,0,0,0,12.2880462792399,10.0977158878888,14.478376670591,12.5869390158257,9.06036433081468,16.1135137008368,11.415021936702,0,11.7747084494602,0,"normal","I",1000,500,0.5,0,0,0,FALSE,0,FALSE,0.5,"leave-d",200,0.7,1e+05,TRUE,432
10,0,0,0,12.2880462792399,10.0977158878888,14.478376670591,9.99966622775593,6.21735446763195,13.7819779878799,11.415021936702,0,9.95975035224171,0,"normal","I",1000,500,0.5,0,0,0,FALSE,0,FALSE,0.5,"leave-d",200,0.7,1e+05,TRUE,432
10,0,0,0,12.2880462792399,10.0977158878888,14.478376670591,13.8289676961048,9.91426199309495,17.7436733991147,11.415021936702,0,12.3366196851599,0,"normal","I",1000,500,0.5,0,0,0,FALSE,0,FALSE,0.5,"leave-d",200,0.7,1e+05,TRUE,432
10,0,0,0,12.2880462792399,10.0977158878888,14.478376670591,14.5438186379704,10.8055636604948,18.282073615446,11.415021936702,0,13.2742054266978,0,"normal","I",1000,500,0.5,0,0,0,FALSE,0,FALSE,0.5,"leave-d",200,0.7,1e+05,TRUE,432
10,0,0,0,12.2880462792399,10.0977158878888,14.478376670591,8.67907869024247,5.11529360371397,12.242863776771,11.415021936702,0,8.30890993422325,0,"normal","I",1000,500,0.5,0,0,0,FALSE,0,FALSE,0.5,"leave-d",200,0.7,1e+05,TRUE,432
10,0,0,0,12.2880462792399,10.0977158878888,14.478376670591,10.5699072956031,6.92657193714375,14.2132426540624,11.415021936702,0,10.0740826867134,0,"normal","I",1000,500,0.5,0,0,0,FALSE,0,FALSE,0.5,"leave-d",200,0.7,1e+05,TRUE,432
10,0,0,0,12.2880462792399,10.0977158878888,14.478376670591,11.068197685835,7.24008294291815,14.8963124287518,11.415021936702,0,11.8844356436914,0,"normal","I",1000,500,0.5,0,0,0,FALSE,0,FALSE,0.5,"leave-d",200,0.7,1e+05,TRUE,432
10,0,0,0,12.2880462792399,10.0977158878888,14.478376670591,8.81318959109904,5.16943824381154,12.4569409383866,11.415021936702,0,8.51103677475601,0,"normal","I",1000,500,0.5,0,0,0,FALSE,0,FALSE,0.5,"leave-d",200,0.7,1e+05,TRUE,432
10,0,0,0,12.2880462792399,10.0977158878888,14.478376670591,11.0644664997093,7.61775811217764,14.511174887241,11.415021936702,0,10.9676650407337,0,"normal","I",1000,500,0.5,0,0,0,FALSE,0,FALSE,0.5,"leave-d",200,0.7,1e+05,TRUE,432
10,0,0,0,12.2880462792399,10.0977158878888,14.478376670591,7.77892421522284,4.19532800206088,11.3625204283848,11.415021936702,0,7.70945832526637,0,"normal","I",1000,500,0.5,0,0,0,FALSE,0,FALSE,0.5,"leave-d",200,0.7,1e+05,TRUE,432
10,0,0,0,12.2880462792399,10.0977158878888,14.478376670591,13.206263643728,9.68173661380342,16.7307906736526,11.415021936702,0,13.9570876514725,0,"normal","I",1000,500,0.5,0,0,0,FALSE,0,FALSE,0.5,"leave-d",200,0.7,1e+05,TRUE,432
10,0,0,0,12.2880462792399,10.0977158878888,14.478376670591,11.5379409063222,7.9320523248573,15.143829487787,11.415021936702,0,10.325724205457,0,"normal","I",1000,500,0.5,0,0,0,FALSE,0,FALSE,0.5,"leave-d",200,0.7,1e+05,TRUE,432
10,0,0,0,12.2880462792399,10.0977158878888,14.478376670591,15.4585040392693,11.21740494891,19.6996031296285,11.415021936702,0,13.5593229747126,0,"normal","I",1000,500,0.5,0,0,0,FALSE,0,FALSE,0.5,"leave-d",200,0.7,1e+05,TRUE,432
10,0,0,0,12.2880462792399,10.0977158878888,14.478376670591,15.1267571972328,11.1603290085201,19.0931853859455,11.415021936702,0,12.7583769563003,0,"normal","I",1000,500,0.5,0,0,0,FALSE,0,FALSE,0.5,"leave-d",200,0.7,1e+05,TRUE,432
10,0,0,0,12.2880462792399,10.0977158878888,14.478376670591,11.2153854039962,7.26789790050104,15.1628729074913,11.415021936702,0,10.8437513285137,0,"normal","I",1000,500,0.5,0,0,0,FALSE,0,FALSE,0.5,"leave-d",200,0.7,1e+05,TRUE,432
10,0,0,0,12.2880462792399,10.0977158878888,14.478376670591,14.8886674384933,10.9064810467366,18.87085383025,11.415021936702,0,13.6488361565091,0,"normal","I",1000,500,0.5,0,0,0,FALSE,0,FALSE,0.5,"leave-d",200,0.7,1e+05,TRUE,432
10,0,0,0,12.2880462792399,10.0977158878888,14.478376670591,12.0434706476161,8.25138652303154,15.8355547722007,11.415021936702,0,10.9815796177187,0,"normal","I",1000,500,0.5,0,0,0,FALSE,0,FALSE,0.5,"leave-d",200,0.7,1e+05,TRUE,432
10,0,0,0,12.2880462792399,10.0977158878888,14.478376670591,7.5631646055612,4.15419573948385,10.9721334716386,11.415021936702,0,7.25922786053036,0,"normal","I",1000,500,0.5,0,0,0,FALSE,0,FALSE,0.5,"leave-d",200,0.7,1e+05,TRUE,432
10,0,0,0,12.2880462792399,10.0977158878888,14.478376670591,15.5615443184242,11.4696967073467,19.6533919295017,11.415021936702,0,15.0809991333064,0,"normal","I",1000,500,0.5,0,0,0,FALSE,0,FALSE,0.5,"leave-d",200,0.7,1e+05,TRUE,432
10,0,0,0,12.2880462792399,10.0977158878888,14.478376670591,10.6324324644358,6.79663164062775,14.4682332882439,11.415021936702,0,10.3714229807332,0,"normal","I",1000,500,0.5,0,0,0,FALSE,0,FALSE,0.5,"leave-d",200,0.7,1e+05,TRUE,432
10,0,0,0,12.2880462792399,10.0977158878888,14.478376670591,12.5589304131328,8.77377580842028,16.3440850178452,11.415021936702,0,11.0229488842941,0,"normal","I",1000,500,0.5,0,0,0,FALSE,0,FALSE,0.5,"leave-d",200,0.7,1e+05,TRUE,432
10,0,0,0,12.2880462792399,10.0977158878888,14.478376670591,12.4617505797632,8.53386876366998,16.3896323958563,11.415021936702,0,11.5427217595035,0,"normal","I",1000,500,0.5,0,0,0,FALSE,0,FALSE,0.5,"leave-d",200,0.7,1e+05,TRUE,432
10,0,0,0,12.2880462792399,10.0977158878888,14.478376670591,11.9040770384226,7.89362866891809,15.9145254079271,11.415021936702,0,12.9372687305621,0,"normal","I",1000,500,0.5,0,0,0,FALSE,0,FALSE,0.5,"leave-d",200,0.7,1e+05,TRUE,432
