"var_main_effect","var_inter_effect","cov_main_inter_effect","var_total_effect","EigenPrism_main","EigenPrism_CI1","EigenPrism_CI2","sub_EigenPrism_main","sub_EigenPrism_CI1","sub_EigenPrism_CI2","GCTA_main","GCTA_inter","sub_GCTA_main","sub_GCTA_inter","x_dist","structure","p","n","main_fixed_var","main_random_var","inter_fixed_var","inter_random_var","decor","interact","combine","pro","bs","n_sub","rho_e","emp_n","inter_std","i"
10,0,0,0,10.7294156708807,8.72530648900761,12.7335248527538,10.0961471061034,6.56790961872436,13.6243845934824,10.6859663366035,0,10.0639897056388,0,"normal","I",1000,500,0.5,0,0,0,FALSE,0,FALSE,0.5,"leave-d",200,0.7,1e+05,TRUE,597
10,0,0,0,10.7294156708807,8.72530648900761,12.7335248527538,9.90470349498056,6.39605659909897,13.4133503908621,10.6859663366035,0,9.71241773539332,0,"normal","I",1000,500,0.5,0,0,0,FALSE,0,FALSE,0.5,"leave-d",200,0.7,1e+05,TRUE,597
10,0,0,0,10.7294156708807,8.72530648900761,12.7335248527538,10.8108117723537,7.15911365004194,14.4625098946654,10.6859663366035,0,10.6767194377695,0,"normal","I",1000,500,0.5,0,0,0,FALSE,0,FALSE,0.5,"leave-d",200,0.7,1e+05,TRUE,597
10,0,0,0,10.7294156708807,8.72530648900761,12.7335248527538,10.0177045976741,6.34511533928493,13.6902938560632,10.6859663366035,0,10.3712149262785,0,"normal","I",1000,500,0.5,0,0,0,FALSE,0,FALSE,0.5,"leave-d",200,0.7,1e+05,TRUE,597
10,0,0,0,10.7294156708807,8.72530648900761,12.7335248527538,10.7343071489062,7.05347141927884,14.4151428785335,10.6859663366035,0,11.1088803785365,0,"normal","I",1000,500,0.5,0,0,0,FALSE,0,FALSE,0.5,"leave-d",200,0.7,1e+05,TRUE,597
10,0,0,0,10.7294156708807,8.72530648900761,12.7335248527538,10.7028245377762,6.91140455688383,14.4942445186685,10.6859663366035,0,10.3795994517124,0,"normal","I",1000,500,0.5,0,0,0,FALSE,0,FALSE,0.5,"leave-d",200,0.7,1e+05,TRUE,597
10,0,0,0,10.7294156708807,8.72530648900761,12.7335248527538,9.1616224214257,5.5419300087118,12.7813148341396,10.6859663366035,0,8.55703186378886,0,"normal","I",1000,500,0.5,0,0,0,FALSE,0,FALSE,0.5,"leave-d",200,0.7,1e+05,TRUE,597
10,0,0,0,10.7294156708807,8.72530648900761,12.7335248527538,9.6225868361321,5.91980660422847,13.3253670680357,10.6859663366035,0,8.87097803145986,0,"normal","I",1000,500,0.5,0,0,0,FALSE,0,FALSE,0.5,"leave-d",200,0.7,1e+05,TRUE,597
10,0,0,0,10.7294156708807,8.72530648900761,12.7335248527538,13.751547384237,10.0792241881483,17.4238705803256,10.6859663366035,0,14.7299803269118,0,"normal","I",1000,500,0.5,0,0,0,FALSE,0,FALSE,0.5,"leave-d",200,0.7,1e+05,TRUE,597
10,0,0,0,10.7294156708807,8.72530648900761,12.7335248527538,11.185623718588,7.52224085069261,14.8490065864834,10.6859663366035,0,10.9330443819224,0,"normal","I",1000,500,0.5,0,0,0,FALSE,0,FALSE,0.5,"leave-d",200,0.7,1e+05,TRUE,597
10,0,0,0,10.7294156708807,8.72530648900761,12.7335248527538,11.1706664380883,7.40993555676005,14.9313973194166,10.6859663366035,0,10.8572166287078,0,"normal","I",1000,500,0.5,0,0,0,FALSE,0,FALSE,0.5,"leave-d",200,0.7,1e+05,TRUE,597
10,0,0,0,10.7294156708807,8.72530648900761,12.7335248527538,8.73150523672772,5.04705953927287,12.4159509341826,10.6859663366035,0,8.18626384325267,0,"normal","I",1000,500,0.5,0,0,0,FALSE,0,FALSE,0.5,"leave-d",200,0.7,1e+05,TRUE,597
10,0,0,0,10.7294156708807,8.72530648900761,12.7335248527538,8.83151777579832,5.22427508524305,12.4387604663536,10.6859663366035,0,8.32672351285669,0,"normal","I",1000,500,0.5,0,0,0,FALSE,0,FALSE,0.5,"leave-d",200,0.7,1e+05,TRUE,597
10,0,0,0,10.7294156708807,8.72530648900761,12.7335248527538,13.0929365516947,9.50875495629998,16.6771181470894,10.6859663366035,0,11.8380033257725,0,"normal","I",1000,500,0.5,0,0,0,FALSE,0,FALSE,0.5,"leave-d",200,0.7,1e+05,TRUE,597
10,0,0,0,10.7294156708807,8.72530648900761,12.7335248527538,12.0152235995106,8.62051132364912,15.409935875372,10.6859663366035,0,10.5811301011276,0,"normal","I",1000,500,0.5,0,0,0,FALSE,0,FALSE,0.5,"leave-d",200,0.7,1e+05,TRUE,597
10,0,0,0,10.7294156708807,8.72530648900761,12.7335248527538,9.88743569045709,6.05481352837512,13.7200578525391,10.6859663366035,0,9.88738692758029,0,"normal","I",1000,500,0.5,0,0,0,FALSE,0,FALSE,0.5,"leave-d",200,0.7,1e+05,TRUE,597
10,0,0,0,10.7294156708807,8.72530648900761,12.7335248527538,8.75591230205187,5.13213784205827,12.3796867620455,10.6859663366035,0,8.17270183272931,0,"normal","I",1000,500,0.5,0,0,0,FALSE,0,FALSE,0.5,"leave-d",200,0.7,1e+05,TRUE,597
10,0,0,0,10.7294156708807,8.72530648900761,12.7335248527538,13.6776949808361,9.84856315092925,17.506826810743,10.6859663366035,0,11.9139019635291,0,"normal","I",1000,500,0.5,0,0,0,FALSE,0,FALSE,0.5,"leave-d",200,0.7,1e+05,TRUE,597
10,0,0,0,10.7294156708807,8.72530648900761,12.7335248527538,14.7237049717338,10.8851401436391,18.5622697998285,10.6859663366035,0,13.5748171010816,0,"normal","I",1000,500,0.5,0,0,0,FALSE,0,FALSE,0.5,"leave-d",200,0.7,1e+05,TRUE,597
10,0,0,0,10.7294156708807,8.72530648900761,12.7335248527538,9.55040872833549,6.18219076610991,12.9186266905611,10.6859663366035,0,10.3457357819538,0,"normal","I",1000,500,0.5,0,0,0,FALSE,0,FALSE,0.5,"leave-d",200,0.7,1e+05,TRUE,597
10,0,0,0,10.7294156708807,8.72530648900761,12.7335248527538,6.78530632550648,3.22016135418894,10.350451296824,10.6859663366035,0,6.69808146715741,0,"normal","I",1000,500,0.5,0,0,0,FALSE,0,FALSE,0.5,"leave-d",200,0.7,1e+05,TRUE,597
10,0,0,0,10.7294156708807,8.72530648900761,12.7335248527538,10.9925838529425,7.13846075078689,14.846706955098,10.6859663366035,0,11.7634061956,0,"normal","I",1000,500,0.5,0,0,0,FALSE,0,FALSE,0.5,"leave-d",200,0.7,1e+05,TRUE,597
10,0,0,0,10.7294156708807,8.72530648900761,12.7335248527538,10.2293855365109,6.78840785121149,13.6703632218103,10.6859663366035,0,9.62115916358455,0,"normal","I",1000,500,0.5,0,0,0,FALSE,0,FALSE,0.5,"leave-d",200,0.7,1e+05,TRUE,597
10,0,0,0,10.7294156708807,8.72530648900761,12.7335248527538,9.1732115224921,5.57533640122741,12.7710866437568,10.6859663366035,0,8.9073762052102,0,"normal","I",1000,500,0.5,0,0,0,FALSE,0,FALSE,0.5,"leave-d",200,0.7,1e+05,TRUE,597
10,0,0,0,10.7294156708807,8.72530648900761,12.7335248527538,11.9797825791693,8.26360589745365,15.6959592608849,10.6859663366035,0,11.5518223671297,0,"normal","I",1000,500,0.5,0,0,0,FALSE,0,FALSE,0.5,"leave-d",200,0.7,1e+05,TRUE,597
10,0,0,0,10.7294156708807,8.72530648900761,12.7335248527538,11.1870289157116,7.72997069046262,14.6440871409606,10.6859663366035,0,10.6507108977872,0,"normal","I",1000,500,0.5,0,0,0,FALSE,0,FALSE,0.5,"leave-d",200,0.7,1e+05,TRUE,597
10,0,0,0,10.7294156708807,8.72530648900761,12.7335248527538,11.8644260170084,8.21250244755292,15.516349586464,10.6859663366035,0,10.370037940989,0,"normal","I",1000,500,0.5,0,0,0,FALSE,0,FALSE,0.5,"leave-d",200,0.7,1e+05,TRUE,597
10,0,0,0,10.7294156708807,8.72530648900761,12.7335248527538,10.3222847234243,6.98950514740133,13.6550642994473,10.6859663366035,0,11.065557259238,0,"normal","I",1000,500,0.5,0,0,0,FALSE,0,FALSE,0.5,"leave-d",200,0.7,1e+05,TRUE,597
10,0,0,0,10.7294156708807,8.72530648900761,12.7335248527538,12.6655527360362,8.89774480660052,16.4333606654719,10.6859663366035,0,12.1403843126094,0,"normal","I",1000,500,0.5,0,0,0,FALSE,0,FALSE,0.5,"leave-d",200,0.7,1e+05,TRUE,597
10,0,0,0,10.7294156708807,8.72530648900761,12.7335248527538,5.27840553137891,1.74360374100831,8.81320732174952,10.6859663366035,0,5.19728937921364,0,"normal","I",1000,500,0.5,0,0,0,FALSE,0,FALSE,0.5,"leave-d",200,0.7,1e+05,TRUE,597
10,0,0,0,10.7294156708807,8.72530648900761,12.7335248527538,12.9661983127968,9.30534320882411,16.6270534167694,10.6859663366035,0,14.1325165641065,0,"normal","I",1000,500,0.5,0,0,0,FALSE,0,FALSE,0.5,"leave-d",200,0.7,1e+05,TRUE,597
10,0,0,0,10.7294156708807,8.72530648900761,12.7335248527538,9.24366987663169,5.91276237163037,12.574577381633,10.6859663366035,0,8.70850709066103,0,"normal","I",1000,500,0.5,0,0,0,FALSE,0,FALSE,0.5,"leave-d",200,0.7,1e+05,TRUE,597
10,0,0,0,10.7294156708807,8.72530648900761,12.7335248527538,10.5803037383994,6.97312422984966,14.1874832469491,10.6859663366035,0,10.2479650302233,0,"normal","I",1000,500,0.5,0,0,0,FALSE,0,FALSE,0.5,"leave-d",200,0.7,1e+05,TRUE,597
10,0,0,0,10.7294156708807,8.72530648900761,12.7335248527538,12.5288233536612,8.93195296725838,16.1256937400641,10.6859663366035,0,13.0357516379801,0,"normal","I",1000,500,0.5,0,0,0,FALSE,0,FALSE,0.5,"leave-d",200,0.7,1e+05,TRUE,597
10,0,0,0,10.7294156708807,8.72530648900761,12.7335248527538,10.2784433345982,6.79382007033821,13.7630665988582,10.6859663366035,0,10.1225386896748,0,"normal","I",1000,500,0.5,0,0,0,FALSE,0,FALSE,0.5,"leave-d",200,0.7,1e+05,TRUE,597
10,0,0,0,10.7294156708807,8.72530648900761,12.7335248527538,9.11238796032694,5.75677111710277,12.4680048035511,10.6859663366035,0,8.95602072294684,0,"normal","I",1000,500,0.5,0,0,0,FALSE,0,FALSE,0.5,"leave-d",200,0.7,1e+05,TRUE,597
10,0,0,0,10.7294156708807,8.72530648900761,12.7335248527538,10.9741682877134,7.3600639343403,14.5882726410866,10.6859663366035,0,9.91453306102503,0,"normal","I",1000,500,0.5,0,0,0,FALSE,0,FALSE,0.5,"leave-d",200,0.7,1e+05,TRUE,597
10,0,0,0,10.7294156708807,8.72530648900761,12.7335248527538,13.6077266505556,9.70015386200771,17.5152994391034,10.6859663366035,0,12.4649438931453,0,"normal","I",1000,500,0.5,0,0,0,FALSE,0,FALSE,0.5,"leave-d",200,0.7,1e+05,TRUE,597
10,0,0,0,10.7294156708807,8.72530648900761,12.7335248527538,12.438777339269,8.89670090687131,15.9808537716668,10.6859663366035,0,12.6171119914278,0,"normal","I",1000,500,0.5,0,0,0,FALSE,0,FALSE,0.5,"leave-d",200,0.7,1e+05,TRUE,597
10,0,0,0,10.7294156708807,8.72530648900761,12.7335248527538,10.4484338062285,6.83835724292879,14.0585103695282,10.6859663366035,0,11.2972332412912,0,"normal","I",1000,500,0.5,0,0,0,FALSE,0,FALSE,0.5,"leave-d",200,0.7,1e+05,TRUE,597
10,0,0,0,10.7294156708807,8.72530648900761,12.7335248527538,10.292458804092,6.44375013868697,14.141167469497,10.6859663366035,0,9.73583433225824,0,"normal","I",1000,500,0.5,0,0,0,FALSE,0,FALSE,0.5,"leave-d",200,0.7,1e+05,TRUE,597
10,0,0,0,10.7294156708807,8.72530648900761,12.7335248527538,10.0122717954639,6.45997936616861,13.5645642247591,10.6859663366035,0,10.0284323032395,0,"normal","I",1000,500,0.5,0,0,0,FALSE,0,FALSE,0.5,"leave-d",200,0.7,1e+05,TRUE,597
10,0,0,0,10.7294156708807,8.72530648900761,12.7335248527538,11.7360080039632,8.17170492305602,15.3003110848704,10.6859663366035,0,11.4552120593116,0,"normal","I",1000,500,0.5,0,0,0,FALSE,0,FALSE,0.5,"leave-d",200,0.7,1e+05,TRUE,597
10,0,0,0,10.7294156708807,8.72530648900761,12.7335248527538,10.1100466121473,6.48745067898423,13.7326425453104,10.6859663366035,0,11.2591490463447,0,"normal","I",1000,500,0.5,0,0,0,FALSE,0,FALSE,0.5,"leave-d",200,0.7,1e+05,TRUE,597
10,0,0,0,10.7294156708807,8.72530648900761,12.7335248527538,10.8318262450969,7.28428292306849,14.3793695671253,10.6859663366035,0,10.4750060630795,0,"normal","I",1000,500,0.5,0,0,0,FALSE,0,FALSE,0.5,"leave-d",200,0.7,1e+05,TRUE,597
10,0,0,0,10.7294156708807,8.72530648900761,12.7335248527538,10.2345600782873,6.45841759902173,14.0107025575529,10.6859663366035,0,10.5939148947183,0,"normal","I",1000,500,0.5,0,0,0,FALSE,0,FALSE,0.5,"leave-d",200,0.7,1e+05,TRUE,597
10,0,0,0,10.7294156708807,8.72530648900761,12.7335248527538,11.1907424480067,7.26745476062123,15.1140301353921,10.6859663366035,0,12.4864407158175,0,"normal","I",1000,500,0.5,0,0,0,FALSE,0,FALSE,0.5,"leave-d",200,0.7,1e+05,TRUE,597
10,0,0,0,10.7294156708807,8.72530648900761,12.7335248527538,9.55866537407051,5.98617128294889,13.1311594651921,10.6859663366035,0,9.77230856616137,0,"normal","I",1000,500,0.5,0,0,0,FALSE,0,FALSE,0.5,"leave-d",200,0.7,1e+05,TRUE,597
10,0,0,0,10.7294156708807,8.72530648900761,12.7335248527538,10.0067415618146,6.33500830628672,13.6784748173424,10.6859663366035,0,9.9164059373986,0,"normal","I",1000,500,0.5,0,0,0,FALSE,0,FALSE,0.5,"leave-d",200,0.7,1e+05,TRUE,597
10,0,0,0,10.7294156708807,8.72530648900761,12.7335248527538,9.76499860063755,6.64542797028587,12.8845692309892,10.6859663366035,0,9.71639255075294,0,"normal","I",1000,500,0.5,0,0,0,FALSE,0,FALSE,0.5,"leave-d",200,0.7,1e+05,TRUE,597
10,0,0,0,10.7294156708807,8.72530648900761,12.7335248527538,14.347811038521,10.5121082524101,18.1835138246318,10.6859663366035,0,15.1159257744018,0,"normal","I",1000,500,0.5,0,0,0,FALSE,0,FALSE,0.5,"leave-d",200,0.7,1e+05,TRUE,597
10,0,0,0,10.7294156708807,8.72530648900761,12.7335248527538,13.0109993355096,9.28240091914372,16.7395977518755,10.6859663366035,0,13.4272562961514,0,"normal","I",1000,500,0.5,0,0,0,FALSE,0,FALSE,0.5,"leave-d",200,0.7,1e+05,TRUE,597
10,0,0,0,10.7294156708807,8.72530648900761,12.7335248527538,9.87222491583781,6.42942750456823,13.3150223271074,10.6859663366035,0,9.564833556221,0,"normal","I",1000,500,0.5,0,0,0,FALSE,0,FALSE,0.5,"leave-d",200,0.7,1e+05,TRUE,597
10,0,0,0,10.7294156708807,8.72530648900761,12.7335248527538,11.4582695628253,8.1220265514577,14.7945125741928,10.6859663366035,0,13.5870870110475,0,"normal","I",1000,500,0.5,0,0,0,FALSE,0,FALSE,0.5,"leave-d",200,0.7,1e+05,TRUE,597
10,0,0,0,10.7294156708807,8.72530648900761,12.7335248527538,7.58292536408245,3.88690134198865,11.2789493861763,10.6859663366035,0,7.18211544738391,0,"normal","I",1000,500,0.5,0,0,0,FALSE,0,FALSE,0.5,"leave-d",200,0.7,1e+05,TRUE,597
10,0,0,0,10.7294156708807,8.72530648900761,12.7335248527538,9.19104589624779,5.78244655933277,12.5996452331628,10.6859663366035,0,8.56687332212078,0,"normal","I",1000,500,0.5,0,0,0,FALSE,0,FALSE,0.5,"leave-d",200,0.7,1e+05,TRUE,597
10,0,0,0,10.7294156708807,8.72530648900761,12.7335248527538,10.7639533883833,7.32093948208999,14.2069672946766,10.6859663366035,0,11.4157847447951,0,"normal","I",1000,500,0.5,0,0,0,FALSE,0,FALSE,0.5,"leave-d",200,0.7,1e+05,TRUE,597
10,0,0,0,10.7294156708807,8.72530648900761,12.7335248527538,8.13518811937255,4.4289124217784,11.8414638169667,10.6859663366035,0,8.10386023149925,0,"normal","I",1000,500,0.5,0,0,0,FALSE,0,FALSE,0.5,"leave-d",200,0.7,1e+05,TRUE,597
10,0,0,0,10.7294156708807,8.72530648900761,12.7335248527538,13.3273373827217,9.67941077877437,16.975263986669,10.6859663366035,0,14.5884777616901,0,"normal","I",1000,500,0.5,0,0,0,FALSE,0,FALSE,0.5,"leave-d",200,0.7,1e+05,TRUE,597
10,0,0,0,10.7294156708807,8.72530648900761,12.7335248527538,10.3070679186051,6.44845392468252,14.1656819125276,10.6859663366035,0,9.91521508718164,0,"normal","I",1000,500,0.5,0,0,0,FALSE,0,FALSE,0.5,"leave-d",200,0.7,1e+05,TRUE,597
10,0,0,0,10.7294156708807,8.72530648900761,12.7335248527538,9.9301203430772,6.44564341531268,13.4145972708417,10.6859663366035,0,8.82695091794545,0,"normal","I",1000,500,0.5,0,0,0,FALSE,0,FALSE,0.5,"leave-d",200,0.7,1e+05,TRUE,597
10,0,0,0,10.7294156708807,8.72530648900761,12.7335248527538,12.2789155273636,8.25076278366866,16.3070682710586,10.6859663366035,0,11.8599436207518,0,"normal","I",1000,500,0.5,0,0,0,FALSE,0,FALSE,0.5,"leave-d",200,0.7,1e+05,TRUE,597
10,0,0,0,10.7294156708807,8.72530648900761,12.7335248527538,12.8005846753846,9.06309657477079,16.5380727759984,10.6859663366035,0,12.7526182916843,0,"normal","I",1000,500,0.5,0,0,0,FALSE,0,FALSE,0.5,"leave-d",200,0.7,1e+05,TRUE,597
10,0,0,0,10.7294156708807,8.72530648900761,12.7335248527538,11.1427070132769,7.51550282585732,14.7699112006964,10.6859663366035,0,10.2215390992367,0,"normal","I",1000,500,0.5,0,0,0,FALSE,0,FALSE,0.5,"leave-d",200,0.7,1e+05,TRUE,597
10,0,0,0,10.7294156708807,8.72530648900761,12.7335248527538,9.12887923396851,5.37048746783727,12.8872710000997,10.6859663366035,0,9.04755802996264,0,"normal","I",1000,500,0.5,0,0,0,FALSE,0,FALSE,0.5,"leave-d",200,0.7,1e+05,TRUE,597
10,0,0,0,10.7294156708807,8.72530648900761,12.7335248527538,10.2319609973444,6.58400988667687,13.8799121080118,10.6859663366035,0,9.93872433063799,0,"normal","I",1000,500,0.5,0,0,0,FALSE,0,FALSE,0.5,"leave-d",200,0.7,1e+05,TRUE,597
10,0,0,0,10.7294156708807,8.72530648900761,12.7335248527538,11.7690294713341,7.94920629914915,15.588852643519,10.6859663366035,0,14.3436834070665,0,"normal","I",1000,500,0.5,0,0,0,FALSE,0,FALSE,0.5,"leave-d",200,0.7,1e+05,TRUE,597
10,0,0,0,10.7294156708807,8.72530648900761,12.7335248527538,7.1476461649946,3.54095679867217,10.754335531317,10.6859663366035,0,6.82388255229007,0,"normal","I",1000,500,0.5,0,0,0,FALSE,0,FALSE,0.5,"leave-d",200,0.7,1e+05,TRUE,597
10,0,0,0,10.7294156708807,8.72530648900761,12.7335248527538,10.3326060094338,6.7467088654689,13.9185031533987,10.6859663366035,0,10.435616800549,0,"normal","I",1000,500,0.5,0,0,0,FALSE,0,FALSE,0.5,"leave-d",200,0.7,1e+05,TRUE,597
10,0,0,0,10.7294156708807,8.72530648900761,12.7335248527538,10.9262472147203,7.5987729003859,14.2537215290547,10.6859663366035,0,10.5254942121675,0,"normal","I",1000,500,0.5,0,0,0,FALSE,0,FALSE,0.5,"leave-d",200,0.7,1e+05,TRUE,597
10,0,0,0,10.7294156708807,8.72530648900761,12.7335248527538,10.2587009952971,6.59864693530343,13.9187550552907,10.6859663366035,0,9.67244268660295,0,"normal","I",1000,500,0.5,0,0,0,FALSE,0,FALSE,0.5,"leave-d",200,0.7,1e+05,TRUE,597
10,0,0,0,10.7294156708807,8.72530648900761,12.7335248527538,8.78233353262859,5.16417049255194,12.4004965727052,10.6859663366035,0,8.53088104751117,0,"normal","I",1000,500,0.5,0,0,0,FALSE,0,FALSE,0.5,"leave-d",200,0.7,1e+05,TRUE,597
10,0,0,0,10.7294156708807,8.72530648900761,12.7335248527538,15.82531963258,11.8735699731528,19.7770692920071,10.6859663366035,0,14.8178505065141,0,"normal","I",1000,500,0.5,0,0,0,FALSE,0,FALSE,0.5,"leave-d",200,0.7,1e+05,TRUE,597
10,0,0,0,10.7294156708807,8.72530648900761,12.7335248527538,13.1521199751931,9.35520456391563,16.9490353864706,10.6859663366035,0,11.8360777019147,0,"normal","I",1000,500,0.5,0,0,0,FALSE,0,FALSE,0.5,"leave-d",200,0.7,1e+05,TRUE,597
10,0,0,0,10.7294156708807,8.72530648900761,12.7335248527538,9.78599860526937,6.17407889577165,13.3979183147671,10.6859663366035,0,9.61696694475558,0,"normal","I",1000,500,0.5,0,0,0,FALSE,0,FALSE,0.5,"leave-d",200,0.7,1e+05,TRUE,597
10,0,0,0,10.7294156708807,8.72530648900761,12.7335248527538,12.06848637508,8.62764416197517,15.5093285881848,10.6859663366035,0,10.9324021251429,0,"normal","I",1000,500,0.5,0,0,0,FALSE,0,FALSE,0.5,"leave-d",200,0.7,1e+05,TRUE,597
10,0,0,0,10.7294156708807,8.72530648900761,12.7335248527538,9.40211521240375,6.12692996735086,12.6773004574566,10.6859663366035,0,9.26201102539653,0,"normal","I",1000,500,0.5,0,0,0,FALSE,0,FALSE,0.5,"leave-d",200,0.7,1e+05,TRUE,597
10,0,0,0,10.7294156708807,8.72530648900761,12.7335248527538,12.2468288716831,8.79702714015045,15.6966306032158,10.6859663366035,0,11.4103558922435,0,"normal","I",1000,500,0.5,0,0,0,FALSE,0,FALSE,0.5,"leave-d",200,0.7,1e+05,TRUE,597
10,0,0,0,10.7294156708807,8.72530648900761,12.7335248527538,15.7717489074487,12.090944432615,19.4525533822824,10.6859663366035,0,14.0983597857308,0,"normal","I",1000,500,0.5,0,0,0,FALSE,0,FALSE,0.5,"leave-d",200,0.7,1e+05,TRUE,597
10,0,0,0,10.7294156708807,8.72530648900761,12.7335248527538,13.2294528123748,9.46009644805732,16.9988091766924,10.6859663366035,0,11.9470667454745,0,"normal","I",1000,500,0.5,0,0,0,FALSE,0,FALSE,0.5,"leave-d",200,0.7,1e+05,TRUE,597
10,0,0,0,10.7294156708807,8.72530648900761,12.7335248527538,7.70705704190444,4.43497902433314,10.9791350594757,10.6859663366035,0,7.61621459529384,0,"normal","I",1000,500,0.5,0,0,0,FALSE,0,FALSE,0.5,"leave-d",200,0.7,1e+05,TRUE,597
10,0,0,0,10.7294156708807,8.72530648900761,12.7335248527538,12.0844078903852,8.42142529047475,15.7473904902956,10.6859663366035,0,11.8416933787871,0,"normal","I",1000,500,0.5,0,0,0,FALSE,0,FALSE,0.5,"leave-d",200,0.7,1e+05,TRUE,597
10,0,0,0,10.7294156708807,8.72530648900761,12.7335248527538,14.0683610219554,10.3228299418158,17.813892102095,10.6859663366035,0,14.3850230565205,0,"normal","I",1000,500,0.5,0,0,0,FALSE,0,FALSE,0.5,"leave-d",200,0.7,1e+05,TRUE,597
10,0,0,0,10.7294156708807,8.72530648900761,12.7335248527538,10.1581243831308,6.34984481775722,13.9664039485043,10.6859663366035,0,9.72373915385596,0,"normal","I",1000,500,0.5,0,0,0,FALSE,0,FALSE,0.5,"leave-d",200,0.7,1e+05,TRUE,597
10,0,0,0,10.7294156708807,8.72530648900761,12.7335248527538,11.4989465777263,7.95080059396311,15.0470925614895,10.6859663366035,0,11.461218576767,0,"normal","I",1000,500,0.5,0,0,0,FALSE,0,FALSE,0.5,"leave-d",200,0.7,1e+05,TRUE,597
10,0,0,0,10.7294156708807,8.72530648900761,12.7335248527538,9.42384399503017,6.01915618571681,12.8285318043435,10.6859663366035,0,9.19224131058893,0,"normal","I",1000,500,0.5,0,0,0,FALSE,0,FALSE,0.5,"leave-d",200,0.7,1e+05,TRUE,597
10,0,0,0,10.7294156708807,8.72530648900761,12.7335248527538,13.2063985348184,9.48376965707271,16.9290274125641,10.6859663366035,0,14.3873896650505,0,"normal","I",1000,500,0.5,0,0,0,FALSE,0,FALSE,0.5,"leave-d",200,0.7,1e+05,TRUE,597
10,0,0,0,10.7294156708807,8.72530648900761,12.7335248527538,7.81187315293013,4.39430919871495,11.2294371071453,10.6859663366035,0,7.90057320666217,0,"normal","I",1000,500,0.5,0,0,0,FALSE,0,FALSE,0.5,"leave-d",200,0.7,1e+05,TRUE,597
10,0,0,0,10.7294156708807,8.72530648900761,12.7335248527538,10.2418894755613,6.47851955884396,14.0052593922787,10.6859663366035,0,10.8573332936084,0,"normal","I",1000,500,0.5,0,0,0,FALSE,0,FALSE,0.5,"leave-d",200,0.7,1e+05,TRUE,597
10,0,0,0,10.7294156708807,8.72530648900761,12.7335248527538,9.76658072947981,6.29372480861305,13.2394366503466,10.6859663366035,0,9.74594623726879,0,"normal","I",1000,500,0.5,0,0,0,FALSE,0,FALSE,0.5,"leave-d",200,0.7,1e+05,TRUE,597
10,0,0,0,10.7294156708807,8.72530648900761,12.7335248527538,12.9844674857001,9.21821124027623,16.7507237311239,10.6859663366035,0,11.9437976430408,0,"normal","I",1000,500,0.5,0,0,0,FALSE,0,FALSE,0.5,"leave-d",200,0.7,1e+05,TRUE,597
10,0,0,0,10.7294156708807,8.72530648900761,12.7335248527538,8.30852251673234,4.89111533498333,11.7259296984813,10.6859663366035,0,8.13171206199376,0,"normal","I",1000,500,0.5,0,0,0,FALSE,0,FALSE,0.5,"leave-d",200,0.7,1e+05,TRUE,597
10,0,0,0,10.7294156708807,8.72530648900761,12.7335248527538,8.05995476252046,4.66198607823434,11.4579234468066,10.6859663366035,0,7.81127318997817,0,"normal","I",1000,500,0.5,0,0,0,FALSE,0,FALSE,0.5,"leave-d",200,0.7,1e+05,TRUE,597
10,0,0,0,10.7294156708807,8.72530648900761,12.7335248527538,9.60214174020668,6.02957235161868,13.1747111287947,10.6859663366035,0,9.88759192721144,0,"normal","I",1000,500,0.5,0,0,0,FALSE,0,FALSE,0.5,"leave-d",200,0.7,1e+05,TRUE,597
10,0,0,0,10.7294156708807,8.72530648900761,12.7335248527538,10.4655889313685,6.77917470925173,14.1520031534853,10.6859663366035,0,10.1460510801991,0,"normal","I",1000,500,0.5,0,0,0,FALSE,0,FALSE,0.5,"leave-d",200,0.7,1e+05,TRUE,597
10,0,0,0,10.7294156708807,8.72530648900761,12.7335248527538,9.08801686486835,5.46518988182081,12.7108438479159,10.6859663366035,0,8.51672945347784,0,"normal","I",1000,500,0.5,0,0,0,FALSE,0,FALSE,0.5,"leave-d",200,0.7,1e+05,TRUE,597
10,0,0,0,10.7294156708807,8.72530648900761,12.7335248527538,11.095873739393,7.65621967347569,14.5355278053104,10.6859663366035,0,12.1547740868048,0,"normal","I",1000,500,0.5,0,0,0,FALSE,0,FALSE,0.5,"leave-d",200,0.7,1e+05,TRUE,597
10,0,0,0,10.7294156708807,8.72530648900761,12.7335248527538,12.1305152563588,8.22674827675435,16.0342822359633,10.6859663366035,0,12.0467205526772,0,"normal","I",1000,500,0.5,0,0,0,FALSE,0,FALSE,0.5,"leave-d",200,0.7,1e+05,TRUE,597
10,0,0,0,10.7294156708807,8.72530648900761,12.7335248527538,10.1223273937144,6.67773572207542,13.5669190653534,10.6859663366035,0,10.635455395909,0,"normal","I",1000,500,0.5,0,0,0,FALSE,0,FALSE,0.5,"leave-d",200,0.7,1e+05,TRUE,597
10,0,0,0,10.7294156708807,8.72530648900761,12.7335248527538,9.72551645111657,6.22211931646076,13.2289135857724,10.6859663366035,0,9.69898241039157,0,"normal","I",1000,500,0.5,0,0,0,FALSE,0,FALSE,0.5,"leave-d",200,0.7,1e+05,TRUE,597
10,0,0,0,10.7294156708807,8.72530648900761,12.7335248527538,10.2676743979324,6.38350983018546,14.1518389656794,10.6859663366035,0,9.78929801340137,0,"normal","I",1000,500,0.5,0,0,0,FALSE,0,FALSE,0.5,"leave-d",200,0.7,1e+05,TRUE,597
10,0,0,0,10.7294156708807,8.72530648900761,12.7335248527538,11.6257710519888,7.76570920034052,15.4858329036371,10.6859663366035,0,11.2926993160465,0,"normal","I",1000,500,0.5,0,0,0,FALSE,0,FALSE,0.5,"leave-d",200,0.7,1e+05,TRUE,597
10,0,0,0,10.7294156708807,8.72530648900761,12.7335248527538,10.9494057213903,7.34178495456423,14.5570264882164,10.6859663366035,0,9.90318367871249,0,"normal","I",1000,500,0.5,0,0,0,FALSE,0,FALSE,0.5,"leave-d",200,0.7,1e+05,TRUE,597
10,0,0,0,10.7294156708807,8.72530648900761,12.7335248527538,14.1091716275666,10.2138456194442,18.004497635689,10.6859663366035,0,12.9585608215214,0,"normal","I",1000,500,0.5,0,0,0,FALSE,0,FALSE,0.5,"leave-d",200,0.7,1e+05,TRUE,597
10,0,0,0,10.7294156708807,8.72530648900761,12.7335248527538,13.4345542383121,9.55853169995132,17.3105767766729,10.6859663366035,0,14.4450087615369,0,"normal","I",1000,500,0.5,0,0,0,FALSE,0,FALSE,0.5,"leave-d",200,0.7,1e+05,TRUE,597
10,0,0,0,10.7294156708807,8.72530648900761,12.7335248527538,12.8383261573226,9.42252978646293,16.2541225281823,10.6859663366035,0,12.1582718365348,0,"normal","I",1000,500,0.5,0,0,0,FALSE,0,FALSE,0.5,"leave-d",200,0.7,1e+05,TRUE,597
10,0,0,0,10.7294156708807,8.72530648900761,12.7335248527538,10.8106927292499,7.30519274209988,14.3161927163998,10.6859663366035,0,9.95270207553465,0,"normal","I",1000,500,0.5,0,0,0,FALSE,0,FALSE,0.5,"leave-d",200,0.7,1e+05,TRUE,597
10,0,0,0,10.7294156708807,8.72530648900761,12.7335248527538,10.0908000434112,6.46456409064545,13.7170359961769,10.6859663366035,0,10.3994330902651,0,"normal","I",1000,500,0.5,0,0,0,FALSE,0,FALSE,0.5,"leave-d",200,0.7,1e+05,TRUE,597
10,0,0,0,10.7294156708807,8.72530648900761,12.7335248527538,8.29741310376646,4.7830688727603,11.8117573347726,10.6859663366035,0,8.37831500803829,0,"normal","I",1000,500,0.5,0,0,0,FALSE,0,FALSE,0.5,"leave-d",200,0.7,1e+05,TRUE,597
10,0,0,0,10.7294156708807,8.72530648900761,12.7335248527538,9.04283118233663,5.8616347287184,12.2240276359549,10.6859663366035,0,8.89536149397535,0,"normal","I",1000,500,0.5,0,0,0,FALSE,0,FALSE,0.5,"leave-d",200,0.7,1e+05,TRUE,597
10,0,0,0,10.7294156708807,8.72530648900761,12.7335248527538,14.8839819716083,11.1622501534248,18.6057137897918,10.6859663366035,0,14.0099821293319,0,"normal","I",1000,500,0.5,0,0,0,FALSE,0,FALSE,0.5,"leave-d",200,0.7,1e+05,TRUE,597
10,0,0,0,10.7294156708807,8.72530648900761,12.7335248527538,13.2387115554357,9.64817838479738,16.8292447260741,10.6859663366035,0,13.2841118887567,0,"normal","I",1000,500,0.5,0,0,0,FALSE,0,FALSE,0.5,"leave-d",200,0.7,1e+05,TRUE,597
10,0,0,0,10.7294156708807,8.72530648900761,12.7335248527538,9.93581307165186,6.18920407959349,13.6824220637102,10.6859663366035,0,9.92429696355215,0,"normal","I",1000,500,0.5,0,0,0,FALSE,0,FALSE,0.5,"leave-d",200,0.7,1e+05,TRUE,597
10,0,0,0,10.7294156708807,8.72530648900761,12.7335248527538,10.5057365829808,6.92229708958781,14.0891760763738,10.6859663366035,0,12.0142105066322,0,"normal","I",1000,500,0.5,0,0,0,FALSE,0,FALSE,0.5,"leave-d",200,0.7,1e+05,TRUE,597
10,0,0,0,10.7294156708807,8.72530648900761,12.7335248527538,11.5198357626377,8.1045493074931,14.9351222177824,10.6859663366035,0,10.8577046374739,0,"normal","I",1000,500,0.5,0,0,0,FALSE,0,FALSE,0.5,"leave-d",200,0.7,1e+05,TRUE,597
10,0,0,0,10.7294156708807,8.72530648900761,12.7335248527538,7.91854251614674,4.6133824866531,11.2237025456404,10.6859663366035,0,7.86783598076786,0,"normal","I",1000,500,0.5,0,0,0,FALSE,0,FALSE,0.5,"leave-d",200,0.7,1e+05,TRUE,597
10,0,0,0,10.7294156708807,8.72530648900761,12.7335248527538,13.8790385133004,10.1941023839759,17.563974642625,10.6859663366035,0,13.8865080488473,0,"normal","I",1000,500,0.5,0,0,0,FALSE,0,FALSE,0.5,"leave-d",200,0.7,1e+05,TRUE,597
10,0,0,0,10.7294156708807,8.72530648900761,12.7335248527538,10.9033007554729,7.10115890217089,14.7054426087749,10.6859663366035,0,9.9512699177039,0,"normal","I",1000,500,0.5,0,0,0,FALSE,0,FALSE,0.5,"leave-d",200,0.7,1e+05,TRUE,597
10,0,0,0,10.7294156708807,8.72530648900761,12.7335248527538,10.2543843641061,6.82780205960328,13.6809666686089,10.6859663366035,0,10.4906668928975,0,"normal","I",1000,500,0.5,0,0,0,FALSE,0,FALSE,0.5,"leave-d",200,0.7,1e+05,TRUE,597
10,0,0,0,10.7294156708807,8.72530648900761,12.7335248527538,10.5341072867998,6.95627321263765,14.1119413609619,10.6859663366035,0,11.1754915174998,0,"normal","I",1000,500,0.5,0,0,0,FALSE,0,FALSE,0.5,"leave-d",200,0.7,1e+05,TRUE,597
10,0,0,0,10.7294156708807,8.72530648900761,12.7335248527538,11.766567041415,8.24596936568793,15.287164717142,10.6859663366035,0,12.0984247622072,0,"normal","I",1000,500,0.5,0,0,0,FALSE,0,FALSE,0.5,"leave-d",200,0.7,1e+05,TRUE,597
10,0,0,0,10.7294156708807,8.72530648900761,12.7335248527538,11.6962594710406,8.08495937328964,15.3075595687915,10.6859663366035,0,10.3897649439324,0,"normal","I",1000,500,0.5,0,0,0,FALSE,0,FALSE,0.5,"leave-d",200,0.7,1e+05,TRUE,597
10,0,0,0,10.7294156708807,8.72530648900761,12.7335248527538,8.21272725771296,4.7300339069997,11.6954206084262,10.6859663366035,0,8.74606840146462,0,"normal","I",1000,500,0.5,0,0,0,FALSE,0,FALSE,0.5,"leave-d",200,0.7,1e+05,TRUE,597
10,0,0,0,10.7294156708807,8.72530648900761,12.7335248527538,8.07234966417221,4.99990159336326,11.1447977349812,10.6859663366035,0,7.81935180808995,0,"normal","I",1000,500,0.5,0,0,0,FALSE,0,FALSE,0.5,"leave-d",200,0.7,1e+05,TRUE,597
10,0,0,0,10.7294156708807,8.72530648900761,12.7335248527538,11.5872449108027,7.76597270356487,15.4085171180405,10.6859663366035,0,11.6167927603333,0,"normal","I",1000,500,0.5,0,0,0,FALSE,0,FALSE,0.5,"leave-d",200,0.7,1e+05,TRUE,597
10,0,0,0,10.7294156708807,8.72530648900761,12.7335248527538,11.5333609423601,8.02219473303008,15.0445271516901,10.6859663366035,0,12.7196832062103,0,"normal","I",1000,500,0.5,0,0,0,FALSE,0,FALSE,0.5,"leave-d",200,0.7,1e+05,TRUE,597
10,0,0,0,10.7294156708807,8.72530648900761,12.7335248527538,8.55269947401914,5.01608639313146,12.0893125549068,10.6859663366035,0,8.08056150880476,0,"normal","I",1000,500,0.5,0,0,0,FALSE,0,FALSE,0.5,"leave-d",200,0.7,1e+05,TRUE,597
10,0,0,0,10.7294156708807,8.72530648900761,12.7335248527538,11.6709515484602,7.72110563458245,15.620797462338,10.6859663366035,0,11.9420860722088,0,"normal","I",1000,500,0.5,0,0,0,FALSE,0,FALSE,0.5,"leave-d",200,0.7,1e+05,TRUE,597
10,0,0,0,10.7294156708807,8.72530648900761,12.7335248527538,12.6822393003657,9.24542811841917,16.1190504823123,10.6859663366035,0,11.6407814700215,0,"normal","I",1000,500,0.5,0,0,0,FALSE,0,FALSE,0.5,"leave-d",200,0.7,1e+05,TRUE,597
10,0,0,0,10.7294156708807,8.72530648900761,12.7335248527538,9.40622145796269,5.76577782899937,13.046665086926,10.6859663366035,0,8.7172210382407,0,"normal","I",1000,500,0.5,0,0,0,FALSE,0,FALSE,0.5,"leave-d",200,0.7,1e+05,TRUE,597
10,0,0,0,10.7294156708807,8.72530648900761,12.7335248527538,9.73293245867955,6.29496259388244,13.1709023234767,10.6859663366035,0,11.2610052381917,0,"normal","I",1000,500,0.5,0,0,0,FALSE,0,FALSE,0.5,"leave-d",200,0.7,1e+05,TRUE,597
10,0,0,0,10.7294156708807,8.72530648900761,12.7335248527538,8.8741015722132,5.50996622836568,12.2382369160607,10.6859663366035,0,8.79054193757614,0,"normal","I",1000,500,0.5,0,0,0,FALSE,0,FALSE,0.5,"leave-d",200,0.7,1e+05,TRUE,597
10,0,0,0,10.7294156708807,8.72530648900761,12.7335248527538,12.6378123133684,8.64042745087207,16.6351971758647,10.6859663366035,0,12.2335231321962,0,"normal","I",1000,500,0.5,0,0,0,FALSE,0,FALSE,0.5,"leave-d",200,0.7,1e+05,TRUE,597
10,0,0,0,10.7294156708807,8.72530648900761,12.7335248527538,13.6780313518433,9.91095924389087,17.4451034597958,10.6859663366035,0,14.5261537271456,0,"normal","I",1000,500,0.5,0,0,0,FALSE,0,FALSE,0.5,"leave-d",200,0.7,1e+05,TRUE,597
10,0,0,0,10.7294156708807,8.72530648900761,12.7335248527538,7.76831618516951,4.5739829538677,10.9626494164713,10.6859663366035,0,7.40306887070331,0,"normal","I",1000,500,0.5,0,0,0,FALSE,0,FALSE,0.5,"leave-d",200,0.7,1e+05,TRUE,597
10,0,0,0,10.7294156708807,8.72530648900761,12.7335248527538,9.49000897132531,6.06021523525407,12.9198027073965,10.6859663366035,0,9.70280212545158,0,"normal","I",1000,500,0.5,0,0,0,FALSE,0,FALSE,0.5,"leave-d",200,0.7,1e+05,TRUE,597
10,0,0,0,10.7294156708807,8.72530648900761,12.7335248527538,11.7731497729102,8.27824662158374,15.2680529242367,10.6859663366035,0,12.3146144821053,0,"normal","I",1000,500,0.5,0,0,0,FALSE,0,FALSE,0.5,"leave-d",200,0.7,1e+05,TRUE,597
10,0,0,0,10.7294156708807,8.72530648900761,12.7335248527538,11.5957145369145,8.05651497245854,15.1349141013705,10.6859663366035,0,12.4926466177446,0,"normal","I",1000,500,0.5,0,0,0,FALSE,0,FALSE,0.5,"leave-d",200,0.7,1e+05,TRUE,597
10,0,0,0,10.7294156708807,8.72530648900761,12.7335248527538,10.896263628877,7.36577109746389,14.4267561602901,10.6859663366035,0,10.2001187784617,0,"normal","I",1000,500,0.5,0,0,0,FALSE,0,FALSE,0.5,"leave-d",200,0.7,1e+05,TRUE,597
10,0,0,0,10.7294156708807,8.72530648900761,12.7335248527538,10.0482505112241,6.47311969877413,13.623381323674,10.6859663366035,0,9.79760210141412,0,"normal","I",1000,500,0.5,0,0,0,FALSE,0,FALSE,0.5,"leave-d",200,0.7,1e+05,TRUE,597
10,0,0,0,10.7294156708807,8.72530648900761,12.7335248527538,12.2852935392439,8.60351123511188,15.967075843376,10.6859663366035,0,12.0070579806934,0,"normal","I",1000,500,0.5,0,0,0,FALSE,0,FALSE,0.5,"leave-d",200,0.7,1e+05,TRUE,597
10,0,0,0,10.7294156708807,8.72530648900761,12.7335248527538,9.92553090470438,6.50269612155732,13.3483656878514,10.6859663366035,0,10.062234744336,0,"normal","I",1000,500,0.5,0,0,0,FALSE,0,FALSE,0.5,"leave-d",200,0.7,1e+05,TRUE,597
10,0,0,0,10.7294156708807,8.72530648900761,12.7335248527538,12.514576595174,8.90084821142541,16.1283049789225,10.6859663366035,0,13.3504305355289,0,"normal","I",1000,500,0.5,0,0,0,FALSE,0,FALSE,0.5,"leave-d",200,0.7,1e+05,TRUE,597
10,0,0,0,10.7294156708807,8.72530648900761,12.7335248527538,9.6351514031031,6.25166541587339,13.0186373903328,10.6859663366035,0,9.06167550987727,0,"normal","I",1000,500,0.5,0,0,0,FALSE,0,FALSE,0.5,"leave-d",200,0.7,1e+05,TRUE,597
10,0,0,0,10.7294156708807,8.72530648900761,12.7335248527538,9.66255667054841,6.55185092853445,12.7732624125624,10.6859663366035,0,9.71454404296501,0,"normal","I",1000,500,0.5,0,0,0,FALSE,0,FALSE,0.5,"leave-d",200,0.7,1e+05,TRUE,597
10,0,0,0,10.7294156708807,8.72530648900761,12.7335248527538,12.6879407597864,8.9192068750183,16.4566746445545,10.6859663366035,0,11.9252810750461,0,"normal","I",1000,500,0.5,0,0,0,FALSE,0,FALSE,0.5,"leave-d",200,0.7,1e+05,TRUE,597
10,0,0,0,10.7294156708807,8.72530648900761,12.7335248527538,9.22399390206803,5.80976682185052,12.6382209822855,10.6859663366035,0,8.98384503351041,0,"normal","I",1000,500,0.5,0,0,0,FALSE,0,FALSE,0.5,"leave-d",200,0.7,1e+05,TRUE,597
10,0,0,0,10.7294156708807,8.72530648900761,12.7335248527538,7.63622629086602,4.2996172224561,10.9728353592759,10.6859663366035,0,7.31528161365925,0,"normal","I",1000,500,0.5,0,0,0,FALSE,0,FALSE,0.5,"leave-d",200,0.7,1e+05,TRUE,597
10,0,0,0,10.7294156708807,8.72530648900761,12.7335248527538,10.9696218079576,7.56279970499756,14.3764439109177,10.6859663366035,0,11.2093880109145,0,"normal","I",1000,500,0.5,0,0,0,FALSE,0,FALSE,0.5,"leave-d",200,0.7,1e+05,TRUE,597
10,0,0,0,10.7294156708807,8.72530648900761,12.7335248527538,9.61044655296311,6.23977929395856,12.9811138119677,10.6859663366035,0,9.36099718890766,0,"normal","I",1000,500,0.5,0,0,0,FALSE,0,FALSE,0.5,"leave-d",200,0.7,1e+05,TRUE,597
10,0,0,0,10.7294156708807,8.72530648900761,12.7335248527538,9.4603654176276,5.82047077184423,13.100260063411,10.6859663366035,0,8.81413788253255,0,"normal","I",1000,500,0.5,0,0,0,FALSE,0,FALSE,0.5,"leave-d",200,0.7,1e+05,TRUE,597
10,0,0,0,10.7294156708807,8.72530648900761,12.7335248527538,12.6365045685106,9.00286680688987,16.2701423301313,10.6859663366035,0,12.420972558821,0,"normal","I",1000,500,0.5,0,0,0,FALSE,0,FALSE,0.5,"leave-d",200,0.7,1e+05,TRUE,597
10,0,0,0,10.7294156708807,8.72530648900761,12.7335248527538,11.6599248167834,7.79221468823427,15.5276349453325,10.6859663366035,0,13.5171997150996,0,"normal","I",1000,500,0.5,0,0,0,FALSE,0,FALSE,0.5,"leave-d",200,0.7,1e+05,TRUE,597
10,0,0,0,10.7294156708807,8.72530648900761,12.7335248527538,8.77724071757693,5.2435214078978,12.3109600272561,10.6859663366035,0,8.70060151384589,0,"normal","I",1000,500,0.5,0,0,0,FALSE,0,FALSE,0.5,"leave-d",200,0.7,1e+05,TRUE,597
10,0,0,0,10.7294156708807,8.72530648900761,12.7335248527538,14.0761674684848,10.3359325850648,17.8164023519048,10.6859663366035,0,14.6607543913618,0,"normal","I",1000,500,0.5,0,0,0,FALSE,0,FALSE,0.5,"leave-d",200,0.7,1e+05,TRUE,597
10,0,0,0,10.7294156708807,8.72530648900761,12.7335248527538,12.1011953712864,8.36656572428294,15.8358250182899,10.6859663366035,0,11.7333201784894,0,"normal","I",1000,500,0.5,0,0,0,FALSE,0,FALSE,0.5,"leave-d",200,0.7,1e+05,TRUE,597
10,0,0,0,10.7294156708807,8.72530648900761,12.7335248527538,12.1571403165353,8.46126558440627,15.8530150486643,10.6859663366035,0,11.1821784451817,0,"normal","I",1000,500,0.5,0,0,0,FALSE,0,FALSE,0.5,"leave-d",200,0.7,1e+05,TRUE,597
10,0,0,0,10.7294156708807,8.72530648900761,12.7335248527538,10.3899491387384,6.97801899297003,13.8018792845068,10.6859663366035,0,9.63395940520829,0,"normal","I",1000,500,0.5,0,0,0,FALSE,0,FALSE,0.5,"leave-d",200,0.7,1e+05,TRUE,597
10,0,0,0,10.7294156708807,8.72530648900761,12.7335248527538,12.9839162293477,9.37106680314516,16.5967656555503,10.6859663366035,0,13.6807863336568,0,"normal","I",1000,500,0.5,0,0,0,FALSE,0,FALSE,0.5,"leave-d",200,0.7,1e+05,TRUE,597
10,0,0,0,10.7294156708807,8.72530648900761,12.7335248527538,9.8033779161057,6.2154073698583,13.3913484623531,10.6859663366035,0,9.53118736813344,0,"normal","I",1000,500,0.5,0,0,0,FALSE,0,FALSE,0.5,"leave-d",200,0.7,1e+05,TRUE,597
10,0,0,0,10.7294156708807,8.72530648900761,12.7335248527538,10.1459199450972,6.5371006759887,13.7547392142057,10.6859663366035,0,10.5620042327749,0,"normal","I",1000,500,0.5,0,0,0,FALSE,0,FALSE,0.5,"leave-d",200,0.7,1e+05,TRUE,597
10,0,0,0,10.7294156708807,8.72530648900761,12.7335248527538,8.55645219670344,4.80386081688225,12.3090435765246,10.6859663366035,0,8.35944655504972,0,"normal","I",1000,500,0.5,0,0,0,FALSE,0,FALSE,0.5,"leave-d",200,0.7,1e+05,TRUE,597
10,0,0,0,10.7294156708807,8.72530648900761,12.7335248527538,9.00904535324141,5.59337185234455,12.4247188541383,10.6859663366035,0,8.47912745512437,0,"normal","I",1000,500,0.5,0,0,0,FALSE,0,FALSE,0.5,"leave-d",200,0.7,1e+05,TRUE,597
10,0,0,0,10.7294156708807,8.72530648900761,12.7335248527538,6.7718126812149,3.16286408189974,10.3807612805301,10.6859663366035,0,6.5016755387761,0,"normal","I",1000,500,0.5,0,0,0,FALSE,0,FALSE,0.5,"leave-d",200,0.7,1e+05,TRUE,597
10,0,0,0,10.7294156708807,8.72530648900761,12.7335248527538,8.37563241041498,4.81736643649322,11.9338983843367,10.6859663366035,0,7.96766670572024,0,"normal","I",1000,500,0.5,0,0,0,FALSE,0,FALSE,0.5,"leave-d",200,0.7,1e+05,TRUE,597
10,0,0,0,10.7294156708807,8.72530648900761,12.7335248527538,11.0225611911377,7.48447853965006,14.5606438426254,10.6859663366035,0,11.4280056660044,0,"normal","I",1000,500,0.5,0,0,0,FALSE,0,FALSE,0.5,"leave-d",200,0.7,1e+05,TRUE,597
10,0,0,0,10.7294156708807,8.72530648900761,12.7335248527538,11.3589681203543,8.09405225712314,14.6238839835854,10.6859663366035,0,10.9719474905845,0,"normal","I",1000,500,0.5,0,0,0,FALSE,0,FALSE,0.5,"leave-d",200,0.7,1e+05,TRUE,597
10,0,0,0,10.7294156708807,8.72530648900761,12.7335248527538,10.9637020631392,7.6084315672913,14.3189725589871,10.6859663366035,0,13.7216550286525,0,"normal","I",1000,500,0.5,0,0,0,FALSE,0,FALSE,0.5,"leave-d",200,0.7,1e+05,TRUE,597
10,0,0,0,10.7294156708807,8.72530648900761,12.7335248527538,11.5840795603027,8.2166033276978,14.9515557929076,10.6859663366035,0,11.4925892718118,0,"normal","I",1000,500,0.5,0,0,0,FALSE,0,FALSE,0.5,"leave-d",200,0.7,1e+05,TRUE,597
10,0,0,0,10.7294156708807,8.72530648900761,12.7335248527538,10.6571724461529,7.18486407955635,14.1294808127495,10.6859663366035,0,10.2431690069585,0,"normal","I",1000,500,0.5,0,0,0,FALSE,0,FALSE,0.5,"leave-d",200,0.7,1e+05,TRUE,597
10,0,0,0,10.7294156708807,8.72530648900761,12.7335248527538,9.77866244206026,5.99787176507329,13.5594531190472,10.6859663366035,0,9.04511940241493,0,"normal","I",1000,500,0.5,0,0,0,FALSE,0,FALSE,0.5,"leave-d",200,0.7,1e+05,TRUE,597
10,0,0,0,10.7294156708807,8.72530648900761,12.7335248527538,10.0550376810309,6.91739671364756,13.1926786484143,10.6859663366035,0,9.88216764818695,0,"normal","I",1000,500,0.5,0,0,0,FALSE,0,FALSE,0.5,"leave-d",200,0.7,1e+05,TRUE,597
10,0,0,0,10.7294156708807,8.72530648900761,12.7335248527538,10.1959500383017,6.61944997465049,13.7724501019528,10.6859663366035,0,10.8371725043322,0,"normal","I",1000,500,0.5,0,0,0,FALSE,0,FALSE,0.5,"leave-d",200,0.7,1e+05,TRUE,597
10,0,0,0,10.7294156708807,8.72530648900761,12.7335248527538,13.8993966594966,10.5356071622591,17.2631861567342,10.6859663366035,0,12.9851360133304,0,"normal","I",1000,500,0.5,0,0,0,FALSE,0,FALSE,0.5,"leave-d",200,0.7,1e+05,TRUE,597
10,0,0,0,10.7294156708807,8.72530648900761,12.7335248527538,9.33485334410424,6.10085311068826,12.5688535775202,10.6859663366035,0,9.08772604150519,0,"normal","I",1000,500,0.5,0,0,0,FALSE,0,FALSE,0.5,"leave-d",200,0.7,1e+05,TRUE,597
10,0,0,0,10.7294156708807,8.72530648900761,12.7335248527538,10.0034943983513,6.32900214185503,13.6779866548476,10.6859663366035,0,10.0906236655245,0,"normal","I",1000,500,0.5,0,0,0,FALSE,0,FALSE,0.5,"leave-d",200,0.7,1e+05,TRUE,597
10,0,0,0,10.7294156708807,8.72530648900761,12.7335248527538,10.627469888845,6.98968726762639,14.2652525100637,10.6859663366035,0,11.6575257428954,0,"normal","I",1000,500,0.5,0,0,0,FALSE,0,FALSE,0.5,"leave-d",200,0.7,1e+05,TRUE,597
10,0,0,0,10.7294156708807,8.72530648900761,12.7335248527538,6.6995162011745,3.58645477223652,9.81257763011248,10.6859663366035,0,6.59393385430807,0,"normal","I",1000,500,0.5,0,0,0,FALSE,0,FALSE,0.5,"leave-d",200,0.7,1e+05,TRUE,597
10,0,0,0,10.7294156708807,8.72530648900761,12.7335248527538,15.9896102164608,12.1918451237269,19.7873753091948,10.6859663366035,0,14.6498856653542,0,"normal","I",1000,500,0.5,0,0,0,FALSE,0,FALSE,0.5,"leave-d",200,0.7,1e+05,TRUE,597
10,0,0,0,10.7294156708807,8.72530648900761,12.7335248527538,11.145648743897,7.54502691203838,14.7462705757556,10.6859663366035,0,10.9433283103981,0,"normal","I",1000,500,0.5,0,0,0,FALSE,0,FALSE,0.5,"leave-d",200,0.7,1e+05,TRUE,597
10,0,0,0,10.7294156708807,8.72530648900761,12.7335248527538,11.4504854483374,7.61132773106176,15.289643165613,10.6859663366035,0,11.16628396627,0,"normal","I",1000,500,0.5,0,0,0,FALSE,0,FALSE,0.5,"leave-d",200,0.7,1e+05,TRUE,597
10,0,0,0,10.7294156708807,8.72530648900761,12.7335248527538,8.86692970394233,5.26332813330781,12.4705312745769,10.6859663366035,0,8.45582867217086,0,"normal","I",1000,500,0.5,0,0,0,FALSE,0,FALSE,0.5,"leave-d",200,0.7,1e+05,TRUE,597
10,0,0,0,10.7294156708807,8.72530648900761,12.7335248527538,6.13658564755587,2.75532240925558,9.51784888585616,10.6859663366035,0,5.50550831200047,0,"normal","I",1000,500,0.5,0,0,0,FALSE,0,FALSE,0.5,"leave-d",200,0.7,1e+05,TRUE,597
10,0,0,0,10.7294156708807,8.72530648900761,12.7335248527538,9.8681698245239,6.20736317827988,13.5289764707679,10.6859663366035,0,9.1803355320738,0,"normal","I",1000,500,0.5,0,0,0,FALSE,0,FALSE,0.5,"leave-d",200,0.7,1e+05,TRUE,597
10,0,0,0,10.7294156708807,8.72530648900761,12.7335248527538,11.4037996481036,7.54007385338199,15.2675254428253,10.6859663366035,0,11.0500735091056,0,"normal","I",1000,500,0.5,0,0,0,FALSE,0,FALSE,0.5,"leave-d",200,0.7,1e+05,TRUE,597
10,0,0,0,10.7294156708807,8.72530648900761,12.7335248527538,11.0635195062671,7.20717405290486,14.9198649596293,10.6859663366035,0,10.4383038932389,0,"normal","I",1000,500,0.5,0,0,0,FALSE,0,FALSE,0.5,"leave-d",200,0.7,1e+05,TRUE,597
10,0,0,0,10.7294156708807,8.72530648900761,12.7335248527538,9.70611184464499,6.3739404883092,13.0382832009808,10.6859663366035,0,9.19735606858376,0,"normal","I",1000,500,0.5,0,0,0,FALSE,0,FALSE,0.5,"leave-d",200,0.7,1e+05,TRUE,597
10,0,0,0,10.7294156708807,8.72530648900761,12.7335248527538,9.85995956453131,6.56919365844587,13.1507254706167,10.6859663366035,0,9.80902501944601,0,"normal","I",1000,500,0.5,0,0,0,FALSE,0,FALSE,0.5,"leave-d",200,0.7,1e+05,TRUE,597
10,0,0,0,10.7294156708807,8.72530648900761,12.7335248527538,14.3086827857122,10.6928351391448,17.9245304322796,10.6859663366035,0,14.1070032811402,0,"normal","I",1000,500,0.5,0,0,0,FALSE,0,FALSE,0.5,"leave-d",200,0.7,1e+05,TRUE,597
10,0,0,0,10.7294156708807,8.72530648900761,12.7335248527538,10.3043390370038,6.46515852498951,14.1435195490182,10.6859663366035,0,9.68798939491521,0,"normal","I",1000,500,0.5,0,0,0,FALSE,0,FALSE,0.5,"leave-d",200,0.7,1e+05,TRUE,597
10,0,0,0,10.7294156708807,8.72530648900761,12.7335248527538,13.6678331107361,9.9631103419156,17.3725558795566,10.6859663366035,0,13.8355005725392,0,"normal","I",1000,500,0.5,0,0,0,FALSE,0,FALSE,0.5,"leave-d",200,0.7,1e+05,TRUE,597
10,0,0,0,10.7294156708807,8.72530648900761,12.7335248527538,13.3138147081635,9.36138595661524,17.2662434597118,10.6859663366035,0,13.0947221027744,0,"normal","I",1000,500,0.5,0,0,0,FALSE,0,FALSE,0.5,"leave-d",200,0.7,1e+05,TRUE,597
10,0,0,0,10.7294156708807,8.72530648900761,12.7335248527538,7.94683200397715,4.69001174003554,11.2036522679188,10.6859663366035,0,8.23924431451487,0,"normal","I",1000,500,0.5,0,0,0,FALSE,0,FALSE,0.5,"leave-d",200,0.7,1e+05,TRUE,597
10,0,0,0,10.7294156708807,8.72530648900761,12.7335248527538,11.0257867166547,7.40280982241052,14.648763610899,10.6859663366035,0,10.2797673860796,0,"normal","I",1000,500,0.5,0,0,0,FALSE,0,FALSE,0.5,"leave-d",200,0.7,1e+05,TRUE,597
10,0,0,0,10.7294156708807,8.72530648900761,12.7335248527538,9.8402109639328,6.47760456330418,13.2028173645614,10.6859663366035,0,9.97259760800233,0,"normal","I",1000,500,0.5,0,0,0,FALSE,0,FALSE,0.5,"leave-d",200,0.7,1e+05,TRUE,597
10,0,0,0,10.7294156708807,8.72530648900761,12.7335248527538,9.74891703208521,6.41963538680214,13.0781986773683,10.6859663366035,0,9.90827478237124,0,"normal","I",1000,500,0.5,0,0,0,FALSE,0,FALSE,0.5,"leave-d",200,0.7,1e+05,TRUE,597
10,0,0,0,10.7294156708807,8.72530648900761,12.7335248527538,9.76038119392965,6.05861406157681,13.4621483262825,10.6859663366035,0,9.94904814972429,0,"normal","I",1000,500,0.5,0,0,0,FALSE,0,FALSE,0.5,"leave-d",200,0.7,1e+05,TRUE,597
10,0,0,0,10.7294156708807,8.72530648900761,12.7335248527538,10.2954628826143,6.59547342804569,13.9954523371829,10.6859663366035,0,10.035875357807,0,"normal","I",1000,500,0.5,0,0,0,FALSE,0,FALSE,0.5,"leave-d",200,0.7,1e+05,TRUE,597
10,0,0,0,10.7294156708807,8.72530648900761,12.7335248527538,12.8022355645283,9.47762314355625,16.1268479855004,10.6859663366035,0,12.2494957607697,0,"normal","I",1000,500,0.5,0,0,0,FALSE,0,FALSE,0.5,"leave-d",200,0.7,1e+05,TRUE,597
10,0,0,0,10.7294156708807,8.72530648900761,12.7335248527538,8.36190083448478,4.72259861521337,12.0012030537562,10.6859663366035,0,7.98208987956211,0,"normal","I",1000,500,0.5,0,0,0,FALSE,0,FALSE,0.5,"leave-d",200,0.7,1e+05,TRUE,597
