"var_main_effect","var_inter_effect","cov_main_inter_effect","var_total_effect","EigenPrism_main","EigenPrism_CI1","EigenPrism_CI2","sub_EigenPrism_main","sub_EigenPrism_CI1","sub_EigenPrism_CI2","GCTA_main","GCTA_inter","sub_GCTA_main","sub_GCTA_inter","x_dist","structure","p","n","main_fixed_var","main_random_var","inter_fixed_var","inter_random_var","decor","interact","combine","pro","bs","n_sub","rho_e","emp_n","inter_std","i"
10,0,0,0,11.2978921816832,4.05694195369776,18.5388424096685,20.132989845248,6.62703345754498,33.638946232951,11.4749969468683,0,13.0817124697047,0,"normal","I",1000,100,0.5,0,0,0,FALSE,0,FALSE,0.5,"leave-d",200,0.7,1e+05,TRUE,277
10,0,0,0,11.2978921816832,4.05694195369776,18.5388424096685,13.7412807855446,2.32103999695134,25.1615215741379,11.4749969468683,0,10.2607001310656,0,"normal","I",1000,100,0.5,0,0,0,FALSE,0,FALSE,0.5,"leave-d",200,0.7,1e+05,TRUE,277
10,0,0,0,11.2978921816832,4.05694195369776,18.5388424096685,15.8808811046839,3.33812911017431,28.4236330991935,11.4749969468683,0,12.3338704555815,0,"normal","I",1000,100,0.5,0,0,0,FALSE,0,FALSE,0.5,"leave-d",200,0.7,1e+05,TRUE,277
10,0,0,0,11.2978921816832,4.05694195369776,18.5388424096685,6.6743731381448,-7.66910158323663,21.0178478595262,11.4749969468683,0,1.75252631687828,0,"normal","I",1000,100,0.5,0,0,0,FALSE,0,FALSE,0.5,"leave-d",200,0.7,1e+05,TRUE,277
10,0,0,0,11.2978921816832,4.05694195369776,18.5388424096685,3.71795750722417,-12.5378662726236,19.9737812870719,11.4749969468683,0,0,0,"normal","I",1000,100,0.5,0,0,0,FALSE,0,FALSE,0.5,"leave-d",200,0.7,1e+05,TRUE,277
10,0,0,0,11.2978921816832,4.05694195369776,18.5388424096685,5.65739691652602,-7.0193647748072,18.3341586078592,11.4749969468683,0,3.24716848209534,0,"normal","I",1000,100,0.5,0,0,0,FALSE,0,FALSE,0.5,"leave-d",200,0.7,1e+05,TRUE,277
10,0,0,0,11.2978921816832,4.05694195369776,18.5388424096685,12.265636843127,1.1935940403112,23.3376796459427,11.4749969468683,0,11.3415749785114,0,"normal","I",1000,100,0.5,0,0,0,FALSE,0,FALSE,0.5,"leave-d",200,0.7,1e+05,TRUE,277
10,0,0,0,11.2978921816832,4.05694195369776,18.5388424096685,14.2351692223625,-1.4390895342082,29.9094279789331,11.4749969468683,0,12.3765679258917,0,"normal","I",1000,100,0.5,0,0,0,FALSE,0,FALSE,0.5,"leave-d",200,0.7,1e+05,TRUE,277
10,0,0,0,11.2978921816832,4.05694195369776,18.5388424096685,7.73500102168368,-1.53025414635454,17.0002561897219,11.4749969468683,0,4.70752862413296,0,"normal","I",1000,100,0.5,0,0,0,FALSE,0,FALSE,0.5,"leave-d",200,0.7,1e+05,TRUE,277
10,0,0,0,11.2978921816832,4.05694195369776,18.5388424096685,26.5869479908689,14.1723581421523,39.0015378395855,11.4749969468683,0,11.589759125543,0,"normal","I",1000,100,0.5,0,0,0,FALSE,0,FALSE,0.5,"leave-d",200,0.7,1e+05,TRUE,277
10,0,0,0,11.2978921816832,4.05694195369776,18.5388424096685,11.4003530267286,-0.313788960821984,23.1144950142792,11.4749969468683,0,11.6803135737859,0,"normal","I",1000,100,0.5,0,0,0,FALSE,0,FALSE,0.5,"leave-d",200,0.7,1e+05,TRUE,277
10,0,0,0,11.2978921816832,4.05694195369776,18.5388424096685,18.6555035826197,5.24428259349139,32.066724571748,11.4749969468683,0,13.0418831621278,0,"normal","I",1000,100,0.5,0,0,0,FALSE,0,FALSE,0.5,"leave-d",200,0.7,1e+05,TRUE,277
10,0,0,0,11.2978921816832,4.05694195369776,18.5388424096685,8.95925585505884,-1.90207715874692,19.8205888688646,11.4749969468683,0,11.0848009951136,0,"normal","I",1000,100,0.5,0,0,0,FALSE,0,FALSE,0.5,"leave-d",200,0.7,1e+05,TRUE,277
10,0,0,0,11.2978921816832,4.05694195369776,18.5388424096685,7.36134816150059,-3.20057199307952,17.9232683160807,11.4749969468683,0,6.78897993924236,0,"normal","I",1000,100,0.5,0,0,0,FALSE,0,FALSE,0.5,"leave-d",200,0.7,1e+05,TRUE,277
10,0,0,0,11.2978921816832,4.05694195369776,18.5388424096685,10.5683345797637,1.16908924580517,19.9675799137222,11.4749969468683,0,8.77839532744649,0,"normal","I",1000,100,0.5,0,0,0,FALSE,0,FALSE,0.5,"leave-d",200,0.7,1e+05,TRUE,277
10,0,0,0,11.2978921816832,4.05694195369776,18.5388424096685,23.6092157614245,7.81546435047321,39.4029671723757,11.4749969468683,0,15.7667647888445,0,"normal","I",1000,100,0.5,0,0,0,FALSE,0,FALSE,0.5,"leave-d",200,0.7,1e+05,TRUE,277
10,0,0,0,11.2978921816832,4.05694195369776,18.5388424096685,11.3238043187164,-4.86633013006748,27.5139387675002,11.4749969468683,0,13.5971456162755,0,"normal","I",1000,100,0.5,0,0,0,FALSE,0,FALSE,0.5,"leave-d",200,0.7,1e+05,TRUE,277
10,0,0,0,11.2978921816832,4.05694195369776,18.5388424096685,35.5599556492936,19.9464084432461,51.173502855341,11.4749969468683,0,14.6267468663929,0,"normal","I",1000,100,0.5,0,0,0,FALSE,0,FALSE,0.5,"leave-d",200,0.7,1e+05,TRUE,277
10,0,0,0,11.2978921816832,4.05694195369776,18.5388424096685,21.5257483922545,5.9536958859413,37.0978008985676,11.4749969468683,0,15.5121728639753,0,"normal","I",1000,100,0.5,0,0,0,FALSE,0,FALSE,0.5,"leave-d",200,0.7,1e+05,TRUE,277
10,0,0,0,11.2978921816832,4.05694195369776,18.5388424096685,7.34725534601486,-4.53525222627596,19.2297629183057,11.4749969468683,0,7.89558642852061,0,"normal","I",1000,100,0.5,0,0,0,FALSE,0,FALSE,0.5,"leave-d",200,0.7,1e+05,TRUE,277
10,0,0,0,11.2978921816832,4.05694195369776,18.5388424096685,12.0332237285374,-3.27715942985958,27.3436068869344,11.4749969468683,0,9.19459178921613,0,"normal","I",1000,100,0.5,0,0,0,FALSE,0,FALSE,0.5,"leave-d",200,0.7,1e+05,TRUE,277
10,0,0,0,11.2978921816832,4.05694195369776,18.5388424096685,3.54330044584756,-8.07261900285447,15.1592198945496,11.4749969468683,0,0.0543844130772604,0,"normal","I",1000,100,0.5,0,0,0,FALSE,0,FALSE,0.5,"leave-d",200,0.7,1e+05,TRUE,277
10,0,0,0,11.2978921816832,4.05694195369776,18.5388424096685,11.1941475613264,1.24599869096055,21.1422964316923,11.4749969468683,0,9.91159273203062,0,"normal","I",1000,100,0.5,0,0,0,FALSE,0,FALSE,0.5,"leave-d",200,0.7,1e+05,TRUE,277
10,0,0,0,11.2978921816832,4.05694195369776,18.5388424096685,17.4237353157388,6.00624800257344,28.8412226289042,11.4749969468683,0,11.0946461016552,0,"normal","I",1000,100,0.5,0,0,0,FALSE,0,FALSE,0.5,"leave-d",200,0.7,1e+05,TRUE,277
10,0,0,0,11.2978921816832,4.05694195369776,18.5388424096685,13.6744007568942,1.83664564285324,25.5121558709352,11.4749969468683,0,11.4815044732656,0,"normal","I",1000,100,0.5,0,0,0,FALSE,0,FALSE,0.5,"leave-d",200,0.7,1e+05,TRUE,277
10,0,0,0,11.2978921816832,4.05694195369776,18.5388424096685,17.6879605840226,2.69899412661494,32.6769270414303,11.4749969468683,0,14.9229897072015,0,"normal","I",1000,100,0.5,0,0,0,FALSE,0,FALSE,0.5,"leave-d",200,0.7,1e+05,TRUE,277
10,0,0,0,11.2978921816832,4.05694195369776,18.5388424096685,17.2398431279806,6.49979475777257,27.9798914981887,11.4749969468683,0,10.4622445643429,0,"normal","I",1000,100,0.5,0,0,0,FALSE,0,FALSE,0.5,"leave-d",200,0.7,1e+05,TRUE,277
10,0,0,0,11.2978921816832,4.05694195369776,18.5388424096685,18.6611733467824,5.51526396595414,31.8070827276106,11.4749969468683,0,11.8159154744052,0,"normal","I",1000,100,0.5,0,0,0,FALSE,0,FALSE,0.5,"leave-d",200,0.7,1e+05,TRUE,277
10,0,0,0,11.2978921816832,4.05694195369776,18.5388424096685,3.81917129030563,-8.88031913276639,16.5186617133776,11.4749969468683,0,0,0,"normal","I",1000,100,0.5,0,0,0,FALSE,0,FALSE,0.5,"leave-d",200,0.7,1e+05,TRUE,277
10,0,0,0,11.2978921816832,4.05694195369776,18.5388424096685,26.4790012155427,11.8651315785856,41.0928708524998,11.4749969468683,0,13.8695283012615,0,"normal","I",1000,100,0.5,0,0,0,FALSE,0,FALSE,0.5,"leave-d",200,0.7,1e+05,TRUE,277
10,0,0,0,11.2978921816832,4.05694195369776,18.5388424096685,27.2611178664644,12.9079586114744,41.6142771214544,11.4749969468683,0,14.0876659377773,0,"normal","I",1000,100,0.5,0,0,0,FALSE,0,FALSE,0.5,"leave-d",200,0.7,1e+05,TRUE,277
10,0,0,0,11.2978921816832,4.05694195369776,18.5388424096685,4.87205174175978,-4.53638061661156,14.2804841001311,11.4749969468683,0,2.09611812820203,0,"normal","I",1000,100,0.5,0,0,0,FALSE,0,FALSE,0.5,"leave-d",200,0.7,1e+05,TRUE,277
10,0,0,0,11.2978921816832,4.05694195369776,18.5388424096685,13.0849405695184,-3.08167807096551,29.2515592100023,11.4749969468683,0,14.5128420937081,0,"normal","I",1000,100,0.5,0,0,0,FALSE,0,FALSE,0.5,"leave-d",200,0.7,1e+05,TRUE,277
10,0,0,0,11.2978921816832,4.05694195369776,18.5388424096685,17.9741151719595,7.33931790952109,28.608912434398,11.4749969468683,0,10.0667530241425,0,"normal","I",1000,100,0.5,0,0,0,FALSE,0,FALSE,0.5,"leave-d",200,0.7,1e+05,TRUE,277
10,0,0,0,11.2978921816832,4.05694195369776,18.5388424096685,7.60552519560347,-6.44021478119361,21.6512651724006,11.4749969468683,0,5.80051392043915,0,"normal","I",1000,100,0.5,0,0,0,FALSE,0,FALSE,0.5,"leave-d",200,0.7,1e+05,TRUE,277
10,0,0,0,11.2978921816832,4.05694195369776,18.5388424096685,11.0451525609691,-2.98365918402142,25.0739643059597,11.4749969468683,0,5.59566228793321,0,"normal","I",1000,100,0.5,0,0,0,FALSE,0,FALSE,0.5,"leave-d",200,0.7,1e+05,TRUE,277
10,0,0,0,11.2978921816832,4.05694195369776,18.5388424096685,-4.56838095718217,-16.2275690470269,7.09080713266259,11.4749969468683,0,0,0,"normal","I",1000,100,0.5,0,0,0,FALSE,0,FALSE,0.5,"leave-d",200,0.7,1e+05,TRUE,277
10,0,0,0,11.2978921816832,4.05694195369776,18.5388424096685,9.00620086163895,-5.28792854088626,23.3003302641642,11.4749969468683,0,6.24689845822801,0,"normal","I",1000,100,0.5,0,0,0,FALSE,0,FALSE,0.5,"leave-d",200,0.7,1e+05,TRUE,277
10,0,0,0,11.2978921816832,4.05694195369776,18.5388424096685,12.2681490211095,-5.33993579866905,29.876233840888,11.4749969468683,0,8.28425635384619,0,"normal","I",1000,100,0.5,0,0,0,FALSE,0,FALSE,0.5,"leave-d",200,0.7,1e+05,TRUE,277
10,0,0,0,11.2978921816832,4.05694195369776,18.5388424096685,7.08002990612106,-5.67068972698826,19.8307495392304,11.4749969468683,0,3.20607739585504,0,"normal","I",1000,100,0.5,0,0,0,FALSE,0,FALSE,0.5,"leave-d",200,0.7,1e+05,TRUE,277
10,0,0,0,11.2978921816832,4.05694195369776,18.5388424096685,12.7677418977624,1.64905124603805,23.8864325494867,11.4749969468683,0,11.3427497679603,0,"normal","I",1000,100,0.5,0,0,0,FALSE,0,FALSE,0.5,"leave-d",200,0.7,1e+05,TRUE,277
10,0,0,0,11.2978921816832,4.05694195369776,18.5388424096685,15.6806183219935,4.39673728372283,26.9644993602643,11.4749969468683,0,11.1226197487534,0,"normal","I",1000,100,0.5,0,0,0,FALSE,0,FALSE,0.5,"leave-d",200,0.7,1e+05,TRUE,277
10,0,0,0,11.2978921816832,4.05694195369776,18.5388424096685,21.637672331755,7.43740264813186,35.8379420153781,11.4749969468683,0,13.8061510601563,0,"normal","I",1000,100,0.5,0,0,0,FALSE,0,FALSE,0.5,"leave-d",200,0.7,1e+05,TRUE,277
10,0,0,0,11.2978921816832,4.05694195369776,18.5388424096685,15.9989725061428,4.20844699206076,27.7894980202248,11.4749969468683,0,11.6840094893908,0,"normal","I",1000,100,0.5,0,0,0,FALSE,0,FALSE,0.5,"leave-d",200,0.7,1e+05,TRUE,277
10,0,0,0,11.2978921816832,4.05694195369776,18.5388424096685,9.10830710436809,-1.56566278642175,19.7822769951579,11.4749969468683,0,10.1632787642579,0,"normal","I",1000,100,0.5,0,0,0,FALSE,0,FALSE,0.5,"leave-d",200,0.7,1e+05,TRUE,277
10,0,0,0,11.2978921816832,4.05694195369776,18.5388424096685,20.5272195239134,8.01881367270455,33.0356253751223,11.4749969468683,0,11.9637491971375,0,"normal","I",1000,100,0.5,0,0,0,FALSE,0,FALSE,0.5,"leave-d",200,0.7,1e+05,TRUE,277
10,0,0,0,11.2978921816832,4.05694195369776,18.5388424096685,16.6540157048369,1.61825336019144,31.6897780494823,11.4749969468683,0,14.7957491642477,0,"normal","I",1000,100,0.5,0,0,0,FALSE,0,FALSE,0.5,"leave-d",200,0.7,1e+05,TRUE,277
10,0,0,0,11.2978921816832,4.05694195369776,18.5388424096685,12.4187501478232,0.521638748499656,24.3158615471467,11.4749969468683,0,9.66995799555589,0,"normal","I",1000,100,0.5,0,0,0,FALSE,0,FALSE,0.5,"leave-d",200,0.7,1e+05,TRUE,277
10,0,0,0,11.2978921816832,4.05694195369776,18.5388424096685,5.15423913609129,-9.11586377446426,19.4243420466468,11.4749969468683,0,1.63660598412566,0,"normal","I",1000,100,0.5,0,0,0,FALSE,0,FALSE,0.5,"leave-d",200,0.7,1e+05,TRUE,277
10,0,0,0,11.2978921816832,4.05694195369776,18.5388424096685,13.4061738342457,0.94121838467537,25.871129283816,11.4749969468683,0,12.6558367601976,0,"normal","I",1000,100,0.5,0,0,0,FALSE,0,FALSE,0.5,"leave-d",200,0.7,1e+05,TRUE,277
10,0,0,0,11.2978921816832,4.05694195369776,18.5388424096685,17.1352142266731,5.4231734720106,28.8472549813356,11.4749969468683,0,10.4275161282102,0,"normal","I",1000,100,0.5,0,0,0,FALSE,0,FALSE,0.5,"leave-d",200,0.7,1e+05,TRUE,277
10,0,0,0,11.2978921816832,4.05694195369776,18.5388424096685,7.62237902146583,-5.06870799202491,20.3134660349566,11.4749969468683,0,10.6382097340912,0,"normal","I",1000,100,0.5,0,0,0,FALSE,0,FALSE,0.5,"leave-d",200,0.7,1e+05,TRUE,277
10,0,0,0,11.2978921816832,4.05694195369776,18.5388424096685,19.432967425197,4.71445153391201,34.1514833164819,11.4749969468683,0,14.6107670919185,0,"normal","I",1000,100,0.5,0,0,0,FALSE,0,FALSE,0.5,"leave-d",200,0.7,1e+05,TRUE,277
10,0,0,0,11.2978921816832,4.05694195369776,18.5388424096685,16.7130629677919,3.80325695835685,29.6228689772269,11.4749969468683,0,12.7710107467996,0,"normal","I",1000,100,0.5,0,0,0,FALSE,0,FALSE,0.5,"leave-d",200,0.7,1e+05,TRUE,277
10,0,0,0,11.2978921816832,4.05694195369776,18.5388424096685,18.9431329031558,7.16348599634194,30.7227798099696,11.4749969468683,0,8.18871606832247,0,"normal","I",1000,100,0.5,0,0,0,FALSE,0,FALSE,0.5,"leave-d",200,0.7,1e+05,TRUE,277
10,0,0,0,11.2978921816832,4.05694195369776,18.5388424096685,5.26406579937508,-4.81418066009428,15.3423122588444,11.4749969468683,0,2.7401271550925,0,"normal","I",1000,100,0.5,0,0,0,FALSE,0,FALSE,0.5,"leave-d",200,0.7,1e+05,TRUE,277
10,0,0,0,11.2978921816832,4.05694195369776,18.5388424096685,16.7773659716451,2.43370873846838,31.1210232048219,11.4749969468683,0,14.4669045017999,0,"normal","I",1000,100,0.5,0,0,0,FALSE,0,FALSE,0.5,"leave-d",200,0.7,1e+05,TRUE,277
10,0,0,0,11.2978921816832,4.05694195369776,18.5388424096685,18.7331953233182,6.2007501715105,31.2656404751259,11.4749969468683,0,12.4311659942661,0,"normal","I",1000,100,0.5,0,0,0,FALSE,0,FALSE,0.5,"leave-d",200,0.7,1e+05,TRUE,277
10,0,0,0,11.2978921816832,4.05694195369776,18.5388424096685,12.524231529468,-0.398875440962886,25.4473384998989,11.4749969468683,0,12.8175388584651,0,"normal","I",1000,100,0.5,0,0,0,FALSE,0,FALSE,0.5,"leave-d",200,0.7,1e+05,TRUE,277
10,0,0,0,11.2978921816832,4.05694195369776,18.5388424096685,13.0793036787718,2.21022114259636,23.9483862149472,11.4749969468683,0,10.8297334538579,0,"normal","I",1000,100,0.5,0,0,0,FALSE,0,FALSE,0.5,"leave-d",200,0.7,1e+05,TRUE,277
10,0,0,0,11.2978921816832,4.05694195369776,18.5388424096685,25.5116880237098,11.956512100754,39.0668639466656,11.4749969468683,0,12.9166546101912,0,"normal","I",1000,100,0.5,0,0,0,FALSE,0,FALSE,0.5,"leave-d",200,0.7,1e+05,TRUE,277
10,0,0,0,11.2978921816832,4.05694195369776,18.5388424096685,27.1516282202822,13.6145719801524,40.688684460412,11.4749969468683,0,12.9222275293638,0,"normal","I",1000,100,0.5,0,0,0,FALSE,0,FALSE,0.5,"leave-d",200,0.7,1e+05,TRUE,277
10,0,0,0,11.2978921816832,4.05694195369776,18.5388424096685,3.88779646729076,-4.97600478357416,12.7515977181557,11.4749969468683,0,1.19401175342534,0,"normal","I",1000,100,0.5,0,0,0,FALSE,0,FALSE,0.5,"leave-d",200,0.7,1e+05,TRUE,277
10,0,0,0,11.2978921816832,4.05694195369776,18.5388424096685,16.4658979038714,4.49448840194919,28.4373074057937,11.4749969468683,0,11.8331169310038,0,"normal","I",1000,100,0.5,0,0,0,FALSE,0,FALSE,0.5,"leave-d",200,0.7,1e+05,TRUE,277
10,0,0,0,11.2978921816832,4.05694195369776,18.5388424096685,6.03309474033715,-9.81315991618855,21.8793493968629,11.4749969468683,0,1.99726118946176,0,"normal","I",1000,100,0.5,0,0,0,FALSE,0,FALSE,0.5,"leave-d",200,0.7,1e+05,TRUE,277
10,0,0,0,11.2978921816832,4.05694195369776,18.5388424096685,12.5136271200894,2.06063448100207,22.9666197591768,11.4749969468683,0,9.12324753053261,0,"normal","I",1000,100,0.5,0,0,0,FALSE,0,FALSE,0.5,"leave-d",200,0.7,1e+05,TRUE,277
10,0,0,0,11.2978921816832,4.05694195369776,18.5388424096685,0.656083964736907,-10.5958812751883,11.9080492046621,11.4749969468683,0,0,0,"normal","I",1000,100,0.5,0,0,0,FALSE,0,FALSE,0.5,"leave-d",200,0.7,1e+05,TRUE,277
10,0,0,0,11.2978921816832,4.05694195369776,18.5388424096685,10.6634196283822,-0.640529133666007,21.9673683904304,11.4749969468683,0,11.1561048167969,0,"normal","I",1000,100,0.5,0,0,0,FALSE,0,FALSE,0.5,"leave-d",200,0.7,1e+05,TRUE,277
10,0,0,0,11.2978921816832,4.05694195369776,18.5388424096685,4.65052084536997,-4.06033381974807,13.361375510488,11.4749969468683,0,2.78436209001462,0,"normal","I",1000,100,0.5,0,0,0,FALSE,0,FALSE,0.5,"leave-d",200,0.7,1e+05,TRUE,277
10,0,0,0,11.2978921816832,4.05694195369776,18.5388424096685,3.9436247065341,-7.88905454004965,15.7763039531178,11.4749969468683,0,0.741207573322956,0,"normal","I",1000,100,0.5,0,0,0,FALSE,0,FALSE,0.5,"leave-d",200,0.7,1e+05,TRUE,277
10,0,0,0,11.2978921816832,4.05694195369776,18.5388424096685,6.94255826955815,-4.75689928101613,18.6420158201324,11.4749969468683,0,5.54125146541621,0,"normal","I",1000,100,0.5,0,0,0,FALSE,0,FALSE,0.5,"leave-d",200,0.7,1e+05,TRUE,277
10,0,0,0,11.2978921816832,4.05694195369776,18.5388424096685,17.1768818851511,4.9088676882677,29.4448960820345,11.4749969468683,0,11.8967082351282,0,"normal","I",1000,100,0.5,0,0,0,FALSE,0,FALSE,0.5,"leave-d",200,0.7,1e+05,TRUE,277
10,0,0,0,11.2978921816832,4.05694195369776,18.5388424096685,15.7490310564957,2.41420460816914,29.0838575048222,11.4749969468683,0,11.8841274529014,0,"normal","I",1000,100,0.5,0,0,0,FALSE,0,FALSE,0.5,"leave-d",200,0.7,1e+05,TRUE,277
10,0,0,0,11.2978921816832,4.05694195369776,18.5388424096685,13.2000059337055,1.40454683847508,24.9954650289358,11.4749969468683,0,12.0144893484646,0,"normal","I",1000,100,0.5,0,0,0,FALSE,0,FALSE,0.5,"leave-d",200,0.7,1e+05,TRUE,277
10,0,0,0,11.2978921816832,4.05694195369776,18.5388424096685,23.5882157893536,10.2919229087911,36.8845086699161,11.4749969468683,0,12.8157578177279,0,"normal","I",1000,100,0.5,0,0,0,FALSE,0,FALSE,0.5,"leave-d",200,0.7,1e+05,TRUE,277
10,0,0,0,11.2978921816832,4.05694195369776,18.5388424096685,7.18163368629933,-8.02565840769511,22.3889257802938,11.4749969468683,0,4.06499302025131,0,"normal","I",1000,100,0.5,0,0,0,FALSE,0,FALSE,0.5,"leave-d",200,0.7,1e+05,TRUE,277
10,0,0,0,11.2978921816832,4.05694195369776,18.5388424096685,11.5192696400202,0.638688467752033,22.3998508122883,11.4749969468683,0,10.7283778438966,0,"normal","I",1000,100,0.5,0,0,0,FALSE,0,FALSE,0.5,"leave-d",200,0.7,1e+05,TRUE,277
10,0,0,0,11.2978921816832,4.05694195369776,18.5388424096685,11.8294181511178,1.82989707329349,21.8289392289421,11.4749969468683,0,9.8910448242256,0,"normal","I",1000,100,0.5,0,0,0,FALSE,0,FALSE,0.5,"leave-d",200,0.7,1e+05,TRUE,277
10,0,0,0,11.2978921816832,4.05694195369776,18.5388424096685,10.0234570171802,-5.47929974013859,25.5262137744989,11.4749969468683,0,12.2144853072818,0,"normal","I",1000,100,0.5,0,0,0,FALSE,0,FALSE,0.5,"leave-d",200,0.7,1e+05,TRUE,277
10,0,0,0,11.2978921816832,4.05694195369776,18.5388424096685,17.7241266039586,3.63644299221768,31.8118102156995,11.4749969468683,0,14.1788537086719,0,"normal","I",1000,100,0.5,0,0,0,FALSE,0,FALSE,0.5,"leave-d",200,0.7,1e+05,TRUE,277
10,0,0,0,11.2978921816832,4.05694195369776,18.5388424096685,14.6430662188902,4.81580835231802,24.4703240854624,11.4749969468683,0,9.60048322186809,0,"normal","I",1000,100,0.5,0,0,0,FALSE,0,FALSE,0.5,"leave-d",200,0.7,1e+05,TRUE,277
10,0,0,0,11.2978921816832,4.05694195369776,18.5388424096685,12.2834869797026,-0.898649439439112,25.4656233988444,11.4749969468683,0,13.1006833711843,0,"normal","I",1000,100,0.5,0,0,0,FALSE,0,FALSE,0.5,"leave-d",200,0.7,1e+05,TRUE,277
10,0,0,0,11.2978921816832,4.05694195369776,18.5388424096685,0.0273549418858372,-15.8831021562027,15.9378120399744,11.4749969468683,0,0,0,"normal","I",1000,100,0.5,0,0,0,FALSE,0,FALSE,0.5,"leave-d",200,0.7,1e+05,TRUE,277
10,0,0,0,11.2978921816832,4.05694195369776,18.5388424096685,17.4664681977148,5.70863913576642,29.2242972596633,11.4749969468683,0,11.3558971171438,0,"normal","I",1000,100,0.5,0,0,0,FALSE,0,FALSE,0.5,"leave-d",200,0.7,1e+05,TRUE,277
10,0,0,0,11.2978921816832,4.05694195369776,18.5388424096685,34.1018270146762,20.5860218350621,47.6176321942903,11.4749969468683,0,12.7571489958081,0,"normal","I",1000,100,0.5,0,0,0,FALSE,0,FALSE,0.5,"leave-d",200,0.7,1e+05,TRUE,277
10,0,0,0,11.2978921816832,4.05694195369776,18.5388424096685,14.1119070835886,-2.76556205226095,30.9893762194381,11.4749969468683,0,17.0780536239305,0,"normal","I",1000,100,0.5,0,0,0,FALSE,0,FALSE,0.5,"leave-d",200,0.7,1e+05,TRUE,277
10,0,0,0,11.2978921816832,4.05694195369776,18.5388424096685,11.9282563099008,-0.19313280406212,24.0496454238637,11.4749969468683,0,12.3264657754256,0,"normal","I",1000,100,0.5,0,0,0,FALSE,0,FALSE,0.5,"leave-d",200,0.7,1e+05,TRUE,277
10,0,0,0,11.2978921816832,4.05694195369776,18.5388424096685,23.6667521330175,7.00603459848133,40.3274696675536,11.4749969468683,0,16.2341536860629,0,"normal","I",1000,100,0.5,0,0,0,FALSE,0,FALSE,0.5,"leave-d",200,0.7,1e+05,TRUE,277
10,0,0,0,11.2978921816832,4.05694195369776,18.5388424096685,16.9185203887106,6.15521685492327,27.6818239224979,11.4749969468683,0,10.6377568841445,0,"normal","I",1000,100,0.5,0,0,0,FALSE,0,FALSE,0.5,"leave-d",200,0.7,1e+05,TRUE,277
10,0,0,0,11.2978921816832,4.05694195369776,18.5388424096685,18.4465386113668,6.98745229008698,29.9056249326465,11.4749969468683,0,11.212354780176,0,"normal","I",1000,100,0.5,0,0,0,FALSE,0,FALSE,0.5,"leave-d",200,0.7,1e+05,TRUE,277
10,0,0,0,11.2978921816832,4.05694195369776,18.5388424096685,13.4356536436624,-0.959039031894182,27.8303463192191,11.4749969468683,0,11.3131172994992,0,"normal","I",1000,100,0.5,0,0,0,FALSE,0,FALSE,0.5,"leave-d",200,0.7,1e+05,TRUE,277
10,0,0,0,11.2978921816832,4.05694195369776,18.5388424096685,5.83237247145022,-4.69496901254551,16.3597139554459,11.4749969468683,0,5.72945197035311,0,"normal","I",1000,100,0.5,0,0,0,FALSE,0,FALSE,0.5,"leave-d",200,0.7,1e+05,TRUE,277
10,0,0,0,11.2978921816832,4.05694195369776,18.5388424096685,15.5886774664648,4.7186113298545,26.4587436030752,11.4749969468683,0,10.7330164504793,0,"normal","I",1000,100,0.5,0,0,0,FALSE,0,FALSE,0.5,"leave-d",200,0.7,1e+05,TRUE,277
10,0,0,0,11.2978921816832,4.05694195369776,18.5388424096685,18.2504533192492,6.13873070060131,30.362175937897,11.4749969468683,0,11.8557454708243,0,"normal","I",1000,100,0.5,0,0,0,FALSE,0,FALSE,0.5,"leave-d",200,0.7,1e+05,TRUE,277
10,0,0,0,11.2978921816832,4.05694195369776,18.5388424096685,18.4464350851296,2.8518959859746,34.0409741842846,11.4749969468683,0,15.2866254606162,0,"normal","I",1000,100,0.5,0,0,0,FALSE,0,FALSE,0.5,"leave-d",200,0.7,1e+05,TRUE,277
10,0,0,0,11.2978921816832,4.05694195369776,18.5388424096685,21.5143809278257,5.62577157676602,37.4029902788854,11.4749969468683,0,15.6510602923912,0,"normal","I",1000,100,0.5,0,0,0,FALSE,0,FALSE,0.5,"leave-d",200,0.7,1e+05,TRUE,277
10,0,0,0,11.2978921816832,4.05694195369776,18.5388424096685,7.18482000844966,-3.13428993468449,17.5039299515838,11.4749969468683,0,7.2041661326685,0,"normal","I",1000,100,0.5,0,0,0,FALSE,0,FALSE,0.5,"leave-d",200,0.7,1e+05,TRUE,277
10,0,0,0,11.2978921816832,4.05694195369776,18.5388424096685,13.1793480858575,2.80770233180606,23.5509938399089,11.4749969468683,0,10.3737485256632,0,"normal","I",1000,100,0.5,0,0,0,FALSE,0,FALSE,0.5,"leave-d",200,0.7,1e+05,TRUE,277
10,0,0,0,11.2978921816832,4.05694195369776,18.5388424096685,11.2841799501317,-3.54584619063473,26.1142060908981,11.4749969468683,0,10.7468318513255,0,"normal","I",1000,100,0.5,0,0,0,FALSE,0,FALSE,0.5,"leave-d",200,0.7,1e+05,TRUE,277
10,0,0,0,11.2978921816832,4.05694195369776,18.5388424096685,33.7982466709144,17.3121574708483,50.2843358709804,11.4749969468683,0,15.9445523406509,0,"normal","I",1000,100,0.5,0,0,0,FALSE,0,FALSE,0.5,"leave-d",200,0.7,1e+05,TRUE,277
10,0,0,0,11.2978921816832,4.05694195369776,18.5388424096685,5.49186782386321,-5.89442190024136,16.8781575479678,11.4749969468683,0,2.20712435000627,0,"normal","I",1000,100,0.5,0,0,0,FALSE,0,FALSE,0.5,"leave-d",200,0.7,1e+05,TRUE,277
10,0,0,0,11.2978921816832,4.05694195369776,18.5388424096685,8.91462297861792,-4.47130158807262,22.3005475453085,11.4749969468683,0,4.90823505896457,0,"normal","I",1000,100,0.5,0,0,0,FALSE,0,FALSE,0.5,"leave-d",200,0.7,1e+05,TRUE,277
10,0,0,0,11.2978921816832,4.05694195369776,18.5388424096685,23.7724848754798,12.0454469860052,35.4995227649544,11.4749969468683,0,11.2497160146012,0,"normal","I",1000,100,0.5,0,0,0,FALSE,0,FALSE,0.5,"leave-d",200,0.7,1e+05,TRUE,277
10,0,0,0,11.2978921816832,4.05694195369776,18.5388424096685,15.2971298302135,3.58202675728907,27.0122329031378,11.4749969468683,0,11.6376299199378,0,"normal","I",1000,100,0.5,0,0,0,FALSE,0,FALSE,0.5,"leave-d",200,0.7,1e+05,TRUE,277
10,0,0,0,11.2978921816832,4.05694195369776,18.5388424096685,13.1700896001008,-1.4847072052596,27.8248864054612,11.4749969468683,0,7.32961560083902,0,"normal","I",1000,100,0.5,0,0,0,FALSE,0,FALSE,0.5,"leave-d",200,0.7,1e+05,TRUE,277
10,0,0,0,11.2978921816832,4.05694195369776,18.5388424096685,11.4911261517115,-0.799791340548834,23.7820436439719,11.4749969468683,0,6.20201288911653,0,"normal","I",1000,100,0.5,0,0,0,FALSE,0,FALSE,0.5,"leave-d",200,0.7,1e+05,TRUE,277
10,0,0,0,11.2978921816832,4.05694195369776,18.5388424096685,6.23834051994294,-7.36118015016059,19.8378611900465,11.4749969468683,0,7.93246883653933,0,"normal","I",1000,100,0.5,0,0,0,FALSE,0,FALSE,0.5,"leave-d",200,0.7,1e+05,TRUE,277
10,0,0,0,11.2978921816832,4.05694195369776,18.5388424096685,8.82242605685074,-2.72055635306116,20.3654084667626,11.4749969468683,0,11.3199859031517,0,"normal","I",1000,100,0.5,0,0,0,FALSE,0,FALSE,0.5,"leave-d",200,0.7,1e+05,TRUE,277
10,0,0,0,11.2978921816832,4.05694195369776,18.5388424096685,7.53732169787197,-2.9879788011748,18.0626221969187,11.4749969468683,0,8.66868035316198,0,"normal","I",1000,100,0.5,0,0,0,FALSE,0,FALSE,0.5,"leave-d",200,0.7,1e+05,TRUE,277
10,0,0,0,11.2978921816832,4.05694195369776,18.5388424096685,8.31709667245686,-0.994277379637278,17.628470724551,11.4749969468683,0,9.39260245700616,0,"normal","I",1000,100,0.5,0,0,0,FALSE,0,FALSE,0.5,"leave-d",200,0.7,1e+05,TRUE,277
10,0,0,0,11.2978921816832,4.05694195369776,18.5388424096685,5.65447545254559,-7.05529615330346,18.3642470583946,11.4749969468683,0,2.39035643987816,0,"normal","I",1000,100,0.5,0,0,0,FALSE,0,FALSE,0.5,"leave-d",200,0.7,1e+05,TRUE,277
10,0,0,0,11.2978921816832,4.05694195369776,18.5388424096685,19.7720512846347,5.12088629326131,34.423216276008,11.4749969468683,0,14.3644252716373,0,"normal","I",1000,100,0.5,0,0,0,FALSE,0,FALSE,0.5,"leave-d",200,0.7,1e+05,TRUE,277
10,0,0,0,11.2978921816832,4.05694195369776,18.5388424096685,8.9639950847217,-2.03612028855849,19.9641104580019,11.4749969468683,0,9.74103746318875,0,"normal","I",1000,100,0.5,0,0,0,FALSE,0,FALSE,0.5,"leave-d",200,0.7,1e+05,TRUE,277
10,0,0,0,11.2978921816832,4.05694195369776,18.5388424096685,13.8829301249707,1.81677270520614,25.9490875447353,11.4749969468683,0,12.058689844892,0,"normal","I",1000,100,0.5,0,0,0,FALSE,0,FALSE,0.5,"leave-d",200,0.7,1e+05,TRUE,277
10,0,0,0,11.2978921816832,4.05694195369776,18.5388424096685,18.5858503760427,6.16171055683955,31.0099901952459,11.4749969468683,0,12.1430168264785,0,"normal","I",1000,100,0.5,0,0,0,FALSE,0,FALSE,0.5,"leave-d",200,0.7,1e+05,TRUE,277
10,0,0,0,11.2978921816832,4.05694195369776,18.5388424096685,17.1622520680478,2.1470149711133,32.1774891649823,11.4749969468683,0,13.9874693051071,0,"normal","I",1000,100,0.5,0,0,0,FALSE,0,FALSE,0.5,"leave-d",200,0.7,1e+05,TRUE,277
10,0,0,0,11.2978921816832,4.05694195369776,18.5388424096685,21.0713017523138,7.31899184229438,34.8236116623333,11.4749969468683,0,13.3002125340953,0,"normal","I",1000,100,0.5,0,0,0,FALSE,0,FALSE,0.5,"leave-d",200,0.7,1e+05,TRUE,277
10,0,0,0,11.2978921816832,4.05694195369776,18.5388424096685,14.8657737838125,2.38765389572531,27.3438936718997,11.4749969468683,0,12.4487314791086,0,"normal","I",1000,100,0.5,0,0,0,FALSE,0,FALSE,0.5,"leave-d",200,0.7,1e+05,TRUE,277
10,0,0,0,11.2978921816832,4.05694195369776,18.5388424096685,-1.93662525414769,-13.629275660083,9.75602515178765,11.4749969468683,0,0,0,"normal","I",1000,100,0.5,0,0,0,FALSE,0,FALSE,0.5,"leave-d",200,0.7,1e+05,TRUE,277
10,0,0,0,11.2978921816832,4.05694195369776,18.5388424096685,7.45832019575116,-2.60918090251662,17.5258212940189,11.4749969468683,0,10.1353065164166,0,"normal","I",1000,100,0.5,0,0,0,FALSE,0,FALSE,0.5,"leave-d",200,0.7,1e+05,TRUE,277
10,0,0,0,11.2978921816832,4.05694195369776,18.5388424096685,4.25911762232453,-8.7914723926119,17.309707637261,11.4749969468683,0,0.333739123560004,0,"normal","I",1000,100,0.5,0,0,0,FALSE,0,FALSE,0.5,"leave-d",200,0.7,1e+05,TRUE,277
10,0,0,0,11.2978921816832,4.05694195369776,18.5388424096685,13.6003916997061,-1.01421585973405,28.2149992591462,11.4749969468683,0,9.72326868546898,0,"normal","I",1000,100,0.5,0,0,0,FALSE,0,FALSE,0.5,"leave-d",200,0.7,1e+05,TRUE,277
10,0,0,0,11.2978921816832,4.05694195369776,18.5388424096685,6.31690746585684,-4.89164077661274,17.5254557083264,11.4749969468683,0,5.45501911931032,0,"normal","I",1000,100,0.5,0,0,0,FALSE,0,FALSE,0.5,"leave-d",200,0.7,1e+05,TRUE,277
10,0,0,0,11.2978921816832,4.05694195369776,18.5388424096685,-0.359144584950578,-9.8392839890107,9.12099481910955,11.4749969468683,0,0,0,"normal","I",1000,100,0.5,0,0,0,FALSE,0,FALSE,0.5,"leave-d",200,0.7,1e+05,TRUE,277
10,0,0,0,11.2978921816832,4.05694195369776,18.5388424096685,12.4781868368468,2.06757219682534,22.8888014768683,11.4749969468683,0,10.2711307236865,0,"normal","I",1000,100,0.5,0,0,0,FALSE,0,FALSE,0.5,"leave-d",200,0.7,1e+05,TRUE,277
10,0,0,0,11.2978921816832,4.05694195369776,18.5388424096685,6.8115896527648,-5.96709328213958,19.5902725876692,11.4749969468683,0,5.89336365910918,0,"normal","I",1000,100,0.5,0,0,0,FALSE,0,FALSE,0.5,"leave-d",200,0.7,1e+05,TRUE,277
10,0,0,0,11.2978921816832,4.05694195369776,18.5388424096685,7.03339233133924,-1.75296134522889,15.8197460079074,11.4749969468683,0,8.94727255656257,0,"normal","I",1000,100,0.5,0,0,0,FALSE,0,FALSE,0.5,"leave-d",200,0.7,1e+05,TRUE,277
10,0,0,0,11.2978921816832,4.05694195369776,18.5388424096685,5.66405457652395,-8.4028028696023,19.7309120226502,11.4749969468683,0,1.31122081204608,0,"normal","I",1000,100,0.5,0,0,0,FALSE,0,FALSE,0.5,"leave-d",200,0.7,1e+05,TRUE,277
10,0,0,0,11.2978921816832,4.05694195369776,18.5388424096685,14.104889777029,3.74715647517406,24.4626230788839,11.4749969468683,0,10.1667484755421,0,"normal","I",1000,100,0.5,0,0,0,FALSE,0,FALSE,0.5,"leave-d",200,0.7,1e+05,TRUE,277
10,0,0,0,11.2978921816832,4.05694195369776,18.5388424096685,12.6605413958559,-1.30117513806392,26.6222579297757,11.4749969468683,0,7.08600765502501,0,"normal","I",1000,100,0.5,0,0,0,FALSE,0,FALSE,0.5,"leave-d",200,0.7,1e+05,TRUE,277
10,0,0,0,11.2978921816832,4.05694195369776,18.5388424096685,4.27239787915022,-5.00073926852559,13.545535026826,11.4749969468683,0,1.1586935767149,0,"normal","I",1000,100,0.5,0,0,0,FALSE,0,FALSE,0.5,"leave-d",200,0.7,1e+05,TRUE,277
10,0,0,0,11.2978921816832,4.05694195369776,18.5388424096685,18.499264264578,4.80707054817118,32.1914579809848,11.4749969468683,0,13.8256546103576,0,"normal","I",1000,100,0.5,0,0,0,FALSE,0,FALSE,0.5,"leave-d",200,0.7,1e+05,TRUE,277
10,0,0,0,11.2978921816832,4.05694195369776,18.5388424096685,-0.485947263534529,-10.582238616644,9.61034408957497,11.4749969468683,0,0,0,"normal","I",1000,100,0.5,0,0,0,FALSE,0,FALSE,0.5,"leave-d",200,0.7,1e+05,TRUE,277
10,0,0,0,11.2978921816832,4.05694195369776,18.5388424096685,13.5657109884675,0.0480433540848413,27.0833786228502,11.4749969468683,0,10.1945255703847,0,"normal","I",1000,100,0.5,0,0,0,FALSE,0,FALSE,0.5,"leave-d",200,0.7,1e+05,TRUE,277
10,0,0,0,11.2978921816832,4.05694195369776,18.5388424096685,19.8303302259447,6.11790843527569,33.5427520166138,11.4749969468683,0,13.4669326818714,0,"normal","I",1000,100,0.5,0,0,0,FALSE,0,FALSE,0.5,"leave-d",200,0.7,1e+05,TRUE,277
10,0,0,0,11.2978921816832,4.05694195369776,18.5388424096685,20.6225100892168,9.94161578465008,31.3034043937835,11.4749969468683,0,10.3732944643635,0,"normal","I",1000,100,0.5,0,0,0,FALSE,0,FALSE,0.5,"leave-d",200,0.7,1e+05,TRUE,277
10,0,0,0,11.2978921816832,4.05694195369776,18.5388424096685,13.3711233146346,2.30604747715744,24.4361991521117,11.4749969468683,0,11.1006497130848,0,"normal","I",1000,100,0.5,0,0,0,FALSE,0,FALSE,0.5,"leave-d",200,0.7,1e+05,TRUE,277
10,0,0,0,11.2978921816832,4.05694195369776,18.5388424096685,3.58154144282109,-5.37717816088892,12.5402610465311,11.4749969468683,0,1.44162410529877,0,"normal","I",1000,100,0.5,0,0,0,FALSE,0,FALSE,0.5,"leave-d",200,0.7,1e+05,TRUE,277
10,0,0,0,11.2978921816832,4.05694195369776,18.5388424096685,18.6067225298545,5.42441701330212,31.7890280464068,11.4749969468683,0,13.2158260012945,0,"normal","I",1000,100,0.5,0,0,0,FALSE,0,FALSE,0.5,"leave-d",200,0.7,1e+05,TRUE,277
10,0,0,0,11.2978921816832,4.05694195369776,18.5388424096685,26.782448172819,9.65611576893143,43.9087805767065,11.4749969468683,0,16.2078775341689,0,"normal","I",1000,100,0.5,0,0,0,FALSE,0,FALSE,0.5,"leave-d",200,0.7,1e+05,TRUE,277
10,0,0,0,11.2978921816832,4.05694195369776,18.5388424096685,13.9499128924167,-1.06399896358717,28.9638247484206,11.4749969468683,0,15.2231378879697,0,"normal","I",1000,100,0.5,0,0,0,FALSE,0,FALSE,0.5,"leave-d",200,0.7,1e+05,TRUE,277
10,0,0,0,11.2978921816832,4.05694195369776,18.5388424096685,15.9688917070922,2.65810591117276,29.2796775030116,11.4749969468683,0,9.54294820309881,0,"normal","I",1000,100,0.5,0,0,0,FALSE,0,FALSE,0.5,"leave-d",200,0.7,1e+05,TRUE,277
10,0,0,0,11.2978921816832,4.05694195369776,18.5388424096685,9.93607868370532,-1.09178008907796,20.9639374564886,11.4749969468683,0,9.69180620796383,0,"normal","I",1000,100,0.5,0,0,0,FALSE,0,FALSE,0.5,"leave-d",200,0.7,1e+05,TRUE,277
10,0,0,0,11.2978921816832,4.05694195369776,18.5388424096685,23.4689116230031,11.3117416276523,35.626081618354,11.4749969468683,0,11.9171073540005,0,"normal","I",1000,100,0.5,0,0,0,FALSE,0,FALSE,0.5,"leave-d",200,0.7,1e+05,TRUE,277
10,0,0,0,11.2978921816832,4.05694195369776,18.5388424096685,24.2392596608742,12.0699129876381,36.4086063341103,11.4749969468683,0,11.3310906011907,0,"normal","I",1000,100,0.5,0,0,0,FALSE,0,FALSE,0.5,"leave-d",200,0.7,1e+05,TRUE,277
10,0,0,0,11.2978921816832,4.05694195369776,18.5388424096685,0.649033765685958,-10.1546219080754,11.4526894394473,11.4749969468683,0,0,0,"normal","I",1000,100,0.5,0,0,0,FALSE,0,FALSE,0.5,"leave-d",200,0.7,1e+05,TRUE,277
10,0,0,0,11.2978921816832,4.05694195369776,18.5388424096685,9.28954668419412,-3.50137465805386,22.0804680264421,11.4749969468683,0,8.05334034046494,0,"normal","I",1000,100,0.5,0,0,0,FALSE,0,FALSE,0.5,"leave-d",200,0.7,1e+05,TRUE,277
10,0,0,0,11.2978921816832,4.05694195369776,18.5388424096685,10.7211063427767,-1.08046180965665,22.52267449521,11.4749969468683,0,11.445997376187,0,"normal","I",1000,100,0.5,0,0,0,FALSE,0,FALSE,0.5,"leave-d",200,0.7,1e+05,TRUE,277
10,0,0,0,11.2978921816832,4.05694195369776,18.5388424096685,7.34761535612373,-2.15932054297379,16.8545512552212,11.4749969468683,0,4.09480273490232,0,"normal","I",1000,100,0.5,0,0,0,FALSE,0,FALSE,0.5,"leave-d",200,0.7,1e+05,TRUE,277
10,0,0,0,11.2978921816832,4.05694195369776,18.5388424096685,13.3956471318857,-0.767750789228954,27.5590450530004,11.4749969468683,0,12.2056883491105,0,"normal","I",1000,100,0.5,0,0,0,FALSE,0,FALSE,0.5,"leave-d",200,0.7,1e+05,TRUE,277
10,0,0,0,11.2978921816832,4.05694195369776,18.5388424096685,7.77922932706181,-4.54379096831303,20.1022496224367,11.4749969468683,0,4.3530545630693,0,"normal","I",1000,100,0.5,0,0,0,FALSE,0,FALSE,0.5,"leave-d",200,0.7,1e+05,TRUE,277
10,0,0,0,11.2978921816832,4.05694195369776,18.5388424096685,6.42836354565626,-3.22336352155496,16.0800906128675,11.4749969468683,0,4.93898652096615,0,"normal","I",1000,100,0.5,0,0,0,FALSE,0,FALSE,0.5,"leave-d",200,0.7,1e+05,TRUE,277
10,0,0,0,11.2978921816832,4.05694195369776,18.5388424096685,8.27712386708333,-2.13934455576873,18.6935922899354,11.4749969468683,0,9.10250207261447,0,"normal","I",1000,100,0.5,0,0,0,FALSE,0,FALSE,0.5,"leave-d",200,0.7,1e+05,TRUE,277
10,0,0,0,11.2978921816832,4.05694195369776,18.5388424096685,17.6419429531767,2.406107344729,32.8777785616244,11.4749969468683,0,13.6310289365073,0,"normal","I",1000,100,0.5,0,0,0,FALSE,0,FALSE,0.5,"leave-d",200,0.7,1e+05,TRUE,277
10,0,0,0,11.2978921816832,4.05694195369776,18.5388424096685,10.4606484405636,-2.31714001212901,23.2384368932562,11.4749969468683,0,11.4786444495091,0,"normal","I",1000,100,0.5,0,0,0,FALSE,0,FALSE,0.5,"leave-d",200,0.7,1e+05,TRUE,277
10,0,0,0,11.2978921816832,4.05694195369776,18.5388424096685,5.78353200965631,-6.11352510700427,17.6805891263169,11.4749969468683,0,7.26433651132176,0,"normal","I",1000,100,0.5,0,0,0,FALSE,0,FALSE,0.5,"leave-d",200,0.7,1e+05,TRUE,277
10,0,0,0,11.2978921816832,4.05694195369776,18.5388424096685,18.1380525197202,4.99973338140246,31.276371658038,11.4749969468683,0,12.8096553220521,0,"normal","I",1000,100,0.5,0,0,0,FALSE,0,FALSE,0.5,"leave-d",200,0.7,1e+05,TRUE,277
10,0,0,0,11.2978921816832,4.05694195369776,18.5388424096685,-3.92546637341364,-16.9348314009271,9.08389865409983,11.4749969468683,0,0,0,"normal","I",1000,100,0.5,0,0,0,FALSE,0,FALSE,0.5,"leave-d",200,0.7,1e+05,TRUE,277
10,0,0,0,11.2978921816832,4.05694195369776,18.5388424096685,-2.02020609202806,-14.0839099846705,10.0434978006144,11.4749969468683,0,0,0,"normal","I",1000,100,0.5,0,0,0,FALSE,0,FALSE,0.5,"leave-d",200,0.7,1e+05,TRUE,277
10,0,0,0,11.2978921816832,4.05694195369776,18.5388424096685,27.3377864623091,11.6279237134986,43.0476492111197,11.4749969468683,0,15.4283019207988,0,"normal","I",1000,100,0.5,0,0,0,FALSE,0,FALSE,0.5,"leave-d",200,0.7,1e+05,TRUE,277
10,0,0,0,11.2978921816832,4.05694195369776,18.5388424096685,24.1542108253845,15.4166130232748,32.8918086274941,11.4749969468683,0,8.16154446841148,0,"normal","I",1000,100,0.5,0,0,0,FALSE,0,FALSE,0.5,"leave-d",200,0.7,1e+05,TRUE,277
10,0,0,0,11.2978921816832,4.05694195369776,18.5388424096685,3.61067700825636,-12.4340783884972,19.65543240501,11.4749969468683,0,0,0,"normal","I",1000,100,0.5,0,0,0,FALSE,0,FALSE,0.5,"leave-d",200,0.7,1e+05,TRUE,277
10,0,0,0,11.2978921816832,4.05694195369776,18.5388424096685,8.51053344000952,-4.4937551939467,21.5148220739657,11.4749969468683,0,10.9111373802093,0,"normal","I",1000,100,0.5,0,0,0,FALSE,0,FALSE,0.5,"leave-d",200,0.7,1e+05,TRUE,277
10,0,0,0,11.2978921816832,4.05694195369776,18.5388424096685,22.3289485093934,4.96099153251539,39.6969054862713,11.4749969468683,0,16.9308937045994,0,"normal","I",1000,100,0.5,0,0,0,FALSE,0,FALSE,0.5,"leave-d",200,0.7,1e+05,TRUE,277
10,0,0,0,11.2978921816832,4.05694195369776,18.5388424096685,9.9718943132081,-1.40588857793754,21.3496772043537,11.4749969468683,0,11.3796693264378,0,"normal","I",1000,100,0.5,0,0,0,FALSE,0,FALSE,0.5,"leave-d",200,0.7,1e+05,TRUE,277
10,0,0,0,11.2978921816832,4.05694195369776,18.5388424096685,13.3280192375982,2.34188758273829,24.314150892458,11.4749969468683,0,8.7190046264758,0,"normal","I",1000,100,0.5,0,0,0,FALSE,0,FALSE,0.5,"leave-d",200,0.7,1e+05,TRUE,277
10,0,0,0,11.2978921816832,4.05694195369776,18.5388424096685,1.94478078674773,-9.71605842559268,13.6056199990881,11.4749969468683,0,0,0,"normal","I",1000,100,0.5,0,0,0,FALSE,0,FALSE,0.5,"leave-d",200,0.7,1e+05,TRUE,277
10,0,0,0,11.2978921816832,4.05694195369776,18.5388424096685,16.307454857049,0.682523171335269,31.9323865427628,11.4749969468683,0,15.9261564876708,0,"normal","I",1000,100,0.5,0,0,0,FALSE,0,FALSE,0.5,"leave-d",200,0.7,1e+05,TRUE,277
10,0,0,0,11.2978921816832,4.05694195369776,18.5388424096685,21.170441564191,6.60566330833488,35.735219820047,11.4749969468683,0,14.3081376551659,0,"normal","I",1000,100,0.5,0,0,0,FALSE,0,FALSE,0.5,"leave-d",200,0.7,1e+05,TRUE,277
10,0,0,0,11.2978921816832,4.05694195369776,18.5388424096685,6.98903344209002,-6.57704543612755,20.5551123203076,11.4749969468683,0,4.0565988791622,0,"normal","I",1000,100,0.5,0,0,0,FALSE,0,FALSE,0.5,"leave-d",200,0.7,1e+05,TRUE,277
10,0,0,0,11.2978921816832,4.05694195369776,18.5388424096685,14.904049153211,3.66444783085981,26.1436504755623,11.4749969468683,0,11.0681477450119,0,"normal","I",1000,100,0.5,0,0,0,FALSE,0,FALSE,0.5,"leave-d",200,0.7,1e+05,TRUE,277
10,0,0,0,11.2978921816832,4.05694195369776,18.5388424096685,10.3245241996001,-5.69761513225526,26.3466635314555,11.4749969468683,0,12.646776769571,0,"normal","I",1000,100,0.5,0,0,0,FALSE,0,FALSE,0.5,"leave-d",200,0.7,1e+05,TRUE,277
10,0,0,0,11.2978921816832,4.05694195369776,18.5388424096685,9.94632945576222,-3.37592914299554,23.26858805452,11.4749969468683,0,9.00545309941295,0,"normal","I",1000,100,0.5,0,0,0,FALSE,0,FALSE,0.5,"leave-d",200,0.7,1e+05,TRUE,277
10,0,0,0,11.2978921816832,4.05694195369776,18.5388424096685,16.5442328190856,0.176927147903104,32.9115384902682,11.4749969468683,0,14.2144923108927,0,"normal","I",1000,100,0.5,0,0,0,FALSE,0,FALSE,0.5,"leave-d",200,0.7,1e+05,TRUE,277
10,0,0,0,11.2978921816832,4.05694195369776,18.5388424096685,8.34275468252321,-2.78238117407703,19.4678905391234,11.4749969468683,0,4.84209906005816,0,"normal","I",1000,100,0.5,0,0,0,FALSE,0,FALSE,0.5,"leave-d",200,0.7,1e+05,TRUE,277
10,0,0,0,11.2978921816832,4.05694195369776,18.5388424096685,10.4585075838847,0.732753081212154,20.1842620865572,11.4749969468683,0,9.29291176066723,0,"normal","I",1000,100,0.5,0,0,0,FALSE,0,FALSE,0.5,"leave-d",200,0.7,1e+05,TRUE,277
10,0,0,0,11.2978921816832,4.05694195369776,18.5388424096685,7.42541832902998,-3.63268146567309,18.4835181237331,11.4749969468683,0,5.78680852345603,0,"normal","I",1000,100,0.5,0,0,0,FALSE,0,FALSE,0.5,"leave-d",200,0.7,1e+05,TRUE,277
10,0,0,0,11.2978921816832,4.05694195369776,18.5388424096685,18.7486714257991,7.50926000388855,29.9880828477096,11.4749969468683,0,11.0091330749988,0,"normal","I",1000,100,0.5,0,0,0,FALSE,0,FALSE,0.5,"leave-d",200,0.7,1e+05,TRUE,277
10,0,0,0,11.2978921816832,4.05694195369776,18.5388424096685,21.4366511765939,6.84342557314135,36.0298767800464,11.4749969468683,0,14.3662948022838,0,"normal","I",1000,100,0.5,0,0,0,FALSE,0,FALSE,0.5,"leave-d",200,0.7,1e+05,TRUE,277
10,0,0,0,11.2978921816832,4.05694195369776,18.5388424096685,16.5868067802579,0.634114111302566,32.5394994492132,11.4749969468683,0,10.230279207766,0,"normal","I",1000,100,0.5,0,0,0,FALSE,0,FALSE,0.5,"leave-d",200,0.7,1e+05,TRUE,277
10,0,0,0,11.2978921816832,4.05694195369776,18.5388424096685,9.24997156532145,-3.23811010639496,21.7380532370379,11.4749969468683,0,8.11103668471312,0,"normal","I",1000,100,0.5,0,0,0,FALSE,0,FALSE,0.5,"leave-d",200,0.7,1e+05,TRUE,277
10,0,0,0,11.2978921816832,4.05694195369776,18.5388424096685,13.1986464389834,-1.51442529594877,27.9117181739156,11.4749969468683,0,9.57102397159442,0,"normal","I",1000,100,0.5,0,0,0,FALSE,0,FALSE,0.5,"leave-d",200,0.7,1e+05,TRUE,277
10,0,0,0,11.2978921816832,4.05694195369776,18.5388424096685,8.746850382234,-1.98404628549394,19.477747049962,11.4749969468683,0,8.2854735392444,0,"normal","I",1000,100,0.5,0,0,0,FALSE,0,FALSE,0.5,"leave-d",200,0.7,1e+05,TRUE,277
10,0,0,0,11.2978921816832,4.05694195369776,18.5388424096685,9.0298237927589,-3.63475429986256,21.6944018853804,11.4749969468683,0,6.09035578282985,0,"normal","I",1000,100,0.5,0,0,0,FALSE,0,FALSE,0.5,"leave-d",200,0.7,1e+05,TRUE,277
10,0,0,0,11.2978921816832,4.05694195369776,18.5388424096685,1.74187615915984,-10.9558427314592,14.4395950497789,11.4749969468683,0,0,0,"normal","I",1000,100,0.5,0,0,0,FALSE,0,FALSE,0.5,"leave-d",200,0.7,1e+05,TRUE,277
10,0,0,0,11.2978921816832,4.05694195369776,18.5388424096685,6.27942279154059,-7.72679994860938,20.2856455316906,11.4749969468683,0,4.99295222831895,0,"normal","I",1000,100,0.5,0,0,0,FALSE,0,FALSE,0.5,"leave-d",200,0.7,1e+05,TRUE,277
10,0,0,0,11.2978921816832,4.05694195369776,18.5388424096685,29.7240571983411,13.6403818564927,45.8077325401896,11.4749969468683,0,15.142158642733,0,"normal","I",1000,100,0.5,0,0,0,FALSE,0,FALSE,0.5,"leave-d",200,0.7,1e+05,TRUE,277
10,0,0,0,11.2978921816832,4.05694195369776,18.5388424096685,15.7183262214662,5.75479075196024,25.6818616909722,11.4749969468683,0,9.52140933143565,0,"normal","I",1000,100,0.5,0,0,0,FALSE,0,FALSE,0.5,"leave-d",200,0.7,1e+05,TRUE,277
10,0,0,0,11.2978921816832,4.05694195369776,18.5388424096685,4.0800914371984,-8.53674159348836,16.6969244678851,11.4749969468683,0,0.346979649255883,0,"normal","I",1000,100,0.5,0,0,0,FALSE,0,FALSE,0.5,"leave-d",200,0.7,1e+05,TRUE,277
10,0,0,0,11.2978921816832,4.05694195369776,18.5388424096685,19.5740028805771,3.26063915445968,35.8873666066946,11.4749969468683,0,15.068715627122,0,"normal","I",1000,100,0.5,0,0,0,FALSE,0,FALSE,0.5,"leave-d",200,0.7,1e+05,TRUE,277
10,0,0,0,11.2978921816832,4.05694195369776,18.5388424096685,29.215489220463,15.6028333610048,42.8281450799212,11.4749969468683,0,12.7899294666767,0,"normal","I",1000,100,0.5,0,0,0,FALSE,0,FALSE,0.5,"leave-d",200,0.7,1e+05,TRUE,277
10,0,0,0,11.2978921816832,4.05694195369776,18.5388424096685,7.01889824828466,-11.2531811844887,25.290977681058,11.4749969468683,0,1.73859433859551,0,"normal","I",1000,100,0.5,0,0,0,FALSE,0,FALSE,0.5,"leave-d",200,0.7,1e+05,TRUE,277
10,0,0,0,11.2978921816832,4.05694195369776,18.5388424096685,10.4094033675243,-4.47842800955763,25.2972347446062,11.4749969468683,0,13.0222394125343,0,"normal","I",1000,100,0.5,0,0,0,FALSE,0,FALSE,0.5,"leave-d",200,0.7,1e+05,TRUE,277
10,0,0,0,11.2978921816832,4.05694195369776,18.5388424096685,20.181638869034,6.07366570385643,34.2896120342115,11.4749969468683,0,13.8185117875434,0,"normal","I",1000,100,0.5,0,0,0,FALSE,0,FALSE,0.5,"leave-d",200,0.7,1e+05,TRUE,277
10,0,0,0,11.2978921816832,4.05694195369776,18.5388424096685,2.81408589051403,-9.3944384255559,15.022610206584,11.4749969468683,0,0,0,"normal","I",1000,100,0.5,0,0,0,FALSE,0,FALSE,0.5,"leave-d",200,0.7,1e+05,TRUE,277
10,0,0,0,11.2978921816832,4.05694195369776,18.5388424096685,10.3399238325012,-4.29928499107091,24.9791326560733,11.4749969468683,0,9.59445420007201,0,"normal","I",1000,100,0.5,0,0,0,FALSE,0,FALSE,0.5,"leave-d",200,0.7,1e+05,TRUE,277
10,0,0,0,11.2978921816832,4.05694195369776,18.5388424096685,15.5143475181915,2.0402680408415,28.9884269955416,11.4749969468683,0,13.2486819246979,0,"normal","I",1000,100,0.5,0,0,0,FALSE,0,FALSE,0.5,"leave-d",200,0.7,1e+05,TRUE,277
10,0,0,0,11.2978921816832,4.05694195369776,18.5388424096685,22.5084581983702,7.93851950228908,37.0783968944514,11.4749969468683,0,14.4442452422368,0,"normal","I",1000,100,0.5,0,0,0,FALSE,0,FALSE,0.5,"leave-d",200,0.7,1e+05,TRUE,277
10,0,0,0,11.2978921816832,4.05694195369776,18.5388424096685,22.1505949774419,10.1479982767109,34.153191678173,11.4749969468683,0,11.4634704383044,0,"normal","I",1000,100,0.5,0,0,0,FALSE,0,FALSE,0.5,"leave-d",200,0.7,1e+05,TRUE,277
10,0,0,0,11.2978921816832,4.05694195369776,18.5388424096685,10.9738372237437,1.5783907829778,20.3692836645095,11.4749969468683,0,9.46998645049651,0,"normal","I",1000,100,0.5,0,0,0,FALSE,0,FALSE,0.5,"leave-d",200,0.7,1e+05,TRUE,277
