"var_main_effect","var_inter_effect","cov_main_inter_effect","var_total_effect","EigenPrism_main","EigenPrism_CI1","EigenPrism_CI2","sub_EigenPrism_main","sub_EigenPrism_CI1","sub_EigenPrism_CI2","GCTA_main","GCTA_inter","sub_GCTA_main","sub_GCTA_inter","x_dist","structure","p","n","main_fixed_var","main_random_var","inter_fixed_var","inter_random_var","decor","interact","combine","pro","bs","n_sub","rho_e","emp_n","inter_std","i"
10,0,0,0,11.2745444411125,4.07015742979579,18.4789314524292,1.68894309105077,-10.8007494232596,14.1786356053612,13.2405228993001,0,5.6643594102705,0,"normal","I",1000,500,0.5,0,0,0,FALSE,0,FALSE,0.5,"leave-d",200,0.2,1e+05,TRUE,103
10,0,0,0,11.2745444411125,4.07015742979579,18.4789314524292,22.5765318169011,9.19263526250176,35.9604283713005,13.2405228993001,0,21.7896694952074,0,"normal","I",1000,500,0.5,0,0,0,FALSE,0,FALSE,0.5,"leave-d",200,0.2,1e+05,TRUE,103
10,0,0,0,11.2745444411125,4.07015742979579,18.4789314524292,19.6569167840222,5.27935858410404,34.0344749839404,13.2405228993001,0,19.9807876800405,0,"normal","I",1000,500,0.5,0,0,0,FALSE,0,FALSE,0.5,"leave-d",200,0.2,1e+05,TRUE,103
10,0,0,0,11.2745444411125,4.07015742979579,18.4789314524292,12.8693635201169,-0.259679511272489,25.9984065515064,13.2405228993001,0,13.0673145087485,0,"normal","I",1000,500,0.5,0,0,0,FALSE,0,FALSE,0.5,"leave-d",200,0.2,1e+05,TRUE,103
10,0,0,0,11.2745444411125,4.07015742979579,18.4789314524292,8.1666415008039,-4.2236180936563,20.5569010952641,13.2405228993001,0,8.02817415769546,0,"normal","I",1000,500,0.5,0,0,0,FALSE,0,FALSE,0.5,"leave-d",200,0.2,1e+05,TRUE,103
10,0,0,0,11.2745444411125,4.07015742979579,18.4789314524292,3.34704631630969,-10.0623694207176,16.756462053337,13.2405228993001,0,4.63153984097968,0,"normal","I",1000,500,0.5,0,0,0,FALSE,0,FALSE,0.5,"leave-d",200,0.2,1e+05,TRUE,103
10,0,0,0,11.2745444411125,4.07015742979579,18.4789314524292,4.32636295700541,-8.51974952024541,17.1724754342562,13.2405228993001,0,6.11679423539562,0,"normal","I",1000,500,0.5,0,0,0,FALSE,0,FALSE,0.5,"leave-d",200,0.2,1e+05,TRUE,103
10,0,0,0,11.2745444411125,4.07015742979579,18.4789314524292,13.1942630964171,-0.491930206070784,26.8804563989051,13.2405228993001,0,11.1721585520341,0,"normal","I",1000,500,0.5,0,0,0,FALSE,0,FALSE,0.5,"leave-d",200,0.2,1e+05,TRUE,103
10,0,0,0,11.2745444411125,4.07015742979579,18.4789314524292,-1.35473041967554,-14.0377190374068,11.3282581980558,13.2405228993001,0,1.57454793256352,0,"normal","I",1000,500,0.5,0,0,0,FALSE,0,FALSE,0.5,"leave-d",200,0.2,1e+05,TRUE,103
10,0,0,0,11.2745444411125,4.07015742979579,18.4789314524292,6.3411886505872,-6.15700548678039,18.8393827879548,13.2405228993001,0,2.99350249345215,0,"normal","I",1000,500,0.5,0,0,0,FALSE,0,FALSE,0.5,"leave-d",200,0.2,1e+05,TRUE,103
10,0,0,0,11.2745444411125,4.07015742979579,18.4789314524292,19.0362143263967,5.61340871069187,32.4590199421015,13.2405228993001,0,20.3368750153178,0,"normal","I",1000,500,0.5,0,0,0,FALSE,0,FALSE,0.5,"leave-d",200,0.2,1e+05,TRUE,103
10,0,0,0,11.2745444411125,4.07015742979579,18.4789314524292,6.14148061016144,-6.14471140219449,18.4276726225174,13.2405228993001,0,6.84884664442531,0,"normal","I",1000,500,0.5,0,0,0,FALSE,0,FALSE,0.5,"leave-d",200,0.2,1e+05,TRUE,103
10,0,0,0,11.2745444411125,4.07015742979579,18.4789314524292,15.2416304320788,2.85525977610202,27.6280010880556,13.2405228993001,0,13.8165526974804,0,"normal","I",1000,500,0.5,0,0,0,FALSE,0,FALSE,0.5,"leave-d",200,0.2,1e+05,TRUE,103
10,0,0,0,11.2745444411125,4.07015742979579,18.4789314524292,5.08352320834397,-8.32475639532221,18.4918028120102,13.2405228993001,0,2.12129188930067,0,"normal","I",1000,500,0.5,0,0,0,FALSE,0,FALSE,0.5,"leave-d",200,0.2,1e+05,TRUE,103
10,0,0,0,11.2745444411125,4.07015742979579,18.4789314524292,25.4579509773038,10.9945922537477,39.92130970086,13.2405228993001,0,25.188434434626,0,"normal","I",1000,500,0.5,0,0,0,FALSE,0,FALSE,0.5,"leave-d",200,0.2,1e+05,TRUE,103
10,0,0,0,11.2745444411125,4.07015742979579,18.4789314524292,26.4318405656327,13.6940388766373,39.1696422546281,13.2405228993001,0,25.2873438206914,0,"normal","I",1000,500,0.5,0,0,0,FALSE,0,FALSE,0.5,"leave-d",200,0.2,1e+05,TRUE,103
10,0,0,0,11.2745444411125,4.07015742979579,18.4789314524292,12.8319581150049,0.788863909860035,24.8750523201498,13.2405228993001,0,13.0853276023516,0,"normal","I",1000,500,0.5,0,0,0,FALSE,0,FALSE,0.5,"leave-d",200,0.2,1e+05,TRUE,103
10,0,0,0,11.2745444411125,4.07015742979579,18.4789314524292,21.8558497786459,8.26107335980827,35.4506261974835,13.2405228993001,0,20.2176818248601,0,"normal","I",1000,500,0.5,0,0,0,FALSE,0,FALSE,0.5,"leave-d",200,0.2,1e+05,TRUE,103
10,0,0,0,11.2745444411125,4.07015742979579,18.4789314524292,8.40824235624683,-5.87722160085632,22.69370631335,13.2405228993001,0,6.91824004244412,0,"normal","I",1000,500,0.5,0,0,0,FALSE,0,FALSE,0.5,"leave-d",200,0.2,1e+05,TRUE,103
10,0,0,0,11.2745444411125,4.07015742979579,18.4789314524292,14.761903571821,2.14104225678051,27.3827648868616,13.2405228993001,0,14.5425302638998,0,"normal","I",1000,500,0.5,0,0,0,FALSE,0,FALSE,0.5,"leave-d",200,0.2,1e+05,TRUE,103
10,0,0,0,11.2745444411125,4.07015742979579,18.4789314524292,9.18000125052986,-2.60562153901919,20.9656240400789,13.2405228993001,0,7.9992781104888,0,"normal","I",1000,500,0.5,0,0,0,FALSE,0,FALSE,0.5,"leave-d",200,0.2,1e+05,TRUE,103
10,0,0,0,11.2745444411125,4.07015742979579,18.4789314524292,13.8524515544167,0.639500775290548,27.0654023335428,13.2405228993001,0,13.3719601387228,0,"normal","I",1000,500,0.5,0,0,0,FALSE,0,FALSE,0.5,"leave-d",200,0.2,1e+05,TRUE,103
10,0,0,0,11.2745444411125,4.07015742979579,18.4789314524292,18.2938139800953,5.26405172712794,31.3235762330627,13.2405228993001,0,18.1910988708007,0,"normal","I",1000,500,0.5,0,0,0,FALSE,0,FALSE,0.5,"leave-d",200,0.2,1e+05,TRUE,103
10,0,0,0,11.2745444411125,4.07015742979579,18.4789314524292,15.0783002959992,1.22014102295446,28.936459569044,13.2405228993001,0,14.0102317190556,0,"normal","I",1000,500,0.5,0,0,0,FALSE,0,FALSE,0.5,"leave-d",200,0.2,1e+05,TRUE,103
10,0,0,0,11.2745444411125,4.07015742979579,18.4789314524292,19.3245338615998,6.23969849513244,32.4093692280671,13.2405228993001,0,18.5208425659432,0,"normal","I",1000,500,0.5,0,0,0,FALSE,0,FALSE,0.5,"leave-d",200,0.2,1e+05,TRUE,103
10,0,0,0,11.2745444411125,4.07015742979579,18.4789314524292,16.7861499491726,2.99807511068036,30.5742247876648,13.2405228993001,0,17.9230496118477,0,"normal","I",1000,500,0.5,0,0,0,FALSE,0,FALSE,0.5,"leave-d",200,0.2,1e+05,TRUE,103
10,0,0,0,11.2745444411125,4.07015742979579,18.4789314524292,27.9873456373526,13.8604548304005,42.1142364443048,13.2405228993001,0,27.3837851710536,0,"normal","I",1000,500,0.5,0,0,0,FALSE,0,FALSE,0.5,"leave-d",200,0.2,1e+05,TRUE,103
10,0,0,0,11.2745444411125,4.07015742979579,18.4789314524292,18.2298467166015,6.91039073898961,29.5493026942134,13.2405228993001,0,17.6089770295041,0,"normal","I",1000,500,0.5,0,0,0,FALSE,0,FALSE,0.5,"leave-d",200,0.2,1e+05,TRUE,103
10,0,0,0,11.2745444411125,4.07015742979579,18.4789314524292,21.87498440158,8.23807240420501,35.511896398955,13.2405228993001,0,21.6554105879883,0,"normal","I",1000,500,0.5,0,0,0,FALSE,0,FALSE,0.5,"leave-d",200,0.2,1e+05,TRUE,103
10,0,0,0,11.2745444411125,4.07015742979579,18.4789314524292,9.86934383497323,-2.96067018670878,22.6993578566552,13.2405228993001,0,3.72185760787658,0,"normal","I",1000,500,0.5,0,0,0,FALSE,0,FALSE,0.5,"leave-d",200,0.2,1e+05,TRUE,103
10,0,0,0,11.2745444411125,4.07015742979579,18.4789314524292,11.8049206086495,-1.52481942917471,25.1346606464736,13.2405228993001,0,10.3056257951897,0,"normal","I",1000,500,0.5,0,0,0,FALSE,0,FALSE,0.5,"leave-d",200,0.2,1e+05,TRUE,103
10,0,0,0,11.2745444411125,4.07015742979579,18.4789314524292,27.2590096707312,14.2639561013208,40.2540632401415,13.2405228993001,0,25.9695538557656,0,"normal","I",1000,500,0.5,0,0,0,FALSE,0,FALSE,0.5,"leave-d",200,0.2,1e+05,TRUE,103
10,0,0,0,11.2745444411125,4.07015742979579,18.4789314524292,10.4233340463875,-1.2602011257567,22.1068692185318,13.2405228993001,0,10.0210911546047,0,"normal","I",1000,500,0.5,0,0,0,FALSE,0,FALSE,0.5,"leave-d",200,0.2,1e+05,TRUE,103
10,0,0,0,11.2745444411125,4.07015742979579,18.4789314524292,23.6698553219723,10.1965735205226,37.1431371234221,13.2405228993001,0,22.0273089582505,0,"normal","I",1000,500,0.5,0,0,0,FALSE,0,FALSE,0.5,"leave-d",200,0.2,1e+05,TRUE,103
10,0,0,0,11.2745444411125,4.07015742979579,18.4789314524292,13.6401946889131,1.66591006181011,25.6144793160162,13.2405228993001,0,7.08132914671385,0,"normal","I",1000,500,0.5,0,0,0,FALSE,0,FALSE,0.5,"leave-d",200,0.2,1e+05,TRUE,103
10,0,0,0,11.2745444411125,4.07015742979579,18.4789314524292,-8.67338396534816,-20.4531329281397,3.10636499744333,13.2405228993001,0,0,0,"normal","I",1000,500,0.5,0,0,0,FALSE,0,FALSE,0.5,"leave-d",200,0.2,1e+05,TRUE,103
10,0,0,0,11.2745444411125,4.07015742979579,18.4789314524292,23.3412027566068,11.9336792348913,34.7487262783222,13.2405228993001,0,22.5921929185664,0,"normal","I",1000,500,0.5,0,0,0,FALSE,0,FALSE,0.5,"leave-d",200,0.2,1e+05,TRUE,103
10,0,0,0,11.2745444411125,4.07015742979579,18.4789314524292,17.6645857953043,4.16990558316094,31.1592660074477,13.2405228993001,0,15.7579030730835,0,"normal","I",1000,500,0.5,0,0,0,FALSE,0,FALSE,0.5,"leave-d",200,0.2,1e+05,TRUE,103
10,0,0,0,11.2745444411125,4.07015742979579,18.4789314524292,16.2206449810352,3.67510638433601,28.7661835777344,13.2405228993001,0,14.9060425245039,0,"normal","I",1000,500,0.5,0,0,0,FALSE,0,FALSE,0.5,"leave-d",200,0.2,1e+05,TRUE,103
10,0,0,0,11.2745444411125,4.07015742979579,18.4789314524292,28.119776686287,15.2630268594355,40.9765265131386,13.2405228993001,0,28.0933714783415,0,"normal","I",1000,500,0.5,0,0,0,FALSE,0,FALSE,0.5,"leave-d",200,0.2,1e+05,TRUE,103
10,0,0,0,11.2745444411125,4.07015742979579,18.4789314524292,8.51284600124069,-2.82837624388756,19.8540682463689,13.2405228993001,0,9.77271127451642,0,"normal","I",1000,500,0.5,0,0,0,FALSE,0,FALSE,0.5,"leave-d",200,0.2,1e+05,TRUE,103
10,0,0,0,11.2745444411125,4.07015742979579,18.4789314524292,15.9799871502108,2.83655368131876,29.1234206191029,13.2405228993001,0,17.7816100216769,0,"normal","I",1000,500,0.5,0,0,0,FALSE,0,FALSE,0.5,"leave-d",200,0.2,1e+05,TRUE,103
10,0,0,0,11.2745444411125,4.07015742979579,18.4789314524292,11.7870357964804,-1.32200961489695,24.8960812078578,13.2405228993001,0,10.4690049417645,0,"normal","I",1000,500,0.5,0,0,0,FALSE,0,FALSE,0.5,"leave-d",200,0.2,1e+05,TRUE,103
10,0,0,0,11.2745444411125,4.07015742979579,18.4789314524292,10.4497728639453,-2.30232485992583,23.2018705878164,13.2405228993001,0,12.0687137531354,0,"normal","I",1000,500,0.5,0,0,0,FALSE,0,FALSE,0.5,"leave-d",200,0.2,1e+05,TRUE,103
10,0,0,0,11.2745444411125,4.07015742979579,18.4789314524292,6.96225102023104,-5.90351380800547,19.8280158484676,13.2405228993001,0,7.4127104378916,0,"normal","I",1000,500,0.5,0,0,0,FALSE,0,FALSE,0.5,"leave-d",200,0.2,1e+05,TRUE,103
10,0,0,0,11.2745444411125,4.07015742979579,18.4789314524292,7.6852407830243,-5.13342985109537,20.503911417144,13.2405228993001,0,9.5090489698846,0,"normal","I",1000,500,0.5,0,0,0,FALSE,0,FALSE,0.5,"leave-d",200,0.2,1e+05,TRUE,103
10,0,0,0,11.2745444411125,4.07015742979579,18.4789314524292,8.31569532646242,-3.61130778863438,20.2426984415592,13.2405228993001,0,6.3224315809907,0,"normal","I",1000,500,0.5,0,0,0,FALSE,0,FALSE,0.5,"leave-d",200,0.2,1e+05,TRUE,103
10,0,0,0,11.2745444411125,4.07015742979579,18.4789314524292,2.05620841717052,-10.7540937856367,14.8665106199778,13.2405228993001,0,3.0901020522555,0,"normal","I",1000,500,0.5,0,0,0,FALSE,0,FALSE,0.5,"leave-d",200,0.2,1e+05,TRUE,103
10,0,0,0,11.2745444411125,4.07015742979579,18.4789314524292,15.2843715180373,1.67877633036172,28.8899667057129,13.2405228993001,0,14.3558569259735,0,"normal","I",1000,500,0.5,0,0,0,FALSE,0,FALSE,0.5,"leave-d",200,0.2,1e+05,TRUE,103
10,0,0,0,11.2745444411125,4.07015742979579,18.4789314524292,2.78529013990195,-9.67474430212153,15.2453245819254,13.2405228993001,0,6.89703621083836,0,"normal","I",1000,500,0.5,0,0,0,FALSE,0,FALSE,0.5,"leave-d",200,0.2,1e+05,TRUE,103
10,0,0,0,11.2745444411125,4.07015742979579,18.4789314524292,17.9614871359391,5.47694354171638,30.4460307301618,13.2405228993001,0,17.9599325831986,0,"normal","I",1000,500,0.5,0,0,0,FALSE,0,FALSE,0.5,"leave-d",200,0.2,1e+05,TRUE,103
10,0,0,0,11.2745444411125,4.07015742979579,18.4789314524292,6.73922353549159,-6.83067828221568,20.3091253531989,13.2405228993001,0,13.963858494807,0,"normal","I",1000,500,0.5,0,0,0,FALSE,0,FALSE,0.5,"leave-d",200,0.2,1e+05,TRUE,103
10,0,0,0,11.2745444411125,4.07015742979579,18.4789314524292,18.4395296985421,5.28941734363278,31.5896420534515,13.2405228993001,0,17.1203281735298,0,"normal","I",1000,500,0.5,0,0,0,FALSE,0,FALSE,0.5,"leave-d",200,0.2,1e+05,TRUE,103
10,0,0,0,11.2745444411125,4.07015742979579,18.4789314524292,0.334973253041378,-11.5940963913683,12.264042897451,13.2405228993001,0,0,0,"normal","I",1000,500,0.5,0,0,0,FALSE,0,FALSE,0.5,"leave-d",200,0.2,1e+05,TRUE,103
10,0,0,0,11.2745444411125,4.07015742979579,18.4789314524292,15.5296886773332,3.28806588560673,27.7713114690597,13.2405228993001,0,15.338920999533,0,"normal","I",1000,500,0.5,0,0,0,FALSE,0,FALSE,0.5,"leave-d",200,0.2,1e+05,TRUE,103
10,0,0,0,11.2745444411125,4.07015742979579,18.4789314524292,-1.8349751320557,-14.4607365141382,10.7907862500268,13.2405228993001,0,3.91674831074815,0,"normal","I",1000,500,0.5,0,0,0,FALSE,0,FALSE,0.5,"leave-d",200,0.2,1e+05,TRUE,103
10,0,0,0,11.2745444411125,4.07015742979579,18.4789314524292,14.4824607335395,1.79707817566951,27.1678432914095,13.2405228993001,0,10.9757931934925,0,"normal","I",1000,500,0.5,0,0,0,FALSE,0,FALSE,0.5,"leave-d",200,0.2,1e+05,TRUE,103
10,0,0,0,11.2745444411125,4.07015742979579,18.4789314524292,20.5295490242558,8.09579121488068,32.9633068336309,13.2405228993001,0,20.2506941096758,0,"normal","I",1000,500,0.5,0,0,0,FALSE,0,FALSE,0.5,"leave-d",200,0.2,1e+05,TRUE,103
10,0,0,0,11.2745444411125,4.07015742979579,18.4789314524292,19.1404449208888,7.05230368011141,31.2285861616662,13.2405228993001,0,18.4097169931984,0,"normal","I",1000,500,0.5,0,0,0,FALSE,0,FALSE,0.5,"leave-d",200,0.2,1e+05,TRUE,103
10,0,0,0,11.2745444411125,4.07015742979579,18.4789314524292,11.8365883117269,-1.90840694477558,25.5815835682293,13.2405228993001,0,12.1058783563805,0,"normal","I",1000,500,0.5,0,0,0,FALSE,0,FALSE,0.5,"leave-d",200,0.2,1e+05,TRUE,103
10,0,0,0,11.2745444411125,4.07015742979579,18.4789314524292,11.2563788677051,-1.41139020956975,23.92414794498,13.2405228993001,0,7.43223612722757,0,"normal","I",1000,500,0.5,0,0,0,FALSE,0,FALSE,0.5,"leave-d",200,0.2,1e+05,TRUE,103
10,0,0,0,11.2745444411125,4.07015742979579,18.4789314524292,27.3055828766522,13.6999325476904,40.9112332056141,13.2405228993001,0,26.0041498035767,0,"normal","I",1000,500,0.5,0,0,0,FALSE,0,FALSE,0.5,"leave-d",200,0.2,1e+05,TRUE,103
10,0,0,0,11.2745444411125,4.07015742979579,18.4789314524292,27.4005223976323,14.4079101817674,40.3931346134971,13.2405228993001,0,26.4639208052379,0,"normal","I",1000,500,0.5,0,0,0,FALSE,0,FALSE,0.5,"leave-d",200,0.2,1e+05,TRUE,103
10,0,0,0,11.2745444411125,4.07015742979579,18.4789314524292,5.61505804015559,-6.58076503034767,17.8108811106589,13.2405228993001,0,8.13299581570391,0,"normal","I",1000,500,0.5,0,0,0,FALSE,0,FALSE,0.5,"leave-d",200,0.2,1e+05,TRUE,103
10,0,0,0,11.2745444411125,4.07015742979579,18.4789314524292,15.3510939951306,2.35608883702406,28.3460991532371,13.2405228993001,0,11.7897329847836,0,"normal","I",1000,500,0.5,0,0,0,FALSE,0,FALSE,0.5,"leave-d",200,0.2,1e+05,TRUE,103
10,0,0,0,11.2745444411125,4.07015742979579,18.4789314524292,30.0444803411481,15.6380694893765,44.4508911929197,13.2405228993001,0,28.72441904014,0,"normal","I",1000,500,0.5,0,0,0,FALSE,0,FALSE,0.5,"leave-d",200,0.2,1e+05,TRUE,103
10,0,0,0,11.2745444411125,4.07015742979579,18.4789314524292,4.77571223306974,-7.42219048894482,16.9736149550843,13.2405228993001,0,8.32123874362463,0,"normal","I",1000,500,0.5,0,0,0,FALSE,0,FALSE,0.5,"leave-d",200,0.2,1e+05,TRUE,103
10,0,0,0,11.2745444411125,4.07015742979579,18.4789314524292,9.33380472429624,-2.45742884883222,21.1250382974247,13.2405228993001,0,6.89412571085558,0,"normal","I",1000,500,0.5,0,0,0,FALSE,0,FALSE,0.5,"leave-d",200,0.2,1e+05,TRUE,103
10,0,0,0,11.2745444411125,4.07015742979579,18.4789314524292,10.1036439167711,-3.12756264945353,23.3348504829957,13.2405228993001,0,8.0752588080428,0,"normal","I",1000,500,0.5,0,0,0,FALSE,0,FALSE,0.5,"leave-d",200,0.2,1e+05,TRUE,103
10,0,0,0,11.2745444411125,4.07015742979579,18.4789314524292,5.69060996750338,-7.83120674555782,19.2124266805646,13.2405228993001,0,4.24448573490199,0,"normal","I",1000,500,0.5,0,0,0,FALSE,0,FALSE,0.5,"leave-d",200,0.2,1e+05,TRUE,103
10,0,0,0,11.2745444411125,4.07015742979579,18.4789314524292,3.6459117634921,-8.92937445412273,16.2211979811069,13.2405228993001,0,4.74812887585309,0,"normal","I",1000,500,0.5,0,0,0,FALSE,0,FALSE,0.5,"leave-d",200,0.2,1e+05,TRUE,103
10,0,0,0,11.2745444411125,4.07015742979579,18.4789314524292,13.6431764809393,1.03880709720239,26.2475458646763,13.2405228993001,0,11.9102715752122,0,"normal","I",1000,500,0.5,0,0,0,FALSE,0,FALSE,0.5,"leave-d",200,0.2,1e+05,TRUE,103
10,0,0,0,11.2745444411125,4.07015742979579,18.4789314524292,6.08729473515458,-7.25050601759884,19.425095487908,13.2405228993001,0,5.919734787071,0,"normal","I",1000,500,0.5,0,0,0,FALSE,0,FALSE,0.5,"leave-d",200,0.2,1e+05,TRUE,103
10,0,0,0,11.2745444411125,4.07015742979579,18.4789314524292,16.3283611598114,2.56073818320041,30.0959841364224,13.2405228993001,0,16.9216219400895,0,"normal","I",1000,500,0.5,0,0,0,FALSE,0,FALSE,0.5,"leave-d",200,0.2,1e+05,TRUE,103
10,0,0,0,11.2745444411125,4.07015742979579,18.4789314524292,6.51920860500779,-4.95476443500959,17.9931816450252,13.2405228993001,0,4.87184736559726,0,"normal","I",1000,500,0.5,0,0,0,FALSE,0,FALSE,0.5,"leave-d",200,0.2,1e+05,TRUE,103
10,0,0,0,11.2745444411125,4.07015742979579,18.4789314524292,8.19606123784702,-3.25151266865354,19.6436351443476,13.2405228993001,0,5.29865514348563,0,"normal","I",1000,500,0.5,0,0,0,FALSE,0,FALSE,0.5,"leave-d",200,0.2,1e+05,TRUE,103
10,0,0,0,11.2745444411125,4.07015742979579,18.4789314524292,3.35476319210473,-7.74353200092113,14.4530583851306,13.2405228993001,0,7.18194041242065,0,"normal","I",1000,500,0.5,0,0,0,FALSE,0,FALSE,0.5,"leave-d",200,0.2,1e+05,TRUE,103
10,0,0,0,11.2745444411125,4.07015742979579,18.4789314524292,26.3435385052248,12.1926973298317,40.4943796806179,13.2405228993001,0,24.5050196623849,0,"normal","I",1000,500,0.5,0,0,0,FALSE,0,FALSE,0.5,"leave-d",200,0.2,1e+05,TRUE,103
10,0,0,0,11.2745444411125,4.07015742979579,18.4789314524292,13.8203566195739,0.762022162457745,26.87869107669,13.2405228993001,0,15.3818302125867,0,"normal","I",1000,500,0.5,0,0,0,FALSE,0,FALSE,0.5,"leave-d",200,0.2,1e+05,TRUE,103
10,0,0,0,11.2745444411125,4.07015742979579,18.4789314524292,22.5251007926893,10.8281445209253,34.2220570644533,13.2405228993001,0,21.3643284587739,0,"normal","I",1000,500,0.5,0,0,0,FALSE,0,FALSE,0.5,"leave-d",200,0.2,1e+05,TRUE,103
10,0,0,0,11.2745444411125,4.07015742979579,18.4789314524292,25.1500525844008,12.350114562584,37.9499906062176,13.2405228993001,0,23.5811799073786,0,"normal","I",1000,500,0.5,0,0,0,FALSE,0,FALSE,0.5,"leave-d",200,0.2,1e+05,TRUE,103
10,0,0,0,11.2745444411125,4.07015742979579,18.4789314524292,18.2632924801162,3.64321469542669,32.8833702648058,13.2405228993001,0,13.4612923994847,0,"normal","I",1000,500,0.5,0,0,0,FALSE,0,FALSE,0.5,"leave-d",200,0.2,1e+05,TRUE,103
10,0,0,0,11.2745444411125,4.07015742979579,18.4789314524292,9.9374569879435,-3.84170839659727,23.7166223724843,13.2405228993001,0,6.8441815000529,0,"normal","I",1000,500,0.5,0,0,0,FALSE,0,FALSE,0.5,"leave-d",200,0.2,1e+05,TRUE,103
10,0,0,0,11.2745444411125,4.07015742979579,18.4789314524292,11.7397929640095,0.0997724053689115,23.3798135226501,13.2405228993001,0,10.2619682295496,0,"normal","I",1000,500,0.5,0,0,0,FALSE,0,FALSE,0.5,"leave-d",200,0.2,1e+05,TRUE,103
10,0,0,0,11.2745444411125,4.07015742979579,18.4789314524292,13.7169027783604,0.729794063590418,26.7040114931303,13.2405228993001,0,13.3835965609808,0,"normal","I",1000,500,0.5,0,0,0,FALSE,0,FALSE,0.5,"leave-d",200,0.2,1e+05,TRUE,103
10,0,0,0,11.2745444411125,4.07015742979579,18.4789314524292,14.573283238627,3.89765045780563,25.2489160194485,13.2405228993001,0,11.4306710259436,0,"normal","I",1000,500,0.5,0,0,0,FALSE,0,FALSE,0.5,"leave-d",200,0.2,1e+05,TRUE,103
10,0,0,0,11.2745444411125,4.07015742979579,18.4789314524292,15.8276278322112,2.06910272251417,29.5861529419083,13.2405228993001,0,16.5010656605383,0,"normal","I",1000,500,0.5,0,0,0,FALSE,0,FALSE,0.5,"leave-d",200,0.2,1e+05,TRUE,103
10,0,0,0,11.2745444411125,4.07015742979579,18.4789314524292,26.1338062397149,13.4362640836068,38.831348395823,13.2405228993001,0,25.2938741351045,0,"normal","I",1000,500,0.5,0,0,0,FALSE,0,FALSE,0.5,"leave-d",200,0.2,1e+05,TRUE,103
10,0,0,0,11.2745444411125,4.07015742979579,18.4789314524292,11.934496844356,-1.97627210774542,25.8452657964574,13.2405228993001,0,12.1507469262356,0,"normal","I",1000,500,0.5,0,0,0,FALSE,0,FALSE,0.5,"leave-d",200,0.2,1e+05,TRUE,103
10,0,0,0,11.2745444411125,4.07015742979579,18.4789314524292,22.9232522634035,8.88932253213028,36.9571819946768,13.2405228993001,0,21.3708321606898,0,"normal","I",1000,500,0.5,0,0,0,FALSE,0,FALSE,0.5,"leave-d",200,0.2,1e+05,TRUE,103
10,0,0,0,11.2745444411125,4.07015742979579,18.4789314524292,24.5228271859002,10.8338566246292,38.2117977471712,13.2405228993001,0,24.3675580514061,0,"normal","I",1000,500,0.5,0,0,0,FALSE,0,FALSE,0.5,"leave-d",200,0.2,1e+05,TRUE,103
10,0,0,0,11.2745444411125,4.07015742979579,18.4789314524292,11.1897996950282,-1.17126510857533,23.5508644986317,13.2405228993001,0,10.0652012509994,0,"normal","I",1000,500,0.5,0,0,0,FALSE,0,FALSE,0.5,"leave-d",200,0.2,1e+05,TRUE,103
10,0,0,0,11.2745444411125,4.07015742979579,18.4789314524292,6.56015655227198,-4.92395927552027,18.0442723800642,13.2405228993001,0,10.439358329126,0,"normal","I",1000,500,0.5,0,0,0,FALSE,0,FALSE,0.5,"leave-d",200,0.2,1e+05,TRUE,103
10,0,0,0,11.2745444411125,4.07015742979579,18.4789314524292,11.9211181451811,-0.753354641905839,24.595590932268,13.2405228993001,0,10.4231807310068,0,"normal","I",1000,500,0.5,0,0,0,FALSE,0,FALSE,0.5,"leave-d",200,0.2,1e+05,TRUE,103
10,0,0,0,11.2745444411125,4.07015742979579,18.4789314524292,14.3378177140928,1.53858799656885,27.1370474316168,13.2405228993001,0,12.8338619632962,0,"normal","I",1000,500,0.5,0,0,0,FALSE,0,FALSE,0.5,"leave-d",200,0.2,1e+05,TRUE,103
10,0,0,0,11.2745444411125,4.07015742979579,18.4789314524292,6.13920359116983,-5.88427081575115,18.1626779980908,13.2405228993001,0,4.8881769462329,0,"normal","I",1000,500,0.5,0,0,0,FALSE,0,FALSE,0.5,"leave-d",200,0.2,1e+05,TRUE,103
10,0,0,0,11.2745444411125,4.07015742979579,18.4789314524292,27.5025958826816,14.7659846570882,40.2392071082749,13.2405228993001,0,25.5133997799722,0,"normal","I",1000,500,0.5,0,0,0,FALSE,0,FALSE,0.5,"leave-d",200,0.2,1e+05,TRUE,103
10,0,0,0,11.2745444411125,4.07015742979579,18.4789314524292,23.9061195693901,11.241740806606,36.5704983321743,13.2405228993001,0,22.8173882985496,0,"normal","I",1000,500,0.5,0,0,0,FALSE,0,FALSE,0.5,"leave-d",200,0.2,1e+05,TRUE,103
10,0,0,0,11.2745444411125,4.07015742979579,18.4789314524292,23.0180848979753,10.4889621697004,35.5472076262503,13.2405228993001,0,21.8371272501926,0,"normal","I",1000,500,0.5,0,0,0,FALSE,0,FALSE,0.5,"leave-d",200,0.2,1e+05,TRUE,103
10,0,0,0,11.2745444411125,4.07015742979579,18.4789314524292,32.0432824559463,18.7266964371866,45.3598684747059,13.2405228993001,0,30.0041905312324,0,"normal","I",1000,500,0.5,0,0,0,FALSE,0,FALSE,0.5,"leave-d",200,0.2,1e+05,TRUE,103
10,0,0,0,11.2745444411125,4.07015742979579,18.4789314524292,15.9474717425336,3.42149691083574,28.4734465742315,13.2405228993001,0,15.159446531023,0,"normal","I",1000,500,0.5,0,0,0,FALSE,0,FALSE,0.5,"leave-d",200,0.2,1e+05,TRUE,103
10,0,0,0,11.2745444411125,4.07015742979579,18.4789314524292,21.8247711278963,8.67415814971456,34.9753841060781,13.2405228993001,0,21.3641785708783,0,"normal","I",1000,500,0.5,0,0,0,FALSE,0,FALSE,0.5,"leave-d",200,0.2,1e+05,TRUE,103
10,0,0,0,11.2745444411125,4.07015742979579,18.4789314524292,19.3844528202884,6.79039188550346,31.9785137550733,13.2405228993001,0,17.7475407620645,0,"normal","I",1000,500,0.5,0,0,0,FALSE,0,FALSE,0.5,"leave-d",200,0.2,1e+05,TRUE,103
10,0,0,0,11.2745444411125,4.07015742979579,18.4789314524292,11.1521583248292,-2.46785460871437,24.7721712583728,13.2405228993001,0,11.9211002469304,0,"normal","I",1000,500,0.5,0,0,0,FALSE,0,FALSE,0.5,"leave-d",200,0.2,1e+05,TRUE,103
10,0,0,0,11.2745444411125,4.07015742979579,18.4789314524292,13.1892069372046,-0.524314711406983,26.9027285858163,13.2405228993001,0,15.7030324780411,0,"normal","I",1000,500,0.5,0,0,0,FALSE,0,FALSE,0.5,"leave-d",200,0.2,1e+05,TRUE,103
10,0,0,0,11.2745444411125,4.07015742979579,18.4789314524292,15.3678901868267,4.295587055586,26.4401933180674,13.2405228993001,0,15.9224578317177,0,"normal","I",1000,500,0.5,0,0,0,FALSE,0,FALSE,0.5,"leave-d",200,0.2,1e+05,TRUE,103
10,0,0,0,11.2745444411125,4.07015742979579,18.4789314524292,9.85499186352137,-3.45755380313191,23.1675375301746,13.2405228993001,0,11.393592214973,0,"normal","I",1000,500,0.5,0,0,0,FALSE,0,FALSE,0.5,"leave-d",200,0.2,1e+05,TRUE,103
10,0,0,0,11.2745444411125,4.07015742979579,18.4789314524292,3.70870930066555,-7.40986317826378,14.8272817795949,13.2405228993001,0,3.61954156973977,0,"normal","I",1000,500,0.5,0,0,0,FALSE,0,FALSE,0.5,"leave-d",200,0.2,1e+05,TRUE,103
10,0,0,0,11.2745444411125,4.07015742979579,18.4789314524292,9.49447118357556,-2.50398869493356,21.4929310620847,13.2405228993001,0,10.5762500528455,0,"normal","I",1000,500,0.5,0,0,0,FALSE,0,FALSE,0.5,"leave-d",200,0.2,1e+05,TRUE,103
10,0,0,0,11.2745444411125,4.07015742979579,18.4789314524292,7.36391063482575,-5.20417552447728,19.9319967941288,13.2405228993001,0,6.87248285015148,0,"normal","I",1000,500,0.5,0,0,0,FALSE,0,FALSE,0.5,"leave-d",200,0.2,1e+05,TRUE,103
10,0,0,0,11.2745444411125,4.07015742979579,18.4789314524292,18.723622903189,6.38649073948999,31.0607550668881,13.2405228993001,0,18.7036495424529,0,"normal","I",1000,500,0.5,0,0,0,FALSE,0,FALSE,0.5,"leave-d",200,0.2,1e+05,TRUE,103
10,0,0,0,11.2745444411125,4.07015742979579,18.4789314524292,-2.2780613936918,-16.7673679022309,12.2112451148473,13.2405228993001,0,0.104183726647274,0,"normal","I",1000,500,0.5,0,0,0,FALSE,0,FALSE,0.5,"leave-d",200,0.2,1e+05,TRUE,103
10,0,0,0,11.2745444411125,4.07015742979579,18.4789314524292,19.3565521926348,5.25287341587353,33.460230969396,13.2405228993001,0,16.6026066860539,0,"normal","I",1000,500,0.5,0,0,0,FALSE,0,FALSE,0.5,"leave-d",200,0.2,1e+05,TRUE,103
10,0,0,0,11.2745444411125,4.07015742979579,18.4789314524292,20.2406574339135,7.68974700049572,32.7915678673312,13.2405228993001,0,18.0626118109074,0,"normal","I",1000,500,0.5,0,0,0,FALSE,0,FALSE,0.5,"leave-d",200,0.2,1e+05,TRUE,103
10,0,0,0,11.2745444411125,4.07015742979579,18.4789314524292,12.6030916625699,0.273711739271841,24.9324715858679,13.2405228993001,0,11.1498475927475,0,"normal","I",1000,500,0.5,0,0,0,FALSE,0,FALSE,0.5,"leave-d",200,0.2,1e+05,TRUE,103
10,0,0,0,11.2745444411125,4.07015742979579,18.4789314524292,3.9290077287149,-8.92607136820213,16.7840868256319,13.2405228993001,0,9.04028485837413,0,"normal","I",1000,500,0.5,0,0,0,FALSE,0,FALSE,0.5,"leave-d",200,0.2,1e+05,TRUE,103
10,0,0,0,11.2745444411125,4.07015742979579,18.4789314524292,8.30908159250645,-5.07614645235623,21.6943096373691,13.2405228993001,0,11.4484658809249,0,"normal","I",1000,500,0.5,0,0,0,FALSE,0,FALSE,0.5,"leave-d",200,0.2,1e+05,TRUE,103
10,0,0,0,11.2745444411125,4.07015742979579,18.4789314524292,22.5557288252919,9.15296326094974,35.9584943896341,13.2405228993001,0,21.4077395736581,0,"normal","I",1000,500,0.5,0,0,0,FALSE,0,FALSE,0.5,"leave-d",200,0.2,1e+05,TRUE,103
10,0,0,0,11.2745444411125,4.07015742979579,18.4789314524292,4.40597036890999,-7.80099480822426,16.6129355460442,13.2405228993001,0,4.71690925786184,0,"normal","I",1000,500,0.5,0,0,0,FALSE,0,FALSE,0.5,"leave-d",200,0.2,1e+05,TRUE,103
10,0,0,0,11.2745444411125,4.07015742979579,18.4789314524292,4.95421769665115,-6.99822339303049,16.9066587863328,13.2405228993001,0,5.34735647868159,0,"normal","I",1000,500,0.5,0,0,0,FALSE,0,FALSE,0.5,"leave-d",200,0.2,1e+05,TRUE,103
10,0,0,0,11.2745444411125,4.07015742979579,18.4789314524292,11.997873744162,-2.35175945611557,26.3475069444395,13.2405228993001,0,15.6184789736894,0,"normal","I",1000,500,0.5,0,0,0,FALSE,0,FALSE,0.5,"leave-d",200,0.2,1e+05,TRUE,103
10,0,0,0,11.2745444411125,4.07015742979579,18.4789314524292,17.7275166431128,4.57638732142235,30.8786459648033,13.2405228993001,0,16.4776460654821,0,"normal","I",1000,500,0.5,0,0,0,FALSE,0,FALSE,0.5,"leave-d",200,0.2,1e+05,TRUE,103
10,0,0,0,11.2745444411125,4.07015742979579,18.4789314524292,8.47163194387737,-4.63219443349778,21.5754583212525,13.2405228993001,0,4.91396722163832,0,"normal","I",1000,500,0.5,0,0,0,FALSE,0,FALSE,0.5,"leave-d",200,0.2,1e+05,TRUE,103
10,0,0,0,11.2745444411125,4.07015742979579,18.4789314524292,8.53788796174094,-4.24839576019357,21.3241716836754,13.2405228993001,0,5.74436047194528,0,"normal","I",1000,500,0.5,0,0,0,FALSE,0,FALSE,0.5,"leave-d",200,0.2,1e+05,TRUE,103
10,0,0,0,11.2745444411125,4.07015742979579,18.4789314524292,8.03620756296468,-4.71939494592082,20.7918100718502,13.2405228993001,0,7.75771493421811,0,"normal","I",1000,500,0.5,0,0,0,FALSE,0,FALSE,0.5,"leave-d",200,0.2,1e+05,TRUE,103
10,0,0,0,11.2745444411125,4.07015742979579,18.4789314524292,3.19719921563452,-9.954137824952,16.348536256221,13.2405228993001,0,7.02777940078149,0,"normal","I",1000,500,0.5,0,0,0,FALSE,0,FALSE,0.5,"leave-d",200,0.2,1e+05,TRUE,103
10,0,0,0,11.2745444411125,4.07015742979579,18.4789314524292,11.152750391408,-3.08449300429198,25.3899937871079,13.2405228993001,0,10.4682107789986,0,"normal","I",1000,500,0.5,0,0,0,FALSE,0,FALSE,0.5,"leave-d",200,0.2,1e+05,TRUE,103
10,0,0,0,11.2745444411125,4.07015742979579,18.4789314524292,6.02368669286098,-5.65102604370994,17.6983994294319,13.2405228993001,0,5.26990268351777,0,"normal","I",1000,500,0.5,0,0,0,FALSE,0,FALSE,0.5,"leave-d",200,0.2,1e+05,TRUE,103
10,0,0,0,11.2745444411125,4.07015742979579,18.4789314524292,10.9824962664468,-2.30300599789287,24.2679985307864,13.2405228993001,0,8.16512521766587,0,"normal","I",1000,500,0.5,0,0,0,FALSE,0,FALSE,0.5,"leave-d",200,0.2,1e+05,TRUE,103
10,0,0,0,11.2745444411125,4.07015742979579,18.4789314524292,22.3131631387183,9.62469949825898,35.0016267791776,13.2405228993001,0,21.4521190407304,0,"normal","I",1000,500,0.5,0,0,0,FALSE,0,FALSE,0.5,"leave-d",200,0.2,1e+05,TRUE,103
10,0,0,0,11.2745444411125,4.07015742979579,18.4789314524292,12.6816262791084,-0.157325570926849,25.5205781291436,13.2405228993001,0,11.5088563729895,0,"normal","I",1000,500,0.5,0,0,0,FALSE,0,FALSE,0.5,"leave-d",200,0.2,1e+05,TRUE,103
10,0,0,0,11.2745444411125,4.07015742979579,18.4789314524292,18.8081719351808,5.0726066845336,32.5437371858281,13.2405228993001,0,19.2496890004294,0,"normal","I",1000,500,0.5,0,0,0,FALSE,0,FALSE,0.5,"leave-d",200,0.2,1e+05,TRUE,103
10,0,0,0,11.2745444411125,4.07015742979579,18.4789314524292,22.5560609366633,9.22389481001195,35.8882270633146,13.2405228993001,0,22.1302392626635,0,"normal","I",1000,500,0.5,0,0,0,FALSE,0,FALSE,0.5,"leave-d",200,0.2,1e+05,TRUE,103
10,0,0,0,11.2745444411125,4.07015742979579,18.4789314524292,8.11958884198382,-5.25430203719997,21.4934797211676,13.2405228993001,0,8.43407381639609,0,"normal","I",1000,500,0.5,0,0,0,FALSE,0,FALSE,0.5,"leave-d",200,0.2,1e+05,TRUE,103
10,0,0,0,11.2745444411125,4.07015742979579,18.4789314524292,11.9400301597638,-0.202898410974388,24.082958730502,13.2405228993001,0,9.90199111520906,0,"normal","I",1000,500,0.5,0,0,0,FALSE,0,FALSE,0.5,"leave-d",200,0.2,1e+05,TRUE,103
10,0,0,0,11.2745444411125,4.07015742979579,18.4789314524292,12.1602197648268,-1.26641398317985,25.5868535128334,13.2405228993001,0,11.5143446846035,0,"normal","I",1000,500,0.5,0,0,0,FALSE,0,FALSE,0.5,"leave-d",200,0.2,1e+05,TRUE,103
10,0,0,0,11.2745444411125,4.07015742979579,18.4789314524292,17.2503960741325,3.14199322756875,31.3587989206963,13.2405228993001,0,15.7597280688199,0,"normal","I",1000,500,0.5,0,0,0,FALSE,0,FALSE,0.5,"leave-d",200,0.2,1e+05,TRUE,103
10,0,0,0,11.2745444411125,4.07015742979579,18.4789314524292,30.6421692472092,17.1608250466271,44.1235134477912,13.2405228993001,0,30.4237995724067,0,"normal","I",1000,500,0.5,0,0,0,FALSE,0,FALSE,0.5,"leave-d",200,0.2,1e+05,TRUE,103
10,0,0,0,11.2745444411125,4.07015742979579,18.4789314524292,12.0067768245173,-0.589376763098782,24.6029304121334,13.2405228993001,0,8.51751735513167,0,"normal","I",1000,500,0.5,0,0,0,FALSE,0,FALSE,0.5,"leave-d",200,0.2,1e+05,TRUE,103
10,0,0,0,11.2745444411125,4.07015742979579,18.4789314524292,28.8689001176442,15.019215283812,42.7185849514763,13.2405228993001,0,27.2001767189283,0,"normal","I",1000,500,0.5,0,0,0,FALSE,0,FALSE,0.5,"leave-d",200,0.2,1e+05,TRUE,103
10,0,0,0,11.2745444411125,4.07015742979579,18.4789314524292,15.7386731878327,2.99135402545597,28.4859923502093,13.2405228993001,0,16.3378208500505,0,"normal","I",1000,500,0.5,0,0,0,FALSE,0,FALSE,0.5,"leave-d",200,0.2,1e+05,TRUE,103
10,0,0,0,11.2745444411125,4.07015742979579,18.4789314524292,2.85959147806322,-9.43945071566403,15.1586336717905,13.2405228993001,0,6.59086966233119,0,"normal","I",1000,500,0.5,0,0,0,FALSE,0,FALSE,0.5,"leave-d",200,0.2,1e+05,TRUE,103
10,0,0,0,11.2745444411125,4.07015742979579,18.4789314524292,4.29580065767507,-8.33379515814159,16.9253964734917,13.2405228993001,0,6.97018578607218,0,"normal","I",1000,500,0.5,0,0,0,FALSE,0,FALSE,0.5,"leave-d",200,0.2,1e+05,TRUE,103
10,0,0,0,11.2745444411125,4.07015742979579,18.4789314524292,11.9545229957418,-1.14534226979169,25.0543882612752,13.2405228993001,0,14.6117546130092,0,"normal","I",1000,500,0.5,0,0,0,FALSE,0,FALSE,0.5,"leave-d",200,0.2,1e+05,TRUE,103
10,0,0,0,11.2745444411125,4.07015742979579,18.4789314524292,11.9257439341342,-1.54696686131081,25.3984547295793,13.2405228993001,0,13.1869383065449,0,"normal","I",1000,500,0.5,0,0,0,FALSE,0,FALSE,0.5,"leave-d",200,0.2,1e+05,TRUE,103
10,0,0,0,11.2745444411125,4.07015742979579,18.4789314524292,12.8582311512546,-0.53980427427099,26.2562665767802,13.2405228993001,0,13.8944042212928,0,"normal","I",1000,500,0.5,0,0,0,FALSE,0,FALSE,0.5,"leave-d",200,0.2,1e+05,TRUE,103
10,0,0,0,11.2745444411125,4.07015742979579,18.4789314524292,15.625783492911,2.66150859235916,28.5900583934629,13.2405228993001,0,11.7122627479625,0,"normal","I",1000,500,0.5,0,0,0,FALSE,0,FALSE,0.5,"leave-d",200,0.2,1e+05,TRUE,103
10,0,0,0,11.2745444411125,4.07015742979579,18.4789314524292,18.6184648635518,5.76227100835117,31.4746587187523,13.2405228993001,0,17.5100795337988,0,"normal","I",1000,500,0.5,0,0,0,FALSE,0,FALSE,0.5,"leave-d",200,0.2,1e+05,TRUE,103
10,0,0,0,11.2745444411125,4.07015742979579,18.4789314524292,10.5941556492136,-3.31102903187826,24.4993403303055,13.2405228993001,0,13.4561270500744,0,"normal","I",1000,500,0.5,0,0,0,FALSE,0,FALSE,0.5,"leave-d",200,0.2,1e+05,TRUE,103
10,0,0,0,11.2745444411125,4.07015742979579,18.4789314524292,20.1555241105796,6.95822500786235,33.3528232132969,13.2405228993001,0,18.9848551073272,0,"normal","I",1000,500,0.5,0,0,0,FALSE,0,FALSE,0.5,"leave-d",200,0.2,1e+05,TRUE,103
10,0,0,0,11.2745444411125,4.07015742979579,18.4789314524292,9.80869397671282,-4.9223707801354,24.539758733561,13.2405228993001,0,13.6773866653561,0,"normal","I",1000,500,0.5,0,0,0,FALSE,0,FALSE,0.5,"leave-d",200,0.2,1e+05,TRUE,103
10,0,0,0,11.2745444411125,4.07015742979579,18.4789314524292,33.4269072376116,20.8192961487401,46.0345183264831,13.2405228993001,0,32.8202131352244,0,"normal","I",1000,500,0.5,0,0,0,FALSE,0,FALSE,0.5,"leave-d",200,0.2,1e+05,TRUE,103
10,0,0,0,11.2745444411125,4.07015742979579,18.4789314524292,13.3992759304813,-0.469615408196182,27.2681672691588,13.2405228993001,0,4.68641750990678,0,"normal","I",1000,500,0.5,0,0,0,FALSE,0,FALSE,0.5,"leave-d",200,0.2,1e+05,TRUE,103
10,0,0,0,11.2745444411125,4.07015742979579,18.4789314524292,22.0188412458196,9.99014009618547,34.0475423954537,13.2405228993001,0,21.5706313780766,0,"normal","I",1000,500,0.5,0,0,0,FALSE,0,FALSE,0.5,"leave-d",200,0.2,1e+05,TRUE,103
10,0,0,0,11.2745444411125,4.07015742979579,18.4789314524292,28.990436087112,16.5264273050907,41.4544448691334,13.2405228993001,0,28.2181295747775,0,"normal","I",1000,500,0.5,0,0,0,FALSE,0,FALSE,0.5,"leave-d",200,0.2,1e+05,TRUE,103
10,0,0,0,11.2745444411125,4.07015742979579,18.4789314524292,24.005547864588,10.4408137680957,37.5702819610803,13.2405228993001,0,22.2102555143717,0,"normal","I",1000,500,0.5,0,0,0,FALSE,0,FALSE,0.5,"leave-d",200,0.2,1e+05,TRUE,103
10,0,0,0,11.2745444411125,4.07015742979579,18.4789314524292,12.7776515057284,0.320939844396472,25.2343631670603,13.2405228993001,0,12.3419174113035,0,"normal","I",1000,500,0.5,0,0,0,FALSE,0,FALSE,0.5,"leave-d",200,0.2,1e+05,TRUE,103
10,0,0,0,11.2745444411125,4.07015742979579,18.4789314524292,10.8788440687502,-1.89514371151289,23.6528318490134,13.2405228993001,0,11.2581516483403,0,"normal","I",1000,500,0.5,0,0,0,FALSE,0,FALSE,0.5,"leave-d",200,0.2,1e+05,TRUE,103
10,0,0,0,11.2745444411125,4.07015742979579,18.4789314524292,11.904649856679,-1.5907732363723,25.4000729497303,13.2405228993001,0,10.4340469358121,0,"normal","I",1000,500,0.5,0,0,0,FALSE,0,FALSE,0.5,"leave-d",200,0.2,1e+05,TRUE,103
10,0,0,0,11.2745444411125,4.07015742979579,18.4789314524292,12.9771783958972,0.7893999571554,25.164956834639,13.2405228993001,0,13.4392387945035,0,"normal","I",1000,500,0.5,0,0,0,FALSE,0,FALSE,0.5,"leave-d",200,0.2,1e+05,TRUE,103
10,0,0,0,11.2745444411125,4.07015742979579,18.4789314524292,10.1339859437672,-3.58538380183451,23.8533556893689,13.2405228993001,0,12.6718519372797,0,"normal","I",1000,500,0.5,0,0,0,FALSE,0,FALSE,0.5,"leave-d",200,0.2,1e+05,TRUE,103
10,0,0,0,11.2745444411125,4.07015742979579,18.4789314524292,1.67646884366235,-11.3781199735652,14.7310576608899,13.2405228993001,0,0,0,"normal","I",1000,500,0.5,0,0,0,FALSE,0,FALSE,0.5,"leave-d",200,0.2,1e+05,TRUE,103
10,0,0,0,11.2745444411125,4.07015742979579,18.4789314524292,18.417673837998,6.0959615671329,30.7393861088632,13.2405228993001,0,17.6141326184223,0,"normal","I",1000,500,0.5,0,0,0,FALSE,0,FALSE,0.5,"leave-d",200,0.2,1e+05,TRUE,103
10,0,0,0,11.2745444411125,4.07015742979579,18.4789314524292,9.58227321475257,-2.68109822748782,21.845644656993,13.2405228993001,0,6.88842235062765,0,"normal","I",1000,500,0.5,0,0,0,FALSE,0,FALSE,0.5,"leave-d",200,0.2,1e+05,TRUE,103
10,0,0,0,11.2745444411125,4.07015742979579,18.4789314524292,8.79107452767686,-3.95728774012871,21.5394367954824,13.2405228993001,0,10.3527663709008,0,"normal","I",1000,500,0.5,0,0,0,FALSE,0,FALSE,0.5,"leave-d",200,0.2,1e+05,TRUE,103
10,0,0,0,11.2745444411125,4.07015742979579,18.4789314524292,18.7686850303163,4.66636429688476,32.8710057637479,13.2405228993001,0,18.8365090525631,0,"normal","I",1000,500,0.5,0,0,0,FALSE,0,FALSE,0.5,"leave-d",200,0.2,1e+05,TRUE,103
10,0,0,0,11.2745444411125,4.07015742979579,18.4789314524292,12.0307109196425,0.081474218276151,23.9799476210087,13.2405228993001,0,11.4041938751902,0,"normal","I",1000,500,0.5,0,0,0,FALSE,0,FALSE,0.5,"leave-d",200,0.2,1e+05,TRUE,103
10,0,0,0,11.2745444411125,4.07015742979579,18.4789314524292,-1.26516753943287,-13.7764095100395,11.2460744311738,13.2405228993001,0,3.48239333301623,0,"normal","I",1000,500,0.5,0,0,0,FALSE,0,FALSE,0.5,"leave-d",200,0.2,1e+05,TRUE,103
10,0,0,0,11.2745444411125,4.07015742979579,18.4789314524292,18.5909872289488,6.25929942799096,30.9226750299067,13.2405228993001,0,16.6986408967467,0,"normal","I",1000,500,0.5,0,0,0,FALSE,0,FALSE,0.5,"leave-d",200,0.2,1e+05,TRUE,103
10,0,0,0,11.2745444411125,4.07015742979579,18.4789314524292,6.92190220214604,-4.39799945920518,18.2418038634973,13.2405228993001,0,10.0576857617916,0,"normal","I",1000,500,0.5,0,0,0,FALSE,0,FALSE,0.5,"leave-d",200,0.2,1e+05,TRUE,103
10,0,0,0,11.2745444411125,4.07015742979579,18.4789314524292,23.7448844887161,10.9707126751269,36.5190563023053,13.2405228993001,0,22.320827253115,0,"normal","I",1000,500,0.5,0,0,0,FALSE,0,FALSE,0.5,"leave-d",200,0.2,1e+05,TRUE,103
10,0,0,0,11.2745444411125,4.07015742979579,18.4789314524292,14.0531873640451,1.74352561384955,26.3628491142406,13.2405228993001,0,9.95481982487119,0,"normal","I",1000,500,0.5,0,0,0,FALSE,0,FALSE,0.5,"leave-d",200,0.2,1e+05,TRUE,103
10,0,0,0,11.2745444411125,4.07015742979579,18.4789314524292,5.95679753676286,-7.15791437233291,19.0715094458586,13.2405228993001,0,8.56193207678997,0,"normal","I",1000,500,0.5,0,0,0,FALSE,0,FALSE,0.5,"leave-d",200,0.2,1e+05,TRUE,103
10,0,0,0,11.2745444411125,4.07015742979579,18.4789314524292,12.51520246478,-0.487748387944523,25.5181533175045,13.2405228993001,0,12.8961710693886,0,"normal","I",1000,500,0.5,0,0,0,FALSE,0,FALSE,0.5,"leave-d",200,0.2,1e+05,TRUE,103
10,0,0,0,11.2745444411125,4.07015742979579,18.4789314524292,19.9291261368442,6.09530155652003,33.7629507171683,13.2405228993001,0,19.9717841120415,0,"normal","I",1000,500,0.5,0,0,0,FALSE,0,FALSE,0.5,"leave-d",200,0.2,1e+05,TRUE,103
10,0,0,0,11.2745444411125,4.07015742979579,18.4789314524292,27.3501350480479,14.1426659529753,40.5576041431205,13.2405228993001,0,26.2243010379369,0,"normal","I",1000,500,0.5,0,0,0,FALSE,0,FALSE,0.5,"leave-d",200,0.2,1e+05,TRUE,103
10,0,0,0,11.2745444411125,4.07015742979579,18.4789314524292,5.76890782901403,-6.61671722557703,18.1545328836051,13.2405228993001,0,7.04654740019117,0,"normal","I",1000,500,0.5,0,0,0,FALSE,0,FALSE,0.5,"leave-d",200,0.2,1e+05,TRUE,103
10,0,0,0,11.2745444411125,4.07015742979579,18.4789314524292,19.0415656163722,6.5343226505517,31.5488085821927,13.2405228993001,0,17.9486354207982,0,"normal","I",1000,500,0.5,0,0,0,FALSE,0,FALSE,0.5,"leave-d",200,0.2,1e+05,TRUE,103
10,0,0,0,11.2745444411125,4.07015742979579,18.4789314524292,15.5226730435977,1.86373247828401,29.1816136089114,13.2405228993001,0,11.2713315131692,0,"normal","I",1000,500,0.5,0,0,0,FALSE,0,FALSE,0.5,"leave-d",200,0.2,1e+05,TRUE,103
10,0,0,0,11.2745444411125,4.07015742979579,18.4789314524292,19.3045612690163,6.05342739476826,32.5556951432644,13.2405228993001,0,18.4075067545949,0,"normal","I",1000,500,0.5,0,0,0,FALSE,0,FALSE,0.5,"leave-d",200,0.2,1e+05,TRUE,103
10,0,0,0,11.2745444411125,4.07015742979579,18.4789314524292,5.6095242449318,-7.15750774140169,18.3765562312653,13.2405228993001,0,6.14618883922995,0,"normal","I",1000,500,0.5,0,0,0,FALSE,0,FALSE,0.5,"leave-d",200,0.2,1e+05,TRUE,103
10,0,0,0,11.2745444411125,4.07015742979579,18.4789314524292,0.0298739643941294,-12.3860236448583,12.4457715736466,13.2405228993001,0,1.08235767130859,0,"normal","I",1000,500,0.5,0,0,0,FALSE,0,FALSE,0.5,"leave-d",200,0.2,1e+05,TRUE,103
10,0,0,0,11.2745444411125,4.07015742979579,18.4789314524292,12.3963227101863,-0.440796515873714,25.2334419362463,13.2405228993001,0,13.3350391866921,0,"normal","I",1000,500,0.5,0,0,0,FALSE,0,FALSE,0.5,"leave-d",200,0.2,1e+05,TRUE,103
10,0,0,0,11.2745444411125,4.07015742979579,18.4789314524292,-2.65876107420474,-15.4363490722149,10.1188269238055,13.2405228993001,0,0.872635055442554,0,"normal","I",1000,500,0.5,0,0,0,FALSE,0,FALSE,0.5,"leave-d",200,0.2,1e+05,TRUE,103
10,0,0,0,11.2745444411125,4.07015742979579,18.4789314524292,21.6207923217994,8.60587085709393,34.6357137865049,13.2405228993001,0,20.1404024298595,0,"normal","I",1000,500,0.5,0,0,0,FALSE,0,FALSE,0.5,"leave-d",200,0.2,1e+05,TRUE,103
10,0,0,0,11.2745444411125,4.07015742979579,18.4789314524292,11.1729704775855,-3.17362789076517,25.5195688459361,13.2405228993001,0,14.3491142356258,0,"normal","I",1000,500,0.5,0,0,0,FALSE,0,FALSE,0.5,"leave-d",200,0.2,1e+05,TRUE,103
10,0,0,0,11.2745444411125,4.07015742979579,18.4789314524292,14.4818693285871,1.41769804113633,27.5460406160378,13.2405228993001,0,15.6017291156261,0,"normal","I",1000,500,0.5,0,0,0,FALSE,0,FALSE,0.5,"leave-d",200,0.2,1e+05,TRUE,103
10,0,0,0,11.2745444411125,4.07015742979579,18.4789314524292,19.6348167838796,8.58738310948296,30.6822504582762,13.2405228993001,0,18.6480367876309,0,"normal","I",1000,500,0.5,0,0,0,FALSE,0,FALSE,0.5,"leave-d",200,0.2,1e+05,TRUE,103
10,0,0,0,11.2745444411125,4.07015742979579,18.4789314524292,12.9370843630685,-0.703377044285114,26.5775457704222,13.2405228993001,0,13.1357970904621,0,"normal","I",1000,500,0.5,0,0,0,FALSE,0,FALSE,0.5,"leave-d",200,0.2,1e+05,TRUE,103
10,0,0,0,11.2745444411125,4.07015742979579,18.4789314524292,18.5523551110614,5.51747517535432,31.5872350467684,13.2405228993001,0,18.9165144764333,0,"normal","I",1000,500,0.5,0,0,0,FALSE,0,FALSE,0.5,"leave-d",200,0.2,1e+05,TRUE,103
10,0,0,0,11.2745444411125,4.07015742979579,18.4789314524292,8.14695050383549,-3.4928845976392,19.7867856053102,13.2405228993001,0,7.86868394604868,0,"normal","I",1000,500,0.5,0,0,0,FALSE,0,FALSE,0.5,"leave-d",200,0.2,1e+05,TRUE,103
10,0,0,0,11.2745444411125,4.07015742979579,18.4789314524292,13.9325152969261,0.339349106324956,27.5256814875272,13.2405228993001,0,15.6694330077385,0,"normal","I",1000,500,0.5,0,0,0,FALSE,0,FALSE,0.5,"leave-d",200,0.2,1e+05,TRUE,103
10,0,0,0,11.2745444411125,4.07015742979579,18.4789314524292,0.96840176654647,-11.2861150549261,13.222918588019,13.2405228993001,0,5.37519099714124,0,"normal","I",1000,500,0.5,0,0,0,FALSE,0,FALSE,0.5,"leave-d",200,0.2,1e+05,TRUE,103
10,0,0,0,11.2745444411125,4.07015742979579,18.4789314524292,0.910958418733679,-11.3346044644499,13.1565213019173,13.2405228993001,0,0,0,"normal","I",1000,500,0.5,0,0,0,FALSE,0,FALSE,0.5,"leave-d",200,0.2,1e+05,TRUE,103
10,0,0,0,11.2745444411125,4.07015742979579,18.4789314524292,15.5874407058484,2.36889629504752,28.8059851166493,13.2405228993001,0,14.5376790908213,0,"normal","I",1000,500,0.5,0,0,0,FALSE,0,FALSE,0.5,"leave-d",200,0.2,1e+05,TRUE,103
10,0,0,0,11.2745444411125,4.07015742979579,18.4789314524292,11.5574001534168,-1.46085947520747,24.575659782041,13.2405228993001,0,10.2486692465454,0,"normal","I",1000,500,0.5,0,0,0,FALSE,0,FALSE,0.5,"leave-d",200,0.2,1e+05,TRUE,103
10,0,0,0,11.2745444411125,4.07015742979579,18.4789314524292,11.1257686022967,-2.51413560831443,24.7656728129079,13.2405228993001,0,12.7768144029215,0,"normal","I",1000,500,0.5,0,0,0,FALSE,0,FALSE,0.5,"leave-d",200,0.2,1e+05,TRUE,103
10,0,0,0,11.2745444411125,4.07015742979579,18.4789314524292,18.9831501433348,4.49273395265147,33.473566334018,13.2405228993001,0,20.3203963303905,0,"normal","I",1000,500,0.5,0,0,0,FALSE,0,FALSE,0.5,"leave-d",200,0.2,1e+05,TRUE,103
10,0,0,0,11.2745444411125,4.07015742979579,18.4789314524292,16.8100528511242,4.41794525056902,29.2021604516793,13.2405228993001,0,15.1567140321212,0,"normal","I",1000,500,0.5,0,0,0,FALSE,0,FALSE,0.5,"leave-d",200,0.2,1e+05,TRUE,103
10,0,0,0,11.2745444411125,4.07015742979579,18.4789314524292,17.585066615968,5.09530392812707,30.0748293038089,13.2405228993001,0,16.6744729127021,0,"normal","I",1000,500,0.5,0,0,0,FALSE,0,FALSE,0.5,"leave-d",200,0.2,1e+05,TRUE,103
