"var_main_effect","var_inter_effect","cov_main_inter_effect","var_total_effect","EigenPrism_main","EigenPrism_CI1","EigenPrism_CI2","sub_EigenPrism_main","sub_EigenPrism_CI1","sub_EigenPrism_CI2","GCTA_main","GCTA_inter","sub_GCTA_main","sub_GCTA_inter","x_dist","structure","p","n","main_fixed_var","main_random_var","inter_fixed_var","inter_random_var","decor","interact","combine","pro","bs","n_sub","rho_e","emp_n","inter_std","i"
10,0,0,0,23.1284782249798,-1.62587721289042,47.8828336628499,1.99980176153077,-37.4798141969185,41.47941771998,22.8901356268861,0,0,0,"normal","I",1000,100,0.5,0,0,0,FALSE,0,FALSE,0.5,"leave-d",200,0.2,1e+05,TRUE,306
10,0,0,0,23.1284782249798,-1.62587721289042,47.8828336628499,-18.8447168798144,-55.3994785073053,17.7100447476764,22.8901356268861,0,0,0,"normal","I",1000,100,0.5,0,0,0,FALSE,0,FALSE,0.5,"leave-d",200,0.2,1e+05,TRUE,306
10,0,0,0,23.1284782249798,-1.62587721289042,47.8828336628499,42.6645788874127,-0.935072664377977,86.2642304392034,22.8901356268861,0,43.3680229247574,0,"normal","I",1000,100,0.5,0,0,0,FALSE,0,FALSE,0.5,"leave-d",200,0.2,1e+05,TRUE,306
10,0,0,0,23.1284782249798,-1.62587721289042,47.8828336628499,35.1142605159504,-18.9473916190025,89.1759126509033,22.8901356268861,0,34.7393994150159,0,"normal","I",1000,100,0.5,0,0,0,FALSE,0,FALSE,0.5,"leave-d",200,0.2,1e+05,TRUE,306
10,0,0,0,23.1284782249798,-1.62587721289042,47.8828336628499,23.4918649363222,-14.7409656764161,61.7246955490604,22.8901356268861,0,21.8038482292941,0,"normal","I",1000,100,0.5,0,0,0,FALSE,0,FALSE,0.5,"leave-d",200,0.2,1e+05,TRUE,306
10,0,0,0,23.1284782249798,-1.62587721289042,47.8828336628499,21.3030686332157,-21.8866936040187,64.49283087045,22.8901356268861,0,11.2880096627071,0,"normal","I",1000,100,0.5,0,0,0,FALSE,0,FALSE,0.5,"leave-d",200,0.2,1e+05,TRUE,306
10,0,0,0,23.1284782249798,-1.62587721289042,47.8828336628499,35.8202346166248,-3.17190338363854,74.8123726168881,22.8901356268861,0,41.1341634298391,0,"normal","I",1000,100,0.5,0,0,0,FALSE,0,FALSE,0.5,"leave-d",200,0.2,1e+05,TRUE,306
10,0,0,0,23.1284782249798,-1.62587721289042,47.8828336628499,46.7839886423233,7.13205371612351,86.4359235685232,22.8901356268861,0,40.4431656859568,0,"normal","I",1000,100,0.5,0,0,0,FALSE,0,FALSE,0.5,"leave-d",200,0.2,1e+05,TRUE,306
10,0,0,0,23.1284782249798,-1.62587721289042,47.8828336628499,-4.94185993395339,-42.5796208220015,32.6959009540947,22.8901356268861,0,0,0,"normal","I",1000,100,0.5,0,0,0,FALSE,0,FALSE,0.5,"leave-d",200,0.2,1e+05,TRUE,306
10,0,0,0,23.1284782249798,-1.62587721289042,47.8828336628499,30.5711030221965,-13.8097423284104,74.9519483728033,22.8901356268861,0,28.9622162016773,0,"normal","I",1000,100,0.5,0,0,0,FALSE,0,FALSE,0.5,"leave-d",200,0.2,1e+05,TRUE,306
10,0,0,0,23.1284782249798,-1.62587721289042,47.8828336628499,24.4473040634354,-8.25029538035356,57.1449035072244,22.8901356268861,0,28.2812042995088,0,"normal","I",1000,100,0.5,0,0,0,FALSE,0,FALSE,0.5,"leave-d",200,0.2,1e+05,TRUE,306
10,0,0,0,23.1284782249798,-1.62587721289042,47.8828336628499,46.4173999174242,4.55259320585736,88.2822066289911,22.8901356268861,0,37.8266560688129,0,"normal","I",1000,100,0.5,0,0,0,FALSE,0,FALSE,0.5,"leave-d",200,0.2,1e+05,TRUE,306
10,0,0,0,23.1284782249798,-1.62587721289042,47.8828336628499,-13.5050469051427,-42.2465526476612,15.2364588373759,22.8901356268861,0,0,0,"normal","I",1000,100,0.5,0,0,0,FALSE,0,FALSE,0.5,"leave-d",200,0.2,1e+05,TRUE,306
10,0,0,0,23.1284782249798,-1.62587721289042,47.8828336628499,-1.25975341175667,-49.3086377763597,46.7891309528463,22.8901356268861,0,0,0,"normal","I",1000,100,0.5,0,0,0,FALSE,0,FALSE,0.5,"leave-d",200,0.2,1e+05,TRUE,306
10,0,0,0,23.1284782249798,-1.62587721289042,47.8828336628499,13.0583820433084,-27.5927577162834,53.7095218029001,22.8901356268861,0,1.58403533537138,0,"normal","I",1000,100,0.5,0,0,0,FALSE,0,FALSE,0.5,"leave-d",200,0.2,1e+05,TRUE,306
10,0,0,0,23.1284782249798,-1.62587721289042,47.8828336628499,39.2803441218932,-0.237716480422257,78.7984047242086,22.8901356268861,0,40.7629007037852,0,"normal","I",1000,100,0.5,0,0,0,FALSE,0,FALSE,0.5,"leave-d",200,0.2,1e+05,TRUE,306
10,0,0,0,23.1284782249798,-1.62587721289042,47.8828336628499,-6.33772986393012,-47.4788095365666,34.8033498087064,22.8901356268861,0,0,0,"normal","I",1000,100,0.5,0,0,0,FALSE,0,FALSE,0.5,"leave-d",200,0.2,1e+05,TRUE,306
10,0,0,0,23.1284782249798,-1.62587721289042,47.8828336628499,4.95317615173015,-40.297562402654,50.2039147061143,22.8901356268861,0,0,0,"normal","I",1000,100,0.5,0,0,0,FALSE,0,FALSE,0.5,"leave-d",200,0.2,1e+05,TRUE,306
10,0,0,0,23.1284782249798,-1.62587721289042,47.8828336628499,90.9318523071414,53.6730489246374,128.190655689645,22.8901356268861,0,35.2788349307014,0,"normal","I",1000,100,0.5,0,0,0,FALSE,0,FALSE,0.5,"leave-d",200,0.2,1e+05,TRUE,306
10,0,0,0,23.1284782249798,-1.62587721289042,47.8828336628499,62.0578850406102,17.0266516508222,107.089118430398,22.8901356268861,0,44.8819113254384,0,"normal","I",1000,100,0.5,0,0,0,FALSE,0,FALSE,0.5,"leave-d",200,0.2,1e+05,TRUE,306
10,0,0,0,23.1284782249798,-1.62587721289042,47.8828336628499,32.824235809866,-16.1988367204786,81.8473083402106,22.8901356268861,0,34.9053759641894,0,"normal","I",1000,100,0.5,0,0,0,FALSE,0,FALSE,0.5,"leave-d",200,0.2,1e+05,TRUE,306
10,0,0,0,23.1284782249798,-1.62587721289042,47.8828336628499,8.24060713547701,-27.9701234059884,44.4513376769424,22.8901356268861,0,0,0,"normal","I",1000,100,0.5,0,0,0,FALSE,0,FALSE,0.5,"leave-d",200,0.2,1e+05,TRUE,306
10,0,0,0,23.1284782249798,-1.62587721289042,47.8828336628499,7.71371428848851,-27.038158800769,42.465587377746,22.8901356268861,0,0,0,"normal","I",1000,100,0.5,0,0,0,FALSE,0,FALSE,0.5,"leave-d",200,0.2,1e+05,TRUE,306
10,0,0,0,23.1284782249798,-1.62587721289042,47.8828336628499,-10.8615455431762,-63.1175549849159,41.3944638985635,22.8901356268861,0,0,0,"normal","I",1000,100,0.5,0,0,0,FALSE,0,FALSE,0.5,"leave-d",200,0.2,1e+05,TRUE,306
10,0,0,0,23.1284782249798,-1.62587721289042,47.8828336628499,26.4996869128051,-22.7499272951278,75.749301120738,22.8901356268861,0,51.4607887876249,0,"normal","I",1000,100,0.5,0,0,0,FALSE,0,FALSE,0.5,"leave-d",200,0.2,1e+05,TRUE,306
10,0,0,0,23.1284782249798,-1.62587721289042,47.8828336628499,45.5049001889351,-0.0482341248679106,91.058034502738,22.8901356268861,0,40.2534729282817,0,"normal","I",1000,100,0.5,0,0,0,FALSE,0,FALSE,0.5,"leave-d",200,0.2,1e+05,TRUE,306
10,0,0,0,23.1284782249798,-1.62587721289042,47.8828336628499,-33.4430926901354,-73.2308057951964,6.34462041492552,22.8901356268861,0,0,0,"normal","I",1000,100,0.5,0,0,0,FALSE,0,FALSE,0.5,"leave-d",200,0.2,1e+05,TRUE,306
10,0,0,0,23.1284782249798,-1.62587721289042,47.8828336628499,24.2163899567094,-11.5790568077435,60.0118367211623,22.8901356268861,0,18.8477170407005,0,"normal","I",1000,100,0.5,0,0,0,FALSE,0,FALSE,0.5,"leave-d",200,0.2,1e+05,TRUE,306
10,0,0,0,23.1284782249798,-1.62587721289042,47.8828336628499,18.4870812845604,-34.1965753797127,71.1707379488334,22.8901356268861,0,2.36650406166391,0,"normal","I",1000,100,0.5,0,0,0,FALSE,0,FALSE,0.5,"leave-d",200,0.2,1e+05,TRUE,306
10,0,0,0,23.1284782249798,-1.62587721289042,47.8828336628499,19.9247695375954,-15.7144628868459,55.5640019620367,22.8901356268861,0,20.3990807333096,0,"normal","I",1000,100,0.5,0,0,0,FALSE,0,FALSE,0.5,"leave-d",200,0.2,1e+05,TRUE,306
10,0,0,0,23.1284782249798,-1.62587721289042,47.8828336628499,-7.53400175641676,-48.1410774015191,33.0730738886856,22.8901356268861,0,0,0,"normal","I",1000,100,0.5,0,0,0,FALSE,0,FALSE,0.5,"leave-d",200,0.2,1e+05,TRUE,306
10,0,0,0,23.1284782249798,-1.62587721289042,47.8828336628499,12.1031337069495,-37.6327702559451,61.8390376698442,22.8901356268861,0,0,0,"normal","I",1000,100,0.5,0,0,0,FALSE,0,FALSE,0.5,"leave-d",200,0.2,1e+05,TRUE,306
10,0,0,0,23.1284782249798,-1.62587721289042,47.8828336628499,40.3561982628303,-10.0254465348925,90.7378430605531,22.8901356268861,0,51.9468681356172,0,"normal","I",1000,100,0.5,0,0,0,FALSE,0,FALSE,0.5,"leave-d",200,0.2,1e+05,TRUE,306
10,0,0,0,23.1284782249798,-1.62587721289042,47.8828336628499,15.0474855444345,-26.3843213524602,56.4792924413293,22.8901356268861,0,3.6764075548537,0,"normal","I",1000,100,0.5,0,0,0,FALSE,0,FALSE,0.5,"leave-d",200,0.2,1e+05,TRUE,306
10,0,0,0,23.1284782249798,-1.62587721289042,47.8828336628499,26.6399247372446,-6.08114511733151,59.3609945918208,22.8901356268861,0,34.3582983733725,0,"normal","I",1000,100,0.5,0,0,0,FALSE,0,FALSE,0.5,"leave-d",200,0.2,1e+05,TRUE,306
10,0,0,0,23.1284782249798,-1.62587721289042,47.8828336628499,-7.71862011119236,-46.9134959537653,31.4762557313806,22.8901356268861,0,0,0,"normal","I",1000,100,0.5,0,0,0,FALSE,0,FALSE,0.5,"leave-d",200,0.2,1e+05,TRUE,306
10,0,0,0,23.1284782249798,-1.62587721289042,47.8828336628499,7.39230615835801,-30.5538505500672,45.3384628667833,22.8901356268861,0,0,0,"normal","I",1000,100,0.5,0,0,0,FALSE,0,FALSE,0.5,"leave-d",200,0.2,1e+05,TRUE,306
10,0,0,0,23.1284782249798,-1.62587721289042,47.8828336628499,60.6058736959795,18.320407367446,102.891340024513,22.8901356268861,0,42.1028109471078,0,"normal","I",1000,100,0.5,0,0,0,FALSE,0,FALSE,0.5,"leave-d",200,0.2,1e+05,TRUE,306
10,0,0,0,23.1284782249798,-1.62587721289042,47.8828336628499,-2.47202847751424,-33.8995665838905,28.955509628862,22.8901356268861,0,0,0,"normal","I",1000,100,0.5,0,0,0,FALSE,0,FALSE,0.5,"leave-d",200,0.2,1e+05,TRUE,306
10,0,0,0,23.1284782249798,-1.62587721289042,47.8828336628499,-33.6676145797069,-74.1989925451828,6.86376338576908,22.8901356268861,0,0,0,"normal","I",1000,100,0.5,0,0,0,FALSE,0,FALSE,0.5,"leave-d",200,0.2,1e+05,TRUE,306
10,0,0,0,23.1284782249798,-1.62587721289042,47.8828336628499,24.8175249945973,-6.55276418604163,56.1878141752362,22.8901356268861,0,16.7205862983205,0,"normal","I",1000,100,0.5,0,0,0,FALSE,0,FALSE,0.5,"leave-d",200,0.2,1e+05,TRUE,306
10,0,0,0,23.1284782249798,-1.62587721289042,47.8828336628499,16.4319152042505,-22.5380740189517,55.4019044274527,22.8901356268861,0,6.98981753322429,0,"normal","I",1000,100,0.5,0,0,0,FALSE,0,FALSE,0.5,"leave-d",200,0.2,1e+05,TRUE,306
10,0,0,0,23.1284782249798,-1.62587721289042,47.8828336628499,22.363678924772,-27.9530345484614,72.6803923980053,22.8901356268861,0,14.8893726273049,0,"normal","I",1000,100,0.5,0,0,0,FALSE,0,FALSE,0.5,"leave-d",200,0.2,1e+05,TRUE,306
10,0,0,0,23.1284782249798,-1.62587721289042,47.8828336628499,3.89823464646373,-41.0611779935046,48.8576472864321,22.8901356268861,0,0,0,"normal","I",1000,100,0.5,0,0,0,FALSE,0,FALSE,0.5,"leave-d",200,0.2,1e+05,TRUE,306
10,0,0,0,23.1284782249798,-1.62587721289042,47.8828336628499,-6.63474766995258,-47.6621988443584,34.3927035044532,22.8901356268861,0,0,0,"normal","I",1000,100,0.5,0,0,0,FALSE,0,FALSE,0.5,"leave-d",200,0.2,1e+05,TRUE,306
10,0,0,0,23.1284782249798,-1.62587721289042,47.8828336628499,49.6406403438349,-0.793125834679039,100.074406522349,22.8901356268861,0,45.5916211924011,0,"normal","I",1000,100,0.5,0,0,0,FALSE,0,FALSE,0.5,"leave-d",200,0.2,1e+05,TRUE,306
10,0,0,0,23.1284782249798,-1.62587721289042,47.8828336628499,17.0787414669647,-33.5374146771871,67.6948976111166,22.8901356268861,0,1.96115011008278,0,"normal","I",1000,100,0.5,0,0,0,FALSE,0,FALSE,0.5,"leave-d",200,0.2,1e+05,TRUE,306
10,0,0,0,23.1284782249798,-1.62587721289042,47.8828336628499,8.19194136810211,-43.859672002017,60.2435547382213,22.8901356268861,0,0,0,"normal","I",1000,100,0.5,0,0,0,FALSE,0,FALSE,0.5,"leave-d",200,0.2,1e+05,TRUE,306
10,0,0,0,23.1284782249798,-1.62587721289042,47.8828336628499,97.1791203919153,56.7685421907866,137.589698593044,22.8901356268861,0,39.3382687133285,0,"normal","I",1000,100,0.5,0,0,0,FALSE,0,FALSE,0.5,"leave-d",200,0.2,1e+05,TRUE,306
10,0,0,0,23.1284782249798,-1.62587721289042,47.8828336628499,56.0619813240574,15.0786525694559,97.045310078659,22.8901356268861,0,42.5064779628114,0,"normal","I",1000,100,0.5,0,0,0,FALSE,0,FALSE,0.5,"leave-d",200,0.2,1e+05,TRUE,306
10,0,0,0,23.1284782249798,-1.62587721289042,47.8828336628499,46.8680372004884,2.7908747146699,90.9451996863069,22.8901356268861,0,44.6748093151676,0,"normal","I",1000,100,0.5,0,0,0,FALSE,0,FALSE,0.5,"leave-d",200,0.2,1e+05,TRUE,306
10,0,0,0,23.1284782249798,-1.62587721289042,47.8828336628499,3.74153757076099,-40.8557458583884,48.3388209999104,22.8901356268861,0,0,0,"normal","I",1000,100,0.5,0,0,0,FALSE,0,FALSE,0.5,"leave-d",200,0.2,1e+05,TRUE,306
10,0,0,0,23.1284782249798,-1.62587721289042,47.8828336628499,10.0998268972053,-40.5791877125228,60.7788415069333,22.8901356268861,0,0,0,"normal","I",1000,100,0.5,0,0,0,FALSE,0,FALSE,0.5,"leave-d",200,0.2,1e+05,TRUE,306
10,0,0,0,23.1284782249798,-1.62587721289042,47.8828336628499,81.3523771485016,41.4022686495793,121.302485647424,22.8901356268861,0,39.8446474340462,0,"normal","I",1000,100,0.5,0,0,0,FALSE,0,FALSE,0.5,"leave-d",200,0.2,1e+05,TRUE,306
10,0,0,0,23.1284782249798,-1.62587721289042,47.8828336628499,60.4142918646774,12.8148796449744,108.01370408438,22.8901356268861,0,49.4066783723511,0,"normal","I",1000,100,0.5,0,0,0,FALSE,0,FALSE,0.5,"leave-d",200,0.2,1e+05,TRUE,306
10,0,0,0,23.1284782249798,-1.62587721289042,47.8828336628499,45.9690988449207,-5.74775019460458,97.6859478844459,22.8901356268861,0,54.121594598803,0,"normal","I",1000,100,0.5,0,0,0,FALSE,0,FALSE,0.5,"leave-d",200,0.2,1e+05,TRUE,306
10,0,0,0,23.1284782249798,-1.62587721289042,47.8828336628499,20.4296085445624,-21.0820722019821,61.941289291107,22.8901356268861,0,14.6190101779221,0,"normal","I",1000,100,0.5,0,0,0,FALSE,0,FALSE,0.5,"leave-d",200,0.2,1e+05,TRUE,306
10,0,0,0,23.1284782249798,-1.62587721289042,47.8828336628499,54.0799048899086,6.17653338742277,101.983276392394,22.8901356268861,0,50.4895980104088,0,"normal","I",1000,100,0.5,0,0,0,FALSE,0,FALSE,0.5,"leave-d",200,0.2,1e+05,TRUE,306
10,0,0,0,23.1284782249798,-1.62587721289042,47.8828336628499,107.931742603237,58.7949031891902,157.068582017283,22.8901356268861,0,49.5234919448507,0,"normal","I",1000,100,0.5,0,0,0,FALSE,0,FALSE,0.5,"leave-d",200,0.2,1e+05,TRUE,306
10,0,0,0,23.1284782249798,-1.62587721289042,47.8828336628499,41.1434854354256,3.65621897201179,78.6307518988394,22.8901356268861,0,39.0538938465412,0,"normal","I",1000,100,0.5,0,0,0,FALSE,0,FALSE,0.5,"leave-d",200,0.2,1e+05,TRUE,306
10,0,0,0,23.1284782249798,-1.62587721289042,47.8828336628499,-8.1675225832518,-49.9120625472113,33.5770173807077,22.8901356268861,0,0,0,"normal","I",1000,100,0.5,0,0,0,FALSE,0,FALSE,0.5,"leave-d",200,0.2,1e+05,TRUE,306
10,0,0,0,23.1284782249798,-1.62587721289042,47.8828336628499,60.221252455875,9.60118478962075,110.841320122129,22.8901356268861,0,38.3598177739261,0,"normal","I",1000,100,0.5,0,0,0,FALSE,0,FALSE,0.5,"leave-d",200,0.2,1e+05,TRUE,306
10,0,0,0,23.1284782249798,-1.62587721289042,47.8828336628499,-22.4933376448202,-74.4101459587244,29.423470669084,22.8901356268861,0,0,0,"normal","I",1000,100,0.5,0,0,0,FALSE,0,FALSE,0.5,"leave-d",200,0.2,1e+05,TRUE,306
10,0,0,0,23.1284782249798,-1.62587721289042,47.8828336628499,6.35946483544867,-38.1063283286825,50.8252579995798,22.8901356268861,0,0,0,"normal","I",1000,100,0.5,0,0,0,FALSE,0,FALSE,0.5,"leave-d",200,0.2,1e+05,TRUE,306
10,0,0,0,23.1284782249798,-1.62587721289042,47.8828336628499,-1.18522430161287,-36.3412160374462,33.9707674342205,22.8901356268861,0,0,0,"normal","I",1000,100,0.5,0,0,0,FALSE,0,FALSE,0.5,"leave-d",200,0.2,1e+05,TRUE,306
10,0,0,0,23.1284782249798,-1.62587721289042,47.8828336628499,5.74106289067771,-39.1777397389924,50.6598655203478,22.8901356268861,0,0,0,"normal","I",1000,100,0.5,0,0,0,FALSE,0,FALSE,0.5,"leave-d",200,0.2,1e+05,TRUE,306
10,0,0,0,23.1284782249798,-1.62587721289042,47.8828336628499,54.7112856153498,15.0314908047525,94.3910804259471,22.8901356268861,0,40.2881833923136,0,"normal","I",1000,100,0.5,0,0,0,FALSE,0,FALSE,0.5,"leave-d",200,0.2,1e+05,TRUE,306
10,0,0,0,23.1284782249798,-1.62587721289042,47.8828336628499,16.2427815303623,-37.1383226813548,69.6238857420795,22.8901356268861,0,0.299536081484325,0,"normal","I",1000,100,0.5,0,0,0,FALSE,0,FALSE,0.5,"leave-d",200,0.2,1e+05,TRUE,306
10,0,0,0,23.1284782249798,-1.62587721289042,47.8828336628499,20.9127835344522,-20.9496295993809,62.7751966682852,22.8901356268861,0,28.6401544896755,0,"normal","I",1000,100,0.5,0,0,0,FALSE,0,FALSE,0.5,"leave-d",200,0.2,1e+05,TRUE,306
10,0,0,0,23.1284782249798,-1.62587721289042,47.8828336628499,49.5137795669916,2.38958211738017,96.6379770166031,22.8901356268861,0,47.7358509070418,0,"normal","I",1000,100,0.5,0,0,0,FALSE,0,FALSE,0.5,"leave-d",200,0.2,1e+05,TRUE,306
10,0,0,0,23.1284782249798,-1.62587721289042,47.8828336628499,2.38143522534344,-52.9532535405099,57.7161239911968,22.8901356268861,0,0,0,"normal","I",1000,100,0.5,0,0,0,FALSE,0,FALSE,0.5,"leave-d",200,0.2,1e+05,TRUE,306
10,0,0,0,23.1284782249798,-1.62587721289042,47.8828336628499,-20.3359011971959,-56.7092292012953,16.0374268069035,22.8901356268861,0,0,0,"normal","I",1000,100,0.5,0,0,0,FALSE,0,FALSE,0.5,"leave-d",200,0.2,1e+05,TRUE,306
10,0,0,0,23.1284782249798,-1.62587721289042,47.8828336628499,23.960587245256,-16.8763735869216,64.7975480774336,22.8901356268861,0,31.8063261092393,0,"normal","I",1000,100,0.5,0,0,0,FALSE,0,FALSE,0.5,"leave-d",200,0.2,1e+05,TRUE,306
10,0,0,0,23.1284782249798,-1.62587721289042,47.8828336628499,14.9697642745286,-16.2264158818356,46.1659444308929,22.8901356268861,0,16.862675700521,0,"normal","I",1000,100,0.5,0,0,0,FALSE,0,FALSE,0.5,"leave-d",200,0.2,1e+05,TRUE,306
10,0,0,0,23.1284782249798,-1.62587721289042,47.8828336628499,13.7702977684564,-26.3325393030951,53.8731348400078,22.8901356268861,0,6.64729729591597,0,"normal","I",1000,100,0.5,0,0,0,FALSE,0,FALSE,0.5,"leave-d",200,0.2,1e+05,TRUE,306
10,0,0,0,23.1284782249798,-1.62587721289042,47.8828336628499,35.6266826767011,-10.8345234619542,82.0878888153564,22.8901356268861,0,36.6903265018206,0,"normal","I",1000,100,0.5,0,0,0,FALSE,0,FALSE,0.5,"leave-d",200,0.2,1e+05,TRUE,306
10,0,0,0,23.1284782249798,-1.62587721289042,47.8828336628499,4.58908154929559,-28.7049038200819,37.8830669186731,22.8901356268861,0,0,0,"normal","I",1000,100,0.5,0,0,0,FALSE,0,FALSE,0.5,"leave-d",200,0.2,1e+05,TRUE,306
10,0,0,0,23.1284782249798,-1.62587721289042,47.8828336628499,4.79272304910273,-42.9624225597582,52.5478686579637,22.8901356268861,0,0,0,"normal","I",1000,100,0.5,0,0,0,FALSE,0,FALSE,0.5,"leave-d",200,0.2,1e+05,TRUE,306
10,0,0,0,23.1284782249798,-1.62587721289042,47.8828336628499,-0.816116158416958,-53.2281357555566,51.5959034387227,22.8901356268861,0,0,0,"normal","I",1000,100,0.5,0,0,0,FALSE,0,FALSE,0.5,"leave-d",200,0.2,1e+05,TRUE,306
10,0,0,0,23.1284782249798,-1.62587721289042,47.8828336628499,21.1873969592458,-24.3711806836444,66.745974602136,22.8901356268861,0,47.3590237227976,0,"normal","I",1000,100,0.5,0,0,0,FALSE,0,FALSE,0.5,"leave-d",200,0.2,1e+05,TRUE,306
10,0,0,0,23.1284782249798,-1.62587721289042,47.8828336628499,15.579952574524,-30.7973820770821,61.9572872261302,22.8901356268861,0,1.67445192346644,0,"normal","I",1000,100,0.5,0,0,0,FALSE,0,FALSE,0.5,"leave-d",200,0.2,1e+05,TRUE,306
10,0,0,0,23.1284782249798,-1.62587721289042,47.8828336628499,44.2542740959237,0.833920304197051,87.6746278876503,22.8901356268861,0,45.222606719646,0,"normal","I",1000,100,0.5,0,0,0,FALSE,0,FALSE,0.5,"leave-d",200,0.2,1e+05,TRUE,306
10,0,0,0,23.1284782249798,-1.62587721289042,47.8828336628499,-24.8104733951226,-69.0593203401187,19.4383735498736,22.8901356268861,0,0,0,"normal","I",1000,100,0.5,0,0,0,FALSE,0,FALSE,0.5,"leave-d",200,0.2,1e+05,TRUE,306
10,0,0,0,23.1284782249798,-1.62587721289042,47.8828336628499,38.5091793149872,-2.85767137975939,79.8760300097339,22.8901356268861,0,36.2954552334878,0,"normal","I",1000,100,0.5,0,0,0,FALSE,0,FALSE,0.5,"leave-d",200,0.2,1e+05,TRUE,306
10,0,0,0,23.1284782249798,-1.62587721289042,47.8828336628499,39.8933254186799,-6.48639664237643,86.2730474797362,22.8901356268861,0,35.7594123400621,0,"normal","I",1000,100,0.5,0,0,0,FALSE,0,FALSE,0.5,"leave-d",200,0.2,1e+05,TRUE,306
10,0,0,0,23.1284782249798,-1.62587721289042,47.8828336628499,56.0397189512016,12.0305680396028,100.0488698628,22.8901356268861,0,37.4285483707356,0,"normal","I",1000,100,0.5,0,0,0,FALSE,0,FALSE,0.5,"leave-d",200,0.2,1e+05,TRUE,306
10,0,0,0,23.1284782249798,-1.62587721289042,47.8828336628499,17.5521101548783,-27.3191577844265,62.4233780941831,22.8901356268861,0,6.7881659432325,0,"normal","I",1000,100,0.5,0,0,0,FALSE,0,FALSE,0.5,"leave-d",200,0.2,1e+05,TRUE,306
10,0,0,0,23.1284782249798,-1.62587721289042,47.8828336628499,21.6206733542338,-10.8706593012109,54.1120060096785,22.8901356268861,0,25.1548092660874,0,"normal","I",1000,100,0.5,0,0,0,FALSE,0,FALSE,0.5,"leave-d",200,0.2,1e+05,TRUE,306
10,0,0,0,23.1284782249798,-1.62587721289042,47.8828336628499,7.16406973034756,-34.1584304331891,48.4865698938843,22.8901356268861,0,0,0,"normal","I",1000,100,0.5,0,0,0,FALSE,0,FALSE,0.5,"leave-d",200,0.2,1e+05,TRUE,306
10,0,0,0,23.1284782249798,-1.62587721289042,47.8828336628499,31.4188776950361,-14.261635426135,77.0993908162071,22.8901356268861,0,47.4864129124583,0,"normal","I",1000,100,0.5,0,0,0,FALSE,0,FALSE,0.5,"leave-d",200,0.2,1e+05,TRUE,306
10,0,0,0,23.1284782249798,-1.62587721289042,47.8828336628499,48.0935531575594,10.2655751707266,85.9215311443923,22.8901356268861,0,38.6985058013331,0,"normal","I",1000,100,0.5,0,0,0,FALSE,0,FALSE,0.5,"leave-d",200,0.2,1e+05,TRUE,306
10,0,0,0,23.1284782249798,-1.62587721289042,47.8828336628499,26.9907970294094,-10.6967635332139,64.6783575920326,22.8901356268861,0,38.9286543223306,0,"normal","I",1000,100,0.5,0,0,0,FALSE,0,FALSE,0.5,"leave-d",200,0.2,1e+05,TRUE,306
10,0,0,0,23.1284782249798,-1.62587721289042,47.8828336628499,-31.0827461012854,-69.5120987276074,7.34660652503662,22.8901356268861,0,0,0,"normal","I",1000,100,0.5,0,0,0,FALSE,0,FALSE,0.5,"leave-d",200,0.2,1e+05,TRUE,306
10,0,0,0,23.1284782249798,-1.62587721289042,47.8828336628499,47.698463404426,-1.96578094315986,97.3627077520118,22.8901356268861,0,51.1969026341961,0,"normal","I",1000,100,0.5,0,0,0,FALSE,0,FALSE,0.5,"leave-d",200,0.2,1e+05,TRUE,306
10,0,0,0,23.1284782249798,-1.62587721289042,47.8828336628499,14.3466653343974,-33.0481967208625,61.7415273896573,22.8901356268861,0,1.08196840943918,0,"normal","I",1000,100,0.5,0,0,0,FALSE,0,FALSE,0.5,"leave-d",200,0.2,1e+05,TRUE,306
10,0,0,0,23.1284782249798,-1.62587721289042,47.8828336628499,40.2770929100895,-11.5061801900301,92.0603660102092,22.8901356268861,0,54.2794614158873,0,"normal","I",1000,100,0.5,0,0,0,FALSE,0,FALSE,0.5,"leave-d",200,0.2,1e+05,TRUE,306
10,0,0,0,23.1284782249798,-1.62587721289042,47.8828336628499,11.2081509058266,-20.6805439634801,43.0968457751334,22.8901356268861,0,2.33777308869449,0,"normal","I",1000,100,0.5,0,0,0,FALSE,0,FALSE,0.5,"leave-d",200,0.2,1e+05,TRUE,306
10,0,0,0,23.1284782249798,-1.62587721289042,47.8828336628499,6.61393984581223,-36.1988571253079,49.4267368169324,22.8901356268861,0,0,0,"normal","I",1000,100,0.5,0,0,0,FALSE,0,FALSE,0.5,"leave-d",200,0.2,1e+05,TRUE,306
10,0,0,0,23.1284782249798,-1.62587721289042,47.8828336628499,23.4930888853748,-14.2056963426043,61.1918741133539,22.8901356268861,0,12.1637103444828,0,"normal","I",1000,100,0.5,0,0,0,FALSE,0,FALSE,0.5,"leave-d",200,0.2,1e+05,TRUE,306
10,0,0,0,23.1284782249798,-1.62587721289042,47.8828336628499,39.3017468813055,-9.10360511280589,87.7070988754168,22.8901356268861,0,51.053641845737,0,"normal","I",1000,100,0.5,0,0,0,FALSE,0,FALSE,0.5,"leave-d",200,0.2,1e+05,TRUE,306
10,0,0,0,23.1284782249798,-1.62587721289042,47.8828336628499,42.5341987615463,-8.03692744807382,93.1053249711665,22.8901356268861,0,52.8171638049731,0,"normal","I",1000,100,0.5,0,0,0,FALSE,0,FALSE,0.5,"leave-d",200,0.2,1e+05,TRUE,306
10,0,0,0,23.1284782249798,-1.62587721289042,47.8828336628499,11.5142804479274,-33.9187013873485,56.9472622832033,22.8901356268861,0,0,0,"normal","I",1000,100,0.5,0,0,0,FALSE,0,FALSE,0.5,"leave-d",200,0.2,1e+05,TRUE,306
10,0,0,0,23.1284782249798,-1.62587721289042,47.8828336628499,-33.096825540593,-82.1498686101257,15.9562175289398,22.8901356268861,0,0,0,"normal","I",1000,100,0.5,0,0,0,FALSE,0,FALSE,0.5,"leave-d",200,0.2,1e+05,TRUE,306
10,0,0,0,23.1284782249798,-1.62587721289042,47.8828336628499,23.5534354189976,-24.9008010842971,72.0076719222923,22.8901356268861,0,15.7809113146076,0,"normal","I",1000,100,0.5,0,0,0,FALSE,0,FALSE,0.5,"leave-d",200,0.2,1e+05,TRUE,306
10,0,0,0,23.1284782249798,-1.62587721289042,47.8828336628499,10.0425360692357,-24.9998449531664,45.0849170916377,22.8901356268861,0,0,0,"normal","I",1000,100,0.5,0,0,0,FALSE,0,FALSE,0.5,"leave-d",200,0.2,1e+05,TRUE,306
10,0,0,0,23.1284782249798,-1.62587721289042,47.8828336628499,27.0533450837378,-17.3108309319853,71.417521099461,22.8901356268861,0,46.4330243238884,0,"normal","I",1000,100,0.5,0,0,0,FALSE,0,FALSE,0.5,"leave-d",200,0.2,1e+05,TRUE,306
10,0,0,0,23.1284782249798,-1.62587721289042,47.8828336628499,5.48805985526926,-27.6776780792742,38.6537977898127,22.8901356268861,0,0,0,"normal","I",1000,100,0.5,0,0,0,FALSE,0,FALSE,0.5,"leave-d",200,0.2,1e+05,TRUE,306
10,0,0,0,23.1284782249798,-1.62587721289042,47.8828336628499,-8.37712771319648,-52.1177813380237,35.3635259116307,22.8901356268861,0,0,0,"normal","I",1000,100,0.5,0,0,0,FALSE,0,FALSE,0.5,"leave-d",200,0.2,1e+05,TRUE,306
10,0,0,0,23.1284782249798,-1.62587721289042,47.8828336628499,51.0936319327957,9.17903468646453,93.0082291791269,22.8901356268861,0,42.0918738548218,0,"normal","I",1000,100,0.5,0,0,0,FALSE,0,FALSE,0.5,"leave-d",200,0.2,1e+05,TRUE,306
10,0,0,0,23.1284782249798,-1.62587721289042,47.8828336628499,3.97983150395373,-45.4932554523929,53.4529184603004,22.8901356268861,0,0,0,"normal","I",1000,100,0.5,0,0,0,FALSE,0,FALSE,0.5,"leave-d",200,0.2,1e+05,TRUE,306
10,0,0,0,23.1284782249798,-1.62587721289042,47.8828336628499,42.0397424083095,7.8729998799857,76.2064849366333,22.8901356268861,0,34.6068843013224,0,"normal","I",1000,100,0.5,0,0,0,FALSE,0,FALSE,0.5,"leave-d",200,0.2,1e+05,TRUE,306
10,0,0,0,23.1284782249798,-1.62587721289042,47.8828336628499,15.0280541775195,-31.0053718283699,61.0614801834089,22.8901356268861,0,1.40339029783793,0,"normal","I",1000,100,0.5,0,0,0,FALSE,0,FALSE,0.5,"leave-d",200,0.2,1e+05,TRUE,306
10,0,0,0,23.1284782249798,-1.62587721289042,47.8828336628499,16.2838080893119,-19.0781118539684,51.6457280325921,22.8901356268861,0,8.2964701733477,0,"normal","I",1000,100,0.5,0,0,0,FALSE,0,FALSE,0.5,"leave-d",200,0.2,1e+05,TRUE,306
10,0,0,0,23.1284782249798,-1.62587721289042,47.8828336628499,59.5854935984204,6.64988772285635,112.521099473984,22.8901356268861,0,54.3035810703723,0,"normal","I",1000,100,0.5,0,0,0,FALSE,0,FALSE,0.5,"leave-d",200,0.2,1e+05,TRUE,306
10,0,0,0,23.1284782249798,-1.62587721289042,47.8828336628499,29.8411605622166,-13.1735590796136,72.8558802040467,22.8901356268861,0,14.081476533471,0,"normal","I",1000,100,0.5,0,0,0,FALSE,0,FALSE,0.5,"leave-d",200,0.2,1e+05,TRUE,306
10,0,0,0,23.1284782249798,-1.62587721289042,47.8828336628499,-4.24505567165678,-51.7515143275175,43.261402984204,22.8901356268861,0,0,0,"normal","I",1000,100,0.5,0,0,0,FALSE,0,FALSE,0.5,"leave-d",200,0.2,1e+05,TRUE,306
10,0,0,0,23.1284782249798,-1.62587721289042,47.8828336628499,27.8362208028582,-14.6808265052068,70.3532681109232,22.8901356268861,0,19.5505331723822,0,"normal","I",1000,100,0.5,0,0,0,FALSE,0,FALSE,0.5,"leave-d",200,0.2,1e+05,TRUE,306
10,0,0,0,23.1284782249798,-1.62587721289042,47.8828336628499,-3.63579655506378,-49.6938129655151,42.4222198553875,22.8901356268861,0,0,0,"normal","I",1000,100,0.5,0,0,0,FALSE,0,FALSE,0.5,"leave-d",200,0.2,1e+05,TRUE,306
10,0,0,0,23.1284782249798,-1.62587721289042,47.8828336628499,13.1449514690401,-30.9524501434534,57.2423530815337,22.8901356268861,0,0,0,"normal","I",1000,100,0.5,0,0,0,FALSE,0,FALSE,0.5,"leave-d",200,0.2,1e+05,TRUE,306
10,0,0,0,23.1284782249798,-1.62587721289042,47.8828336628499,41.2094455504582,-6.36639484123292,88.7852859421494,22.8901356268861,0,48.0966566267358,0,"normal","I",1000,100,0.5,0,0,0,FALSE,0,FALSE,0.5,"leave-d",200,0.2,1e+05,TRUE,306
10,0,0,0,23.1284782249798,-1.62587721289042,47.8828336628499,10.283304090014,-38.7437815507185,59.3103897307464,22.8901356268861,0,0,0,"normal","I",1000,100,0.5,0,0,0,FALSE,0,FALSE,0.5,"leave-d",200,0.2,1e+05,TRUE,306
10,0,0,0,23.1284782249798,-1.62587721289042,47.8828336628499,11.1049469852852,-33.7875645991463,55.9974585697167,22.8901356268861,0,0,0,"normal","I",1000,100,0.5,0,0,0,FALSE,0,FALSE,0.5,"leave-d",200,0.2,1e+05,TRUE,306
10,0,0,0,23.1284782249798,-1.62587721289042,47.8828336628499,2.6112700857299,-38.7701970583283,43.9927372297881,22.8901356268861,0,0,0,"normal","I",1000,100,0.5,0,0,0,FALSE,0,FALSE,0.5,"leave-d",200,0.2,1e+05,TRUE,306
10,0,0,0,23.1284782249798,-1.62587721289042,47.8828336628499,45.0274276415689,6.15370241700063,83.9011528661372,22.8901356268861,0,39.7029648624862,0,"normal","I",1000,100,0.5,0,0,0,FALSE,0,FALSE,0.5,"leave-d",200,0.2,1e+05,TRUE,306
10,0,0,0,23.1284782249798,-1.62587721289042,47.8828336628499,37.4868402394767,-0.799392545267231,75.7730730242206,22.8901356268861,0,26.8224176309106,0,"normal","I",1000,100,0.5,0,0,0,FALSE,0,FALSE,0.5,"leave-d",200,0.2,1e+05,TRUE,306
10,0,0,0,23.1284782249798,-1.62587721289042,47.8828336628499,51.8018063036087,0.519170929893761,103.084441677324,22.8901356268861,0,53.0474652213499,0,"normal","I",1000,100,0.5,0,0,0,FALSE,0,FALSE,0.5,"leave-d",200,0.2,1e+05,TRUE,306
10,0,0,0,23.1284782249798,-1.62587721289042,47.8828336628499,13.4890967518156,-34.1523294463069,61.1305229499381,22.8901356268861,0,0,0,"normal","I",1000,100,0.5,0,0,0,FALSE,0,FALSE,0.5,"leave-d",200,0.2,1e+05,TRUE,306
10,0,0,0,23.1284782249798,-1.62587721289042,47.8828336628499,77.5067973739696,42.0239327045322,112.989662043407,22.8901356268861,0,34.2494054301056,0,"normal","I",1000,100,0.5,0,0,0,FALSE,0,FALSE,0.5,"leave-d",200,0.2,1e+05,TRUE,306
10,0,0,0,23.1284782249798,-1.62587721289042,47.8828336628499,5.16651173160901,-35.933472334363,46.2664957975811,22.8901356268861,0,0,0,"normal","I",1000,100,0.5,0,0,0,FALSE,0,FALSE,0.5,"leave-d",200,0.2,1e+05,TRUE,306
10,0,0,0,23.1284782249798,-1.62587721289042,47.8828336628499,-16.5208561450286,-51.3265467461669,18.2848344561096,22.8901356268861,0,0,0,"normal","I",1000,100,0.5,0,0,0,FALSE,0,FALSE,0.5,"leave-d",200,0.2,1e+05,TRUE,306
10,0,0,0,23.1284782249798,-1.62587721289042,47.8828336628499,57.1363084408726,9.57615575820616,104.696461123539,22.8901356268861,0,48.8369095352669,0,"normal","I",1000,100,0.5,0,0,0,FALSE,0,FALSE,0.5,"leave-d",200,0.2,1e+05,TRUE,306
10,0,0,0,23.1284782249798,-1.62587721289042,47.8828336628499,14.4645931914468,-28.6753647461093,57.6045511290029,22.8901356268861,0,8.18244180748592,0,"normal","I",1000,100,0.5,0,0,0,FALSE,0,FALSE,0.5,"leave-d",200,0.2,1e+05,TRUE,306
10,0,0,0,23.1284782249798,-1.62587721289042,47.8828336628499,23.9738107135235,-13.8295729873842,61.7771944144312,22.8901356268861,0,39.8487530147586,0,"normal","I",1000,100,0.5,0,0,0,FALSE,0,FALSE,0.5,"leave-d",200,0.2,1e+05,TRUE,306
10,0,0,0,23.1284782249798,-1.62587721289042,47.8828336628499,3.46218885251907,-41.9781677503692,48.9025454554073,22.8901356268861,0,0,0,"normal","I",1000,100,0.5,0,0,0,FALSE,0,FALSE,0.5,"leave-d",200,0.2,1e+05,TRUE,306
10,0,0,0,23.1284782249798,-1.62587721289042,47.8828336628499,-10.582436215903,-45.3142476246162,24.1493751928101,22.8901356268861,0,0,0,"normal","I",1000,100,0.5,0,0,0,FALSE,0,FALSE,0.5,"leave-d",200,0.2,1e+05,TRUE,306
10,0,0,0,23.1284782249798,-1.62587721289042,47.8828336628499,31.0561133054323,-13.7956581873675,75.9078847982322,22.8901356268861,0,34.4706105512284,0,"normal","I",1000,100,0.5,0,0,0,FALSE,0,FALSE,0.5,"leave-d",200,0.2,1e+05,TRUE,306
10,0,0,0,23.1284782249798,-1.62587721289042,47.8828336628499,11.4237449707168,-21.937515446631,44.7850053880646,22.8901356268861,0,1.9603965287224,0,"normal","I",1000,100,0.5,0,0,0,FALSE,0,FALSE,0.5,"leave-d",200,0.2,1e+05,TRUE,306
10,0,0,0,23.1284782249798,-1.62587721289042,47.8828336628499,14.2594691766124,-26.0113481938485,54.5302865470732,22.8901356268861,0,3.70039792125489,0,"normal","I",1000,100,0.5,0,0,0,FALSE,0,FALSE,0.5,"leave-d",200,0.2,1e+05,TRUE,306
10,0,0,0,23.1284782249798,-1.62587721289042,47.8828336628499,1.52527918969665,-37.118977041841,40.1695354212344,22.8901356268861,0,0,0,"normal","I",1000,100,0.5,0,0,0,FALSE,0,FALSE,0.5,"leave-d",200,0.2,1e+05,TRUE,306
10,0,0,0,23.1284782249798,-1.62587721289042,47.8828336628499,29.3279091528927,-18.1231261851071,76.7789444908925,22.8901356268861,0,37.9214864432315,0,"normal","I",1000,100,0.5,0,0,0,FALSE,0,FALSE,0.5,"leave-d",200,0.2,1e+05,TRUE,306
10,0,0,0,23.1284782249798,-1.62587721289042,47.8828336628499,97.3192697107885,54.4936988443859,140.144840577191,22.8901356268861,0,41.6821901347675,0,"normal","I",1000,100,0.5,0,0,0,FALSE,0,FALSE,0.5,"leave-d",200,0.2,1e+05,TRUE,306
10,0,0,0,23.1284782249798,-1.62587721289042,47.8828336628499,45.9941779088297,-0.906599075660154,92.8949548933196,22.8901356268861,0,47.5289350607192,0,"normal","I",1000,100,0.5,0,0,0,FALSE,0,FALSE,0.5,"leave-d",200,0.2,1e+05,TRUE,306
10,0,0,0,23.1284782249798,-1.62587721289042,47.8828336628499,30.9857533522114,-11.5757334196199,73.5472401240427,22.8901356268861,0,21.7475582346983,0,"normal","I",1000,100,0.5,0,0,0,FALSE,0,FALSE,0.5,"leave-d",200,0.2,1e+05,TRUE,306
10,0,0,0,23.1284782249798,-1.62587721289042,47.8828336628499,41.5142032996753,-8.16089909191539,91.189305691266,22.8901356268861,0,26.3844965990005,0,"normal","I",1000,100,0.5,0,0,0,FALSE,0,FALSE,0.5,"leave-d",200,0.2,1e+05,TRUE,306
10,0,0,0,23.1284782249798,-1.62587721289042,47.8828336628499,13.3983047454818,-17.5531859198117,44.3497954107752,22.8901356268861,0,4.73905866383504,0,"normal","I",1000,100,0.5,0,0,0,FALSE,0,FALSE,0.5,"leave-d",200,0.2,1e+05,TRUE,306
10,0,0,0,23.1284782249798,-1.62587721289042,47.8828336628499,44.128100045617,3.12239847944652,85.1338016117874,22.8901356268861,0,41.3908004121237,0,"normal","I",1000,100,0.5,0,0,0,FALSE,0,FALSE,0.5,"leave-d",200,0.2,1e+05,TRUE,306
10,0,0,0,23.1284782249798,-1.62587721289042,47.8828336628499,2.10577413784957,-38.7983148356877,43.0098631113868,22.8901356268861,0,0,0,"normal","I",1000,100,0.5,0,0,0,FALSE,0,FALSE,0.5,"leave-d",200,0.2,1e+05,TRUE,306
10,0,0,0,23.1284782249798,-1.62587721289042,47.8828336628499,28.4900948856025,-10.7869329453168,67.7671227165218,22.8901356268861,0,34.1176568353906,0,"normal","I",1000,100,0.5,0,0,0,FALSE,0,FALSE,0.5,"leave-d",200,0.2,1e+05,TRUE,306
10,0,0,0,23.1284782249798,-1.62587721289042,47.8828336628499,-44.4823649264202,-94.1466695702447,5.18193971740433,22.8901356268861,0,0,0,"normal","I",1000,100,0.5,0,0,0,FALSE,0,FALSE,0.5,"leave-d",200,0.2,1e+05,TRUE,306
10,0,0,0,23.1284782249798,-1.62587721289042,47.8828336628499,23.8307116793847,-26.6232492302842,74.2846725890536,22.8901356268861,0,35.64193487357,0,"normal","I",1000,100,0.5,0,0,0,FALSE,0,FALSE,0.5,"leave-d",200,0.2,1e+05,TRUE,306
10,0,0,0,23.1284782249798,-1.62587721289042,47.8828336628499,71.2953666795525,23.7991400584278,118.791593300677,22.8901356268861,0,49.4888862701965,0,"normal","I",1000,100,0.5,0,0,0,FALSE,0,FALSE,0.5,"leave-d",200,0.2,1e+05,TRUE,306
10,0,0,0,23.1284782249798,-1.62587721289042,47.8828336628499,28.5657924953522,-17.7463402133396,74.877925204044,22.8901356268861,0,23.3394624754057,0,"normal","I",1000,100,0.5,0,0,0,FALSE,0,FALSE,0.5,"leave-d",200,0.2,1e+05,TRUE,306
10,0,0,0,23.1284782249798,-1.62587721289042,47.8828336628499,-18.1675485500208,-54.0784536796639,17.7433565796224,22.8901356268861,0,0,0,"normal","I",1000,100,0.5,0,0,0,FALSE,0,FALSE,0.5,"leave-d",200,0.2,1e+05,TRUE,306
10,0,0,0,23.1284782249798,-1.62587721289042,47.8828336628499,-6.69189411555114,-46.2293561592527,32.8455679281504,22.8901356268861,0,0,0,"normal","I",1000,100,0.5,0,0,0,FALSE,0,FALSE,0.5,"leave-d",200,0.2,1e+05,TRUE,306
10,0,0,0,23.1284782249798,-1.62587721289042,47.8828336628499,33.9429431278934,-13.871215441621,81.7571016974079,22.8901356268861,0,26.9764234829836,0,"normal","I",1000,100,0.5,0,0,0,FALSE,0,FALSE,0.5,"leave-d",200,0.2,1e+05,TRUE,306
10,0,0,0,23.1284782249798,-1.62587721289042,47.8828336628499,23.8403213313484,-17.2792899647123,64.9599326274092,22.8901356268861,0,18.0732893806142,0,"normal","I",1000,100,0.5,0,0,0,FALSE,0,FALSE,0.5,"leave-d",200,0.2,1e+05,TRUE,306
10,0,0,0,23.1284782249798,-1.62587721289042,47.8828336628499,81.0579023044487,37.979856421658,124.13594818724,22.8901356268861,0,43.2423409221335,0,"normal","I",1000,100,0.5,0,0,0,FALSE,0,FALSE,0.5,"leave-d",200,0.2,1e+05,TRUE,306
10,0,0,0,23.1284782249798,-1.62587721289042,47.8828336628499,81.0552352165695,30.6775129606759,131.432957472463,22.8901356268861,0,50.6314144200632,0,"normal","I",1000,100,0.5,0,0,0,FALSE,0,FALSE,0.5,"leave-d",200,0.2,1e+05,TRUE,306
10,0,0,0,23.1284782249798,-1.62587721289042,47.8828336628499,13.7570587596225,-31.4380143175186,58.9521318367636,22.8901356268861,0,0.400265815132125,0,"normal","I",1000,100,0.5,0,0,0,FALSE,0,FALSE,0.5,"leave-d",200,0.2,1e+05,TRUE,306
10,0,0,0,23.1284782249798,-1.62587721289042,47.8828336628499,29.2309535670724,-20.776840666149,79.2387478002937,22.8901356268861,0,44.9578563352935,0,"normal","I",1000,100,0.5,0,0,0,FALSE,0,FALSE,0.5,"leave-d",200,0.2,1e+05,TRUE,306
10,0,0,0,23.1284782249798,-1.62587721289042,47.8828336628499,30.990483037865,-3.45461983463084,65.4355859103608,22.8901356268861,0,26.1213231403605,0,"normal","I",1000,100,0.5,0,0,0,FALSE,0,FALSE,0.5,"leave-d",200,0.2,1e+05,TRUE,306
10,0,0,0,23.1284782249798,-1.62587721289042,47.8828336628499,10.9617080015895,-33.0747136091485,54.9981296123275,22.8901356268861,0,0,0,"normal","I",1000,100,0.5,0,0,0,FALSE,0,FALSE,0.5,"leave-d",200,0.2,1e+05,TRUE,306
10,0,0,0,23.1284782249798,-1.62587721289042,47.8828336628499,10.1424882880887,-32.0905825595027,52.3755591356802,22.8901356268861,0,0,0,"normal","I",1000,100,0.5,0,0,0,FALSE,0,FALSE,0.5,"leave-d",200,0.2,1e+05,TRUE,306
10,0,0,0,23.1284782249798,-1.62587721289042,47.8828336628499,-14.8304107767547,-63.7768968192935,34.1160752657841,22.8901356268861,0,0,0,"normal","I",1000,100,0.5,0,0,0,FALSE,0,FALSE,0.5,"leave-d",200,0.2,1e+05,TRUE,306
10,0,0,0,23.1284782249798,-1.62587721289042,47.8828336628499,26.9301216867532,-8.49020627303115,62.3504496465377,22.8901356268861,0,37.7500219456322,0,"normal","I",1000,100,0.5,0,0,0,FALSE,0,FALSE,0.5,"leave-d",200,0.2,1e+05,TRUE,306
10,0,0,0,23.1284782249798,-1.62587721289042,47.8828336628499,25.156960160171,-16.2590752233423,66.5729955436843,22.8901356268861,0,31.3988322914143,0,"normal","I",1000,100,0.5,0,0,0,FALSE,0,FALSE,0.5,"leave-d",200,0.2,1e+05,TRUE,306
10,0,0,0,23.1284782249798,-1.62587721289042,47.8828336628499,26.5420611864047,-19.1303088639343,72.2144312367437,22.8901356268861,0,14.5063640849463,0,"normal","I",1000,100,0.5,0,0,0,FALSE,0,FALSE,0.5,"leave-d",200,0.2,1e+05,TRUE,306
10,0,0,0,23.1284782249798,-1.62587721289042,47.8828336628499,-10.4203221510209,-47.4346066878761,26.5939623858343,22.8901356268861,0,0,0,"normal","I",1000,100,0.5,0,0,0,FALSE,0,FALSE,0.5,"leave-d",200,0.2,1e+05,TRUE,306
10,0,0,0,23.1284782249798,-1.62587721289042,47.8828336628499,-7.09752569782915,-53.0089221506469,38.8138707549886,22.8901356268861,0,0,0,"normal","I",1000,100,0.5,0,0,0,FALSE,0,FALSE,0.5,"leave-d",200,0.2,1e+05,TRUE,306
10,0,0,0,23.1284782249798,-1.62587721289042,47.8828336628499,9.52060956779679,-31.2544918113582,50.2957109469518,22.8901356268861,0,0,0,"normal","I",1000,100,0.5,0,0,0,FALSE,0,FALSE,0.5,"leave-d",200,0.2,1e+05,TRUE,306
10,0,0,0,23.1284782249798,-1.62587721289042,47.8828336628499,41.7740435197959,-5.1068033555327,88.6548903951245,22.8901356268861,0,47.7872770545174,0,"normal","I",1000,100,0.5,0,0,0,FALSE,0,FALSE,0.5,"leave-d",200,0.2,1e+05,TRUE,306
10,0,0,0,23.1284782249798,-1.62587721289042,47.8828336628499,23.1241485502786,-20.8576755156896,67.1059726162468,22.8901356268861,0,9.15277822382572,0,"normal","I",1000,100,0.5,0,0,0,FALSE,0,FALSE,0.5,"leave-d",200,0.2,1e+05,TRUE,306
10,0,0,0,23.1284782249798,-1.62587721289042,47.8828336628499,-0.642210422390138,-32.3189242669502,31.03450342217,22.8901356268861,0,0,0,"normal","I",1000,100,0.5,0,0,0,FALSE,0,FALSE,0.5,"leave-d",200,0.2,1e+05,TRUE,306
10,0,0,0,23.1284782249798,-1.62587721289042,47.8828336628499,1.09636162458638,-46.9932970205857,49.1860202697584,22.8901356268861,0,0,0,"normal","I",1000,100,0.5,0,0,0,FALSE,0,FALSE,0.5,"leave-d",200,0.2,1e+05,TRUE,306
10,0,0,0,23.1284782249798,-1.62587721289042,47.8828336628499,15.6810626989867,-37.1784993892954,68.5406247872689,22.8901356268861,0,0,0,"normal","I",1000,100,0.5,0,0,0,FALSE,0,FALSE,0.5,"leave-d",200,0.2,1e+05,TRUE,306
10,0,0,0,23.1284782249798,-1.62587721289042,47.8828336628499,79.1941542165634,32.3884347186534,125.999873714473,22.8901356268861,0,47.7119206681076,0,"normal","I",1000,100,0.5,0,0,0,FALSE,0,FALSE,0.5,"leave-d",200,0.2,1e+05,TRUE,306
10,0,0,0,23.1284782249798,-1.62587721289042,47.8828336628499,44.896413038931,-1.4548386096534,91.2476646875154,22.8901356268861,0,48.2791818475385,0,"normal","I",1000,100,0.5,0,0,0,FALSE,0,FALSE,0.5,"leave-d",200,0.2,1e+05,TRUE,306
10,0,0,0,23.1284782249798,-1.62587721289042,47.8828336628499,-7.163266878621,-44.0700905393941,29.743556782152,22.8901356268861,0,0,0,"normal","I",1000,100,0.5,0,0,0,FALSE,0,FALSE,0.5,"leave-d",200,0.2,1e+05,TRUE,306
10,0,0,0,23.1284782249798,-1.62587721289042,47.8828336628499,41.8267234541143,-16.1192702522004,99.772717160429,22.8901356268861,0,51.9938818669408,0,"normal","I",1000,100,0.5,0,0,0,FALSE,0,FALSE,0.5,"leave-d",200,0.2,1e+05,TRUE,306
10,0,0,0,23.1284782249798,-1.62587721289042,47.8828336628499,-7.78947533807699,-56.5014918806975,40.9225412045435,22.8901356268861,0,0,0,"normal","I",1000,100,0.5,0,0,0,FALSE,0,FALSE,0.5,"leave-d",200,0.2,1e+05,TRUE,306
10,0,0,0,23.1284782249798,-1.62587721289042,47.8828336628499,13.285192013257,-30.7156379277683,57.2860219542824,22.8901356268861,0,0.488014252382143,0,"normal","I",1000,100,0.5,0,0,0,FALSE,0,FALSE,0.5,"leave-d",200,0.2,1e+05,TRUE,306
10,0,0,0,23.1284782249798,-1.62587721289042,47.8828336628499,25.0305551280656,-15.5440363985911,65.6051466547222,22.8901356268861,0,20.2627461974178,0,"normal","I",1000,100,0.5,0,0,0,FALSE,0,FALSE,0.5,"leave-d",200,0.2,1e+05,TRUE,306
10,0,0,0,23.1284782249798,-1.62587721289042,47.8828336628499,65.0087442114678,24.0109361973676,106.006552225568,22.8901356268861,0,41.0207489684843,0,"normal","I",1000,100,0.5,0,0,0,FALSE,0,FALSE,0.5,"leave-d",200,0.2,1e+05,TRUE,306
10,0,0,0,23.1284782249798,-1.62587721289042,47.8828336628499,27.3435375109644,-14.4809427189336,69.1680177408624,22.8901356268861,0,22.5238069530388,0,"normal","I",1000,100,0.5,0,0,0,FALSE,0,FALSE,0.5,"leave-d",200,0.2,1e+05,TRUE,306
10,0,0,0,23.1284782249798,-1.62587721289042,47.8828336628499,25.6263940325817,-22.8879296257404,74.1407176909038,22.8901356268861,0,22.9765614807566,0,"normal","I",1000,100,0.5,0,0,0,FALSE,0,FALSE,0.5,"leave-d",200,0.2,1e+05,TRUE,306
10,0,0,0,23.1284782249798,-1.62587721289042,47.8828336628499,60.9703030795543,11.8696612010928,110.070944958016,22.8901356268861,0,49.4024812740815,0,"normal","I",1000,100,0.5,0,0,0,FALSE,0,FALSE,0.5,"leave-d",200,0.2,1e+05,TRUE,306
10,0,0,0,23.1284782249798,-1.62587721289042,47.8828336628499,21.5407879577158,-23.5752642400608,66.6568401554925,22.8901356268861,0,14.8403189392648,0,"normal","I",1000,100,0.5,0,0,0,FALSE,0,FALSE,0.5,"leave-d",200,0.2,1e+05,TRUE,306
10,0,0,0,23.1284782249798,-1.62587721289042,47.8828336628499,-20.910701332278,-67.9230524911802,26.1016498266241,22.8901356268861,0,0,0,"normal","I",1000,100,0.5,0,0,0,FALSE,0,FALSE,0.5,"leave-d",200,0.2,1e+05,TRUE,306
10,0,0,0,23.1284782249798,-1.62587721289042,47.8828336628499,-6.50734823746984,-47.3181177509906,34.3034212760509,22.8901356268861,0,0,0,"normal","I",1000,100,0.5,0,0,0,FALSE,0,FALSE,0.5,"leave-d",200,0.2,1e+05,TRUE,306
10,0,0,0,23.1284782249798,-1.62587721289042,47.8828336628499,-7.01158965390251,-33.935601728632,19.912422420827,22.8901356268861,0,0,0,"normal","I",1000,100,0.5,0,0,0,FALSE,0,FALSE,0.5,"leave-d",200,0.2,1e+05,TRUE,306
10,0,0,0,23.1284782249798,-1.62587721289042,47.8828336628499,9.22274446086295,-44.5398174328532,62.9853063545791,22.8901356268861,0,0,0,"normal","I",1000,100,0.5,0,0,0,FALSE,0,FALSE,0.5,"leave-d",200,0.2,1e+05,TRUE,306
10,0,0,0,23.1284782249798,-1.62587721289042,47.8828336628499,-10.7057900177162,-57.8486713324171,36.4370912969848,22.8901356268861,0,0,0,"normal","I",1000,100,0.5,0,0,0,FALSE,0,FALSE,0.5,"leave-d",200,0.2,1e+05,TRUE,306
10,0,0,0,23.1284782249798,-1.62587721289042,47.8828336628499,13.5811966282518,-30.7278602573437,57.8902535138472,22.8901356268861,0,0.835811033758168,0,"normal","I",1000,100,0.5,0,0,0,FALSE,0,FALSE,0.5,"leave-d",200,0.2,1e+05,TRUE,306
10,0,0,0,23.1284782249798,-1.62587721289042,47.8828336628499,84.6112989888436,40.6624913684105,128.560106609277,22.8901356268861,0,42.9497039584308,0,"normal","I",1000,100,0.5,0,0,0,FALSE,0,FALSE,0.5,"leave-d",200,0.2,1e+05,TRUE,306
10,0,0,0,23.1284782249798,-1.62587721289042,47.8828336628499,-11.7653723518658,-52.9760303218239,29.4452856180923,22.8901356268861,0,0,0,"normal","I",1000,100,0.5,0,0,0,FALSE,0,FALSE,0.5,"leave-d",200,0.2,1e+05,TRUE,306
10,0,0,0,23.1284782249798,-1.62587721289042,47.8828336628499,56.759009401887,14.3265733475052,99.1914454562688,22.8901356268861,0,44.5997082169222,0,"normal","I",1000,100,0.5,0,0,0,FALSE,0,FALSE,0.5,"leave-d",200,0.2,1e+05,TRUE,306
10,0,0,0,23.1284782249798,-1.62587721289042,47.8828336628499,15.9779341003557,-33.021395594813,64.9772637955245,22.8901356268861,0,2.8748115422048,0,"normal","I",1000,100,0.5,0,0,0,FALSE,0,FALSE,0.5,"leave-d",200,0.2,1e+05,TRUE,306
10,0,0,0,23.1284782249798,-1.62587721289042,47.8828336628499,37.7456877082795,-8.89944698564933,84.3908224022082,22.8901356268861,0,49.059879746605,0,"normal","I",1000,100,0.5,0,0,0,FALSE,0,FALSE,0.5,"leave-d",200,0.2,1e+05,TRUE,306
10,0,0,0,23.1284782249798,-1.62587721289042,47.8828336628499,-0.302298214259544,-31.9132643494796,31.3086679209605,22.8901356268861,0,0,0,"normal","I",1000,100,0.5,0,0,0,FALSE,0,FALSE,0.5,"leave-d",200,0.2,1e+05,TRUE,306
10,0,0,0,23.1284782249798,-1.62587721289042,47.8828336628499,42.9633016426487,-7.70776927737428,93.6343725626718,22.8901356268861,0,52.0241654630587,0,"normal","I",1000,100,0.5,0,0,0,FALSE,0,FALSE,0.5,"leave-d",200,0.2,1e+05,TRUE,306
