"var_main_effect","var_inter_effect","cov_main_inter_effect","var_total_effect","EigenPrism_main","EigenPrism_CI1","EigenPrism_CI2","sub_EigenPrism_main","sub_EigenPrism_CI1","sub_EigenPrism_CI2","GCTA_main","GCTA_inter","sub_GCTA_main","sub_GCTA_inter","x_dist","structure","p","n","main_fixed_var","main_random_var","inter_fixed_var","inter_random_var","decor","interact","combine","pro","bs","n_sub","rho_e","emp_n","inter_std","i"
9.99999999999999,0,0,0,14.3072666465195,10.2925674126912,18.3219658803478,14.2953512543012,10.2673637139491,18.3233387946532,14.5913890039475,0,14.5835064949855,0,"normal","un",1000,500,0.5,0,0,0,FALSE,0,FALSE,101,"leave-1",500,0.5,1e+05,TRUE,40
9.99999999999999,0,0,0,14.3072666465195,10.2925674126912,18.3219658803478,14.7611700126168,10.736260989983,18.7860790352506,14.5913890039475,0,14.9114006101799,0,"normal","un",1000,500,0.5,0,0,0,FALSE,0,FALSE,101,"leave-1",500,0.5,1e+05,TRUE,40
9.99999999999999,0,0,0,14.3072666465195,10.2925674126912,18.3219658803478,14.3466778627148,10.3227796768009,18.3705760486288,14.5913890039475,0,14.5787027181796,0,"normal","un",1000,500,0.5,0,0,0,FALSE,0,FALSE,101,"leave-1",500,0.5,1e+05,TRUE,40
9.99999999999999,0,0,0,14.3072666465195,10.2925674126912,18.3219658803478,14.3277290740888,10.3028037711944,18.3526543769833,14.5913890039475,0,14.5797742140201,0,"normal","un",1000,500,0.5,0,0,0,FALSE,0,FALSE,101,"leave-1",500,0.5,1e+05,TRUE,40
9.99999999999999,0,0,0,14.3072666465195,10.2925674126912,18.3219658803478,14.3600389817388,10.331951567191,18.3881263962867,14.5913890039475,0,14.6234226563027,0,"normal","un",1000,500,0.5,0,0,0,FALSE,0,FALSE,101,"leave-1",500,0.5,1e+05,TRUE,40
9.99999999999999,0,0,0,14.3072666465195,10.2925674126912,18.3219658803478,14.2588520205884,10.2371003937887,18.2806036473881,14.5913890039475,0,14.5176525147248,0,"normal","un",1000,500,0.5,0,0,0,FALSE,0,FALSE,101,"leave-1",500,0.5,1e+05,TRUE,40
9.99999999999999,0,0,0,14.3072666465195,10.2925674126912,18.3219658803478,14.0426975549717,10.0236303999774,18.0617647099661,14.5913890039475,0,14.3189472230632,0,"normal","un",1000,500,0.5,0,0,0,FALSE,0,FALSE,101,"leave-1",500,0.5,1e+05,TRUE,40
9.99999999999999,0,0,0,14.3072666465195,10.2925674126912,18.3219658803478,14.5459637002923,10.5199705601752,18.5719568404094,14.5913890039475,0,14.8716158889839,0,"normal","un",1000,500,0.5,0,0,0,FALSE,0,FALSE,101,"leave-1",500,0.5,1e+05,TRUE,40
9.99999999999999,0,0,0,14.3072666465195,10.2925674126912,18.3219658803478,14.3709613759214,10.3491762282902,18.3927465235526,14.5913890039475,0,14.6952046778726,0,"normal","un",1000,500,0.5,0,0,0,FALSE,0,FALSE,101,"leave-1",500,0.5,1e+05,TRUE,40
9.99999999999999,0,0,0,14.3072666465195,10.2925674126912,18.3219658803478,14.4240077946725,10.4003560149765,18.4476595743685,14.5913890039475,0,14.6888600216534,0,"normal","un",1000,500,0.5,0,0,0,FALSE,0,FALSE,101,"leave-1",500,0.5,1e+05,TRUE,40
9.99999999999999,0,0,0,14.3072666465195,10.2925674126912,18.3219658803478,14.3412330535168,10.3128002357376,18.3696658712961,14.5913890039475,0,14.5946038484691,0,"normal","un",1000,500,0.5,0,0,0,FALSE,0,FALSE,101,"leave-1",500,0.5,1e+05,TRUE,40
9.99999999999999,0,0,0,14.3072666465195,10.2925674126912,18.3219658803478,14.3690044597811,10.341643295386,18.3963656241762,14.5913890039475,0,14.721689850554,0,"normal","un",1000,500,0.5,0,0,0,FALSE,0,FALSE,101,"leave-1",500,0.5,1e+05,TRUE,40
9.99999999999999,0,0,0,14.3072666465195,10.2925674126912,18.3219658803478,14.4100724850222,10.4043927299086,18.4157522401357,14.5913890039475,0,14.7382401883767,0,"normal","un",1000,500,0.5,0,0,0,FALSE,0,FALSE,101,"leave-1",500,0.5,1e+05,TRUE,40
9.99999999999999,0,0,0,14.3072666465195,10.2925674126912,18.3219658803478,14.3085369010301,10.2838950224637,18.3331787795965,14.5913890039475,0,14.5742503266982,0,"normal","un",1000,500,0.5,0,0,0,FALSE,0,FALSE,101,"leave-1",500,0.5,1e+05,TRUE,40
9.99999999999999,0,0,0,14.3072666465195,10.2925674126912,18.3219658803478,14.2558243566199,10.2296140947447,18.282034618495,14.5913890039475,0,14.54525170202,0,"normal","un",1000,500,0.5,0,0,0,FALSE,0,FALSE,101,"leave-1",500,0.5,1e+05,TRUE,40
9.99999999999999,0,0,0,14.3072666465195,10.2925674126912,18.3219658803478,14.3663114484975,10.3442080843607,18.3884148126342,14.5913890039475,0,14.6104884668814,0,"normal","un",1000,500,0.5,0,0,0,FALSE,0,FALSE,101,"leave-1",500,0.5,1e+05,TRUE,40
9.99999999999999,0,0,0,14.3072666465195,10.2925674126912,18.3219658803478,14.3216239882172,10.2984272594098,18.3448207170246,14.5913890039475,0,14.6180412980871,0,"normal","un",1000,500,0.5,0,0,0,FALSE,0,FALSE,101,"leave-1",500,0.5,1e+05,TRUE,40
9.99999999999999,0,0,0,14.3072666465195,10.2925674126912,18.3219658803478,14.3312416698512,10.3043749366212,18.3581084030811,14.5913890039475,0,14.5274715906209,0,"normal","un",1000,500,0.5,0,0,0,FALSE,0,FALSE,101,"leave-1",500,0.5,1e+05,TRUE,40
9.99999999999999,0,0,0,14.3072666465195,10.2925674126912,18.3219658803478,13.9902927792078,9.9683495376655,18.0122360207502,14.5913890039475,0,14.2920722878408,0,"normal","un",1000,500,0.5,0,0,0,FALSE,0,FALSE,101,"leave-1",500,0.5,1e+05,TRUE,40
9.99999999999999,0,0,0,14.3072666465195,10.2925674126912,18.3219658803478,14.2843643062206,10.263997037984,18.3047315744572,14.5913890039475,0,14.583513097593,0,"normal","un",1000,500,0.5,0,0,0,FALSE,0,FALSE,101,"leave-1",500,0.5,1e+05,TRUE,40
9.99999999999999,0,0,0,14.3072666465195,10.2925674126912,18.3219658803478,14.300124045218,10.2783344188864,18.3219136715497,14.5913890039475,0,14.5586581356225,0,"normal","un",1000,500,0.5,0,0,0,FALSE,0,FALSE,101,"leave-1",500,0.5,1e+05,TRUE,40
9.99999999999999,0,0,0,14.3072666465195,10.2925674126912,18.3219658803478,14.4291909920434,10.4005296305226,18.4578523535642,14.5913890039475,0,14.7037170052152,0,"normal","un",1000,500,0.5,0,0,0,FALSE,0,FALSE,101,"leave-1",500,0.5,1e+05,TRUE,40
9.99999999999999,0,0,0,14.3072666465195,10.2925674126912,18.3219658803478,14.3017243991114,10.2790643121225,18.3243844861002,14.5913890039475,0,14.6246061933354,0,"normal","un",1000,500,0.5,0,0,0,FALSE,0,FALSE,101,"leave-1",500,0.5,1e+05,TRUE,40
9.99999999999999,0,0,0,14.3072666465195,10.2925674126912,18.3219658803478,14.0952737474807,10.0839828597776,18.1065646351838,14.5913890039475,0,14.372493122144,0,"normal","un",1000,500,0.5,0,0,0,FALSE,0,FALSE,101,"leave-1",500,0.5,1e+05,TRUE,40
9.99999999999999,0,0,0,14.3072666465195,10.2925674126912,18.3219658803478,14.3910119043801,10.3804244021885,18.4015994065716,14.5913890039475,0,14.8290914528494,0,"normal","un",1000,500,0.5,0,0,0,FALSE,0,FALSE,101,"leave-1",500,0.5,1e+05,TRUE,40
9.99999999999999,0,0,0,14.3072666465195,10.2925674126912,18.3219658803478,14.3429279613305,10.3143425957925,18.3715133268684,14.5913890039475,0,14.5979536454358,0,"normal","un",1000,500,0.5,0,0,0,FALSE,0,FALSE,101,"leave-1",500,0.5,1e+05,TRUE,40
9.99999999999999,0,0,0,14.3072666465195,10.2925674126912,18.3219658803478,14.0522751765828,10.0328483203947,18.071702032771,14.5913890039475,0,14.3207710700763,0,"normal","un",1000,500,0.5,0,0,0,FALSE,0,FALSE,101,"leave-1",500,0.5,1e+05,TRUE,40
9.99999999999999,0,0,0,14.3072666465195,10.2925674126912,18.3219658803478,14.291409505716,10.2779793823417,18.3048396290902,14.5913890039475,0,14.5661443249515,0,"normal","un",1000,500,0.5,0,0,0,FALSE,0,FALSE,101,"leave-1",500,0.5,1e+05,TRUE,40
9.99999999999999,0,0,0,14.3072666465195,10.2925674126912,18.3219658803478,14.1052981035554,10.0828628448003,18.1277333623105,14.5913890039475,0,14.3915862050723,0,"normal","un",1000,500,0.5,0,0,0,FALSE,0,FALSE,101,"leave-1",500,0.5,1e+05,TRUE,40
9.99999999999999,0,0,0,14.3072666465195,10.2925674126912,18.3219658803478,14.27372325777,10.2571949214215,18.2902515941184,14.5913890039475,0,14.5000306990565,0,"normal","un",1000,500,0.5,0,0,0,FALSE,0,FALSE,101,"leave-1",500,0.5,1e+05,TRUE,40
9.99999999999999,0,0,0,14.3072666465195,10.2925674126912,18.3219658803478,14.3288800696742,10.3178371802675,18.3399229590809,14.5913890039475,0,14.5814140289649,0,"normal","un",1000,500,0.5,0,0,0,FALSE,0,FALSE,101,"leave-1",500,0.5,1e+05,TRUE,40
9.99999999999999,0,0,0,14.3072666465195,10.2925674126912,18.3219658803478,14.37159515702,10.34751830423,18.3956720098101,14.5913890039475,0,14.6897513572729,0,"normal","un",1000,500,0.5,0,0,0,FALSE,0,FALSE,101,"leave-1",500,0.5,1e+05,TRUE,40
9.99999999999999,0,0,0,14.3072666465195,10.2925674126912,18.3219658803478,14.3227651844727,10.2953336875169,18.3501966814285,14.5913890039475,0,14.4365138789901,0,"normal","un",1000,500,0.5,0,0,0,FALSE,0,FALSE,101,"leave-1",500,0.5,1e+05,TRUE,40
9.99999999999999,0,0,0,14.3072666465195,10.2925674126912,18.3219658803478,14.2926749871727,10.2651950139281,18.3201549604172,14.5913890039475,0,14.6229264759181,0,"normal","un",1000,500,0.5,0,0,0,FALSE,0,FALSE,101,"leave-1",500,0.5,1e+05,TRUE,40
9.99999999999999,0,0,0,14.3072666465195,10.2925674126912,18.3219658803478,14.1095245207931,10.1306499736244,18.0883990679619,14.5913890039475,0,14.3217622172781,0,"normal","un",1000,500,0.5,0,0,0,FALSE,0,FALSE,101,"leave-1",500,0.5,1e+05,TRUE,40
9.99999999999999,0,0,0,14.3072666465195,10.2925674126912,18.3219658803478,14.3352877924278,10.3102583674738,18.3603172173817,14.5913890039475,0,14.6122190727142,0,"normal","un",1000,500,0.5,0,0,0,FALSE,0,FALSE,101,"leave-1",500,0.5,1e+05,TRUE,40
9.99999999999999,0,0,0,14.3072666465195,10.2925674126912,18.3219658803478,14.3741622980832,10.3576863223962,18.3906382737702,14.5913890039475,0,14.6755198056413,0,"normal","un",1000,500,0.5,0,0,0,FALSE,0,FALSE,101,"leave-1",500,0.5,1e+05,TRUE,40
9.99999999999999,0,0,0,14.3072666465195,10.2925674126912,18.3219658803478,14.1447327185995,10.1465515194621,18.1429139177368,14.5913890039475,0,14.4267168213789,0,"normal","un",1000,500,0.5,0,0,0,FALSE,0,FALSE,101,"leave-1",500,0.5,1e+05,TRUE,40
9.99999999999999,0,0,0,14.3072666465195,10.2925674126912,18.3219658803478,14.2561548487923,10.2370052429154,18.2753044546693,14.5913890039475,0,14.511529271577,0,"normal","un",1000,500,0.5,0,0,0,FALSE,0,FALSE,101,"leave-1",500,0.5,1e+05,TRUE,40
9.99999999999999,0,0,0,14.3072666465195,10.2925674126912,18.3219658803478,14.0638947544902,10.0804530791975,18.0473364297829,14.5913890039475,0,14.2549653183534,0,"normal","un",1000,500,0.5,0,0,0,FALSE,0,FALSE,101,"leave-1",500,0.5,1e+05,TRUE,40
9.99999999999999,0,0,0,14.3072666465195,10.2925674126912,18.3219658803478,14.323570612611,10.2975612368429,18.3495799883791,14.5913890039475,0,14.5925040868345,0,"normal","un",1000,500,0.5,0,0,0,FALSE,0,FALSE,101,"leave-1",500,0.5,1e+05,TRUE,40
9.99999999999999,0,0,0,14.3072666465195,10.2925674126912,18.3219658803478,14.8226561986738,10.802351073641,18.8429613237065,14.5913890039475,0,15.2926056377642,0,"normal","un",1000,500,0.5,0,0,0,FALSE,0,FALSE,101,"leave-1",500,0.5,1e+05,TRUE,40
9.99999999999999,0,0,0,14.3072666465195,10.2925674126912,18.3219658803478,14.2409114139202,10.2131076700224,18.268715157818,14.5913890039475,0,14.5844583420281,0,"normal","un",1000,500,0.5,0,0,0,FALSE,0,FALSE,101,"leave-1",500,0.5,1e+05,TRUE,40
9.99999999999999,0,0,0,14.3072666465195,10.2925674126912,18.3219658803478,14.3226700418214,10.2970498573068,18.348290226336,14.5913890039475,0,14.5808533287082,0,"normal","un",1000,500,0.5,0,0,0,FALSE,0,FALSE,101,"leave-1",500,0.5,1e+05,TRUE,40
9.99999999999999,0,0,0,14.3072666465195,10.2925674126912,18.3219658803478,14.3069507837516,10.2814860338684,18.3324155336348,14.5913890039475,0,14.5934746842398,0,"normal","un",1000,500,0.5,0,0,0,FALSE,0,FALSE,101,"leave-1",500,0.5,1e+05,TRUE,40
9.99999999999999,0,0,0,14.3072666465195,10.2925674126912,18.3219658803478,14.4540425028775,10.4405504382389,18.4675345675162,14.5913890039475,0,14.6722832253961,0,"normal","un",1000,500,0.5,0,0,0,FALSE,0,FALSE,101,"leave-1",500,0.5,1e+05,TRUE,40
9.99999999999999,0,0,0,14.3072666465195,10.2925674126912,18.3219658803478,14.7434266043274,10.7207314949057,18.7661217137491,14.5913890039475,0,15.1365333553348,0,"normal","un",1000,500,0.5,0,0,0,FALSE,0,FALSE,101,"leave-1",500,0.5,1e+05,TRUE,40
9.99999999999999,0,0,0,14.3072666465195,10.2925674126912,18.3219658803478,14.1255145554777,10.1041125526503,18.1469165583051,14.5913890039475,0,14.4093452858879,0,"normal","un",1000,500,0.5,0,0,0,FALSE,0,FALSE,101,"leave-1",500,0.5,1e+05,TRUE,40
9.99999999999999,0,0,0,14.3072666465195,10.2925674126912,18.3219658803478,14.4760488258376,10.4486354894845,18.5034621621908,14.5913890039475,0,14.8106714737235,0,"normal","un",1000,500,0.5,0,0,0,FALSE,0,FALSE,101,"leave-1",500,0.5,1e+05,TRUE,40
9.99999999999999,0,0,0,14.3072666465195,10.2925674126912,18.3219658803478,14.1167098675859,10.0908567964638,18.142562938708,14.5913890039475,0,14.3992166580267,0,"normal","un",1000,500,0.5,0,0,0,FALSE,0,FALSE,101,"leave-1",500,0.5,1e+05,TRUE,40
9.99999999999999,0,0,0,14.3072666465195,10.2925674126912,18.3219658803478,14.3752662905643,10.3473162826806,18.4032162984481,14.5913890039475,0,14.6429016401081,0,"normal","un",1000,500,0.5,0,0,0,FALSE,0,FALSE,101,"leave-1",500,0.5,1e+05,TRUE,40
9.99999999999999,0,0,0,14.3072666465195,10.2925674126912,18.3219658803478,14.3186428010229,10.2956632568307,18.341622345215,14.5913890039475,0,14.5863738389137,0,"normal","un",1000,500,0.5,0,0,0,FALSE,0,FALSE,101,"leave-1",500,0.5,1e+05,TRUE,40
9.99999999999999,0,0,0,14.3072666465195,10.2925674126912,18.3219658803478,14.3505356193056,10.3465164192783,18.3545548193328,14.5913890039475,0,14.5397573590387,0,"normal","un",1000,500,0.5,0,0,0,FALSE,0,FALSE,101,"leave-1",500,0.5,1e+05,TRUE,40
9.99999999999999,0,0,0,14.3072666465195,10.2925674126912,18.3219658803478,14.2507454839384,10.2253033423549,18.2761876255219,14.5913890039475,0,14.5568089667895,0,"normal","un",1000,500,0.5,0,0,0,FALSE,0,FALSE,101,"leave-1",500,0.5,1e+05,TRUE,40
9.99999999999999,0,0,0,14.3072666465195,10.2925674126912,18.3219658803478,14.1901926948945,10.1695415908801,18.2108437989089,14.5913890039475,0,14.446423266278,0,"normal","un",1000,500,0.5,0,0,0,FALSE,0,FALSE,101,"leave-1",500,0.5,1e+05,TRUE,40
9.99999999999999,0,0,0,14.3072666465195,10.2925674126912,18.3219658803478,14.1489047756906,10.1266785215495,18.1711310298317,14.5913890039475,0,14.466446213178,0,"normal","un",1000,500,0.5,0,0,0,FALSE,0,FALSE,101,"leave-1",500,0.5,1e+05,TRUE,40
9.99999999999999,0,0,0,14.3072666465195,10.2925674126912,18.3219658803478,14.3257465211677,10.2989614466094,18.352531595726,14.5913890039475,0,14.5748397527833,0,"normal","un",1000,500,0.5,0,0,0,FALSE,0,FALSE,101,"leave-1",500,0.5,1e+05,TRUE,40
9.99999999999999,0,0,0,14.3072666465195,10.2925674126912,18.3219658803478,14.4415879407497,10.416134819415,18.4670410620845,14.5913890039475,0,14.7239426151868,0,"normal","un",1000,500,0.5,0,0,0,FALSE,0,FALSE,101,"leave-1",500,0.5,1e+05,TRUE,40
9.99999999999999,0,0,0,14.3072666465195,10.2925674126912,18.3219658803478,14.3342877846412,10.3077231984414,18.3608523708411,14.5913890039475,0,14.6194805493876,0,"normal","un",1000,500,0.5,0,0,0,FALSE,0,FALSE,101,"leave-1",500,0.5,1e+05,TRUE,40
9.99999999999999,0,0,0,14.3072666465195,10.2925674126912,18.3219658803478,14.3060900347223,10.3008198005697,18.311360268875,14.5913890039475,0,14.4730454049652,0,"normal","un",1000,500,0.5,0,0,0,FALSE,0,FALSE,101,"leave-1",500,0.5,1e+05,TRUE,40
9.99999999999999,0,0,0,14.3072666465195,10.2925674126912,18.3219658803478,14.3817938307619,10.3539363169534,18.4096513445704,14.5913890039475,0,14.6381826645848,0,"normal","un",1000,500,0.5,0,0,0,FALSE,0,FALSE,101,"leave-1",500,0.5,1e+05,TRUE,40
9.99999999999999,0,0,0,14.3072666465195,10.2925674126912,18.3219658803478,14.4763184485401,10.451202364982,18.5014345320982,14.5913890039475,0,14.7846891170115,0,"normal","un",1000,500,0.5,0,0,0,FALSE,0,FALSE,101,"leave-1",500,0.5,1e+05,TRUE,40
9.99999999999999,0,0,0,14.3072666465195,10.2925674126912,18.3219658803478,14.3695006484595,10.3883133002774,18.3506879966416,14.5913890039475,0,14.6951970551509,0,"normal","un",1000,500,0.5,0,0,0,FALSE,0,FALSE,101,"leave-1",500,0.5,1e+05,TRUE,40
9.99999999999999,0,0,0,14.3072666465195,10.2925674126912,18.3219658803478,14.3996459339411,10.3745592583595,18.4247326095227,14.5913890039475,0,14.7454165411301,0,"normal","un",1000,500,0.5,0,0,0,FALSE,0,FALSE,101,"leave-1",500,0.5,1e+05,TRUE,40
9.99999999999999,0,0,0,14.3072666465195,10.2925674126912,18.3219658803478,14.3294557993875,10.3014166454643,18.3574949533107,14.5913890039475,0,14.5875040744133,0,"normal","un",1000,500,0.5,0,0,0,FALSE,0,FALSE,101,"leave-1",500,0.5,1e+05,TRUE,40
9.99999999999999,0,0,0,14.3072666465195,10.2925674126912,18.3219658803478,14.6147223148577,10.5908496199385,18.6385950097769,14.5913890039475,0,15.0709276351597,0,"normal","un",1000,500,0.5,0,0,0,FALSE,0,FALSE,101,"leave-1",500,0.5,1e+05,TRUE,40
9.99999999999999,0,0,0,14.3072666465195,10.2925674126912,18.3219658803478,14.4454997067211,10.4171924327552,18.473806980687,14.5913890039475,0,14.7929640282769,0,"normal","un",1000,500,0.5,0,0,0,FALSE,0,FALSE,101,"leave-1",500,0.5,1e+05,TRUE,40
9.99999999999999,0,0,0,14.3072666465195,10.2925674126912,18.3219658803478,14.4076295190189,10.3987979468576,18.4164610911802,14.5913890039475,0,14.7094510690949,0,"normal","un",1000,500,0.5,0,0,0,FALSE,0,FALSE,101,"leave-1",500,0.5,1e+05,TRUE,40
9.99999999999999,0,0,0,14.3072666465195,10.2925674126912,18.3219658803478,14.5330897988382,10.5148267062477,18.5513528914286,14.5913890039475,0,14.984789897222,0,"normal","un",1000,500,0.5,0,0,0,FALSE,0,FALSE,101,"leave-1",500,0.5,1e+05,TRUE,40
9.99999999999999,0,0,0,14.3072666465195,10.2925674126912,18.3219658803478,14.3051542417828,10.2779876721452,18.3323208114204,14.5913890039475,0,14.5788307917941,0,"normal","un",1000,500,0.5,0,0,0,FALSE,0,FALSE,101,"leave-1",500,0.5,1e+05,TRUE,40
9.99999999999999,0,0,0,14.3072666465195,10.2925674126912,18.3219658803478,14.2211407387527,10.1948088399264,18.247472637579,14.5913890039475,0,14.6394390222299,0,"normal","un",1000,500,0.5,0,0,0,FALSE,0,FALSE,101,"leave-1",500,0.5,1e+05,TRUE,40
9.99999999999999,0,0,0,14.3072666465195,10.2925674126912,18.3219658803478,14.3696071682259,10.342909158709,18.3963051777427,14.5913890039475,0,14.6083369728838,0,"normal","un",1000,500,0.5,0,0,0,FALSE,0,FALSE,101,"leave-1",500,0.5,1e+05,TRUE,40
9.99999999999999,0,0,0,14.3072666465195,10.2925674126912,18.3219658803478,14.3492446714698,10.3259421108577,18.372547232082,14.5913890039475,0,14.6903617247582,0,"normal","un",1000,500,0.5,0,0,0,FALSE,0,FALSE,101,"leave-1",500,0.5,1e+05,TRUE,40
9.99999999999999,0,0,0,14.3072666465195,10.2925674126912,18.3219658803478,13.9748971271462,9.99116712193209,17.9586271323603,14.5913890039475,0,14.1471701166164,0,"normal","un",1000,500,0.5,0,0,0,FALSE,0,FALSE,101,"leave-1",500,0.5,1e+05,TRUE,40
9.99999999999999,0,0,0,14.3072666465195,10.2925674126912,18.3219658803478,14.3260782269655,10.3003024261556,18.3518540277753,14.5913890039475,0,14.5710059718597,0,"normal","un",1000,500,0.5,0,0,0,FALSE,0,FALSE,101,"leave-1",500,0.5,1e+05,TRUE,40
9.99999999999999,0,0,0,14.3072666465195,10.2925674126912,18.3219658803478,14.2619885263018,10.2400175721343,18.2839594804694,14.5913890039475,0,14.4759979655502,0,"normal","un",1000,500,0.5,0,0,0,FALSE,0,FALSE,101,"leave-1",500,0.5,1e+05,TRUE,40
9.99999999999999,0,0,0,14.3072666465195,10.2925674126912,18.3219658803478,14.3307583626609,10.3202736497373,18.3412430755845,14.5913890039475,0,14.520542044587,0,"normal","un",1000,500,0.5,0,0,0,FALSE,0,FALSE,101,"leave-1",500,0.5,1e+05,TRUE,40
9.99999999999999,0,0,0,14.3072666465195,10.2925674126912,18.3219658803478,14.3196872631287,10.2932456629578,18.3461288632996,14.5913890039475,0,14.5810185653441,0,"normal","un",1000,500,0.5,0,0,0,FALSE,0,FALSE,101,"leave-1",500,0.5,1e+05,TRUE,40
9.99999999999999,0,0,0,14.3072666465195,10.2925674126912,18.3219658803478,14.3529103220075,10.3259966885053,18.3798239555097,14.5913890039475,0,14.4767326632287,0,"normal","un",1000,500,0.5,0,0,0,FALSE,0,FALSE,101,"leave-1",500,0.5,1e+05,TRUE,40
9.99999999999999,0,0,0,14.3072666465195,10.2925674126912,18.3219658803478,14.317678556916,10.2957597236846,18.3395973901473,14.5913890039475,0,14.6064302323013,0,"normal","un",1000,500,0.5,0,0,0,FALSE,0,FALSE,101,"leave-1",500,0.5,1e+05,TRUE,40
9.99999999999999,0,0,0,14.3072666465195,10.2925674126912,18.3219658803478,14.2678828140299,10.2391622076789,18.2966034203809,14.5913890039475,0,14.5486703106974,0,"normal","un",1000,500,0.5,0,0,0,FALSE,0,FALSE,101,"leave-1",500,0.5,1e+05,TRUE,40
9.99999999999999,0,0,0,14.3072666465195,10.2925674126912,18.3219658803478,14.4995290561023,10.4737252800783,18.5253328321264,14.5913890039475,0,14.7297928916007,0,"normal","un",1000,500,0.5,0,0,0,FALSE,0,FALSE,101,"leave-1",500,0.5,1e+05,TRUE,40
9.99999999999999,0,0,0,14.3072666465195,10.2925674126912,18.3219658803478,13.6162161690334,9.62947720830332,17.6029551297634,14.5913890039475,0,13.9963515832393,0,"normal","un",1000,500,0.5,0,0,0,FALSE,0,FALSE,101,"leave-1",500,0.5,1e+05,TRUE,40
9.99999999999999,0,0,0,14.3072666465195,10.2925674126912,18.3219658803478,14.2476851330095,10.2423552568235,18.2530150091955,14.5913890039475,0,14.4753988122367,0,"normal","un",1000,500,0.5,0,0,0,FALSE,0,FALSE,101,"leave-1",500,0.5,1e+05,TRUE,40
9.99999999999999,0,0,0,14.3072666465195,10.2925674126912,18.3219658803478,14.3301696957193,10.30389791673,18.3564414747087,14.5913890039475,0,14.5914737838361,0,"normal","un",1000,500,0.5,0,0,0,FALSE,0,FALSE,101,"leave-1",500,0.5,1e+05,TRUE,40
9.99999999999999,0,0,0,14.3072666465195,10.2925674126912,18.3219658803478,14.6960273608141,10.6897819279416,18.7022727936867,14.5913890039475,0,15.1787819037148,0,"normal","un",1000,500,0.5,0,0,0,FALSE,0,FALSE,101,"leave-1",500,0.5,1e+05,TRUE,40
9.99999999999999,0,0,0,14.3072666465195,10.2925674126912,18.3219658803478,14.0721752960802,10.054851107619,18.0894994845415,14.5913890039475,0,14.3432837846026,0,"normal","un",1000,500,0.5,0,0,0,FALSE,0,FALSE,101,"leave-1",500,0.5,1e+05,TRUE,40
9.99999999999999,0,0,0,14.3072666465195,10.2925674126912,18.3219658803478,14.4209634214701,10.3999757665501,18.44195107639,14.5913890039475,0,14.6668543282955,0,"normal","un",1000,500,0.5,0,0,0,FALSE,0,FALSE,101,"leave-1",500,0.5,1e+05,TRUE,40
9.99999999999999,0,0,0,14.3072666465195,10.2925674126912,18.3219658803478,14.5000916798854,10.4923279281982,18.5078554315725,14.5913890039475,0,14.8262328537353,0,"normal","un",1000,500,0.5,0,0,0,FALSE,0,FALSE,101,"leave-1",500,0.5,1e+05,TRUE,40
9.99999999999999,0,0,0,14.3072666465195,10.2925674126912,18.3219658803478,14.2959122380169,10.2726253091566,18.3191991668772,14.5913890039475,0,14.6189832949671,0,"normal","un",1000,500,0.5,0,0,0,FALSE,0,FALSE,101,"leave-1",500,0.5,1e+05,TRUE,40
9.99999999999999,0,0,0,14.3072666465195,10.2925674126912,18.3219658803478,14.3378326479374,10.3144210090814,18.3612442867934,14.5913890039475,0,14.5913180362435,0,"normal","un",1000,500,0.5,0,0,0,FALSE,0,FALSE,101,"leave-1",500,0.5,1e+05,TRUE,40
9.99999999999999,0,0,0,14.3072666465195,10.2925674126912,18.3219658803478,13.8601420955168,9.84690117218796,17.8733830188457,14.5913890039475,0,14.1041572285731,0,"normal","un",1000,500,0.5,0,0,0,FALSE,0,FALSE,101,"leave-1",500,0.5,1e+05,TRUE,40
9.99999999999999,0,0,0,14.3072666465195,10.2925674126912,18.3219658803478,14.322671623039,10.2975985234457,18.3477447226322,14.5913890039475,0,14.574179311752,0,"normal","un",1000,500,0.5,0,0,0,FALSE,0,FALSE,101,"leave-1",500,0.5,1e+05,TRUE,40
9.99999999999999,0,0,0,14.3072666465195,10.2925674126912,18.3219658803478,14.3394521214552,10.3114505551894,18.367453687721,14.5913890039475,0,14.5898104322633,0,"normal","un",1000,500,0.5,0,0,0,FALSE,0,FALSE,101,"leave-1",500,0.5,1e+05,TRUE,40
9.99999999999999,0,0,0,14.3072666465195,10.2925674126912,18.3219658803478,14.2948685099098,10.2716631547729,18.3180738650467,14.5913890039475,0,14.587022784517,0,"normal","un",1000,500,0.5,0,0,0,FALSE,0,FALSE,101,"leave-1",500,0.5,1e+05,TRUE,40
9.99999999999999,0,0,0,14.3072666465195,10.2925674126912,18.3219658803478,13.8862186271675,9.87414413385096,17.898293120484,14.5913890039475,0,14.2138077530243,0,"normal","un",1000,500,0.5,0,0,0,FALSE,0,FALSE,101,"leave-1",500,0.5,1e+05,TRUE,40
9.99999999999999,0,0,0,14.3072666465195,10.2925674126912,18.3219658803478,14.1556072103401,10.1499331123318,18.1612813083484,14.5913890039475,0,14.4751250472435,0,"normal","un",1000,500,0.5,0,0,0,FALSE,0,FALSE,101,"leave-1",500,0.5,1e+05,TRUE,40
9.99999999999999,0,0,0,14.3072666465195,10.2925674126912,18.3219658803478,14.5806494220493,10.5931089812623,18.5681898628363,14.5913890039475,0,14.867072846339,0,"normal","un",1000,500,0.5,0,0,0,FALSE,0,FALSE,101,"leave-1",500,0.5,1e+05,TRUE,40
9.99999999999999,0,0,0,14.3072666465195,10.2925674126912,18.3219658803478,14.3210320403425,10.2980402960762,18.3440237846089,14.5913890039475,0,14.5864876704316,0,"normal","un",1000,500,0.5,0,0,0,FALSE,0,FALSE,101,"leave-1",500,0.5,1e+05,TRUE,40
9.99999999999999,0,0,0,14.3072666465195,10.2925674126912,18.3219658803478,14.1384373483636,10.1327013116082,18.144173385119,14.5913890039475,0,14.4292963131964,0,"normal","un",1000,500,0.5,0,0,0,FALSE,0,FALSE,101,"leave-1",500,0.5,1e+05,TRUE,40
9.99999999999999,0,0,0,14.3072666465195,10.2925674126912,18.3219658803478,13.9442663333881,9.93640211476926,17.9521305520069,14.5913890039475,0,14.2494477485183,0,"normal","un",1000,500,0.5,0,0,0,FALSE,0,FALSE,101,"leave-1",500,0.5,1e+05,TRUE,40
9.99999999999999,0,0,0,14.3072666465195,10.2925674126912,18.3219658803478,14.2015764598257,10.188859003134,18.2142939165175,14.5913890039475,0,14.4864069456043,0,"normal","un",1000,500,0.5,0,0,0,FALSE,0,FALSE,101,"leave-1",500,0.5,1e+05,TRUE,40
9.99999999999999,0,0,0,14.3072666465195,10.2925674126912,18.3219658803478,14.298217370242,10.2765140361703,18.3199207043136,14.5913890039475,0,14.5589990523445,0,"normal","un",1000,500,0.5,0,0,0,FALSE,0,FALSE,101,"leave-1",500,0.5,1e+05,TRUE,40
9.99999999999999,0,0,0,14.3072666465195,10.2925674126912,18.3219658803478,13.8873698798333,9.87356115082569,17.901178608841,14.5913890039475,0,14.2145232636905,0,"normal","un",1000,500,0.5,0,0,0,FALSE,0,FALSE,101,"leave-1",500,0.5,1e+05,TRUE,40
9.99999999999999,0,0,0,14.3072666465195,10.2925674126912,18.3219658803478,14.3676849914754,10.3661170607593,18.3692529221916,14.5913890039475,0,14.6871164276856,0,"normal","un",1000,500,0.5,0,0,0,FALSE,0,FALSE,101,"leave-1",500,0.5,1e+05,TRUE,40
9.99999999999999,0,0,0,14.3072666465195,10.2925674126912,18.3219658803478,14.3902957726309,10.361076388017,18.4195151572447,14.5913890039475,0,14.6918238919702,0,"normal","un",1000,500,0.5,0,0,0,FALSE,0,FALSE,101,"leave-1",500,0.5,1e+05,TRUE,40
9.99999999999999,0,0,0,14.3072666465195,10.2925674126912,18.3219658803478,14.3444149460415,10.3209269855375,18.3679029065455,14.5913890039475,0,14.5849927020963,0,"normal","un",1000,500,0.5,0,0,0,FALSE,0,FALSE,101,"leave-1",500,0.5,1e+05,TRUE,40
9.99999999999999,0,0,0,14.3072666465195,10.2925674126912,18.3219658803478,14.2970043290135,10.2687166234338,18.3252920345933,14.5913890039475,0,14.5641344664919,0,"normal","un",1000,500,0.5,0,0,0,FALSE,0,FALSE,101,"leave-1",500,0.5,1e+05,TRUE,40
9.99999999999999,0,0,0,14.3072666465195,10.2925674126912,18.3219658803478,14.3300646786918,10.3017492134188,18.3583801439648,14.5913890039475,0,14.5824553526138,0,"normal","un",1000,500,0.5,0,0,0,FALSE,0,FALSE,101,"leave-1",500,0.5,1e+05,TRUE,40
9.99999999999999,0,0,0,14.3072666465195,10.2925674126912,18.3219658803478,14.3665969165328,10.3367083183027,18.396485514763,14.5913890039475,0,14.7199016324138,0,"normal","un",1000,500,0.5,0,0,0,FALSE,0,FALSE,101,"leave-1",500,0.5,1e+05,TRUE,40
9.99999999999999,0,0,0,14.3072666465195,10.2925674126912,18.3219658803478,14.2680137808454,10.2405626260325,18.2954649356582,14.5913890039475,0,14.554128551072,0,"normal","un",1000,500,0.5,0,0,0,FALSE,0,FALSE,101,"leave-1",500,0.5,1e+05,TRUE,40
9.99999999999999,0,0,0,14.3072666465195,10.2925674126912,18.3219658803478,14.4367208500224,10.4083042654268,18.465137434618,14.5913890039475,0,14.7128558017444,0,"normal","un",1000,500,0.5,0,0,0,FALSE,0,FALSE,101,"leave-1",500,0.5,1e+05,TRUE,40
9.99999999999999,0,0,0,14.3072666465195,10.2925674126912,18.3219658803478,14.1359213069307,10.1318157596673,18.140026854194,14.5913890039475,0,14.2932651800296,0,"normal","un",1000,500,0.5,0,0,0,FALSE,0,FALSE,101,"leave-1",500,0.5,1e+05,TRUE,40
9.99999999999999,0,0,0,14.3072666465195,10.2925674126912,18.3219658803478,14.4202178252962,10.4061149777535,18.4343206728388,14.5913890039475,0,14.7020138751836,0,"normal","un",1000,500,0.5,0,0,0,FALSE,0,FALSE,101,"leave-1",500,0.5,1e+05,TRUE,40
9.99999999999999,0,0,0,14.3072666465195,10.2925674126912,18.3219658803478,14.3574403075401,10.338293470109,18.3765871449711,14.5913890039475,0,14.6190424423351,0,"normal","un",1000,500,0.5,0,0,0,FALSE,0,FALSE,101,"leave-1",500,0.5,1e+05,TRUE,40
9.99999999999999,0,0,0,14.3072666465195,10.2925674126912,18.3219658803478,14.3233000106001,10.3047650621328,18.3418349590674,14.5913890039475,0,14.622009984456,0,"normal","un",1000,500,0.5,0,0,0,FALSE,0,FALSE,101,"leave-1",500,0.5,1e+05,TRUE,40
9.99999999999999,0,0,0,14.3072666465195,10.2925674126912,18.3219658803478,14.3084608728255,10.3008113349244,18.3161104107266,14.5913890039475,0,14.5713174314414,0,"normal","un",1000,500,0.5,0,0,0,FALSE,0,FALSE,101,"leave-1",500,0.5,1e+05,TRUE,40
9.99999999999999,0,0,0,14.3072666465195,10.2925674126912,18.3219658803478,14.2093989885448,10.1946306534314,18.2241673236582,14.5913890039475,0,14.5046329153912,0,"normal","un",1000,500,0.5,0,0,0,FALSE,0,FALSE,101,"leave-1",500,0.5,1e+05,TRUE,40
9.99999999999999,0,0,0,14.3072666465195,10.2925674126912,18.3219658803478,14.2217085478359,10.1981202909477,18.245296804724,14.5913890039475,0,14.4808929832978,0,"normal","un",1000,500,0.5,0,0,0,FALSE,0,FALSE,101,"leave-1",500,0.5,1e+05,TRUE,40
9.99999999999999,0,0,0,14.3072666465195,10.2925674126912,18.3219658803478,14.3326902568137,10.3056914675574,18.3596890460699,14.5913890039475,0,14.6234729491274,0,"normal","un",1000,500,0.5,0,0,0,FALSE,0,FALSE,101,"leave-1",500,0.5,1e+05,TRUE,40
9.99999999999999,0,0,0,14.3072666465195,10.2925674126912,18.3219658803478,14.4922329685639,10.4641812150497,18.5202847220781,14.5913890039475,0,14.7809182301469,0,"normal","un",1000,500,0.5,0,0,0,FALSE,0,FALSE,101,"leave-1",500,0.5,1e+05,TRUE,40
9.99999999999999,0,0,0,14.3072666465195,10.2925674126912,18.3219658803478,14.2719049653546,10.2914437541221,18.2523661765871,14.5913890039475,0,14.602882611914,0,"normal","un",1000,500,0.5,0,0,0,FALSE,0,FALSE,101,"leave-1",500,0.5,1e+05,TRUE,40
9.99999999999999,0,0,0,14.3072666465195,10.2925674126912,18.3219658803478,14.3558187284998,10.328593333246,18.3830441237535,14.5913890039475,0,14.6110273594013,0,"normal","un",1000,500,0.5,0,0,0,FALSE,0,FALSE,101,"leave-1",500,0.5,1e+05,TRUE,40
9.99999999999999,0,0,0,14.3072666465195,10.2925674126912,18.3219658803478,14.4058694557213,10.3942345516545,18.4175043597881,14.5913890039475,0,14.6917615046443,0,"normal","un",1000,500,0.5,0,0,0,FALSE,0,FALSE,101,"leave-1",500,0.5,1e+05,TRUE,40
9.99999999999999,0,0,0,14.3072666465195,10.2925674126912,18.3219658803478,14.0688913302424,10.0614243941704,18.0763582663144,14.5913890039475,0,14.3636974106352,0,"normal","un",1000,500,0.5,0,0,0,FALSE,0,FALSE,101,"leave-1",500,0.5,1e+05,TRUE,40
9.99999999999999,0,0,0,14.3072666465195,10.2925674126912,18.3219658803478,14.1937572811587,10.1755383206065,18.2119762417109,14.5913890039475,0,14.4292552847145,0,"normal","un",1000,500,0.5,0,0,0,FALSE,0,FALSE,101,"leave-1",500,0.5,1e+05,TRUE,40
9.99999999999999,0,0,0,14.3072666465195,10.2925674126912,18.3219658803478,14.1645772699562,10.1565030518646,18.1726514880479,14.5913890039475,0,14.3994939341941,0,"normal","un",1000,500,0.5,0,0,0,FALSE,0,FALSE,101,"leave-1",500,0.5,1e+05,TRUE,40
9.99999999999999,0,0,0,14.3072666465195,10.2925674126912,18.3219658803478,14.44421311035,10.4392789693059,18.4491472513942,14.5913890039475,0,14.7127428435853,0,"normal","un",1000,500,0.5,0,0,0,FALSE,0,FALSE,101,"leave-1",500,0.5,1e+05,TRUE,40
9.99999999999999,0,0,0,14.3072666465195,10.2925674126912,18.3219658803478,14.3283932731556,10.3008483810833,18.3559381652279,14.5913890039475,0,14.5826147843894,0,"normal","un",1000,500,0.5,0,0,0,FALSE,0,FALSE,101,"leave-1",500,0.5,1e+05,TRUE,40
9.99999999999999,0,0,0,14.3072666465195,10.2925674126912,18.3219658803478,14.2493549194311,10.2236298855348,18.2750799533274,14.5913890039475,0,14.5217506865811,0,"normal","un",1000,500,0.5,0,0,0,FALSE,0,FALSE,101,"leave-1",500,0.5,1e+05,TRUE,40
9.99999999999999,0,0,0,14.3072666465195,10.2925674126912,18.3219658803478,14.3945539366965,10.365810594133,18.42329727926,14.5913890039475,0,14.6448273952315,0,"normal","un",1000,500,0.5,0,0,0,FALSE,0,FALSE,101,"leave-1",500,0.5,1e+05,TRUE,40
9.99999999999999,0,0,0,14.3072666465195,10.2925674126912,18.3219658803478,14.5021837432007,10.4735561950332,18.5308112913681,14.5913890039475,0,14.8529267476062,0,"normal","un",1000,500,0.5,0,0,0,FALSE,0,FALSE,101,"leave-1",500,0.5,1e+05,TRUE,40
9.99999999999999,0,0,0,14.3072666465195,10.2925674126912,18.3219658803478,14.2181498425535,10.1991007964508,18.2371988886561,14.5913890039475,0,14.5085973845569,0,"normal","un",1000,500,0.5,0,0,0,FALSE,0,FALSE,101,"leave-1",500,0.5,1e+05,TRUE,40
9.99999999999999,0,0,0,14.3072666465195,10.2925674126912,18.3219658803478,14.33576609521,10.307249381697,18.364282808723,14.5913890039475,0,14.5914971436271,0,"normal","un",1000,500,0.5,0,0,0,FALSE,0,FALSE,101,"leave-1",500,0.5,1e+05,TRUE,40
9.99999999999999,0,0,0,14.3072666465195,10.2925674126912,18.3219658803478,14.3300615423456,10.3036923190928,18.3564307655983,14.5913890039475,0,14.5917599848349,0,"normal","un",1000,500,0.5,0,0,0,FALSE,0,FALSE,101,"leave-1",500,0.5,1e+05,TRUE,40
9.99999999999999,0,0,0,14.3072666465195,10.2925674126912,18.3219658803478,13.9751020403544,9.9550496206427,17.995154460066,14.5913890039475,0,14.3006040220654,0,"normal","un",1000,500,0.5,0,0,0,FALSE,0,FALSE,101,"leave-1",500,0.5,1e+05,TRUE,40
9.99999999999999,0,0,0,14.3072666465195,10.2925674126912,18.3219658803478,14.5324389412055,10.5270707421282,18.5378071402828,14.5913890039475,0,14.6289970166515,0,"normal","un",1000,500,0.5,0,0,0,FALSE,0,FALSE,101,"leave-1",500,0.5,1e+05,TRUE,40
9.99999999999999,0,0,0,14.3072666465195,10.2925674126912,18.3219658803478,14.1993800117598,10.1733286209674,18.2254314025521,14.5913890039475,0,14.4803419447522,0,"normal","un",1000,500,0.5,0,0,0,FALSE,0,FALSE,101,"leave-1",500,0.5,1e+05,TRUE,40
9.99999999999999,0,0,0,14.3072666465195,10.2925674126912,18.3219658803478,14.2242637358576,10.2043069895991,18.2442204821162,14.5913890039475,0,14.4473133759152,0,"normal","un",1000,500,0.5,0,0,0,FALSE,0,FALSE,101,"leave-1",500,0.5,1e+05,TRUE,40
9.99999999999999,0,0,0,14.3072666465195,10.2925674126912,18.3219658803478,14.4061847516751,10.3839707009076,18.4283988024425,14.5913890039475,0,14.6880301543964,0,"normal","un",1000,500,0.5,0,0,0,FALSE,0,FALSE,101,"leave-1",500,0.5,1e+05,TRUE,40
9.99999999999999,0,0,0,14.3072666465195,10.2925674126912,18.3219658803478,14.3523921173475,10.3297366096068,18.3750476250882,14.5913890039475,0,14.6423495622443,0,"normal","un",1000,500,0.5,0,0,0,FALSE,0,FALSE,101,"leave-1",500,0.5,1e+05,TRUE,40
9.99999999999999,0,0,0,14.3072666465195,10.2925674126912,18.3219658803478,14.3176244913138,10.2905267262612,18.3447222563664,14.5913890039475,0,14.6203311512292,0,"normal","un",1000,500,0.5,0,0,0,FALSE,0,FALSE,101,"leave-1",500,0.5,1e+05,TRUE,40
9.99999999999999,0,0,0,14.3072666465195,10.2925674126912,18.3219658803478,14.194006385946,10.1930430317034,18.1949697401885,14.5913890039475,0,14.3535849965227,0,"normal","un",1000,500,0.5,0,0,0,FALSE,0,FALSE,101,"leave-1",500,0.5,1e+05,TRUE,40
9.99999999999999,0,0,0,14.3072666465195,10.2925674126912,18.3219658803478,14.0346572771079,10.0380151972024,18.0312993570134,14.5913890039475,0,14.264016457781,0,"normal","un",1000,500,0.5,0,0,0,FALSE,0,FALSE,101,"leave-1",500,0.5,1e+05,TRUE,40
9.99999999999999,0,0,0,14.3072666465195,10.2925674126912,18.3219658803478,14.2067721758912,10.182525781063,18.2310185707193,14.5913890039475,0,14.4826552302154,0,"normal","un",1000,500,0.5,0,0,0,FALSE,0,FALSE,101,"leave-1",500,0.5,1e+05,TRUE,40
9.99999999999999,0,0,0,14.3072666465195,10.2925674126912,18.3219658803478,14.3475768851895,10.319716304439,18.37543746594,14.5913890039475,0,14.7236110860458,0,"normal","un",1000,500,0.5,0,0,0,FALSE,0,FALSE,101,"leave-1",500,0.5,1e+05,TRUE,40
9.99999999999999,0,0,0,14.3072666465195,10.2925674126912,18.3219658803478,14.3288341283219,10.3042645024241,18.3534037542198,14.5913890039475,0,14.5915228559176,0,"normal","un",1000,500,0.5,0,0,0,FALSE,0,FALSE,101,"leave-1",500,0.5,1e+05,TRUE,40
9.99999999999999,0,0,0,14.3072666465195,10.2925674126912,18.3219658803478,13.7751348065468,9.77432379097964,17.775945822114,14.5913890039475,0,14.0102480488484,0,"normal","un",1000,500,0.5,0,0,0,FALSE,0,FALSE,101,"leave-1",500,0.5,1e+05,TRUE,40
9.99999999999999,0,0,0,14.3072666465195,10.2925674126912,18.3219658803478,14.6680680805694,10.6394872132132,18.6966489479256,14.5913890039475,0,15.0540247811998,0,"normal","un",1000,500,0.5,0,0,0,FALSE,0,FALSE,101,"leave-1",500,0.5,1e+05,TRUE,40
9.99999999999999,0,0,0,14.3072666465195,10.2925674126912,18.3219658803478,14.4912677259862,10.4869512174497,18.4955842345227,14.5913890039475,0,14.8275669096205,0,"normal","un",1000,500,0.5,0,0,0,FALSE,0,FALSE,101,"leave-1",500,0.5,1e+05,TRUE,40
9.99999999999999,0,0,0,14.3072666465195,10.2925674126912,18.3219658803478,14.297988333697,10.2681851375591,18.3277915298348,14.5913890039475,0,14.6040853187265,0,"normal","un",1000,500,0.5,0,0,0,FALSE,0,FALSE,101,"leave-1",500,0.5,1e+05,TRUE,40
9.99999999999999,0,0,0,14.3072666465195,10.2925674126912,18.3219658803478,14.3139444534678,10.2970059101644,18.3308829967713,14.5913890039475,0,14.6182628332361,0,"normal","un",1000,500,0.5,0,0,0,FALSE,0,FALSE,101,"leave-1",500,0.5,1e+05,TRUE,40
9.99999999999999,0,0,0,14.3072666465195,10.2925674126912,18.3219658803478,13.8672118623335,9.86838719551095,17.8660365291561,14.5913890039475,0,14.1535043088945,0,"normal","un",1000,500,0.5,0,0,0,FALSE,0,FALSE,101,"leave-1",500,0.5,1e+05,TRUE,40
9.99999999999999,0,0,0,14.3072666465195,10.2925674126912,18.3219658803478,14.7053305309706,10.6795397601052,18.7311213018361,14.5913890039475,0,15.1914492053808,0,"normal","un",1000,500,0.5,0,0,0,FALSE,0,FALSE,101,"leave-1",500,0.5,1e+05,TRUE,40
9.99999999999999,0,0,0,14.3072666465195,10.2925674126912,18.3219658803478,14.3229690643682,10.2948727750918,18.3510653536446,14.5913890039475,0,14.5865955683545,0,"normal","un",1000,500,0.5,0,0,0,FALSE,0,FALSE,101,"leave-1",500,0.5,1e+05,TRUE,40
9.99999999999999,0,0,0,14.3072666465195,10.2925674126912,18.3219658803478,14.2864700265875,10.2591393209859,18.3138007321892,14.5913890039475,0,14.6311822537192,0,"normal","un",1000,500,0.5,0,0,0,FALSE,0,FALSE,101,"leave-1",500,0.5,1e+05,TRUE,40
9.99999999999999,0,0,0,14.3072666465195,10.2925674126912,18.3219658803478,14.3000646230768,10.2733746831012,18.3267545630524,14.5913890039475,0,14.5679169166179,0,"normal","un",1000,500,0.5,0,0,0,FALSE,0,FALSE,101,"leave-1",500,0.5,1e+05,TRUE,40
9.99999999999999,0,0,0,14.3072666465195,10.2925674126912,18.3219658803478,14.1023260131565,10.0846233445359,18.1200286817771,14.5913890039475,0,14.3483174349298,0,"normal","un",1000,500,0.5,0,0,0,FALSE,0,FALSE,101,"leave-1",500,0.5,1e+05,TRUE,40
9.99999999999999,0,0,0,14.3072666465195,10.2925674126912,18.3219658803478,14.3387200718954,10.3146830390049,18.3627571047859,14.5913890039475,0,14.6135244920026,0,"normal","un",1000,500,0.5,0,0,0,FALSE,0,FALSE,101,"leave-1",500,0.5,1e+05,TRUE,40
9.99999999999999,0,0,0,14.3072666465195,10.2925674126912,18.3219658803478,14.4683988186608,10.4439546700293,18.4928429672924,14.5913890039475,0,14.7275710249674,0,"normal","un",1000,500,0.5,0,0,0,FALSE,0,FALSE,101,"leave-1",500,0.5,1e+05,TRUE,40
9.99999999999999,0,0,0,14.3072666465195,10.2925674126912,18.3219658803478,14.3652662367831,10.3373316668705,18.3932008066958,14.5913890039475,0,14.5615971046167,0,"normal","un",1000,500,0.5,0,0,0,FALSE,0,FALSE,101,"leave-1",500,0.5,1e+05,TRUE,40
9.99999999999999,0,0,0,14.3072666465195,10.2925674126912,18.3219658803478,14.8168772322472,10.8114701994795,18.8222842650149,14.5913890039475,0,15.2975170010651,0,"normal","un",1000,500,0.5,0,0,0,FALSE,0,FALSE,101,"leave-1",500,0.5,1e+05,TRUE,40
9.99999999999999,0,0,0,14.3072666465195,10.2925674126912,18.3219658803478,14.3185807996811,10.2928807667497,18.3442808326126,14.5913890039475,0,14.5836749966965,0,"normal","un",1000,500,0.5,0,0,0,FALSE,0,FALSE,101,"leave-1",500,0.5,1e+05,TRUE,40
9.99999999999999,0,0,0,14.3072666465195,10.2925674126912,18.3219658803478,14.1932093150275,10.1652062646161,18.221212365439,14.5913890039475,0,14.5378914769615,0,"normal","un",1000,500,0.5,0,0,0,FALSE,0,FALSE,101,"leave-1",500,0.5,1e+05,TRUE,40
9.99999999999999,0,0,0,14.3072666465195,10.2925674126912,18.3219658803478,14.152332786668,10.1251886349579,18.1794769383781,14.5913890039475,0,14.4395224198479,0,"normal","un",1000,500,0.5,0,0,0,FALSE,0,FALSE,101,"leave-1",500,0.5,1e+05,TRUE,40
9.99999999999999,0,0,0,14.3072666465195,10.2925674126912,18.3219658803478,14.3538989589134,10.3346259510347,18.3731719667922,14.5913890039475,0,14.700926942254,0,"normal","un",1000,500,0.5,0,0,0,FALSE,0,FALSE,101,"leave-1",500,0.5,1e+05,TRUE,40
9.99999999999999,0,0,0,14.3072666465195,10.2925674126912,18.3219658803478,14.3132937739047,10.2903915631715,18.3361959846379,14.5913890039475,0,14.6062882934527,0,"normal","un",1000,500,0.5,0,0,0,FALSE,0,FALSE,101,"leave-1",500,0.5,1e+05,TRUE,40
9.99999999999999,0,0,0,14.3072666465195,10.2925674126912,18.3219658803478,14.3358287024685,10.3091426524368,18.3625147525001,14.5913890039475,0,14.610439464655,0,"normal","un",1000,500,0.5,0,0,0,FALSE,0,FALSE,101,"leave-1",500,0.5,1e+05,TRUE,40
9.99999999999999,0,0,0,14.3072666465195,10.2925674126912,18.3219658803478,14.5254447062012,10.5028225449602,18.5480668674423,14.5913890039475,0,14.9031984209426,0,"normal","un",1000,500,0.5,0,0,0,FALSE,0,FALSE,101,"leave-1",500,0.5,1e+05,TRUE,40
9.99999999999999,0,0,0,14.3072666465195,10.2925674126912,18.3219658803478,14.3182056707201,10.2901033574092,18.3463079840309,14.5913890039475,0,14.5762172909926,0,"normal","un",1000,500,0.5,0,0,0,FALSE,0,FALSE,101,"leave-1",500,0.5,1e+05,TRUE,40
9.99999999999999,0,0,0,14.3072666465195,10.2925674126912,18.3219658803478,14.3386371140286,10.3164795421004,18.3607946859568,14.5913890039475,0,14.6606625180909,0,"normal","un",1000,500,0.5,0,0,0,FALSE,0,FALSE,101,"leave-1",500,0.5,1e+05,TRUE,40
9.99999999999999,0,0,0,14.3072666465195,10.2925674126912,18.3219658803478,14.3002232291191,10.2737265629001,18.326719895338,14.5913890039475,0,14.5216710517792,0,"normal","un",1000,500,0.5,0,0,0,FALSE,0,FALSE,101,"leave-1",500,0.5,1e+05,TRUE,40
9.99999999999999,0,0,0,14.3072666465195,10.2925674126912,18.3219658803478,14.3184007318517,10.2905473611064,18.346254102597,14.5913890039475,0,14.6354772988112,0,"normal","un",1000,500,0.5,0,0,0,FALSE,0,FALSE,101,"leave-1",500,0.5,1e+05,TRUE,40
9.99999999999999,0,0,0,14.3072666465195,10.2925674126912,18.3219658803478,14.3009396279396,10.2727222170872,18.329157038792,14.5913890039475,0,14.5561344501841,0,"normal","un",1000,500,0.5,0,0,0,FALSE,0,FALSE,101,"leave-1",500,0.5,1e+05,TRUE,40
9.99999999999999,0,0,0,14.3072666465195,10.2925674126912,18.3219658803478,14.2227902566926,10.197076416688,18.2485040966973,14.5913890039475,0,14.5048603586131,0,"normal","un",1000,500,0.5,0,0,0,FALSE,0,FALSE,101,"leave-1",500,0.5,1e+05,TRUE,40
9.99999999999999,0,0,0,14.3072666465195,10.2925674126912,18.3219658803478,14.2040784816358,10.1920271091948,18.2161298540769,14.5913890039475,0,14.4717758578841,0,"normal","un",1000,500,0.5,0,0,0,FALSE,0,FALSE,101,"leave-1",500,0.5,1e+05,TRUE,40
9.99999999999999,0,0,0,14.3072666465195,10.2925674126912,18.3219658803478,14.2159220033891,10.1882335274245,18.2436104793537,14.5913890039475,0,14.5285757136747,0,"normal","un",1000,500,0.5,0,0,0,FALSE,0,FALSE,101,"leave-1",500,0.5,1e+05,TRUE,40
9.99999999999999,0,0,0,14.3072666465195,10.2925674126912,18.3219658803478,14.653325126603,10.6401254244822,18.6665248287238,14.5913890039475,0,15.1809417384856,0,"normal","un",1000,500,0.5,0,0,0,FALSE,0,FALSE,101,"leave-1",500,0.5,1e+05,TRUE,40
9.99999999999999,0,0,0,14.3072666465195,10.2925674126912,18.3219658803478,14.3282560480077,10.2998117821361,18.3567003138792,14.5913890039475,0,14.6201220887275,0,"normal","un",1000,500,0.5,0,0,0,FALSE,0,FALSE,101,"leave-1",500,0.5,1e+05,TRUE,40
9.99999999999999,0,0,0,14.3072666465195,10.2925674126912,18.3219658803478,13.9704588089753,9.94806077237386,17.9928568455768,14.5913890039475,0,14.335758512881,0,"normal","un",1000,500,0.5,0,0,0,FALSE,0,FALSE,101,"leave-1",500,0.5,1e+05,TRUE,40
9.99999999999999,0,0,0,14.3072666465195,10.2925674126912,18.3219658803478,14.158709314223,10.1371062311653,18.1803123972807,14.5913890039475,0,14.4578710230985,0,"normal","un",1000,500,0.5,0,0,0,FALSE,0,FALSE,101,"leave-1",500,0.5,1e+05,TRUE,40
9.99999999999999,0,0,0,14.3072666465195,10.2925674126912,18.3219658803478,14.2598498762155,10.2409942949415,18.2787054574895,14.5913890039475,0,14.5123209854796,0,"normal","un",1000,500,0.5,0,0,0,FALSE,0,FALSE,101,"leave-1",500,0.5,1e+05,TRUE,40
9.99999999999999,0,0,0,14.3072666465195,10.2925674126912,18.3219658803478,14.7608138058156,10.7327012380621,18.7889263735692,14.5913890039475,0,15.1406646040583,0,"normal","un",1000,500,0.5,0,0,0,FALSE,0,FALSE,101,"leave-1",500,0.5,1e+05,TRUE,40
9.99999999999999,0,0,0,14.3072666465195,10.2925674126912,18.3219658803478,14.4150781925547,10.3867092519717,18.4434471331376,14.5913890039475,0,14.7698588491647,0,"normal","un",1000,500,0.5,0,0,0,FALSE,0,FALSE,101,"leave-1",500,0.5,1e+05,TRUE,40
9.99999999999999,0,0,0,14.3072666465195,10.2925674126912,18.3219658803478,14.2922428713198,10.26692524317,18.3175604994696,14.5913890039475,0,14.5779489996489,0,"normal","un",1000,500,0.5,0,0,0,FALSE,0,FALSE,101,"leave-1",500,0.5,1e+05,TRUE,40
9.99999999999999,0,0,0,14.3072666465195,10.2925674126912,18.3219658803478,14.3111428521348,10.2983030941736,18.3239826100961,14.5913890039475,0,14.5677586754801,0,"normal","un",1000,500,0.5,0,0,0,FALSE,0,FALSE,101,"leave-1",500,0.5,1e+05,TRUE,40
9.99999999999999,0,0,0,14.3072666465195,10.2925674126912,18.3219658803478,14.3413429738489,10.3130409952999,18.3696449523978,14.5913890039475,0,14.6822827104505,0,"normal","un",1000,500,0.5,0,0,0,FALSE,0,FALSE,101,"leave-1",500,0.5,1e+05,TRUE,40
9.99999999999999,0,0,0,14.3072666465195,10.2925674126912,18.3219658803478,13.5930733305866,9.61884131780724,17.567305343366,14.5913890039475,0,13.8914583273796,0,"normal","un",1000,500,0.5,0,0,0,FALSE,0,FALSE,101,"leave-1",500,0.5,1e+05,TRUE,40
9.99999999999999,0,0,0,14.3072666465195,10.2925674126912,18.3219658803478,14.2840562788602,10.2712621552303,18.2968504024901,14.5913890039475,0,14.537602357509,0,"normal","un",1000,500,0.5,0,0,0,FALSE,0,FALSE,101,"leave-1",500,0.5,1e+05,TRUE,40
9.99999999999999,0,0,0,14.3072666465195,10.2925674126912,18.3219658803478,14.231142414264,10.2075362130418,18.2547486154863,14.5913890039475,0,14.4588373202689,0,"normal","un",1000,500,0.5,0,0,0,FALSE,0,FALSE,101,"leave-1",500,0.5,1e+05,TRUE,40
9.99999999999999,0,0,0,14.3072666465195,10.2925674126912,18.3219658803478,14.1934075903548,10.1731234137644,18.2136917669452,14.5913890039475,0,14.5447741378454,0,"normal","un",1000,500,0.5,0,0,0,FALSE,0,FALSE,101,"leave-1",500,0.5,1e+05,TRUE,40
9.99999999999999,0,0,0,14.3072666465195,10.2925674126912,18.3219658803478,14.2635767057225,10.2382333378597,18.2889200735854,14.5913890039475,0,14.5239161577634,0,"normal","un",1000,500,0.5,0,0,0,FALSE,0,FALSE,101,"leave-1",500,0.5,1e+05,TRUE,40
9.99999999999999,0,0,0,14.3072666465195,10.2925674126912,18.3219658803478,14.5247323880204,10.4966771469706,18.5527876290701,14.5913890039475,0,14.7672163579501,0,"normal","un",1000,500,0.5,0,0,0,FALSE,0,FALSE,101,"leave-1",500,0.5,1e+05,TRUE,40
9.99999999999999,0,0,0,14.3072666465195,10.2925674126912,18.3219658803478,14.332707926254,10.3091694858581,18.3562463666498,14.5913890039475,0,14.5970148150529,0,"normal","un",1000,500,0.5,0,0,0,FALSE,0,FALSE,101,"leave-1",500,0.5,1e+05,TRUE,40
9.99999999999999,0,0,0,14.3072666465195,10.2925674126912,18.3219658803478,14.3892725643746,10.3653145764863,18.4132305522629,14.5913890039475,0,14.6667067979292,0,"normal","un",1000,500,0.5,0,0,0,FALSE,0,FALSE,101,"leave-1",500,0.5,1e+05,TRUE,40
9.99999999999999,0,0,0,14.3072666465195,10.2925674126912,18.3219658803478,14.3655736305081,10.3523257429663,18.3788215180499,14.5913890039475,0,14.530465513802,0,"normal","un",1000,500,0.5,0,0,0,FALSE,0,FALSE,101,"leave-1",500,0.5,1e+05,TRUE,40
9.99999999999999,0,0,0,14.3072666465195,10.2925674126912,18.3219658803478,14.1948152191521,10.1694067759301,18.220223662374,14.5913890039475,0,14.5221383873151,0,"normal","un",1000,500,0.5,0,0,0,FALSE,0,FALSE,101,"leave-1",500,0.5,1e+05,TRUE,40
9.99999999999999,0,0,0,14.3072666465195,10.2925674126912,18.3219658803478,14.4195035419532,10.3953269855372,18.4436800983693,14.5913890039475,0,14.6985854085605,0,"normal","un",1000,500,0.5,0,0,0,FALSE,0,FALSE,101,"leave-1",500,0.5,1e+05,TRUE,40
9.99999999999999,0,0,0,14.3072666465195,10.2925674126912,18.3219658803478,14.4753659992831,10.4662860963961,18.4844459021702,14.5913890039475,0,14.6966811668667,0,"normal","un",1000,500,0.5,0,0,0,FALSE,0,FALSE,101,"leave-1",500,0.5,1e+05,TRUE,40
9.99999999999999,0,0,0,14.3072666465195,10.2925674126912,18.3219658803478,14.188265545139,10.1645543916238,18.2119766986542,14.5913890039475,0,14.4003276974139,0,"normal","un",1000,500,0.5,0,0,0,FALSE,0,FALSE,101,"leave-1",500,0.5,1e+05,TRUE,40
9.99999999999999,0,0,0,14.3072666465195,10.2925674126912,18.3219658803478,14.5033339689236,10.4828847093385,18.5237832285086,14.5913890039475,0,14.8589865152821,0,"normal","un",1000,500,0.5,0,0,0,FALSE,0,FALSE,101,"leave-1",500,0.5,1e+05,TRUE,40
9.99999999999999,0,0,0,14.3072666465195,10.2925674126912,18.3219658803478,14.3374126399151,10.3143178409017,18.3605074389285,14.5913890039475,0,14.5889020993929,0,"normal","un",1000,500,0.5,0,0,0,FALSE,0,FALSE,101,"leave-1",500,0.5,1e+05,TRUE,40
9.99999999999999,0,0,0,14.3072666465195,10.2925674126912,18.3219658803478,14.4304597523992,10.4026823439924,18.4582371608059,14.5913890039475,0,14.6995146911894,0,"normal","un",1000,500,0.5,0,0,0,FALSE,0,FALSE,101,"leave-1",500,0.5,1e+05,TRUE,40
9.99999999999999,0,0,0,14.3072666465195,10.2925674126912,18.3219658803478,14.3711341917664,10.3565377041657,18.3857306793672,14.5913890039475,0,14.7400972976197,0,"normal","un",1000,500,0.5,0,0,0,FALSE,0,FALSE,101,"leave-1",500,0.5,1e+05,TRUE,40
9.99999999999999,0,0,0,14.3072666465195,10.2925674126912,18.3219658803478,14.3155947163561,10.293263737362,18.3379256953502,14.5913890039475,0,14.5710692054109,0,"normal","un",1000,500,0.5,0,0,0,FALSE,0,FALSE,101,"leave-1",500,0.5,1e+05,TRUE,40
9.99999999999999,0,0,0,14.3072666465195,10.2925674126912,18.3219658803478,14.4671200417185,10.4466655869545,18.4875744964825,14.5913890039475,0,14.7533558479717,0,"normal","un",1000,500,0.5,0,0,0,FALSE,0,FALSE,101,"leave-1",500,0.5,1e+05,TRUE,40
9.99999999999999,0,0,0,14.3072666465195,10.2925674126912,18.3219658803478,14.2888285041231,10.2647601449301,18.3128968633162,14.5913890039475,0,14.5682517616384,0,"normal","un",1000,500,0.5,0,0,0,FALSE,0,FALSE,101,"leave-1",500,0.5,1e+05,TRUE,40
9.99999999999999,0,0,0,14.3072666465195,10.2925674126912,18.3219658803478,14.6163152596728,10.591130388631,18.6415001307145,14.5913890039475,0,15.0929459997271,0,"normal","un",1000,500,0.5,0,0,0,FALSE,0,FALSE,101,"leave-1",500,0.5,1e+05,TRUE,40
9.99999999999999,0,0,0,14.3072666465195,10.2925674126912,18.3219658803478,14.4943315865934,10.4676462467423,18.5210169264446,14.5913890039475,0,14.8139521627746,0,"normal","un",1000,500,0.5,0,0,0,FALSE,0,FALSE,101,"leave-1",500,0.5,1e+05,TRUE,40
9.99999999999999,0,0,0,14.3072666465195,10.2925674126912,18.3219658803478,14.3470749261187,10.3232325423232,18.3709173099141,14.5913890039475,0,14.6178989001408,0,"normal","un",1000,500,0.5,0,0,0,FALSE,0,FALSE,101,"leave-1",500,0.5,1e+05,TRUE,40
9.99999999999999,0,0,0,14.3072666465195,10.2925674126912,18.3219658803478,14.3011328239085,10.2730632381323,18.3292024096848,14.5913890039475,0,14.5902559890464,0,"normal","un",1000,500,0.5,0,0,0,FALSE,0,FALSE,101,"leave-1",500,0.5,1e+05,TRUE,40
9.99999999999999,0,0,0,14.3072666465195,10.2925674126912,18.3219658803478,14.3371027774313,10.3085552255656,18.365650329297,14.5913890039475,0,14.6238169469229,0,"normal","un",1000,500,0.5,0,0,0,FALSE,0,FALSE,101,"leave-1",500,0.5,1e+05,TRUE,40
9.99999999999999,0,0,0,14.3072666465195,10.2925674126912,18.3219658803478,14.3343107579217,10.3080279626828,18.3605935531606,14.5913890039475,0,14.6280018564509,0,"normal","un",1000,500,0.5,0,0,0,FALSE,0,FALSE,101,"leave-1",500,0.5,1e+05,TRUE,40
9.99999999999999,0,0,0,14.3072666465195,10.2925674126912,18.3219658803478,14.6319690758071,10.6127640484157,18.6511741031985,14.5913890039475,0,14.9300843862865,0,"normal","un",1000,500,0.5,0,0,0,FALSE,0,FALSE,101,"leave-1",500,0.5,1e+05,TRUE,40
9.99999999999999,0,0,0,14.3072666465195,10.2925674126912,18.3219658803478,14.2844980578298,10.2564736522979,18.3125224633616,14.5913890039475,0,14.5578577006404,0,"normal","un",1000,500,0.5,0,0,0,FALSE,0,FALSE,101,"leave-1",500,0.5,1e+05,TRUE,40
9.99999999999999,0,0,0,14.3072666465195,10.2925674126912,18.3219658803478,14.3979244590716,10.3703599771335,18.4254889410096,14.5913890039475,0,14.7795333992838,0,"normal","un",1000,500,0.5,0,0,0,FALSE,0,FALSE,101,"leave-1",500,0.5,1e+05,TRUE,40
9.99999999999999,0,0,0,14.3072666465195,10.2925674126912,18.3219658803478,14.4262379737111,10.3962838760901,18.4561920713321,14.5913890039475,0,14.6403515942896,0,"normal","un",1000,500,0.5,0,0,0,FALSE,0,FALSE,101,"leave-1",500,0.5,1e+05,TRUE,40
9.99999999999999,0,0,0,14.3072666465195,10.2925674126912,18.3219658803478,14.2382463627646,10.2196622608321,18.2568304646971,14.5913890039475,0,14.6189599690064,0,"normal","un",1000,500,0.5,0,0,0,FALSE,0,FALSE,101,"leave-1",500,0.5,1e+05,TRUE,40
9.99999999999999,0,0,0,14.3072666465195,10.2925674126912,18.3219658803478,14.4120852387552,10.4140130476136,18.4101574298968,14.5913890039475,0,14.7018476782156,0,"normal","un",1000,500,0.5,0,0,0,FALSE,0,FALSE,101,"leave-1",500,0.5,1e+05,TRUE,40
9.99999999999999,0,0,0,14.3072666465195,10.2925674126912,18.3219658803478,14.2393965091268,10.213695864969,18.2650971532846,14.5913890039475,0,14.5029064812703,0,"normal","un",1000,500,0.5,0,0,0,FALSE,0,FALSE,101,"leave-1",500,0.5,1e+05,TRUE,40
9.99999999999999,0,0,0,14.3072666465195,10.2925674126912,18.3219658803478,14.3412243406787,10.3119584189738,18.3704902623837,14.5913890039475,0,14.586099891967,0,"normal","un",1000,500,0.5,0,0,0,FALSE,0,FALSE,101,"leave-1",500,0.5,1e+05,TRUE,40
9.99999999999999,0,0,0,14.3072666465195,10.2925674126912,18.3219658803478,14.2917707785897,10.2641716429807,18.3193699141987,14.5913890039475,0,14.515421059295,0,"normal","un",1000,500,0.5,0,0,0,FALSE,0,FALSE,101,"leave-1",500,0.5,1e+05,TRUE,40
9.99999999999999,0,0,0,14.3072666465195,10.2925674126912,18.3219658803478,14.5279672856388,10.5349109636112,18.5210236076664,14.5913890039475,0,14.7830684869512,0,"normal","un",1000,500,0.5,0,0,0,FALSE,0,FALSE,101,"leave-1",500,0.5,1e+05,TRUE,40
9.99999999999999,0,0,0,14.3072666465195,10.2925674126912,18.3219658803478,14.3874670771987,10.3589507092344,18.415983445163,14.5913890039475,0,14.7550504183876,0,"normal","un",1000,500,0.5,0,0,0,FALSE,0,FALSE,101,"leave-1",500,0.5,1e+05,TRUE,40
9.99999999999999,0,0,0,14.3072666465195,10.2925674126912,18.3219658803478,14.3002378379623,10.2768846576958,18.3235910182287,14.5913890039475,0,14.5558134855799,0,"normal","un",1000,500,0.5,0,0,0,FALSE,0,FALSE,101,"leave-1",500,0.5,1e+05,TRUE,40
9.99999999999999,0,0,0,14.3072666465195,10.2925674126912,18.3219658803478,14.1172141132314,10.1078034652719,18.1266247611909,14.5913890039475,0,14.4909317694494,0,"normal","un",1000,500,0.5,0,0,0,FALSE,0,FALSE,101,"leave-1",500,0.5,1e+05,TRUE,40
9.99999999999999,0,0,0,14.3072666465195,10.2925674126912,18.3219658803478,14.2786303501555,10.2509520903331,18.3063086099779,14.5913890039475,0,14.5452377582751,0,"normal","un",1000,500,0.5,0,0,0,FALSE,0,FALSE,101,"leave-1",500,0.5,1e+05,TRUE,40
9.99999999999999,0,0,0,14.3072666465195,10.2925674126912,18.3219658803478,14.2023328570291,10.1850268083507,18.2196389057075,14.5913890039475,0,14.4603007521184,0,"normal","un",1000,500,0.5,0,0,0,FALSE,0,FALSE,101,"leave-1",500,0.5,1e+05,TRUE,40
9.99999999999999,0,0,0,14.3072666465195,10.2925674126912,18.3219658803478,13.9799171935473,9.96596940437879,17.9938649827159,14.5913890039475,0,14.2273132976775,0,"normal","un",1000,500,0.5,0,0,0,FALSE,0,FALSE,101,"leave-1",500,0.5,1e+05,TRUE,40
9.99999999999999,0,0,0,14.3072666465195,10.2925674126912,18.3219658803478,14.7389809664358,10.7216099830618,18.7563519498099,14.5913890039475,0,15.2705837245981,0,"normal","un",1000,500,0.5,0,0,0,FALSE,0,FALSE,101,"leave-1",500,0.5,1e+05,TRUE,40
9.99999999999999,0,0,0,14.3072666465195,10.2925674126912,18.3219658803478,14.1362492604917,10.1148388730666,18.1576596479167,14.5913890039475,0,14.3795875124603,0,"normal","un",1000,500,0.5,0,0,0,FALSE,0,FALSE,101,"leave-1",500,0.5,1e+05,TRUE,40
9.99999999999999,0,0,0,14.3072666465195,10.2925674126912,18.3219658803478,14.294869093464,10.2661109372503,18.3236272496777,14.5913890039475,0,14.5846074547283,0,"normal","un",1000,500,0.5,0,0,0,FALSE,0,FALSE,101,"leave-1",500,0.5,1e+05,TRUE,40
9.99999999999999,0,0,0,14.3072666465195,10.2925674126912,18.3219658803478,14.473737302484,10.4723526783355,18.4751219266324,14.5913890039475,0,14.8106562241588,0,"normal","un",1000,500,0.5,0,0,0,FALSE,0,FALSE,101,"leave-1",500,0.5,1e+05,TRUE,40
9.99999999999999,0,0,0,14.3072666465195,10.2925674126912,18.3219658803478,14.3206383147313,10.2931957333326,18.34808089613,14.5913890039475,0,14.5917166394102,0,"normal","un",1000,500,0.5,0,0,0,FALSE,0,FALSE,101,"leave-1",500,0.5,1e+05,TRUE,40
9.99999999999999,0,0,0,14.3072666465195,10.2925674126912,18.3219658803478,14.3089517371012,10.2812982010347,18.3366052731677,14.5913890039475,0,14.5780904906302,0,"normal","un",1000,500,0.5,0,0,0,FALSE,0,FALSE,101,"leave-1",500,0.5,1e+05,TRUE,40
9.99999999999999,0,0,0,14.3072666465195,10.2925674126912,18.3219658803478,14.2595316813959,10.2373941719292,18.2816691908625,14.5913890039475,0,14.5315452095715,0,"normal","un",1000,500,0.5,0,0,0,FALSE,0,FALSE,101,"leave-1",500,0.5,1e+05,TRUE,40
9.99999999999999,0,0,0,14.3072666465195,10.2925674126912,18.3219658803478,14.3279342054511,10.3316534238045,18.3242149870977,14.5913890039475,0,14.4305905836457,0,"normal","un",1000,500,0.5,0,0,0,FALSE,0,FALSE,101,"leave-1",500,0.5,1e+05,TRUE,40
9.99999999999999,0,0,0,14.3072666465195,10.2925674126912,18.3219658803478,14.1299030448757,10.1217184740241,18.1380876157274,14.5913890039475,0,14.3758290495621,0,"normal","un",1000,500,0.5,0,0,0,FALSE,0,FALSE,101,"leave-1",500,0.5,1e+05,TRUE,40
9.99999999999999,0,0,0,14.3072666465195,10.2925674126912,18.3219658803478,14.3967555220177,10.3864446581963,18.4070663858392,14.5913890039475,0,14.5336027355386,0,"normal","un",1000,500,0.5,0,0,0,FALSE,0,FALSE,101,"leave-1",500,0.5,1e+05,TRUE,40
9.99999999999999,0,0,0,14.3072666465195,10.2925674126912,18.3219658803478,14.5950357946585,10.5830654184165,18.6070061709004,14.5913890039475,0,15.009364314413,0,"normal","un",1000,500,0.5,0,0,0,FALSE,0,FALSE,101,"leave-1",500,0.5,1e+05,TRUE,40
9.99999999999999,0,0,0,14.3072666465195,10.2925674126912,18.3219658803478,13.3787759291313,9.40639895054405,17.3511529077185,14.5913890039475,0,13.4826241454401,0,"normal","un",1000,500,0.5,0,0,0,FALSE,0,FALSE,101,"leave-1",500,0.5,1e+05,TRUE,40
9.99999999999999,0,0,0,14.3072666465195,10.2925674126912,18.3219658803478,14.259997328511,10.2334550198653,18.2865396371566,14.5913890039475,0,14.5515353598613,0,"normal","un",1000,500,0.5,0,0,0,FALSE,0,FALSE,101,"leave-1",500,0.5,1e+05,TRUE,40
9.99999999999999,0,0,0,14.3072666465195,10.2925674126912,18.3219658803478,14.3375853417913,10.3131048734491,18.3620658101335,14.5913890039475,0,14.622398809852,0,"normal","un",1000,500,0.5,0,0,0,FALSE,0,FALSE,101,"leave-1",500,0.5,1e+05,TRUE,40
9.99999999999999,0,0,0,14.3072666465195,10.2925674126912,18.3219658803478,14.1424312543977,10.1390766036272,18.1457859051682,14.5913890039475,0,14.3891413424543,0,"normal","un",1000,500,0.5,0,0,0,FALSE,0,FALSE,101,"leave-1",500,0.5,1e+05,TRUE,40
9.99999999999999,0,0,0,14.3072666465195,10.2925674126912,18.3219658803478,14.2656893565687,10.2395559069812,18.2918228061562,14.5913890039475,0,14.5413895805243,0,"normal","un",1000,500,0.5,0,0,0,FALSE,0,FALSE,101,"leave-1",500,0.5,1e+05,TRUE,40
9.99999999999999,0,0,0,14.3072666465195,10.2925674126912,18.3219658803478,14.3301174323105,10.3055120118152,18.3547228528059,14.5913890039475,0,14.5647183617405,0,"normal","un",1000,500,0.5,0,0,0,FALSE,0,FALSE,101,"leave-1",500,0.5,1e+05,TRUE,40
9.99999999999999,0,0,0,14.3072666465195,10.2925674126912,18.3219658803478,14.3580799092413,10.3452682208624,18.3708915976202,14.5913890039475,0,14.6376062761286,0,"normal","un",1000,500,0.5,0,0,0,FALSE,0,FALSE,101,"leave-1",500,0.5,1e+05,TRUE,40
9.99999999999999,0,0,0,14.3072666465195,10.2925674126912,18.3219658803478,14.3029538241041,10.2766922994768,18.3292153487313,14.5913890039475,0,14.5883483736498,0,"normal","un",1000,500,0.5,0,0,0,FALSE,0,FALSE,101,"leave-1",500,0.5,1e+05,TRUE,40
9.99999999999999,0,0,0,14.3072666465195,10.2925674126912,18.3219658803478,14.4330064031829,10.4137468785819,18.4522659277838,14.5913890039475,0,14.8835796115735,0,"normal","un",1000,500,0.5,0,0,0,FALSE,0,FALSE,101,"leave-1",500,0.5,1e+05,TRUE,40
9.99999999999999,0,0,0,14.3072666465195,10.2925674126912,18.3219658803478,14.2797424364631,10.2588053569243,18.3006795160019,14.5913890039475,0,14.548495288361,0,"normal","un",1000,500,0.5,0,0,0,FALSE,0,FALSE,101,"leave-1",500,0.5,1e+05,TRUE,40
9.99999999999999,0,0,0,14.3072666465195,10.2925674126912,18.3219658803478,14.2495194268344,10.2438226153709,18.2552162382979,14.5913890039475,0,14.4951344051144,0,"normal","un",1000,500,0.5,0,0,0,FALSE,0,FALSE,101,"leave-1",500,0.5,1e+05,TRUE,40
9.99999999999999,0,0,0,14.3072666465195,10.2925674126912,18.3219658803478,14.2511582544568,10.2231377766174,18.2791787322963,14.5913890039475,0,14.4914966305952,0,"normal","un",1000,500,0.5,0,0,0,FALSE,0,FALSE,101,"leave-1",500,0.5,1e+05,TRUE,40
9.99999999999999,0,0,0,14.3072666465195,10.2925674126912,18.3219658803478,14.3146938054474,10.2861236852455,18.3432639256493,14.5913890039475,0,14.5830328548317,0,"normal","un",1000,500,0.5,0,0,0,FALSE,0,FALSE,101,"leave-1",500,0.5,1e+05,TRUE,40
9.99999999999999,0,0,0,14.3072666465195,10.2925674126912,18.3219658803478,14.1631556234534,10.1554244587369,18.1708867881699,14.5913890039475,0,14.4768602711972,0,"normal","un",1000,500,0.5,0,0,0,FALSE,0,FALSE,101,"leave-1",500,0.5,1e+05,TRUE,40
9.99999999999999,0,0,0,14.3072666465195,10.2925674126912,18.3219658803478,14.5173130583786,10.5035106092453,18.5311155075118,14.5913890039475,0,14.9874170276707,0,"normal","un",1000,500,0.5,0,0,0,FALSE,0,FALSE,101,"leave-1",500,0.5,1e+05,TRUE,40
9.99999999999999,0,0,0,14.3072666465195,10.2925674126912,18.3219658803478,13.672011355587,9.65763559777926,17.6863871133948,14.5913890039475,0,13.9347103372552,0,"normal","un",1000,500,0.5,0,0,0,FALSE,0,FALSE,101,"leave-1",500,0.5,1e+05,TRUE,40
9.99999999999999,0,0,0,14.3072666465195,10.2925674126912,18.3219658803478,14.2739642131284,10.2547179552923,18.2932104709645,14.5913890039475,0,14.6569004543452,0,"normal","un",1000,500,0.5,0,0,0,FALSE,0,FALSE,101,"leave-1",500,0.5,1e+05,TRUE,40
9.99999999999999,0,0,0,14.3072666465195,10.2925674126912,18.3219658803478,14.4307136745899,10.4039818634562,18.4574454857236,14.5913890039475,0,14.679254299025,0,"normal","un",1000,500,0.5,0,0,0,FALSE,0,FALSE,101,"leave-1",500,0.5,1e+05,TRUE,40
9.99999999999999,0,0,0,14.3072666465195,10.2925674126912,18.3219658803478,14.3220831298302,10.2953426320158,18.3488236276446,14.5913890039475,0,14.5807856539094,0,"normal","un",1000,500,0.5,0,0,0,FALSE,0,FALSE,101,"leave-1",500,0.5,1e+05,TRUE,40
9.99999999999999,0,0,0,14.3072666465195,10.2925674126912,18.3219658803478,14.2978734148788,10.2731114518126,18.3226353779451,14.5913890039475,0,14.5517907757178,0,"normal","un",1000,500,0.5,0,0,0,FALSE,0,FALSE,101,"leave-1",500,0.5,1e+05,TRUE,40
9.99999999999999,0,0,0,14.3072666465195,10.2925674126912,18.3219658803478,14.3087211522697,10.2827507492169,18.3346915553225,14.5913890039475,0,14.5675595697594,0,"normal","un",1000,500,0.5,0,0,0,FALSE,0,FALSE,101,"leave-1",500,0.5,1e+05,TRUE,40
9.99999999999999,0,0,0,14.3072666465195,10.2925674126912,18.3219658803478,14.2660347754069,10.2384472348019,18.2936223160118,14.5913890039475,0,14.5675968758557,0,"normal","un",1000,500,0.5,0,0,0,FALSE,0,FALSE,101,"leave-1",500,0.5,1e+05,TRUE,40
9.99999999999999,0,0,0,14.3072666465195,10.2925674126912,18.3219658803478,14.32560391391,10.3040665819525,18.3471412458675,14.5913890039475,0,14.5968496938066,0,"normal","un",1000,500,0.5,0,0,0,FALSE,0,FALSE,101,"leave-1",500,0.5,1e+05,TRUE,40
9.99999999999999,0,0,0,14.3072666465195,10.2925674126912,18.3219658803478,14.1023755432488,10.0870266246745,18.117724461823,14.5913890039475,0,14.3145755822594,0,"normal","un",1000,500,0.5,0,0,0,FALSE,0,FALSE,101,"leave-1",500,0.5,1e+05,TRUE,40
9.99999999999999,0,0,0,14.3072666465195,10.2925674126912,18.3219658803478,14.4183740227577,10.4020961746182,18.4346518708973,14.5913890039475,0,14.6980404852417,0,"normal","un",1000,500,0.5,0,0,0,FALSE,0,FALSE,101,"leave-1",500,0.5,1e+05,TRUE,40
9.99999999999999,0,0,0,14.3072666465195,10.2925674126912,18.3219658803478,14.2862987589596,10.2620873453913,18.3105101725279,14.5913890039475,0,14.5557869852716,0,"normal","un",1000,500,0.5,0,0,0,FALSE,0,FALSE,101,"leave-1",500,0.5,1e+05,TRUE,40
9.99999999999999,0,0,0,14.3072666465195,10.2925674126912,18.3219658803478,14.3709925543102,10.3418098992168,18.4001752094036,14.5913890039475,0,14.6379274568138,0,"normal","un",1000,500,0.5,0,0,0,FALSE,0,FALSE,101,"leave-1",500,0.5,1e+05,TRUE,40
9.99999999999999,0,0,0,14.3072666465195,10.2925674126912,18.3219658803478,13.9802009019708,9.98818853625014,17.9722132676915,14.5913890039475,0,14.1547009299727,0,"normal","un",1000,500,0.5,0,0,0,FALSE,0,FALSE,101,"leave-1",500,0.5,1e+05,TRUE,40
9.99999999999999,0,0,0,14.3072666465195,10.2925674126912,18.3219658803478,14.453861071316,10.4245439350379,18.4831782075942,14.5913890039475,0,14.9471214696598,0,"normal","un",1000,500,0.5,0,0,0,FALSE,0,FALSE,101,"leave-1",500,0.5,1e+05,TRUE,40
9.99999999999999,0,0,0,14.3072666465195,10.2925674126912,18.3219658803478,14.6985841531098,10.6738891864611,18.7232791197586,14.5913890039475,0,14.8655048243097,0,"normal","un",1000,500,0.5,0,0,0,FALSE,0,FALSE,101,"leave-1",500,0.5,1e+05,TRUE,40
9.99999999999999,0,0,0,14.3072666465195,10.2925674126912,18.3219658803478,14.3112593415214,10.2834356192799,18.339083063763,14.5913890039475,0,14.64288032075,0,"normal","un",1000,500,0.5,0,0,0,FALSE,0,FALSE,101,"leave-1",500,0.5,1e+05,TRUE,40
9.99999999999999,0,0,0,14.3072666465195,10.2925674126912,18.3219658803478,14.012572379718,9.99635976287858,18.0287849965574,14.5913890039475,0,14.4414843591713,0,"normal","un",1000,500,0.5,0,0,0,FALSE,0,FALSE,101,"leave-1",500,0.5,1e+05,TRUE,40
9.99999999999999,0,0,0,14.3072666465195,10.2925674126912,18.3219658803478,14.3754767737687,10.3605630909398,18.3903904565976,14.5913890039475,0,14.7069178828371,0,"normal","un",1000,500,0.5,0,0,0,FALSE,0,FALSE,101,"leave-1",500,0.5,1e+05,TRUE,40
9.99999999999999,0,0,0,14.3072666465195,10.2925674126912,18.3219658803478,14.5808724862309,10.5582501076332,18.6034948648287,14.5913890039475,0,14.8134785393409,0,"normal","un",1000,500,0.5,0,0,0,FALSE,0,FALSE,101,"leave-1",500,0.5,1e+05,TRUE,40
9.99999999999999,0,0,0,14.3072666465195,10.2925674126912,18.3219658803478,14.150250124675,10.1275789643465,18.1729212850035,14.5913890039475,0,14.3591605082603,0,"normal","un",1000,500,0.5,0,0,0,FALSE,0,FALSE,101,"leave-1",500,0.5,1e+05,TRUE,40
9.99999999999999,0,0,0,14.3072666465195,10.2925674126912,18.3219658803478,14.0401736434578,10.0208907883865,18.0594564985292,14.5913890039475,0,14.3614461610297,0,"normal","un",1000,500,0.5,0,0,0,FALSE,0,FALSE,101,"leave-1",500,0.5,1e+05,TRUE,40
9.99999999999999,0,0,0,14.3072666465195,10.2925674126912,18.3219658803478,14.303905298446,10.2791864363971,18.3286241604948,14.5913890039475,0,14.5532960560242,0,"normal","un",1000,500,0.5,0,0,0,FALSE,0,FALSE,101,"leave-1",500,0.5,1e+05,TRUE,40
9.99999999999999,0,0,0,14.3072666465195,10.2925674126912,18.3219658803478,14.2955881932576,10.2688764504943,18.3222999360209,14.5913890039475,0,14.5833087766929,0,"normal","un",1000,500,0.5,0,0,0,FALSE,0,FALSE,101,"leave-1",500,0.5,1e+05,TRUE,40
9.99999999999999,0,0,0,14.3072666465195,10.2925674126912,18.3219658803478,14.5039596051487,10.4843695010686,18.5235497092288,14.5913890039475,0,14.9877225554221,0,"normal","un",1000,500,0.5,0,0,0,FALSE,0,FALSE,101,"leave-1",500,0.5,1e+05,TRUE,40
9.99999999999999,0,0,0,14.3072666465195,10.2925674126912,18.3219658803478,14.1425171644199,10.1256697585149,18.159364570325,14.5913890039475,0,14.4016041250256,0,"normal","un",1000,500,0.5,0,0,0,FALSE,0,FALSE,101,"leave-1",500,0.5,1e+05,TRUE,40
9.99999999999999,0,0,0,14.3072666465195,10.2925674126912,18.3219658803478,14.3298120663453,10.3016664186533,18.3579577140373,14.5913890039475,0,14.5717031613459,0,"normal","un",1000,500,0.5,0,0,0,FALSE,0,FALSE,101,"leave-1",500,0.5,1e+05,TRUE,40
9.99999999999999,0,0,0,14.3072666465195,10.2925674126912,18.3219658803478,14.3698020415008,10.3465197626822,18.3930843203194,14.5913890039475,0,14.6388004794268,0,"normal","un",1000,500,0.5,0,0,0,FALSE,0,FALSE,101,"leave-1",500,0.5,1e+05,TRUE,40
9.99999999999999,0,0,0,14.3072666465195,10.2925674126912,18.3219658803478,14.1241173584372,10.1186969158968,18.1295378009777,14.5913890039475,0,14.4014262930488,0,"normal","un",1000,500,0.5,0,0,0,FALSE,0,FALSE,101,"leave-1",500,0.5,1e+05,TRUE,40
9.99999999999999,0,0,0,14.3072666465195,10.2925674126912,18.3219658803478,14.3041441522121,10.2804316103399,18.3278566940843,14.5913890039475,0,14.5559882875708,0,"normal","un",1000,500,0.5,0,0,0,FALSE,0,FALSE,101,"leave-1",500,0.5,1e+05,TRUE,40
9.99999999999999,0,0,0,14.3072666465195,10.2925674126912,18.3219658803478,14.3672157331458,10.3387434587198,18.3956880075719,14.5913890039475,0,14.6307409243937,0,"normal","un",1000,500,0.5,0,0,0,FALSE,0,FALSE,101,"leave-1",500,0.5,1e+05,TRUE,40
9.99999999999999,0,0,0,14.3072666465195,10.2925674126912,18.3219658803478,14.3329911530755,10.3214622027584,18.3445201033925,14.5913890039475,0,14.6867969352745,0,"normal","un",1000,500,0.5,0,0,0,FALSE,0,FALSE,101,"leave-1",500,0.5,1e+05,TRUE,40
9.99999999999999,0,0,0,14.3072666465195,10.2925674126912,18.3219658803478,14.3640608685373,10.3391669340238,18.3889548030507,14.5913890039475,0,14.6155424789761,0,"normal","un",1000,500,0.5,0,0,0,FALSE,0,FALSE,101,"leave-1",500,0.5,1e+05,TRUE,40
9.99999999999999,0,0,0,14.3072666465195,10.2925674126912,18.3219658803478,14.2265265760058,10.2015843903736,18.2514687616379,14.5913890039475,0,14.4717487709005,0,"normal","un",1000,500,0.5,0,0,0,FALSE,0,FALSE,101,"leave-1",500,0.5,1e+05,TRUE,40
9.99999999999999,0,0,0,14.3072666465195,10.2925674126912,18.3219658803478,14.3544899713802,10.3264445445575,18.3825353982029,14.5913890039475,0,14.6232599107674,0,"normal","un",1000,500,0.5,0,0,0,FALSE,0,FALSE,101,"leave-1",500,0.5,1e+05,TRUE,40
9.99999999999999,0,0,0,14.3072666465195,10.2925674126912,18.3219658803478,14.2600130977121,10.2335904650003,18.2864357304239,14.5913890039475,0,14.4799704255337,0,"normal","un",1000,500,0.5,0,0,0,FALSE,0,FALSE,101,"leave-1",500,0.5,1e+05,TRUE,40
9.99999999999999,0,0,0,14.3072666465195,10.2925674126912,18.3219658803478,14.299969005215,10.2869780676823,18.3129599427477,14.5913890039475,0,14.5688563312285,0,"normal","un",1000,500,0.5,0,0,0,FALSE,0,FALSE,101,"leave-1",500,0.5,1e+05,TRUE,40
9.99999999999999,0,0,0,14.3072666465195,10.2925674126912,18.3219658803478,14.5110944388848,10.4921512555081,18.5300376222615,14.5913890039475,0,14.9475207152101,0,"normal","un",1000,500,0.5,0,0,0,FALSE,0,FALSE,101,"leave-1",500,0.5,1e+05,TRUE,40
9.99999999999999,0,0,0,14.3072666465195,10.2925674126912,18.3219658803478,14.4019139489792,10.3736976629167,18.4301302350418,14.5913890039475,0,14.6785570802373,0,"normal","un",1000,500,0.5,0,0,0,FALSE,0,FALSE,101,"leave-1",500,0.5,1e+05,TRUE,40
9.99999999999999,0,0,0,14.3072666465195,10.2925674126912,18.3219658803478,14.3079312052846,10.3085188445173,18.3073435660519,14.5913890039475,0,14.4538685901153,0,"normal","un",1000,500,0.5,0,0,0,FALSE,0,FALSE,101,"leave-1",500,0.5,1e+05,TRUE,40
9.99999999999999,0,0,0,14.3072666465195,10.2925674126912,18.3219658803478,14.1894548879813,10.169082083221,18.2098276927416,14.5913890039475,0,14.4477165663075,0,"normal","un",1000,500,0.5,0,0,0,FALSE,0,FALSE,101,"leave-1",500,0.5,1e+05,TRUE,40
9.99999999999999,0,0,0,14.3072666465195,10.2925674126912,18.3219658803478,14.2578566337095,10.2476593576088,18.2680539098102,14.5913890039475,0,14.5726058413838,0,"normal","un",1000,500,0.5,0,0,0,FALSE,0,FALSE,101,"leave-1",500,0.5,1e+05,TRUE,40
9.99999999999999,0,0,0,14.3072666465195,10.2925674126912,18.3219658803478,14.2600353573258,10.2354276672867,18.2846430473649,14.5913890039475,0,14.5597078903173,0,"normal","un",1000,500,0.5,0,0,0,FALSE,0,FALSE,101,"leave-1",500,0.5,1e+05,TRUE,40
9.99999999999999,0,0,0,14.3072666465195,10.2925674126912,18.3219658803478,14.28969192491,10.2693832663924,18.3100005834277,14.5913890039475,0,14.5423245022439,0,"normal","un",1000,500,0.5,0,0,0,FALSE,0,FALSE,101,"leave-1",500,0.5,1e+05,TRUE,40
9.99999999999999,0,0,0,14.3072666465195,10.2925674126912,18.3219658803478,13.7227967036048,9.72366694028337,17.7219264669262,14.5913890039475,0,13.9512332462203,0,"normal","un",1000,500,0.5,0,0,0,FALSE,0,FALSE,101,"leave-1",500,0.5,1e+05,TRUE,40
9.99999999999999,0,0,0,14.3072666465195,10.2925674126912,18.3219658803478,14.2194141834881,10.2026610614116,18.2361673055646,14.5913890039475,0,14.5162567813486,0,"normal","un",1000,500,0.5,0,0,0,FALSE,0,FALSE,101,"leave-1",500,0.5,1e+05,TRUE,40
9.99999999999999,0,0,0,14.3072666465195,10.2925674126912,18.3219658803478,14.3895198573369,10.3816336893447,18.3974060253292,14.5913890039475,0,14.7299044382106,0,"normal","un",1000,500,0.5,0,0,0,FALSE,0,FALSE,101,"leave-1",500,0.5,1e+05,TRUE,40
9.99999999999999,0,0,0,14.3072666465195,10.2925674126912,18.3219658803478,14.304850026168,10.2766383250191,18.333061727317,14.5913890039475,0,14.615031106312,0,"normal","un",1000,500,0.5,0,0,0,FALSE,0,FALSE,101,"leave-1",500,0.5,1e+05,TRUE,40
9.99999999999999,0,0,0,14.3072666465195,10.2925674126912,18.3219658803478,14.3221381590044,10.2931305535382,18.3511457644707,14.5913890039475,0,14.5860095618638,0,"normal","un",1000,500,0.5,0,0,0,FALSE,0,FALSE,101,"leave-1",500,0.5,1e+05,TRUE,40
9.99999999999999,0,0,0,14.3072666465195,10.2925674126912,18.3219658803478,14.2903040618683,10.2700661291637,18.310541994573,14.5913890039475,0,14.5412023834357,0,"normal","un",1000,500,0.5,0,0,0,FALSE,0,FALSE,101,"leave-1",500,0.5,1e+05,TRUE,40
9.99999999999999,0,0,0,14.3072666465195,10.2925674126912,18.3219658803478,14.0647971163796,10.0675409344215,18.0620532983376,14.5913890039475,0,14.2621164037012,0,"normal","un",1000,500,0.5,0,0,0,FALSE,0,FALSE,101,"leave-1",500,0.5,1e+05,TRUE,40
9.99999999999999,0,0,0,14.3072666465195,10.2925674126912,18.3219658803478,14.4126915040092,10.3989951026344,18.4263879053841,14.5913890039475,0,14.6693874490657,0,"normal","un",1000,500,0.5,0,0,0,FALSE,0,FALSE,101,"leave-1",500,0.5,1e+05,TRUE,40
9.99999999999999,0,0,0,14.3072666465195,10.2925674126912,18.3219658803478,14.3683878095235,10.3398951695799,18.3968804494671,14.5913890039475,0,14.5966815285846,0,"normal","un",1000,500,0.5,0,0,0,FALSE,0,FALSE,101,"leave-1",500,0.5,1e+05,TRUE,40
9.99999999999999,0,0,0,14.3072666465195,10.2925674126912,18.3219658803478,14.4177988982364,10.3967806593554,18.4388171371174,14.5913890039475,0,14.6801772061295,0,"normal","un",1000,500,0.5,0,0,0,FALSE,0,FALSE,101,"leave-1",500,0.5,1e+05,TRUE,40
9.99999999999999,0,0,0,14.3072666465195,10.2925674126912,18.3219658803478,14.3856152597273,10.3607006636763,18.4105298557783,14.5913890039475,0,14.7307203286873,0,"normal","un",1000,500,0.5,0,0,0,FALSE,0,FALSE,101,"leave-1",500,0.5,1e+05,TRUE,40
9.99999999999999,0,0,0,14.3072666465195,10.2925674126912,18.3219658803478,14.3057113294171,10.2773389903277,18.3340836685066,14.5913890039475,0,14.5911997684311,0,"normal","un",1000,500,0.5,0,0,0,FALSE,0,FALSE,101,"leave-1",500,0.5,1e+05,TRUE,40
9.99999999999999,0,0,0,14.3072666465195,10.2925674126912,18.3219658803478,14.2947344076515,10.2666057368478,18.3228630784552,14.5913890039475,0,14.5798639606077,0,"normal","un",1000,500,0.5,0,0,0,FALSE,0,FALSE,101,"leave-1",500,0.5,1e+05,TRUE,40
9.99999999999999,0,0,0,14.3072666465195,10.2925674126912,18.3219658803478,14.2308442636161,10.2061588409448,18.2555296862875,14.5913890039475,0,14.5179969015687,0,"normal","un",1000,500,0.5,0,0,0,FALSE,0,FALSE,101,"leave-1",500,0.5,1e+05,TRUE,40
9.99999999999999,0,0,0,14.3072666465195,10.2925674126912,18.3219658803478,14.3789389904266,10.3517295969401,18.4061483839132,14.5913890039475,0,14.5487304980629,0,"normal","un",1000,500,0.5,0,0,0,FALSE,0,FALSE,101,"leave-1",500,0.5,1e+05,TRUE,40
9.99999999999999,0,0,0,14.3072666465195,10.2925674126912,18.3219658803478,14.6091361535137,10.5802700011015,18.6380023059259,14.5913890039475,0,14.8202388168668,0,"normal","un",1000,500,0.5,0,0,0,FALSE,0,FALSE,101,"leave-1",500,0.5,1e+05,TRUE,40
9.99999999999999,0,0,0,14.3072666465195,10.2925674126912,18.3219658803478,14.3654647147113,10.3373734274801,18.3935560019424,14.5913890039475,0,14.611087508867,0,"normal","un",1000,500,0.5,0,0,0,FALSE,0,FALSE,101,"leave-1",500,0.5,1e+05,TRUE,40
9.99999999999999,0,0,0,14.3072666465195,10.2925674126912,18.3219658803478,14.3364272031388,10.3133916102558,18.3594627960218,14.5913890039475,0,14.6002975807702,0,"normal","un",1000,500,0.5,0,0,0,FALSE,0,FALSE,101,"leave-1",500,0.5,1e+05,TRUE,40
9.99999999999999,0,0,0,14.3072666465195,10.2925674126912,18.3219658803478,14.2344172969806,10.2221272561432,18.246707337818,14.5913890039475,0,14.5134295448699,0,"normal","un",1000,500,0.5,0,0,0,FALSE,0,FALSE,101,"leave-1",500,0.5,1e+05,TRUE,40
9.99999999999999,0,0,0,14.3072666465195,10.2925674126912,18.3219658803478,14.328976703916,10.3054214495988,18.3525319582332,14.5913890039475,0,14.6051041201307,0,"normal","un",1000,500,0.5,0,0,0,FALSE,0,FALSE,101,"leave-1",500,0.5,1e+05,TRUE,40
9.99999999999999,0,0,0,14.3072666465195,10.2925674126912,18.3219658803478,14.3293004211867,10.3018456882086,18.3567551541648,14.5913890039475,0,14.6157971094303,0,"normal","un",1000,500,0.5,0,0,0,FALSE,0,FALSE,101,"leave-1",500,0.5,1e+05,TRUE,40
9.99999999999999,0,0,0,14.3072666465195,10.2925674126912,18.3219658803478,14.3417509039594,10.3121144597144,18.3713873482044,14.5913890039475,0,14.6052247910468,0,"normal","un",1000,500,0.5,0,0,0,FALSE,0,FALSE,101,"leave-1",500,0.5,1e+05,TRUE,40
9.99999999999999,0,0,0,14.3072666465195,10.2925674126912,18.3219658803478,14.1387145105721,10.1227216715678,18.1547073495764,14.5913890039475,0,14.3524516334461,0,"normal","un",1000,500,0.5,0,0,0,FALSE,0,FALSE,101,"leave-1",500,0.5,1e+05,TRUE,40
9.99999999999999,0,0,0,14.3072666465195,10.2925674126912,18.3219658803478,14.7987871201117,10.7826736225185,18.814900617705,14.5913890039475,0,15.1048349968071,0,"normal","un",1000,500,0.5,0,0,0,FALSE,0,FALSE,101,"leave-1",500,0.5,1e+05,TRUE,40
9.99999999999999,0,0,0,14.3072666465195,10.2925674126912,18.3219658803478,14.5291496176183,10.5073247711483,18.5509744640882,14.5913890039475,0,14.8947375427077,0,"normal","un",1000,500,0.5,0,0,0,FALSE,0,FALSE,101,"leave-1",500,0.5,1e+05,TRUE,40
9.99999999999999,0,0,0,14.3072666465195,10.2925674126912,18.3219658803478,14.2134136983952,10.1943064576327,18.2325209391577,14.5913890039475,0,14.5130587508064,0,"normal","un",1000,500,0.5,0,0,0,FALSE,0,FALSE,101,"leave-1",500,0.5,1e+05,TRUE,40
9.99999999999999,0,0,0,14.3072666465195,10.2925674126912,18.3219658803478,14.4947140614703,10.4686851540362,18.5207429689043,14.5913890039475,0,14.8455201303473,0,"normal","un",1000,500,0.5,0,0,0,FALSE,0,FALSE,101,"leave-1",500,0.5,1e+05,TRUE,40
9.99999999999999,0,0,0,14.3072666465195,10.2925674126912,18.3219658803478,13.9890067809507,9.99062242510766,17.9873911367937,14.5913890039475,0,14.2344553682751,0,"normal","un",1000,500,0.5,0,0,0,FALSE,0,FALSE,101,"leave-1",500,0.5,1e+05,TRUE,40
9.99999999999999,0,0,0,14.3072666465195,10.2925674126912,18.3219658803478,14.2713684272504,10.246716621904,18.2960202325969,14.5913890039475,0,14.5303388161942,0,"normal","un",1000,500,0.5,0,0,0,FALSE,0,FALSE,101,"leave-1",500,0.5,1e+05,TRUE,40
9.99999999999999,0,0,0,14.3072666465195,10.2925674126912,18.3219658803478,14.2416286839257,10.2203714474733,18.2628859203782,14.5913890039475,0,14.4980622228878,0,"normal","un",1000,500,0.5,0,0,0,FALSE,0,FALSE,101,"leave-1",500,0.5,1e+05,TRUE,40
9.99999999999999,0,0,0,14.3072666465195,10.2925674126912,18.3219658803478,14.3823586199978,10.3554166707655,18.4093005692301,14.5913890039475,0,14.7192204254494,0,"normal","un",1000,500,0.5,0,0,0,FALSE,0,FALSE,101,"leave-1",500,0.5,1e+05,TRUE,40
9.99999999999999,0,0,0,14.3072666465195,10.2925674126912,18.3219658803478,14.3408799083318,10.3141344585082,18.3676253581554,14.5913890039475,0,14.6493145763869,0,"normal","un",1000,500,0.5,0,0,0,FALSE,0,FALSE,101,"leave-1",500,0.5,1e+05,TRUE,40
9.99999999999999,0,0,0,14.3072666465195,10.2925674126912,18.3219658803478,14.682596818394,10.6609087810039,18.7042848557841,14.5913890039475,0,15.3966160192797,0,"normal","un",1000,500,0.5,0,0,0,FALSE,0,FALSE,101,"leave-1",500,0.5,1e+05,TRUE,40
9.99999999999999,0,0,0,14.3072666465195,10.2925674126912,18.3219658803478,14.4347958948907,10.4322197120157,18.4373720777657,14.5913890039475,0,14.9131075923592,0,"normal","un",1000,500,0.5,0,0,0,FALSE,0,FALSE,101,"leave-1",500,0.5,1e+05,TRUE,40
9.99999999999999,0,0,0,14.3072666465195,10.2925674126912,18.3219658803478,14.1657802264651,10.1506104991202,18.1809499538101,14.5913890039475,0,14.4107516402679,0,"normal","un",1000,500,0.5,0,0,0,FALSE,0,FALSE,101,"leave-1",500,0.5,1e+05,TRUE,40
9.99999999999999,0,0,0,14.3072666465195,10.2925674126912,18.3219658803478,14.3922372166304,10.3630282665232,18.4214461667376,14.5913890039475,0,14.7457371545834,0,"normal","un",1000,500,0.5,0,0,0,FALSE,0,FALSE,101,"leave-1",500,0.5,1e+05,TRUE,40
9.99999999999999,0,0,0,14.3072666465195,10.2925674126912,18.3219658803478,14.4511145050631,10.4249083828996,18.4773206272265,14.5913890039475,0,14.8445676162508,0,"normal","un",1000,500,0.5,0,0,0,FALSE,0,FALSE,101,"leave-1",500,0.5,1e+05,TRUE,40
9.99999999999999,0,0,0,14.3072666465195,10.2925674126912,18.3219658803478,14.4569196775138,10.4287312487654,18.4851081062622,14.5913890039475,0,14.726489023745,0,"normal","un",1000,500,0.5,0,0,0,FALSE,0,FALSE,101,"leave-1",500,0.5,1e+05,TRUE,40
9.99999999999999,0,0,0,14.3072666465195,10.2925674126912,18.3219658803478,14.3169432584551,10.2898948693235,18.3439916475867,14.5913890039475,0,14.5505651203843,0,"normal","un",1000,500,0.5,0,0,0,FALSE,0,FALSE,101,"leave-1",500,0.5,1e+05,TRUE,40
9.99999999999999,0,0,0,14.3072666465195,10.2925674126912,18.3219658803478,14.3933318490563,10.3767558128851,18.4099078852276,14.5913890039475,0,14.6773808562736,0,"normal","un",1000,500,0.5,0,0,0,FALSE,0,FALSE,101,"leave-1",500,0.5,1e+05,TRUE,40
9.99999999999999,0,0,0,14.3072666465195,10.2925674126912,18.3219658803478,14.4181758000515,10.4027493739157,18.4336022261873,14.5913890039475,0,14.7857710222126,0,"normal","un",1000,500,0.5,0,0,0,FALSE,0,FALSE,101,"leave-1",500,0.5,1e+05,TRUE,40
9.99999999999999,0,0,0,14.3072666465195,10.2925674126912,18.3219658803478,14.3752536033874,10.3458978597536,18.4046093470211,14.5913890039475,0,14.6891100505826,0,"normal","un",1000,500,0.5,0,0,0,FALSE,0,FALSE,101,"leave-1",500,0.5,1e+05,TRUE,40
9.99999999999999,0,0,0,14.3072666465195,10.2925674126912,18.3219658803478,14.3421831478151,10.3189771705822,18.3653891250481,14.5913890039475,0,14.5935399575887,0,"normal","un",1000,500,0.5,0,0,0,FALSE,0,FALSE,101,"leave-1",500,0.5,1e+05,TRUE,40
9.99999999999999,0,0,0,14.3072666465195,10.2925674126912,18.3219658803478,14.3701198693033,10.3457247779065,18.3945149607002,14.5913890039475,0,14.9702805948379,0,"normal","un",1000,500,0.5,0,0,0,FALSE,0,FALSE,101,"leave-1",500,0.5,1e+05,TRUE,40
9.99999999999999,0,0,0,14.3072666465195,10.2925674126912,18.3219658803478,14.3386265221804,10.3171814111665,18.3600716331943,14.5913890039475,0,14.6389926557336,0,"normal","un",1000,500,0.5,0,0,0,FALSE,0,FALSE,101,"leave-1",500,0.5,1e+05,TRUE,40
9.99999999999999,0,0,0,14.3072666465195,10.2925674126912,18.3219658803478,14.3574703929403,10.3488853462153,18.3660554396652,14.5913890039475,0,14.564943333443,0,"normal","un",1000,500,0.5,0,0,0,FALSE,0,FALSE,101,"leave-1",500,0.5,1e+05,TRUE,40
9.99999999999999,0,0,0,14.3072666465195,10.2925674126912,18.3219658803478,14.1098355146583,10.0854043758559,18.1342666534607,14.5913890039475,0,14.2920299374092,0,"normal","un",1000,500,0.5,0,0,0,FALSE,0,FALSE,101,"leave-1",500,0.5,1e+05,TRUE,40
9.99999999999999,0,0,0,14.3072666465195,10.2925674126912,18.3219658803478,14.2414307539609,10.2294705354735,18.2533909724483,14.5913890039475,0,14.4780435931535,0,"normal","un",1000,500,0.5,0,0,0,FALSE,0,FALSE,101,"leave-1",500,0.5,1e+05,TRUE,40
9.99999999999999,0,0,0,14.3072666465195,10.2925674126912,18.3219658803478,14.3356341034916,10.310260255946,18.3610079510371,14.5913890039475,0,14.5624479171385,0,"normal","un",1000,500,0.5,0,0,0,FALSE,0,FALSE,101,"leave-1",500,0.5,1e+05,TRUE,40
9.99999999999999,0,0,0,14.3072666465195,10.2925674126912,18.3219658803478,14.2640549738452,10.242952442092,18.2851575055984,14.5913890039475,0,14.4971852702697,0,"normal","un",1000,500,0.5,0,0,0,FALSE,0,FALSE,101,"leave-1",500,0.5,1e+05,TRUE,40
9.99999999999999,0,0,0,14.3072666465195,10.2925674126912,18.3219658803478,14.3452549801455,10.3191604142783,18.3713495460126,14.5913890039475,0,14.6160244894312,0,"normal","un",1000,500,0.5,0,0,0,FALSE,0,FALSE,101,"leave-1",500,0.5,1e+05,TRUE,40
9.99999999999999,0,0,0,14.3072666465195,10.2925674126912,18.3219658803478,14.2298339541032,10.2139340979369,18.2457338102695,14.5913890039475,0,14.5050989910604,0,"normal","un",1000,500,0.5,0,0,0,FALSE,0,FALSE,101,"leave-1",500,0.5,1e+05,TRUE,40
9.99999999999999,0,0,0,14.3072666465195,10.2925674126912,18.3219658803478,14.3597517030167,10.333720577467,18.3857828285665,14.5913890039475,0,14.6480857827431,0,"normal","un",1000,500,0.5,0,0,0,FALSE,0,FALSE,101,"leave-1",500,0.5,1e+05,TRUE,40
9.99999999999999,0,0,0,14.3072666465195,10.2925674126912,18.3219658803478,14.4795005413236,10.4598714095003,18.499129673147,14.5913890039475,0,14.9952869973423,0,"normal","un",1000,500,0.5,0,0,0,FALSE,0,FALSE,101,"leave-1",500,0.5,1e+05,TRUE,40
9.99999999999999,0,0,0,14.3072666465195,10.2925674126912,18.3219658803478,14.3710155373671,10.3430206692411,18.399010405493,14.5913890039475,0,14.6268611436409,0,"normal","un",1000,500,0.5,0,0,0,FALSE,0,FALSE,101,"leave-1",500,0.5,1e+05,TRUE,40
9.99999999999999,0,0,0,14.3072666465195,10.2925674126912,18.3219658803478,14.4873352498231,10.4779048378021,18.4967656618442,14.5913890039475,0,14.5267161325721,0,"normal","un",1000,500,0.5,0,0,0,FALSE,0,FALSE,101,"leave-1",500,0.5,1e+05,TRUE,40
9.99999999999999,0,0,0,14.3072666465195,10.2925674126912,18.3219658803478,14.4805188757483,10.4517326566135,18.5093050948831,14.5913890039475,0,14.8940551704326,0,"normal","un",1000,500,0.5,0,0,0,FALSE,0,FALSE,101,"leave-1",500,0.5,1e+05,TRUE,40
9.99999999999999,0,0,0,14.3072666465195,10.2925674126912,18.3219658803478,13.9712006053044,9.95682156040965,17.9855796501991,14.5913890039475,0,14.2868807338611,0,"normal","un",1000,500,0.5,0,0,0,FALSE,0,FALSE,101,"leave-1",500,0.5,1e+05,TRUE,40
9.99999999999999,0,0,0,14.3072666465195,10.2925674126912,18.3219658803478,13.431907924154,9.43121861596737,17.4325972323407,14.5913890039475,0,13.770547748405,0,"normal","un",1000,500,0.5,0,0,0,FALSE,0,FALSE,101,"leave-1",500,0.5,1e+05,TRUE,40
9.99999999999999,0,0,0,14.3072666465195,10.2925674126912,18.3219658803478,14.2755713699072,10.2611173307299,18.2900254090846,14.5913890039475,0,14.5241353388863,0,"normal","un",1000,500,0.5,0,0,0,FALSE,0,FALSE,101,"leave-1",500,0.5,1e+05,TRUE,40
9.99999999999999,0,0,0,14.3072666465195,10.2925674126912,18.3219658803478,14.2539423459324,10.2424390750741,18.2654456167906,14.5913890039475,0,14.4978728173151,0,"normal","un",1000,500,0.5,0,0,0,FALSE,0,FALSE,101,"leave-1",500,0.5,1e+05,TRUE,40
9.99999999999999,0,0,0,14.3072666465195,10.2925674126912,18.3219658803478,14.338616170966,10.3091323455864,18.3680999963457,14.5913890039475,0,14.5978115818838,0,"normal","un",1000,500,0.5,0,0,0,FALSE,0,FALSE,101,"leave-1",500,0.5,1e+05,TRUE,40
9.99999999999999,0,0,0,14.3072666465195,10.2925674126912,18.3219658803478,14.2039288397837,10.1765498666868,18.2313078128807,14.5913890039475,0,14.4829575284357,0,"normal","un",1000,500,0.5,0,0,0,FALSE,0,FALSE,101,"leave-1",500,0.5,1e+05,TRUE,40
9.99999999999999,0,0,0,14.3072666465195,10.2925674126912,18.3219658803478,14.2624832620686,10.2341658157833,18.290800708354,14.5913890039475,0,14.5308971415813,0,"normal","un",1000,500,0.5,0,0,0,FALSE,0,FALSE,101,"leave-1",500,0.5,1e+05,TRUE,40
9.99999999999999,0,0,0,14.3072666465195,10.2925674126912,18.3219658803478,14.5649147712664,10.5409084591538,18.5889210833791,14.5913890039475,0,14.9468986436046,0,"normal","un",1000,500,0.5,0,0,0,FALSE,0,FALSE,101,"leave-1",500,0.5,1e+05,TRUE,40
9.99999999999999,0,0,0,14.3072666465195,10.2925674126912,18.3219658803478,14.397486831655,10.372813534739,18.4221601285709,14.5913890039475,0,14.6689776136371,0,"normal","un",1000,500,0.5,0,0,0,FALSE,0,FALSE,101,"leave-1",500,0.5,1e+05,TRUE,40
9.99999999999999,0,0,0,14.3072666465195,10.2925674126912,18.3219658803478,14.3249448410692,10.2960424271677,18.3538472549707,14.5913890039475,0,14.5839992297347,0,"normal","un",1000,500,0.5,0,0,0,FALSE,0,FALSE,101,"leave-1",500,0.5,1e+05,TRUE,40
9.99999999999999,0,0,0,14.3072666465195,10.2925674126912,18.3219658803478,14.3334550302023,10.3037041348229,18.3632059255817,14.5913890039475,0,14.5746985319045,0,"normal","un",1000,500,0.5,0,0,0,FALSE,0,FALSE,101,"leave-1",500,0.5,1e+05,TRUE,40
9.99999999999999,0,0,0,14.3072666465195,10.2925674126912,18.3219658803478,14.3406932702887,10.3167907498858,18.3645957906916,14.5913890039475,0,14.6202455236022,0,"normal","un",1000,500,0.5,0,0,0,FALSE,0,FALSE,101,"leave-1",500,0.5,1e+05,TRUE,40
9.99999999999999,0,0,0,14.3072666465195,10.2925674126912,18.3219658803478,14.4316656095629,10.4046574123489,18.458673806777,14.5913890039475,0,14.7276080567996,0,"normal","un",1000,500,0.5,0,0,0,FALSE,0,FALSE,101,"leave-1",500,0.5,1e+05,TRUE,40
9.99999999999999,0,0,0,14.3072666465195,10.2925674126912,18.3219658803478,14.5754252652204,10.5556835496973,18.5951669807435,14.5913890039475,0,14.8132711508785,0,"normal","un",1000,500,0.5,0,0,0,FALSE,0,FALSE,101,"leave-1",500,0.5,1e+05,TRUE,40
9.99999999999999,0,0,0,14.3072666465195,10.2925674126912,18.3219658803478,14.3748605046924,10.3455138396998,18.4042071696851,14.5913890039475,0,14.7223800945415,0,"normal","un",1000,500,0.5,0,0,0,FALSE,0,FALSE,101,"leave-1",500,0.5,1e+05,TRUE,40
9.99999999999999,0,0,0,14.3072666465195,10.2925674126912,18.3219658803478,14.3427398559207,10.3245818196871,18.3608978921543,14.5913890039475,0,14.6406862984017,0,"normal","un",1000,500,0.5,0,0,0,FALSE,0,FALSE,101,"leave-1",500,0.5,1e+05,TRUE,40
9.99999999999999,0,0,0,14.3072666465195,10.2925674126912,18.3219658803478,14.3283647433623,10.3052156789456,18.3515138077791,14.5913890039475,0,14.6849811211602,0,"normal","un",1000,500,0.5,0,0,0,FALSE,0,FALSE,101,"leave-1",500,0.5,1e+05,TRUE,40
9.99999999999999,0,0,0,14.3072666465195,10.2925674126912,18.3219658803478,14.4956362011881,10.4842409058537,18.5070314965226,14.5913890039475,0,14.7871639295294,0,"normal","un",1000,500,0.5,0,0,0,FALSE,0,FALSE,101,"leave-1",500,0.5,1e+05,TRUE,40
9.99999999999999,0,0,0,14.3072666465195,10.2925674126912,18.3219658803478,14.4195903876011,10.4061289558315,18.4330518193707,14.5913890039475,0,14.8291363965254,0,"normal","un",1000,500,0.5,0,0,0,FALSE,0,FALSE,101,"leave-1",500,0.5,1e+05,TRUE,40
9.99999999999999,0,0,0,14.3072666465195,10.2925674126912,18.3219658803478,14.408090922744,10.3801150098146,18.4360668356734,14.5913890039475,0,14.6688139645603,0,"normal","un",1000,500,0.5,0,0,0,FALSE,0,FALSE,101,"leave-1",500,0.5,1e+05,TRUE,40
9.99999999999999,0,0,0,14.3072666465195,10.2925674126912,18.3219658803478,14.3350314373488,10.3066854892543,18.3633773854433,14.5913890039475,0,14.6251115545577,0,"normal","un",1000,500,0.5,0,0,0,FALSE,0,FALSE,101,"leave-1",500,0.5,1e+05,TRUE,40
9.99999999999999,0,0,0,14.3072666465195,10.2925674126912,18.3219658803478,14.2050796306693,10.1778588949419,18.2323003663967,14.5913890039475,0,14.391931408888,0,"normal","un",1000,500,0.5,0,0,0,FALSE,0,FALSE,101,"leave-1",500,0.5,1e+05,TRUE,40
9.99999999999999,0,0,0,14.3072666465195,10.2925674126912,18.3219658803478,13.6490503164967,9.66518742571571,17.6329132072777,14.5913890039475,0,13.9534100842839,0,"normal","un",1000,500,0.5,0,0,0,FALSE,0,FALSE,101,"leave-1",500,0.5,1e+05,TRUE,40
9.99999999999999,0,0,0,14.3072666465195,10.2925674126912,18.3219658803478,14.2704026681273,10.2441248713043,18.2966804649502,14.5913890039475,0,14.5450081346712,0,"normal","un",1000,500,0.5,0,0,0,FALSE,0,FALSE,101,"leave-1",500,0.5,1e+05,TRUE,40
9.99999999999999,0,0,0,14.3072666465195,10.2925674126912,18.3219658803478,14.3103081618897,10.2827546937154,18.337861630064,14.5913890039475,0,14.585688056086,0,"normal","un",1000,500,0.5,0,0,0,FALSE,0,FALSE,101,"leave-1",500,0.5,1e+05,TRUE,40
9.99999999999999,0,0,0,14.3072666465195,10.2925674126912,18.3219658803478,14.4496566687182,10.428185103265,18.4711282341715,14.5913890039475,0,14.72652624944,0,"normal","un",1000,500,0.5,0,0,0,FALSE,0,FALSE,101,"leave-1",500,0.5,1e+05,TRUE,40
9.99999999999999,0,0,0,14.3072666465195,10.2925674126912,18.3219658803478,14.1573073674512,10.1309503965177,18.1836643383847,14.5913890039475,0,14.4410222799509,0,"normal","un",1000,500,0.5,0,0,0,FALSE,0,FALSE,101,"leave-1",500,0.5,1e+05,TRUE,40
9.99999999999999,0,0,0,14.3072666465195,10.2925674126912,18.3219658803478,14.2844526220789,10.256205134502,18.3127001096559,14.5913890039475,0,14.5132900119437,0,"normal","un",1000,500,0.5,0,0,0,FALSE,0,FALSE,101,"leave-1",500,0.5,1e+05,TRUE,40
9.99999999999999,0,0,0,14.3072666465195,10.2925674126912,18.3219658803478,14.2651781827624,10.2390800133019,18.2912763522229,14.5913890039475,0,14.5111435906795,0,"normal","un",1000,500,0.5,0,0,0,FALSE,0,FALSE,101,"leave-1",500,0.5,1e+05,TRUE,40
9.99999999999999,0,0,0,14.3072666465195,10.2925674126912,18.3219658803478,14.4163368486695,10.3894920417243,18.4431816556146,14.5913890039475,0,14.6821257315317,0,"normal","un",1000,500,0.5,0,0,0,FALSE,0,FALSE,101,"leave-1",500,0.5,1e+05,TRUE,40
9.99999999999999,0,0,0,14.3072666465195,10.2925674126912,18.3219658803478,14.3427305389737,10.3341024540485,18.3513586238989,14.5913890039475,0,14.7209102141278,0,"normal","un",1000,500,0.5,0,0,0,FALSE,0,FALSE,101,"leave-1",500,0.5,1e+05,TRUE,40
9.99999999999999,0,0,0,14.3072666465195,10.2925674126912,18.3219658803478,14.2976195764425,10.275040277248,18.320198875637,14.5913890039475,0,14.546051427131,0,"normal","un",1000,500,0.5,0,0,0,FALSE,0,FALSE,101,"leave-1",500,0.5,1e+05,TRUE,40
9.99999999999999,0,0,0,14.3072666465195,10.2925674126912,18.3219658803478,14.3376870413521,10.3098015433109,18.3655725393932,14.5913890039475,0,14.596779498058,0,"normal","un",1000,500,0.5,0,0,0,FALSE,0,FALSE,101,"leave-1",500,0.5,1e+05,TRUE,40
9.99999999999999,0,0,0,14.3072666465195,10.2925674126912,18.3219658803478,14.2980683427081,10.2981900678355,18.2979466175808,14.5913890039475,0,14.5028552548765,0,"normal","un",1000,500,0.5,0,0,0,FALSE,0,FALSE,101,"leave-1",500,0.5,1e+05,TRUE,40
9.99999999999999,0,0,0,14.3072666465195,10.2925674126912,18.3219658803478,14.3115164293733,10.2888078961159,18.3342249626307,14.5913890039475,0,14.6031477474087,0,"normal","un",1000,500,0.5,0,0,0,FALSE,0,FALSE,101,"leave-1",500,0.5,1e+05,TRUE,40
9.99999999999999,0,0,0,14.3072666465195,10.2925674126912,18.3219658803478,14.3300206253943,10.3028929412471,18.3571483095414,14.5913890039475,0,14.5950493213163,0,"normal","un",1000,500,0.5,0,0,0,FALSE,0,FALSE,101,"leave-1",500,0.5,1e+05,TRUE,40
9.99999999999999,0,0,0,14.3072666465195,10.2925674126912,18.3219658803478,13.6260842825672,9.6467204315926,17.6054481335419,14.5913890039475,0,13.9141054480887,0,"normal","un",1000,500,0.5,0,0,0,FALSE,0,FALSE,101,"leave-1",500,0.5,1e+05,TRUE,40
9.99999999999999,0,0,0,14.3072666465195,10.2925674126912,18.3219658803478,14.1884488906481,10.164730829424,18.2121669518722,14.5913890039475,0,14.3997300223497,0,"normal","un",1000,500,0.5,0,0,0,FALSE,0,FALSE,101,"leave-1",500,0.5,1e+05,TRUE,40
9.99999999999999,0,0,0,14.3072666465195,10.2925674126912,18.3219658803478,14.3674217804222,10.3387771813404,18.396066379504,14.5913890039475,0,14.6028989100518,0,"normal","un",1000,500,0.5,0,0,0,FALSE,0,FALSE,101,"leave-1",500,0.5,1e+05,TRUE,40
9.99999999999999,0,0,0,14.3072666465195,10.2925674126912,18.3219658803478,14.3095249762347,10.3046780039344,18.3143719485351,14.5913890039475,0,14.5449392788409,0,"normal","un",1000,500,0.5,0,0,0,FALSE,0,FALSE,101,"leave-1",500,0.5,1e+05,TRUE,40
9.99999999999999,0,0,0,14.3072666465195,10.2925674126912,18.3219658803478,14.2912482557367,10.2850563739138,18.2974401375597,14.5913890039475,0,14.6090428897567,0,"normal","un",1000,500,0.5,0,0,0,FALSE,0,FALSE,101,"leave-1",500,0.5,1e+05,TRUE,40
9.99999999999999,0,0,0,14.3072666465195,10.2925674126912,18.3219658803478,14.0024445927743,9.97797681575037,18.0269123697982,14.5913890039475,0,14.3655719657592,0,"normal","un",1000,500,0.5,0,0,0,FALSE,0,FALSE,101,"leave-1",500,0.5,1e+05,TRUE,40
9.99999999999999,0,0,0,14.3072666465195,10.2925674126912,18.3219658803478,14.1745045312004,10.1478300602306,18.2011790021702,14.5913890039475,0,14.4885544468262,0,"normal","un",1000,500,0.5,0,0,0,FALSE,0,FALSE,101,"leave-1",500,0.5,1e+05,TRUE,40
9.99999999999999,0,0,0,14.3072666465195,10.2925674126912,18.3219658803478,14.3822778265955,10.3632514489107,18.4013042042803,14.5913890039475,0,14.7147695198857,0,"normal","un",1000,500,0.5,0,0,0,FALSE,0,FALSE,101,"leave-1",500,0.5,1e+05,TRUE,40
9.99999999999999,0,0,0,14.3072666465195,10.2925674126912,18.3219658803478,14.1453773512762,10.1279802850628,18.1627744174896,14.5913890039475,0,14.4163382285238,0,"normal","un",1000,500,0.5,0,0,0,FALSE,0,FALSE,101,"leave-1",500,0.5,1e+05,TRUE,40
9.99999999999999,0,0,0,14.3072666465195,10.2925674126912,18.3219658803478,14.3801016217779,10.361376146481,18.3988270970747,14.5913890039475,0,14.7820194179474,0,"normal","un",1000,500,0.5,0,0,0,FALSE,0,FALSE,101,"leave-1",500,0.5,1e+05,TRUE,40
9.99999999999999,0,0,0,14.3072666465195,10.2925674126912,18.3219658803478,14.3169188295195,10.294144097496,18.339693561543,14.5913890039475,0,14.5831773333709,0,"normal","un",1000,500,0.5,0,0,0,FALSE,0,FALSE,101,"leave-1",500,0.5,1e+05,TRUE,40
9.99999999999999,0,0,0,14.3072666465195,10.2925674126912,18.3219658803478,14.3945506082135,10.3734925994238,18.4156086170033,14.5913890039475,0,14.6623751626152,0,"normal","un",1000,500,0.5,0,0,0,FALSE,0,FALSE,101,"leave-1",500,0.5,1e+05,TRUE,40
9.99999999999999,0,0,0,14.3072666465195,10.2925674126912,18.3219658803478,14.1673572939164,10.1606352174182,18.1740793704146,14.5913890039475,0,14.5220724295912,0,"normal","un",1000,500,0.5,0,0,0,FALSE,0,FALSE,101,"leave-1",500,0.5,1e+05,TRUE,40
9.99999999999999,0,0,0,14.3072666465195,10.2925674126912,18.3219658803478,14.3933694803984,10.3671863727746,18.4195525880221,14.5913890039475,0,14.6102730970538,0,"normal","un",1000,500,0.5,0,0,0,FALSE,0,FALSE,101,"leave-1",500,0.5,1e+05,TRUE,40
9.99999999999999,0,0,0,14.3072666465195,10.2925674126912,18.3219658803478,14.3355348280759,10.313547953774,18.3575217023778,14.5913890039475,0,14.4773707190298,0,"normal","un",1000,500,0.5,0,0,0,FALSE,0,FALSE,101,"leave-1",500,0.5,1e+05,TRUE,40
9.99999999999999,0,0,0,14.3072666465195,10.2925674126912,18.3219658803478,14.3265207401116,10.3108282748138,18.3422132054094,14.5913890039475,0,14.5835076315749,0,"normal","un",1000,500,0.5,0,0,0,FALSE,0,FALSE,101,"leave-1",500,0.5,1e+05,TRUE,40
9.99999999999999,0,0,0,14.3072666465195,10.2925674126912,18.3219658803478,14.3011663998974,10.2760387167445,18.3262940830503,14.5913890039475,0,14.5805703314942,0,"normal","un",1000,500,0.5,0,0,0,FALSE,0,FALSE,101,"leave-1",500,0.5,1e+05,TRUE,40
9.99999999999999,0,0,0,14.3072666465195,10.2925674126912,18.3219658803478,14.3197274807964,10.2928118626084,18.3466430989843,14.5913890039475,0,14.5878449418874,0,"normal","un",1000,500,0.5,0,0,0,FALSE,0,FALSE,101,"leave-1",500,0.5,1e+05,TRUE,40
9.99999999999999,0,0,0,14.3072666465195,10.2925674126912,18.3219658803478,14.3526821016046,10.3265115342557,18.3788526689535,14.5913890039475,0,14.7123795396192,0,"normal","un",1000,500,0.5,0,0,0,FALSE,0,FALSE,101,"leave-1",500,0.5,1e+05,TRUE,40
9.99999999999999,0,0,0,14.3072666465195,10.2925674126912,18.3219658803478,13.976385264777,10.0057380056984,17.9470325238555,14.5913890039475,0,14.2698275871755,0,"normal","un",1000,500,0.5,0,0,0,FALSE,0,FALSE,101,"leave-1",500,0.5,1e+05,TRUE,40
9.99999999999999,0,0,0,14.3072666465195,10.2925674126912,18.3219658803478,14.3162948243489,10.2894027951525,18.3431868535452,14.5913890039475,0,14.6036697659132,0,"normal","un",1000,500,0.5,0,0,0,FALSE,0,FALSE,101,"leave-1",500,0.5,1e+05,TRUE,40
9.99999999999999,0,0,0,14.3072666465195,10.2925674126912,18.3219658803478,14.1142642065466,10.0903611365343,18.138167276559,14.5913890039475,0,14.4260525687404,0,"normal","un",1000,500,0.5,0,0,0,FALSE,0,FALSE,101,"leave-1",500,0.5,1e+05,TRUE,40
9.99999999999999,0,0,0,14.3072666465195,10.2925674126912,18.3219658803478,14.2368246611582,10.2206890556517,18.2529602666646,14.5913890039475,0,14.4811922883296,0,"normal","un",1000,500,0.5,0,0,0,FALSE,0,FALSE,101,"leave-1",500,0.5,1e+05,TRUE,40
9.99999999999999,0,0,0,14.3072666465195,10.2925674126912,18.3219658803478,14.3366719889908,10.311145269725,18.3621987082566,14.5913890039475,0,14.6182710946067,0,"normal","un",1000,500,0.5,0,0,0,FALSE,0,FALSE,101,"leave-1",500,0.5,1e+05,TRUE,40
9.99999999999999,0,0,0,14.3072666465195,10.2925674126912,18.3219658803478,14.3473055555154,10.3229583136619,18.371652797369,14.5913890039475,0,14.5324906639086,0,"normal","un",1000,500,0.5,0,0,0,FALSE,0,FALSE,101,"leave-1",500,0.5,1e+05,TRUE,40
9.99999999999999,0,0,0,14.3072666465195,10.2925674126912,18.3219658803478,14.4202944174118,10.4134606954167,18.4271281394068,14.5913890039475,0,14.6114865643861,0,"normal","un",1000,500,0.5,0,0,0,FALSE,0,FALSE,101,"leave-1",500,0.5,1e+05,TRUE,40
9.99999999999999,0,0,0,14.3072666465195,10.2925674126912,18.3219658803478,14.3231013271397,10.3003854521699,18.3458172021095,14.5913890039475,0,14.5740899269188,0,"normal","un",1000,500,0.5,0,0,0,FALSE,0,FALSE,101,"leave-1",500,0.5,1e+05,TRUE,40
9.99999999999999,0,0,0,14.3072666465195,10.2925674126912,18.3219658803478,14.2233140485496,10.2007296947142,18.245898402385,14.5913890039475,0,14.5109543459795,0,"normal","un",1000,500,0.5,0,0,0,FALSE,0,FALSE,101,"leave-1",500,0.5,1e+05,TRUE,40
9.99999999999999,0,0,0,14.3072666465195,10.2925674126912,18.3219658803478,14.5639542648356,10.5896851964413,18.5382233332299,14.5913890039475,0,14.8126254984911,0,"normal","un",1000,500,0.5,0,0,0,FALSE,0,FALSE,101,"leave-1",500,0.5,1e+05,TRUE,40
9.99999999999999,0,0,0,14.3072666465195,10.2925674126912,18.3219658803478,14.2940490999706,10.266354295672,18.3217439042692,14.5913890039475,0,14.5738857035615,0,"normal","un",1000,500,0.5,0,0,0,FALSE,0,FALSE,101,"leave-1",500,0.5,1e+05,TRUE,40
9.99999999999999,0,0,0,14.3072666465195,10.2925674126912,18.3219658803478,14.051944952131,10.0646599010229,18.0392300032391,14.5913890039475,0,14.3898530561076,0,"normal","un",1000,500,0.5,0,0,0,FALSE,0,FALSE,101,"leave-1",500,0.5,1e+05,TRUE,40
9.99999999999999,0,0,0,14.3072666465195,10.2925674126912,18.3219658803478,14.4646960703509,10.4415814687286,18.4878106719732,14.5913890039475,0,14.8371624813387,0,"normal","un",1000,500,0.5,0,0,0,FALSE,0,FALSE,101,"leave-1",500,0.5,1e+05,TRUE,40
9.99999999999999,0,0,0,14.3072666465195,10.2925674126912,18.3219658803478,14.1857522304189,10.1637214990472,18.2077829617907,14.5913890039475,0,14.4324340453643,0,"normal","un",1000,500,0.5,0,0,0,FALSE,0,FALSE,101,"leave-1",500,0.5,1e+05,TRUE,40
9.99999999999999,0,0,0,14.3072666465195,10.2925674126912,18.3219658803478,14.00434972079,9.99168121624156,18.0170182253385,14.5913890039475,0,14.3011817384327,0,"normal","un",1000,500,0.5,0,0,0,FALSE,0,FALSE,101,"leave-1",500,0.5,1e+05,TRUE,40
9.99999999999999,0,0,0,14.3072666465195,10.2925674126912,18.3219658803478,14.0823398030437,10.0697377454026,18.0949418606847,14.5913890039475,0,14.2214939927676,0,"normal","un",1000,500,0.5,0,0,0,FALSE,0,FALSE,101,"leave-1",500,0.5,1e+05,TRUE,40
9.99999999999999,0,0,0,14.3072666465195,10.2925674126912,18.3219658803478,14.4274668917896,10.4068320121019,18.4481017714774,14.5913890039475,0,14.6111169105496,0,"normal","un",1000,500,0.5,0,0,0,FALSE,0,FALSE,101,"leave-1",500,0.5,1e+05,TRUE,40
9.99999999999999,0,0,0,14.3072666465195,10.2925674126912,18.3219658803478,14.329752153988,10.3036082804024,18.3558960275737,14.5913890039475,0,14.5622388374251,0,"normal","un",1000,500,0.5,0,0,0,FALSE,0,FALSE,101,"leave-1",500,0.5,1e+05,TRUE,40
9.99999999999999,0,0,0,14.3072666465195,10.2925674126912,18.3219658803478,14.3537180202789,10.3293484857565,18.3780875548013,14.5913890039475,0,14.5780292573239,0,"normal","un",1000,500,0.5,0,0,0,FALSE,0,FALSE,101,"leave-1",500,0.5,1e+05,TRUE,40
9.99999999999999,0,0,0,14.3072666465195,10.2925674126912,18.3219658803478,14.3554373122616,10.3273383595896,18.3835362649336,14.5913890039475,0,14.6484351031825,0,"normal","un",1000,500,0.5,0,0,0,FALSE,0,FALSE,101,"leave-1",500,0.5,1e+05,TRUE,40
9.99999999999999,0,0,0,14.3072666465195,10.2925674126912,18.3219658803478,14.3103320534196,10.2976178060079,18.3230463008314,14.5913890039475,0,14.444606057343,0,"normal","un",1000,500,0.5,0,0,0,FALSE,0,FALSE,101,"leave-1",500,0.5,1e+05,TRUE,40
9.99999999999999,0,0,0,14.3072666465195,10.2925674126912,18.3219658803478,14.5795114302777,10.5568292312881,18.6021936292674,14.5913890039475,0,14.9302494179781,0,"normal","un",1000,500,0.5,0,0,0,FALSE,0,FALSE,101,"leave-1",500,0.5,1e+05,TRUE,40
9.99999999999999,0,0,0,14.3072666465195,10.2925674126912,18.3219658803478,14.2814315842811,10.2542283124666,18.3086348560956,14.5913890039475,0,14.5625850576527,0,"normal","un",1000,500,0.5,0,0,0,FALSE,0,FALSE,101,"leave-1",500,0.5,1e+05,TRUE,40
9.99999999999999,0,0,0,14.3072666465195,10.2925674126912,18.3219658803478,14.3001719395941,10.2807677614273,18.3195761177608,14.5913890039475,0,14.5343247624594,0,"normal","un",1000,500,0.5,0,0,0,FALSE,0,FALSE,101,"leave-1",500,0.5,1e+05,TRUE,40
9.99999999999999,0,0,0,14.3072666465195,10.2925674126912,18.3219658803478,14.285280127536,10.2638237418677,18.3067365132043,14.5913890039475,0,14.5502563605231,0,"normal","un",1000,500,0.5,0,0,0,FALSE,0,FALSE,101,"leave-1",500,0.5,1e+05,TRUE,40
9.99999999999999,0,0,0,14.3072666465195,10.2925674126912,18.3219658803478,14.2914272482704,10.2676963555324,18.3151581410085,14.5913890039475,0,14.5551673825684,0,"normal","un",1000,500,0.5,0,0,0,FALSE,0,FALSE,101,"leave-1",500,0.5,1e+05,TRUE,40
9.99999999999999,0,0,0,14.3072666465195,10.2925674126912,18.3219658803478,14.3159680200795,10.2925207777439,18.3394152624151,14.5913890039475,0,14.627051092535,0,"normal","un",1000,500,0.5,0,0,0,FALSE,0,FALSE,101,"leave-1",500,0.5,1e+05,TRUE,40
9.99999999999999,0,0,0,14.3072666465195,10.2925674126912,18.3219658803478,14.4205250552259,10.4049648634715,18.4360852469803,14.5913890039475,0,14.6112929020775,0,"normal","un",1000,500,0.5,0,0,0,FALSE,0,FALSE,101,"leave-1",500,0.5,1e+05,TRUE,40
9.99999999999999,0,0,0,14.3072666465195,10.2925674126912,18.3219658803478,14.2146621791693,10.1897990571312,18.2395253012075,14.5913890039475,0,14.5269800774573,0,"normal","un",1000,500,0.5,0,0,0,FALSE,0,FALSE,101,"leave-1",500,0.5,1e+05,TRUE,40
9.99999999999999,0,0,0,14.3072666465195,10.2925674126912,18.3219658803478,14.3607355867017,10.3423860999449,18.3790850734586,14.5913890039475,0,14.6971497248573,0,"normal","un",1000,500,0.5,0,0,0,FALSE,0,FALSE,101,"leave-1",500,0.5,1e+05,TRUE,40
9.99999999999999,0,0,0,14.3072666465195,10.2925674126912,18.3219658803478,14.595320815693,10.5767155977348,18.6139260336512,14.5913890039475,0,14.9152816899191,0,"normal","un",1000,500,0.5,0,0,0,FALSE,0,FALSE,101,"leave-1",500,0.5,1e+05,TRUE,40
9.99999999999999,0,0,0,14.3072666465195,10.2925674126912,18.3219658803478,14.2678215798014,10.2456787319039,18.2899644276989,14.5913890039475,0,14.5413091381841,0,"normal","un",1000,500,0.5,0,0,0,FALSE,0,FALSE,101,"leave-1",500,0.5,1e+05,TRUE,40
9.99999999999999,0,0,0,14.3072666465195,10.2925674126912,18.3219658803478,14.3238357218408,10.3049454737908,18.3427259698909,14.5913890039475,0,14.6095076626844,0,"normal","un",1000,500,0.5,0,0,0,FALSE,0,FALSE,101,"leave-1",500,0.5,1e+05,TRUE,40
9.99999999999999,0,0,0,14.3072666465195,10.2925674126912,18.3219658803478,14.5154805489389,10.4878385278992,18.5431225699785,14.5913890039475,0,14.8702163817982,0,"normal","un",1000,500,0.5,0,0,0,FALSE,0,FALSE,101,"leave-1",500,0.5,1e+05,TRUE,40
9.99999999999999,0,0,0,14.3072666465195,10.2925674126912,18.3219658803478,14.293616056645,10.270596854026,18.316635259264,14.5913890039475,0,14.4923707937261,0,"normal","un",1000,500,0.5,0,0,0,FALSE,0,FALSE,101,"leave-1",500,0.5,1e+05,TRUE,40
9.99999999999999,0,0,0,14.3072666465195,10.2925674126912,18.3219658803478,14.124767696614,10.1001718473563,18.1493635458717,14.5913890039475,0,14.371393233098,0,"normal","un",1000,500,0.5,0,0,0,FALSE,0,FALSE,101,"leave-1",500,0.5,1e+05,TRUE,40
9.99999999999999,0,0,0,14.3072666465195,10.2925674126912,18.3219658803478,14.201280950597,10.1777025415106,18.2248593596833,14.5913890039475,0,14.5638007512425,0,"normal","un",1000,500,0.5,0,0,0,FALSE,0,FALSE,101,"leave-1",500,0.5,1e+05,TRUE,40
9.99999999999999,0,0,0,14.3072666465195,10.2925674126912,18.3219658803478,14.371535800889,10.3430640788679,18.4000075229102,14.5913890039475,0,14.5920601426623,0,"normal","un",1000,500,0.5,0,0,0,FALSE,0,FALSE,101,"leave-1",500,0.5,1e+05,TRUE,40
9.99999999999999,0,0,0,14.3072666465195,10.2925674126912,18.3219658803478,14.2393598846228,10.223759274837,18.2549604944086,14.5913890039475,0,14.4883483055997,0,"normal","un",1000,500,0.5,0,0,0,FALSE,0,FALSE,101,"leave-1",500,0.5,1e+05,TRUE,40
9.99999999999999,0,0,0,14.3072666465195,10.2925674126912,18.3219658803478,14.7490402636129,10.7385741249382,18.7595064022875,14.5913890039475,0,15.2497728829001,0,"normal","un",1000,500,0.5,0,0,0,FALSE,0,FALSE,101,"leave-1",500,0.5,1e+05,TRUE,40
9.99999999999999,0,0,0,14.3072666465195,10.2925674126912,18.3219658803478,14.383529643599,10.3660815963461,18.4009776908518,14.5913890039475,0,14.5923516107581,0,"normal","un",1000,500,0.5,0,0,0,FALSE,0,FALSE,101,"leave-1",500,0.5,1e+05,TRUE,40
9.99999999999999,0,0,0,14.3072666465195,10.2925674126912,18.3219658803478,14.264699927356,10.2382951113491,18.2911047433629,14.5913890039475,0,14.5489040125186,0,"normal","un",1000,500,0.5,0,0,0,FALSE,0,FALSE,101,"leave-1",500,0.5,1e+05,TRUE,40
9.99999999999999,0,0,0,14.3072666465195,10.2925674126912,18.3219658803478,14.3485123942089,10.3234430707793,18.3735817176385,14.5913890039475,0,14.6656185507751,0,"normal","un",1000,500,0.5,0,0,0,FALSE,0,FALSE,101,"leave-1",500,0.5,1e+05,TRUE,40
9.99999999999999,0,0,0,14.3072666465195,10.2925674126912,18.3219658803478,14.3595869129417,10.3329725549934,18.38620127089,14.5913890039475,0,14.5838845296249,0,"normal","un",1000,500,0.5,0,0,0,FALSE,0,FALSE,101,"leave-1",500,0.5,1e+05,TRUE,40
9.99999999999999,0,0,0,14.3072666465195,10.2925674126912,18.3219658803478,14.4193882544962,10.3913029636893,18.4474735453031,14.5913890039475,0,14.8011966838422,0,"normal","un",1000,500,0.5,0,0,0,FALSE,0,FALSE,101,"leave-1",500,0.5,1e+05,TRUE,40
9.99999999999999,0,0,0,14.3072666465195,10.2925674126912,18.3219658803478,14.3775677993741,10.352025197598,18.4031104011503,14.5913890039475,0,14.6854331508952,0,"normal","un",1000,500,0.5,0,0,0,FALSE,0,FALSE,101,"leave-1",500,0.5,1e+05,TRUE,40
9.99999999999999,0,0,0,14.3072666465195,10.2925674126912,18.3219658803478,14.3359147823122,10.3210056062805,18.3508239583438,14.5913890039475,0,14.5414879964912,0,"normal","un",1000,500,0.5,0,0,0,FALSE,0,FALSE,101,"leave-1",500,0.5,1e+05,TRUE,40
9.99999999999999,0,0,0,14.3072666465195,10.2925674126912,18.3219658803478,14.0298351431254,10.024838304626,18.0348319816249,14.5913890039475,0,14.2674720272472,0,"normal","un",1000,500,0.5,0,0,0,FALSE,0,FALSE,101,"leave-1",500,0.5,1e+05,TRUE,40
9.99999999999999,0,0,0,14.3072666465195,10.2925674126912,18.3219658803478,14.2917563891646,10.2650438268226,18.3184689515066,14.5913890039475,0,14.5908446204162,0,"normal","un",1000,500,0.5,0,0,0,FALSE,0,FALSE,101,"leave-1",500,0.5,1e+05,TRUE,40
9.99999999999999,0,0,0,14.3072666465195,10.2925674126912,18.3219658803478,14.3034768268347,10.2797707784947,18.3271828751747,14.5913890039475,0,14.5536264276082,0,"normal","un",1000,500,0.5,0,0,0,FALSE,0,FALSE,101,"leave-1",500,0.5,1e+05,TRUE,40
9.99999999999999,0,0,0,14.3072666465195,10.2925674126912,18.3219658803478,14.339938957646,10.3108788132814,18.3689991020105,14.5913890039475,0,14.6500712603608,0,"normal","un",1000,500,0.5,0,0,0,FALSE,0,FALSE,101,"leave-1",500,0.5,1e+05,TRUE,40
9.99999999999999,0,0,0,14.3072666465195,10.2925674126912,18.3219658803478,14.3794244390344,10.3580967818859,18.4007520961828,14.5913890039475,0,14.6428575640444,0,"normal","un",1000,500,0.5,0,0,0,FALSE,0,FALSE,101,"leave-1",500,0.5,1e+05,TRUE,40
9.99999999999999,0,0,0,14.3072666465195,10.2925674126912,18.3219658803478,14.1965588084794,10.1749909081293,18.2181267088294,14.5913890039475,0,14.4699545286642,0,"normal","un",1000,500,0.5,0,0,0,FALSE,0,FALSE,101,"leave-1",500,0.5,1e+05,TRUE,40
9.99999999999999,0,0,0,14.3072666465195,10.2925674126912,18.3219658803478,14.273909855895,10.2559538555032,18.2918658562868,14.5913890039475,0,14.5756477899647,0,"normal","un",1000,500,0.5,0,0,0,FALSE,0,FALSE,101,"leave-1",500,0.5,1e+05,TRUE,40
9.99999999999999,0,0,0,14.3072666465195,10.2925674126912,18.3219658803478,14.5315958855213,10.5178963189828,18.5452954520598,14.5913890039475,0,14.8645823684217,0,"normal","un",1000,500,0.5,0,0,0,FALSE,0,FALSE,101,"leave-1",500,0.5,1e+05,TRUE,40
9.99999999999999,0,0,0,14.3072666465195,10.2925674126912,18.3219658803478,14.3270605038842,10.2987613000386,18.3553597077299,14.5913890039475,0,14.5810574188834,0,"normal","un",1000,500,0.5,0,0,0,FALSE,0,FALSE,101,"leave-1",500,0.5,1e+05,TRUE,40
9.99999999999999,0,0,0,14.3072666465195,10.2925674126912,18.3219658803478,14.3143105196695,10.2885795089922,18.3400415303467,14.5913890039475,0,14.5989036743943,0,"normal","un",1000,500,0.5,0,0,0,FALSE,0,FALSE,101,"leave-1",500,0.5,1e+05,TRUE,40
9.99999999999999,0,0,0,14.3072666465195,10.2925674126912,18.3219658803478,14.3149185099952,10.2886154595864,18.341221560404,14.5913890039475,0,14.5693014640234,0,"normal","un",1000,500,0.5,0,0,0,FALSE,0,FALSE,101,"leave-1",500,0.5,1e+05,TRUE,40
9.99999999999999,0,0,0,14.3072666465195,10.2925674126912,18.3219658803478,14.3266457105067,10.2999064701036,18.3533849509098,14.5913890039475,0,14.5862620108569,0,"normal","un",1000,500,0.5,0,0,0,FALSE,0,FALSE,101,"leave-1",500,0.5,1e+05,TRUE,40
9.99999999999999,0,0,0,14.3072666465195,10.2925674126912,18.3219658803478,14.2065131020068,10.2046349498492,18.2083912541645,14.5913890039475,0,14.4582009624529,0,"normal","un",1000,500,0.5,0,0,0,FALSE,0,FALSE,101,"leave-1",500,0.5,1e+05,TRUE,40
9.99999999999999,0,0,0,14.3072666465195,10.2925674126912,18.3219658803478,14.0366840446395,10.0170156800025,18.0563524092764,14.5913890039475,0,14.3678074826355,0,"normal","un",1000,500,0.5,0,0,0,FALSE,0,FALSE,101,"leave-1",500,0.5,1e+05,TRUE,40
9.99999999999999,0,0,0,14.3072666465195,10.2925674126912,18.3219658803478,13.9536497829606,9.960564848969,17.9467347169521,14.5913890039475,0,14.194656476102,0,"normal","un",1000,500,0.5,0,0,0,FALSE,0,FALSE,101,"leave-1",500,0.5,1e+05,TRUE,40
9.99999999999999,0,0,0,14.3072666465195,10.2925674126912,18.3219658803478,14.2054180159267,10.1859653985903,18.2248706332631,14.5913890039475,0,14.4873871190715,0,"normal","un",1000,500,0.5,0,0,0,FALSE,0,FALSE,101,"leave-1",500,0.5,1e+05,TRUE,40
9.99999999999999,0,0,0,14.3072666465195,10.2925674126912,18.3219658803478,14.4811594426689,10.455373898702,18.5069449866358,14.5913890039475,0,14.7070608877769,0,"normal","un",1000,500,0.5,0,0,0,FALSE,0,FALSE,101,"leave-1",500,0.5,1e+05,TRUE,40
9.99999999999999,0,0,0,14.3072666465195,10.2925674126912,18.3219658803478,13.9072110700988,9.90442679137619,17.9099953488214,14.5913890039475,0,14.2533527258024,0,"normal","un",1000,500,0.5,0,0,0,FALSE,0,FALSE,101,"leave-1",500,0.5,1e+05,TRUE,40
9.99999999999999,0,0,0,14.3072666465195,10.2925674126912,18.3219658803478,14.3620526461689,10.3353260515257,18.3887792408121,14.5913890039475,0,14.7254436702378,0,"normal","un",1000,500,0.5,0,0,0,FALSE,0,FALSE,101,"leave-1",500,0.5,1e+05,TRUE,40
9.99999999999999,0,0,0,14.3072666465195,10.2925674126912,18.3219658803478,14.3234751426259,10.2944223666285,18.3525279186233,14.5913890039475,0,14.5983185081952,0,"normal","un",1000,500,0.5,0,0,0,FALSE,0,FALSE,101,"leave-1",500,0.5,1e+05,TRUE,40
9.99999999999999,0,0,0,14.3072666465195,10.2925674126912,18.3219658803478,14.4845442766001,10.4901201506595,18.4789684025407,14.5913890039475,0,14.7393758987529,0,"normal","un",1000,500,0.5,0,0,0,FALSE,0,FALSE,101,"leave-1",500,0.5,1e+05,TRUE,40
9.99999999999999,0,0,0,14.3072666465195,10.2925674126912,18.3219658803478,14.3813716652317,10.3582806563194,18.404462674144,14.5913890039475,0,14.6209910788874,0,"normal","un",1000,500,0.5,0,0,0,FALSE,0,FALSE,101,"leave-1",500,0.5,1e+05,TRUE,40
9.99999999999999,0,0,0,14.3072666465195,10.2925674126912,18.3219658803478,14.5462464746217,10.5559411071904,18.536551842053,14.5913890039475,0,15.0902596191193,0,"normal","un",1000,500,0.5,0,0,0,FALSE,0,FALSE,101,"leave-1",500,0.5,1e+05,TRUE,40
9.99999999999999,0,0,0,14.3072666465195,10.2925674126912,18.3219658803478,14.361160684861,10.3559291884938,18.3663921812282,14.5913890039475,0,14.6147427285832,0,"normal","un",1000,500,0.5,0,0,0,FALSE,0,FALSE,101,"leave-1",500,0.5,1e+05,TRUE,40
9.99999999999999,0,0,0,14.3072666465195,10.2925674126912,18.3219658803478,14.3122710528094,10.2876448757179,18.3368972299009,14.5913890039475,0,14.5782858544767,0,"normal","un",1000,500,0.5,0,0,0,FALSE,0,FALSE,101,"leave-1",500,0.5,1e+05,TRUE,40
9.99999999999999,0,0,0,14.3072666465195,10.2925674126912,18.3219658803478,14.3284570698669,10.3074785057304,18.3494356340035,14.5913890039475,0,14.6993353018756,0,"normal","un",1000,500,0.5,0,0,0,FALSE,0,FALSE,101,"leave-1",500,0.5,1e+05,TRUE,40
9.99999999999999,0,0,0,14.3072666465195,10.2925674126912,18.3219658803478,14.3158296201707,10.2895712715538,18.3420879687876,14.5913890039475,0,14.5624393078048,0,"normal","un",1000,500,0.5,0,0,0,FALSE,0,FALSE,101,"leave-1",500,0.5,1e+05,TRUE,40
9.99999999999999,0,0,0,14.3072666465195,10.2925674126912,18.3219658803478,14.3240663208456,10.2951798428331,18.3529527988581,14.5913890039475,0,14.5925245524525,0,"normal","un",1000,500,0.5,0,0,0,FALSE,0,FALSE,101,"leave-1",500,0.5,1e+05,TRUE,40
9.99999999999999,0,0,0,14.3072666465195,10.2925674126912,18.3219658803478,13.9065403660175,9.91358653179546,17.8994942002395,14.5913890039475,0,14.1076083451299,0,"normal","un",1000,500,0.5,0,0,0,FALSE,0,FALSE,101,"leave-1",500,0.5,1e+05,TRUE,40
9.99999999999999,0,0,0,14.3072666465195,10.2925674126912,18.3219658803478,14.3367224085956,10.307603886765,18.3658409304262,14.5913890039475,0,14.6419285503065,0,"normal","un",1000,500,0.5,0,0,0,FALSE,0,FALSE,101,"leave-1",500,0.5,1e+05,TRUE,40
9.99999999999999,0,0,0,14.3072666465195,10.2925674126912,18.3219658803478,14.2396416528186,10.2214070272587,18.2578762783786,14.5913890039475,0,14.474963812395,0,"normal","un",1000,500,0.5,0,0,0,FALSE,0,FALSE,101,"leave-1",500,0.5,1e+05,TRUE,40
9.99999999999999,0,0,0,14.3072666465195,10.2925674126912,18.3219658803478,14.0836657691261,10.06319457233,18.1041369659222,14.5913890039475,0,14.335771331145,0,"normal","un",1000,500,0.5,0,0,0,FALSE,0,FALSE,101,"leave-1",500,0.5,1e+05,TRUE,40
9.99999999999999,0,0,0,14.3072666465195,10.2925674126912,18.3219658803478,14.3405324183515,10.321446748935,18.359618087768,14.5913890039475,0,14.5685324784275,0,"normal","un",1000,500,0.5,0,0,0,FALSE,0,FALSE,101,"leave-1",500,0.5,1e+05,TRUE,40
9.99999999999999,0,0,0,14.3072666465195,10.2925674126912,18.3219658803478,14.1482911963437,10.1464102280791,18.1501721646083,14.5913890039475,0,14.3526818895383,0,"normal","un",1000,500,0.5,0,0,0,FALSE,0,FALSE,101,"leave-1",500,0.5,1e+05,TRUE,40
9.99999999999999,0,0,0,14.3072666465195,10.2925674126912,18.3219658803478,14.3120439263654,10.2906370879931,18.3334507647377,14.5913890039475,0,14.559496702766,0,"normal","un",1000,500,0.5,0,0,0,FALSE,0,FALSE,101,"leave-1",500,0.5,1e+05,TRUE,40
9.99999999999999,0,0,0,14.3072666465195,10.2925674126912,18.3219658803478,14.1217389596858,10.1149086452584,18.1285692741132,14.5913890039475,0,14.3014989845534,0,"normal","un",1000,500,0.5,0,0,0,FALSE,0,FALSE,101,"leave-1",500,0.5,1e+05,TRUE,40
9.99999999999999,0,0,0,14.3072666465195,10.2925674126912,18.3219658803478,14.2895455963604,10.2829459234941,18.2961452692268,14.5913890039475,0,14.5282635625202,0,"normal","un",1000,500,0.5,0,0,0,FALSE,0,FALSE,101,"leave-1",500,0.5,1e+05,TRUE,40
9.99999999999999,0,0,0,14.3072666465195,10.2925674126912,18.3219658803478,13.9600456969645,9.93520542475766,17.9848859691713,14.5913890039475,0,14.2637353447805,0,"normal","un",1000,500,0.5,0,0,0,FALSE,0,FALSE,101,"leave-1",500,0.5,1e+05,TRUE,40
9.99999999999999,0,0,0,14.3072666465195,10.2925674126912,18.3219658803478,14.2825835957239,10.2542022078118,18.310964983636,14.5913890039475,0,14.5968323208316,0,"normal","un",1000,500,0.5,0,0,0,FALSE,0,FALSE,101,"leave-1",500,0.5,1e+05,TRUE,40
9.99999999999999,0,0,0,14.3072666465195,10.2925674126912,18.3219658803478,14.2805415651468,10.2591906340128,18.3018924962808,14.5913890039475,0,14.5387906340753,0,"normal","un",1000,500,0.5,0,0,0,FALSE,0,FALSE,101,"leave-1",500,0.5,1e+05,TRUE,40
9.99999999999999,0,0,0,14.3072666465195,10.2925674126912,18.3219658803478,14.4005564744603,10.3724056432191,18.4287073057014,14.5913890039475,0,14.7153054369067,0,"normal","un",1000,500,0.5,0,0,0,FALSE,0,FALSE,101,"leave-1",500,0.5,1e+05,TRUE,40
9.99999999999999,0,0,0,14.3072666465195,10.2925674126912,18.3219658803478,14.502448718203,10.4794382581404,18.5254591782656,14.5913890039475,0,14.7922880470608,0,"normal","un",1000,500,0.5,0,0,0,FALSE,0,FALSE,101,"leave-1",500,0.5,1e+05,TRUE,40
9.99999999999999,0,0,0,14.3072666465195,10.2925674126912,18.3219658803478,14.2632766351097,10.253899145273,18.2726541249464,14.5913890039475,0,14.5131772763259,0,"normal","un",1000,500,0.5,0,0,0,FALSE,0,FALSE,101,"leave-1",500,0.5,1e+05,TRUE,40
