"var_main_effect","var_inter_effect","cov_main_inter_effect","var_total_effect","least_square_main","sub_least_square_main","GCTA_main","GCTA_inter","sub_GCTA_main","sub_GCTA_inter","x_dist","structure","p","n","main_fixed_var","main_random_var","inter_fixed_var","inter_random_var","decor","interact","combine","pro","bs","n_sub","rho_e","emp_n","inter_std","i"
10,0,0,0,10.9380505396065,10.9314783924952,10.9345522712687,0,10.9270943786605,0,"chi","un",33,1000,0.5,0,0,0,TRUE,0,FALSE,101,"leave-1",1000,0.5,1e+05,TRUE,98
10,0,0,0,10.9380505396065,10.9454529581115,10.9345522712687,0,10.9428227539468,0,"chi","un",33,1000,0.5,0,0,0,TRUE,0,FALSE,101,"leave-1",1000,0.5,1e+05,TRUE,98
10,0,0,0,10.9380505396065,10.9536761125734,10.9345522712687,0,10.9505429394212,0,"chi","un",33,1000,0.5,0,0,0,TRUE,0,FALSE,101,"leave-1",1000,0.5,1e+05,TRUE,98
10,0,0,0,10.9380505396065,10.9427328271481,10.9345522712687,0,10.9413891520849,0,"chi","un",33,1000,0.5,0,0,0,TRUE,0,FALSE,101,"leave-1",1000,0.5,1e+05,TRUE,98
10,0,0,0,10.9380505396065,10.9464031140686,10.9345522712687,0,10.9430753334557,0,"chi","un",33,1000,0.5,0,0,0,TRUE,0,FALSE,101,"leave-1",1000,0.5,1e+05,TRUE,98
10,0,0,0,10.9380505396065,10.9496727398981,10.9345522712687,0,10.9462663876916,0,"chi","un",33,1000,0.5,0,0,0,TRUE,0,FALSE,101,"leave-1",1000,0.5,1e+05,TRUE,98
10,0,0,0,10.9380505396065,11.0055857198926,10.9345522712687,0,11.0027033412545,0,"chi","un",33,1000,0.5,0,0,0,TRUE,0,FALSE,101,"leave-1",1000,0.5,1e+05,TRUE,98
10,0,0,0,10.9380505396065,10.9479352892755,10.9345522712687,0,10.9447517361199,0,"chi","un",33,1000,0.5,0,0,0,TRUE,0,FALSE,101,"leave-1",1000,0.5,1e+05,TRUE,98
10,0,0,0,10.9380505396065,10.943779992235,10.9345522712687,0,10.939891957253,0,"chi","un",33,1000,0.5,0,0,0,TRUE,0,FALSE,101,"leave-1",1000,0.5,1e+05,TRUE,98
10,0,0,0,10.9380505396065,10.9505935203322,10.9345522712687,0,10.9471157364533,0,"chi","un",33,1000,0.5,0,0,0,TRUE,0,FALSE,101,"leave-1",1000,0.5,1e+05,TRUE,98
10,0,0,0,10.9380505396065,10.9419847124797,10.9345522712687,0,10.9388660423881,0,"chi","un",33,1000,0.5,0,0,0,TRUE,0,FALSE,101,"leave-1",1000,0.5,1e+05,TRUE,98
10,0,0,0,10.9380505396065,10.9381103954015,10.9345522712687,0,10.9338395699709,0,"chi","un",33,1000,0.5,0,0,0,TRUE,0,FALSE,101,"leave-1",1000,0.5,1e+05,TRUE,98
10,0,0,0,10.9380505396065,10.9535482573257,10.9345522712687,0,10.9513809079202,0,"chi","un",33,1000,0.5,0,0,0,TRUE,0,FALSE,101,"leave-1",1000,0.5,1e+05,TRUE,98
10,0,0,0,10.9380505396065,10.9480840648324,10.9345522712687,0,10.9447672980446,0,"chi","un",33,1000,0.5,0,0,0,TRUE,0,FALSE,101,"leave-1",1000,0.5,1e+05,TRUE,98
10,0,0,0,10.9380505396065,10.9496033408517,10.9345522712687,0,10.946448337463,0,"chi","un",33,1000,0.5,0,0,0,TRUE,0,FALSE,101,"leave-1",1000,0.5,1e+05,TRUE,98
10,0,0,0,10.9380505396065,10.9486670061067,10.9345522712687,0,10.9445555123913,0,"chi","un",33,1000,0.5,0,0,0,TRUE,0,FALSE,101,"leave-1",1000,0.5,1e+05,TRUE,98
10,0,0,0,10.9380505396065,10.9315658294254,10.9345522712687,0,10.9287942607851,0,"chi","un",33,1000,0.5,0,0,0,TRUE,0,FALSE,101,"leave-1",1000,0.5,1e+05,TRUE,98
10,0,0,0,10.9380505396065,10.9384347326028,10.9345522712687,0,10.9341859948814,0,"chi","un",33,1000,0.5,0,0,0,TRUE,0,FALSE,101,"leave-1",1000,0.5,1e+05,TRUE,98
10,0,0,0,10.9380505396065,10.9728209093271,10.9345522712687,0,10.9690009073326,0,"chi","un",33,1000,0.5,0,0,0,TRUE,0,FALSE,101,"leave-1",1000,0.5,1e+05,TRUE,98
10,0,0,0,10.9380505396065,10.9573129221007,10.9345522712687,0,10.9539282968838,0,"chi","un",33,1000,0.5,0,0,0,TRUE,0,FALSE,101,"leave-1",1000,0.5,1e+05,TRUE,98
10,0,0,0,10.9380505396065,10.9423414379455,10.9345522712687,0,10.9397193983635,0,"chi","un",33,1000,0.5,0,0,0,TRUE,0,FALSE,101,"leave-1",1000,0.5,1e+05,TRUE,98
10,0,0,0,10.9380505396065,10.9492414673356,10.9345522712687,0,10.9467170650487,0,"chi","un",33,1000,0.5,0,0,0,TRUE,0,FALSE,101,"leave-1",1000,0.5,1e+05,TRUE,98
10,0,0,0,10.9380505396065,10.9541337456348,10.9345522712687,0,10.9505081924425,0,"chi","un",33,1000,0.5,0,0,0,TRUE,0,FALSE,101,"leave-1",1000,0.5,1e+05,TRUE,98
10,0,0,0,10.9380505396065,10.9519844911969,10.9345522712687,0,10.9481666557766,0,"chi","un",33,1000,0.5,0,0,0,TRUE,0,FALSE,101,"leave-1",1000,0.5,1e+05,TRUE,98
10,0,0,0,10.9380505396065,10.9520673324598,10.9345522712687,0,10.9494709142899,0,"chi","un",33,1000,0.5,0,0,0,TRUE,0,FALSE,101,"leave-1",1000,0.5,1e+05,TRUE,98
10,0,0,0,10.9380505396065,10.9248896566987,10.9345522712687,0,10.9230948600106,0,"chi","un",33,1000,0.5,0,0,0,TRUE,0,FALSE,101,"leave-1",1000,0.5,1e+05,TRUE,98
10,0,0,0,10.9380505396065,10.938913350897,10.9345522712687,0,10.9359834261625,0,"chi","un",33,1000,0.5,0,0,0,TRUE,0,FALSE,101,"leave-1",1000,0.5,1e+05,TRUE,98
10,0,0,0,10.9380505396065,10.9405281454624,10.9345522712687,0,10.9375644386554,0,"chi","un",33,1000,0.5,0,0,0,TRUE,0,FALSE,101,"leave-1",1000,0.5,1e+05,TRUE,98
10,0,0,0,10.9380505396065,10.9554215279656,10.9345522712687,0,10.9517224728086,0,"chi","un",33,1000,0.5,0,0,0,TRUE,0,FALSE,101,"leave-1",1000,0.5,1e+05,TRUE,98
10,0,0,0,10.9380505396065,10.87092717219,10.9345522712687,0,10.8661241553932,0,"chi","un",33,1000,0.5,0,0,0,TRUE,0,FALSE,101,"leave-1",1000,0.5,1e+05,TRUE,98
10,0,0,0,10.9380505396065,10.9308051603046,10.9345522712687,0,10.9283709668449,0,"chi","un",33,1000,0.5,0,0,0,TRUE,0,FALSE,101,"leave-1",1000,0.5,1e+05,TRUE,98
10,0,0,0,10.9380505396065,10.9540089825656,10.9345522712687,0,10.9506606380559,0,"chi","un",33,1000,0.5,0,0,0,TRUE,0,FALSE,101,"leave-1",1000,0.5,1e+05,TRUE,98
10,0,0,0,10.9380505396065,10.9572944954769,10.9345522712687,0,10.9529906864436,0,"chi","un",33,1000,0.5,0,0,0,TRUE,0,FALSE,101,"leave-1",1000,0.5,1e+05,TRUE,98
10,0,0,0,10.9380505396065,10.950966666934,10.9345522712687,0,10.9495058874618,0,"chi","un",33,1000,0.5,0,0,0,TRUE,0,FALSE,101,"leave-1",1000,0.5,1e+05,TRUE,98
10,0,0,0,10.9380505396065,10.9516118385209,10.9345522712687,0,10.948721203136,0,"chi","un",33,1000,0.5,0,0,0,TRUE,0,FALSE,101,"leave-1",1000,0.5,1e+05,TRUE,98
10,0,0,0,10.9380505396065,10.9457686789855,10.9345522712687,0,10.9427024742992,0,"chi","un",33,1000,0.5,0,0,0,TRUE,0,FALSE,101,"leave-1",1000,0.5,1e+05,TRUE,98
10,0,0,0,10.9380505396065,10.9472429729101,10.9345522712687,0,10.944299055446,0,"chi","un",33,1000,0.5,0,0,0,TRUE,0,FALSE,101,"leave-1",1000,0.5,1e+05,TRUE,98
10,0,0,0,10.9380505396065,10.9505140704008,10.9345522712687,0,10.9474920440619,0,"chi","un",33,1000,0.5,0,0,0,TRUE,0,FALSE,101,"leave-1",1000,0.5,1e+05,TRUE,98
10,0,0,0,10.9380505396065,10.7776117462335,10.9345522712687,0,10.771818776212,0,"chi","un",33,1000,0.5,0,0,0,TRUE,0,FALSE,101,"leave-1",1000,0.5,1e+05,TRUE,98
10,0,0,0,10.9380505396065,10.9404281113793,10.9345522712687,0,10.9373399165493,0,"chi","un",33,1000,0.5,0,0,0,TRUE,0,FALSE,101,"leave-1",1000,0.5,1e+05,TRUE,98
10,0,0,0,10.9380505396065,10.9423084735105,10.9345522712687,0,10.939393477908,0,"chi","un",33,1000,0.5,0,0,0,TRUE,0,FALSE,101,"leave-1",1000,0.5,1e+05,TRUE,98
10,0,0,0,10.9380505396065,10.8884391627129,10.9345522712687,0,10.8866961370287,0,"chi","un",33,1000,0.5,0,0,0,TRUE,0,FALSE,101,"leave-1",1000,0.5,1e+05,TRUE,98
10,0,0,0,10.9380505396065,10.9452772151507,10.9345522712687,0,10.9416773847006,0,"chi","un",33,1000,0.5,0,0,0,TRUE,0,FALSE,101,"leave-1",1000,0.5,1e+05,TRUE,98
10,0,0,0,10.9380505396065,10.9380382933436,10.9345522712687,0,10.9358619334025,0,"chi","un",33,1000,0.5,0,0,0,TRUE,0,FALSE,101,"leave-1",1000,0.5,1e+05,TRUE,98
10,0,0,0,10.9380505396065,10.9441794546167,10.9345522712687,0,10.9420901818771,0,"chi","un",33,1000,0.5,0,0,0,TRUE,0,FALSE,101,"leave-1",1000,0.5,1e+05,TRUE,98
10,0,0,0,10.9380505396065,10.944436170589,10.9345522712687,0,10.9413210365726,0,"chi","un",33,1000,0.5,0,0,0,TRUE,0,FALSE,101,"leave-1",1000,0.5,1e+05,TRUE,98
10,0,0,0,10.9380505396065,10.9239449263479,10.9345522712687,0,10.9214706328302,0,"chi","un",33,1000,0.5,0,0,0,TRUE,0,FALSE,101,"leave-1",1000,0.5,1e+05,TRUE,98
10,0,0,0,10.9380505396065,10.9364483477522,10.9345522712687,0,10.933983563862,0,"chi","un",33,1000,0.5,0,0,0,TRUE,0,FALSE,101,"leave-1",1000,0.5,1e+05,TRUE,98
10,0,0,0,10.9380505396065,10.9350005553174,10.9345522712687,0,10.9327142249721,0,"chi","un",33,1000,0.5,0,0,0,TRUE,0,FALSE,101,"leave-1",1000,0.5,1e+05,TRUE,98
10,0,0,0,10.9380505396065,10.9358339609048,10.9345522712687,0,10.9328519333357,0,"chi","un",33,1000,0.5,0,0,0,TRUE,0,FALSE,101,"leave-1",1000,0.5,1e+05,TRUE,98
10,0,0,0,10.9380505396065,10.9164155380495,10.9345522712687,0,10.911994740806,0,"chi","un",33,1000,0.5,0,0,0,TRUE,0,FALSE,101,"leave-1",1000,0.5,1e+05,TRUE,98
10,0,0,0,10.9380505396065,10.9426039221015,10.9345522712687,0,10.9386252479625,0,"chi","un",33,1000,0.5,0,0,0,TRUE,0,FALSE,101,"leave-1",1000,0.5,1e+05,TRUE,98
10,0,0,0,10.9380505396065,10.8969846748055,10.9345522712687,0,10.8953006290286,0,"chi","un",33,1000,0.5,0,0,0,TRUE,0,FALSE,101,"leave-1",1000,0.5,1e+05,TRUE,98
10,0,0,0,10.9380505396065,10.9466236487501,10.9345522712687,0,10.9429356583191,0,"chi","un",33,1000,0.5,0,0,0,TRUE,0,FALSE,101,"leave-1",1000,0.5,1e+05,TRUE,98
10,0,0,0,10.9380505396065,10.8472830730534,10.9345522712687,0,10.8420331463432,0,"chi","un",33,1000,0.5,0,0,0,TRUE,0,FALSE,101,"leave-1",1000,0.5,1e+05,TRUE,98
10,0,0,0,10.9380505396065,10.9529251648203,10.9345522712687,0,10.9500173578279,0,"chi","un",33,1000,0.5,0,0,0,TRUE,0,FALSE,101,"leave-1",1000,0.5,1e+05,TRUE,98
10,0,0,0,10.9380505396065,10.9446841300857,10.9345522712687,0,10.9422100719906,0,"chi","un",33,1000,0.5,0,0,0,TRUE,0,FALSE,101,"leave-1",1000,0.5,1e+05,TRUE,98
10,0,0,0,10.9380505396065,10.9485922773246,10.9345522712687,0,10.9464694621863,0,"chi","un",33,1000,0.5,0,0,0,TRUE,0,FALSE,101,"leave-1",1000,0.5,1e+05,TRUE,98
10,0,0,0,10.9380505396065,10.9400440318043,10.9345522712687,0,10.9380921088733,0,"chi","un",33,1000,0.5,0,0,0,TRUE,0,FALSE,101,"leave-1",1000,0.5,1e+05,TRUE,98
10,0,0,0,10.9380505396065,10.9316173129354,10.9345522712687,0,10.9278204359495,0,"chi","un",33,1000,0.5,0,0,0,TRUE,0,FALSE,101,"leave-1",1000,0.5,1e+05,TRUE,98
10,0,0,0,10.9380505396065,10.9499394594995,10.9345522712687,0,10.948742616936,0,"chi","un",33,1000,0.5,0,0,0,TRUE,0,FALSE,101,"leave-1",1000,0.5,1e+05,TRUE,98
10,0,0,0,10.9380505396065,10.9494531573073,10.9345522712687,0,10.9458721811105,0,"chi","un",33,1000,0.5,0,0,0,TRUE,0,FALSE,101,"leave-1",1000,0.5,1e+05,TRUE,98
10,0,0,0,10.9380505396065,10.948629712806,10.9345522712687,0,10.944736333336,0,"chi","un",33,1000,0.5,0,0,0,TRUE,0,FALSE,101,"leave-1",1000,0.5,1e+05,TRUE,98
10,0,0,0,10.9380505396065,10.9515631555196,10.9345522712687,0,10.9479570113986,0,"chi","un",33,1000,0.5,0,0,0,TRUE,0,FALSE,101,"leave-1",1000,0.5,1e+05,TRUE,98
10,0,0,0,10.9380505396065,10.9419364306895,10.9345522712687,0,10.9384291180091,0,"chi","un",33,1000,0.5,0,0,0,TRUE,0,FALSE,101,"leave-1",1000,0.5,1e+05,TRUE,98
10,0,0,0,10.9380505396065,10.9441590147606,10.9345522712687,0,10.9415334957967,0,"chi","un",33,1000,0.5,0,0,0,TRUE,0,FALSE,101,"leave-1",1000,0.5,1e+05,TRUE,98
10,0,0,0,10.9380505396065,10.9512721429697,10.9345522712687,0,10.9478235864368,0,"chi","un",33,1000,0.5,0,0,0,TRUE,0,FALSE,101,"leave-1",1000,0.5,1e+05,TRUE,98
10,0,0,0,10.9380505396065,10.9726960989237,10.9345522712687,0,10.9694049806882,0,"chi","un",33,1000,0.5,0,0,0,TRUE,0,FALSE,101,"leave-1",1000,0.5,1e+05,TRUE,98
10,0,0,0,10.9380505396065,10.9155284735349,10.9345522712687,0,10.9124326297339,0,"chi","un",33,1000,0.5,0,0,0,TRUE,0,FALSE,101,"leave-1",1000,0.5,1e+05,TRUE,98
10,0,0,0,10.9380505396065,10.9622113620892,10.9345522712687,0,10.9584095731146,0,"chi","un",33,1000,0.5,0,0,0,TRUE,0,FALSE,101,"leave-1",1000,0.5,1e+05,TRUE,98
10,0,0,0,10.9380505396065,10.948392732674,10.9345522712687,0,10.9449470402312,0,"chi","un",33,1000,0.5,0,0,0,TRUE,0,FALSE,101,"leave-1",1000,0.5,1e+05,TRUE,98
10,0,0,0,10.9380505396065,10.9551300722835,10.9345522712687,0,10.9525174538505,0,"chi","un",33,1000,0.5,0,0,0,TRUE,0,FALSE,101,"leave-1",1000,0.5,1e+05,TRUE,98
10,0,0,0,10.9380505396065,10.9553588669789,10.9345522712687,0,10.9513530053699,0,"chi","un",33,1000,0.5,0,0,0,TRUE,0,FALSE,101,"leave-1",1000,0.5,1e+05,TRUE,98
10,0,0,0,10.9380505396065,10.8250112773607,10.9345522712687,0,10.8199310859213,0,"chi","un",33,1000,0.5,0,0,0,TRUE,0,FALSE,101,"leave-1",1000,0.5,1e+05,TRUE,98
10,0,0,0,10.9380505396065,10.9409319685784,10.9345522712687,0,10.937977278472,0,"chi","un",33,1000,0.5,0,0,0,TRUE,0,FALSE,101,"leave-1",1000,0.5,1e+05,TRUE,98
10,0,0,0,10.9380505396065,10.9278926685721,10.9345522712687,0,10.9253393913357,0,"chi","un",33,1000,0.5,0,0,0,TRUE,0,FALSE,101,"leave-1",1000,0.5,1e+05,TRUE,98
10,0,0,0,10.9380505396065,10.9506562232331,10.9345522712687,0,10.9469655663393,0,"chi","un",33,1000,0.5,0,0,0,TRUE,0,FALSE,101,"leave-1",1000,0.5,1e+05,TRUE,98
10,0,0,0,10.9380505396065,10.9105862716223,10.9345522712687,0,10.9062948091395,0,"chi","un",33,1000,0.5,0,0,0,TRUE,0,FALSE,101,"leave-1",1000,0.5,1e+05,TRUE,98
10,0,0,0,10.9380505396065,10.9388119949689,10.9345522712687,0,10.9346910162835,0,"chi","un",33,1000,0.5,0,0,0,TRUE,0,FALSE,101,"leave-1",1000,0.5,1e+05,TRUE,98
10,0,0,0,10.9380505396065,10.9480814043648,10.9345522712687,0,10.9447718836994,0,"chi","un",33,1000,0.5,0,0,0,TRUE,0,FALSE,101,"leave-1",1000,0.5,1e+05,TRUE,98
10,0,0,0,10.9380505396065,10.9285519975448,10.9345522712687,0,10.9259135058644,0,"chi","un",33,1000,0.5,0,0,0,TRUE,0,FALSE,101,"leave-1",1000,0.5,1e+05,TRUE,98
10,0,0,0,10.9380505396065,10.9504989436901,10.9345522712687,0,10.9466897125553,0,"chi","un",33,1000,0.5,0,0,0,TRUE,0,FALSE,101,"leave-1",1000,0.5,1e+05,TRUE,98
10,0,0,0,10.9380505396065,10.9239487866268,10.9345522712687,0,10.9219807610789,0,"chi","un",33,1000,0.5,0,0,0,TRUE,0,FALSE,101,"leave-1",1000,0.5,1e+05,TRUE,98
10,0,0,0,10.9380505396065,10.9396015974096,10.9345522712687,0,10.9368176481627,0,"chi","un",33,1000,0.5,0,0,0,TRUE,0,FALSE,101,"leave-1",1000,0.5,1e+05,TRUE,98
10,0,0,0,10.9380505396065,10.945754304021,10.9345522712687,0,10.9426822473462,0,"chi","un",33,1000,0.5,0,0,0,TRUE,0,FALSE,101,"leave-1",1000,0.5,1e+05,TRUE,98
10,0,0,0,10.9380505396065,10.9433418004716,10.9345522712687,0,10.9402989108297,0,"chi","un",33,1000,0.5,0,0,0,TRUE,0,FALSE,101,"leave-1",1000,0.5,1e+05,TRUE,98
10,0,0,0,10.9380505396065,10.9442811261734,10.9345522712687,0,10.9415635469747,0,"chi","un",33,1000,0.5,0,0,0,TRUE,0,FALSE,101,"leave-1",1000,0.5,1e+05,TRUE,98
10,0,0,0,10.9380505396065,10.9926035063775,10.9345522712687,0,10.9898651587147,0,"chi","un",33,1000,0.5,0,0,0,TRUE,0,FALSE,101,"leave-1",1000,0.5,1e+05,TRUE,98
10,0,0,0,10.9380505396065,10.8112203560357,10.9345522712687,0,10.8064870104859,0,"chi","un",33,1000,0.5,0,0,0,TRUE,0,FALSE,101,"leave-1",1000,0.5,1e+05,TRUE,98
10,0,0,0,10.9380505396065,10.9521429555407,10.9345522712687,0,10.9485621738487,0,"chi","un",33,1000,0.5,0,0,0,TRUE,0,FALSE,101,"leave-1",1000,0.5,1e+05,TRUE,98
10,0,0,0,10.9380505396065,10.9506198992226,10.9345522712687,0,10.9475834769585,0,"chi","un",33,1000,0.5,0,0,0,TRUE,0,FALSE,101,"leave-1",1000,0.5,1e+05,TRUE,98
10,0,0,0,10.9380505396065,10.9561047503529,10.9345522712687,0,10.9529554328675,0,"chi","un",33,1000,0.5,0,0,0,TRUE,0,FALSE,101,"leave-1",1000,0.5,1e+05,TRUE,98
10,0,0,0,10.9380505396065,10.9211345996943,10.9345522712687,0,10.9166735310026,0,"chi","un",33,1000,0.5,0,0,0,TRUE,0,FALSE,101,"leave-1",1000,0.5,1e+05,TRUE,98
10,0,0,0,10.9380505396065,10.971375177162,10.9345522712687,0,10.9687586307267,0,"chi","un",33,1000,0.5,0,0,0,TRUE,0,FALSE,101,"leave-1",1000,0.5,1e+05,TRUE,98
10,0,0,0,10.9380505396065,10.9577630494908,10.9345522712687,0,10.9552664144715,0,"chi","un",33,1000,0.5,0,0,0,TRUE,0,FALSE,101,"leave-1",1000,0.5,1e+05,TRUE,98
10,0,0,0,10.9380505396065,10.9441504190259,10.9345522712687,0,10.9425830284665,0,"chi","un",33,1000,0.5,0,0,0,TRUE,0,FALSE,101,"leave-1",1000,0.5,1e+05,TRUE,98
10,0,0,0,10.9380505396065,10.9768037660214,10.9345522712687,0,10.9727239190297,0,"chi","un",33,1000,0.5,0,0,0,TRUE,0,FALSE,101,"leave-1",1000,0.5,1e+05,TRUE,98
10,0,0,0,10.9380505396065,10.9596685710605,10.9345522712687,0,10.9576911496259,0,"chi","un",33,1000,0.5,0,0,0,TRUE,0,FALSE,101,"leave-1",1000,0.5,1e+05,TRUE,98
10,0,0,0,10.9380505396065,10.9566498926854,10.9345522712687,0,10.9530581462389,0,"chi","un",33,1000,0.5,0,0,0,TRUE,0,FALSE,101,"leave-1",1000,0.5,1e+05,TRUE,98
10,0,0,0,10.9380505396065,10.9420361627996,10.9345522712687,0,10.9389007823669,0,"chi","un",33,1000,0.5,0,0,0,TRUE,0,FALSE,101,"leave-1",1000,0.5,1e+05,TRUE,98
10,0,0,0,10.9380505396065,10.9358386833731,10.9345522712687,0,10.9338517937369,0,"chi","un",33,1000,0.5,0,0,0,TRUE,0,FALSE,101,"leave-1",1000,0.5,1e+05,TRUE,98
10,0,0,0,10.9380505396065,10.9222884989962,10.9345522712687,0,10.9196058358478,0,"chi","un",33,1000,0.5,0,0,0,TRUE,0,FALSE,101,"leave-1",1000,0.5,1e+05,TRUE,98
10,0,0,0,10.9380505396065,10.9281796571194,10.9345522712687,0,10.9257321243452,0,"chi","un",33,1000,0.5,0,0,0,TRUE,0,FALSE,101,"leave-1",1000,0.5,1e+05,TRUE,98
10,0,0,0,10.9380505396065,10.9481081472474,10.9345522712687,0,10.9449378220053,0,"chi","un",33,1000,0.5,0,0,0,TRUE,0,FALSE,101,"leave-1",1000,0.5,1e+05,TRUE,98
10,0,0,0,10.9380505396065,10.9502776156568,10.9345522712687,0,10.9474499735396,0,"chi","un",33,1000,0.5,0,0,0,TRUE,0,FALSE,101,"leave-1",1000,0.5,1e+05,TRUE,98
10,0,0,0,10.9380505396065,10.9472965930387,10.9345522712687,0,10.9445809647239,0,"chi","un",33,1000,0.5,0,0,0,TRUE,0,FALSE,101,"leave-1",1000,0.5,1e+05,TRUE,98
10,0,0,0,10.9380505396065,10.946637309189,10.9345522712687,0,10.9438550997521,0,"chi","un",33,1000,0.5,0,0,0,TRUE,0,FALSE,101,"leave-1",1000,0.5,1e+05,TRUE,98
10,0,0,0,10.9380505396065,10.9406741188216,10.9345522712687,0,10.9376274164611,0,"chi","un",33,1000,0.5,0,0,0,TRUE,0,FALSE,101,"leave-1",1000,0.5,1e+05,TRUE,98
10,0,0,0,10.9380505396065,10.9566648476408,10.9345522712687,0,10.9533778031788,0,"chi","un",33,1000,0.5,0,0,0,TRUE,0,FALSE,101,"leave-1",1000,0.5,1e+05,TRUE,98
10,0,0,0,10.9380505396065,10.9259023551087,10.9345522712687,0,10.9234786772904,0,"chi","un",33,1000,0.5,0,0,0,TRUE,0,FALSE,101,"leave-1",1000,0.5,1e+05,TRUE,98
10,0,0,0,10.9380505396065,10.9381090299081,10.9345522712687,0,10.9354314378193,0,"chi","un",33,1000,0.5,0,0,0,TRUE,0,FALSE,101,"leave-1",1000,0.5,1e+05,TRUE,98
10,0,0,0,10.9380505396065,10.9268036582401,10.9345522712687,0,10.922251422397,0,"chi","un",33,1000,0.5,0,0,0,TRUE,0,FALSE,101,"leave-1",1000,0.5,1e+05,TRUE,98
10,0,0,0,10.9380505396065,10.9478275757504,10.9345522712687,0,10.9442027793665,0,"chi","un",33,1000,0.5,0,0,0,TRUE,0,FALSE,101,"leave-1",1000,0.5,1e+05,TRUE,98
10,0,0,0,10.9380505396065,10.9485534764296,10.9345522712687,0,10.9451390402903,0,"chi","un",33,1000,0.5,0,0,0,TRUE,0,FALSE,101,"leave-1",1000,0.5,1e+05,TRUE,98
10,0,0,0,10.9380505396065,10.9491502116893,10.9345522712687,0,10.9457230534725,0,"chi","un",33,1000,0.5,0,0,0,TRUE,0,FALSE,101,"leave-1",1000,0.5,1e+05,TRUE,98
10,0,0,0,10.9380505396065,10.9536700447446,10.9345522712687,0,10.9511821418315,0,"chi","un",33,1000,0.5,0,0,0,TRUE,0,FALSE,101,"leave-1",1000,0.5,1e+05,TRUE,98
10,0,0,0,10.9380505396065,10.9511350296858,10.9345522712687,0,10.947201158827,0,"chi","un",33,1000,0.5,0,0,0,TRUE,0,FALSE,101,"leave-1",1000,0.5,1e+05,TRUE,98
10,0,0,0,10.9380505396065,10.9485454939223,10.9345522712687,0,10.9451425306174,0,"chi","un",33,1000,0.5,0,0,0,TRUE,0,FALSE,101,"leave-1",1000,0.5,1e+05,TRUE,98
10,0,0,0,10.9380505396065,10.9479366645121,10.9345522712687,0,10.9440586009446,0,"chi","un",33,1000,0.5,0,0,0,TRUE,0,FALSE,101,"leave-1",1000,0.5,1e+05,TRUE,98
10,0,0,0,10.9380505396065,10.948808170996,10.9345522712687,0,10.9455364124907,0,"chi","un",33,1000,0.5,0,0,0,TRUE,0,FALSE,101,"leave-1",1000,0.5,1e+05,TRUE,98
10,0,0,0,10.9380505396065,10.9551294641167,10.9345522712687,0,10.9516611236676,0,"chi","un",33,1000,0.5,0,0,0,TRUE,0,FALSE,101,"leave-1",1000,0.5,1e+05,TRUE,98
10,0,0,0,10.9380505396065,10.9571219694867,10.9345522712687,0,10.9546545191764,0,"chi","un",33,1000,0.5,0,0,0,TRUE,0,FALSE,101,"leave-1",1000,0.5,1e+05,TRUE,98
10,0,0,0,10.9380505396065,10.9496652079178,10.9345522712687,0,10.9461858889244,0,"chi","un",33,1000,0.5,0,0,0,TRUE,0,FALSE,101,"leave-1",1000,0.5,1e+05,TRUE,98
10,0,0,0,10.9380505396065,10.9427552707725,10.9345522712687,0,10.9397160642378,0,"chi","un",33,1000,0.5,0,0,0,TRUE,0,FALSE,101,"leave-1",1000,0.5,1e+05,TRUE,98
10,0,0,0,10.9380505396065,10.9594791660096,10.9345522712687,0,10.9577904242536,0,"chi","un",33,1000,0.5,0,0,0,TRUE,0,FALSE,101,"leave-1",1000,0.5,1e+05,TRUE,98
10,0,0,0,10.9380505396065,10.960523221006,10.9345522712687,0,10.9567246957499,0,"chi","un",33,1000,0.5,0,0,0,TRUE,0,FALSE,101,"leave-1",1000,0.5,1e+05,TRUE,98
10,0,0,0,10.9380505396065,10.9169674831489,10.9345522712687,0,10.9145305125698,0,"chi","un",33,1000,0.5,0,0,0,TRUE,0,FALSE,101,"leave-1",1000,0.5,1e+05,TRUE,98
10,0,0,0,10.9380505396065,10.9487602678421,10.9345522712687,0,10.9452385774111,0,"chi","un",33,1000,0.5,0,0,0,TRUE,0,FALSE,101,"leave-1",1000,0.5,1e+05,TRUE,98
10,0,0,0,10.9380505396065,10.900720187954,10.9345522712687,0,10.8989433368146,0,"chi","un",33,1000,0.5,0,0,0,TRUE,0,FALSE,101,"leave-1",1000,0.5,1e+05,TRUE,98
10,0,0,0,10.9380505396065,10.933266921403,10.9345522712687,0,10.9305533285024,0,"chi","un",33,1000,0.5,0,0,0,TRUE,0,FALSE,101,"leave-1",1000,0.5,1e+05,TRUE,98
10,0,0,0,10.9380505396065,10.9022933772904,10.9345522712687,0,10.9001314602321,0,"chi","un",33,1000,0.5,0,0,0,TRUE,0,FALSE,101,"leave-1",1000,0.5,1e+05,TRUE,98
10,0,0,0,10.9380505396065,10.9510871853526,10.9345522712687,0,10.9479587872022,0,"chi","un",33,1000,0.5,0,0,0,TRUE,0,FALSE,101,"leave-1",1000,0.5,1e+05,TRUE,98
10,0,0,0,10.9380505396065,10.9460975009193,10.9345522712687,0,10.9433322487326,0,"chi","un",33,1000,0.5,0,0,0,TRUE,0,FALSE,101,"leave-1",1000,0.5,1e+05,TRUE,98
10,0,0,0,10.9380505396065,10.9548193981688,10.9345522712687,0,10.9516587646999,0,"chi","un",33,1000,0.5,0,0,0,TRUE,0,FALSE,101,"leave-1",1000,0.5,1e+05,TRUE,98
10,0,0,0,10.9380505396065,10.9537453284961,10.9345522712687,0,10.9505610539984,0,"chi","un",33,1000,0.5,0,0,0,TRUE,0,FALSE,101,"leave-1",1000,0.5,1e+05,TRUE,98
10,0,0,0,10.9380505396065,10.9400121853785,10.9345522712687,0,10.9377639678851,0,"chi","un",33,1000,0.5,0,0,0,TRUE,0,FALSE,101,"leave-1",1000,0.5,1e+05,TRUE,98
10,0,0,0,10.9380505396065,10.9253198073944,10.9345522712687,0,10.9232483579822,0,"chi","un",33,1000,0.5,0,0,0,TRUE,0,FALSE,101,"leave-1",1000,0.5,1e+05,TRUE,98
10,0,0,0,10.9380505396065,10.9826279686564,10.9345522712687,0,10.9793331185709,0,"chi","un",33,1000,0.5,0,0,0,TRUE,0,FALSE,101,"leave-1",1000,0.5,1e+05,TRUE,98
10,0,0,0,10.9380505396065,10.9450683438616,10.9345522712687,0,10.9430781175947,0,"chi","un",33,1000,0.5,0,0,0,TRUE,0,FALSE,101,"leave-1",1000,0.5,1e+05,TRUE,98
10,0,0,0,10.9380505396065,10.938911557385,10.9345522712687,0,10.9348234767042,0,"chi","un",33,1000,0.5,0,0,0,TRUE,0,FALSE,101,"leave-1",1000,0.5,1e+05,TRUE,98
10,0,0,0,10.9380505396065,10.9509181061542,10.9345522712687,0,10.9473253383936,0,"chi","un",33,1000,0.5,0,0,0,TRUE,0,FALSE,101,"leave-1",1000,0.5,1e+05,TRUE,98
10,0,0,0,10.9380505396065,10.9600486850403,10.9345522712687,0,10.9571342430373,0,"chi","un",33,1000,0.5,0,0,0,TRUE,0,FALSE,101,"leave-1",1000,0.5,1e+05,TRUE,98
10,0,0,0,10.9380505396065,10.9501382015125,10.9345522712687,0,10.9476092947573,0,"chi","un",33,1000,0.5,0,0,0,TRUE,0,FALSE,101,"leave-1",1000,0.5,1e+05,TRUE,98
10,0,0,0,10.9380505396065,10.9573414924068,10.9345522712687,0,10.953677892138,0,"chi","un",33,1000,0.5,0,0,0,TRUE,0,FALSE,101,"leave-1",1000,0.5,1e+05,TRUE,98
10,0,0,0,10.9380505396065,10.9555051379669,10.9345522712687,0,10.9520476938582,0,"chi","un",33,1000,0.5,0,0,0,TRUE,0,FALSE,101,"leave-1",1000,0.5,1e+05,TRUE,98
10,0,0,0,10.9380505396065,10.9458208954027,10.9345522712687,0,10.9423813530675,0,"chi","un",33,1000,0.5,0,0,0,TRUE,0,FALSE,101,"leave-1",1000,0.5,1e+05,TRUE,98
10,0,0,0,10.9380505396065,10.9535426976937,10.9345522712687,0,10.9494121071405,0,"chi","un",33,1000,0.5,0,0,0,TRUE,0,FALSE,101,"leave-1",1000,0.5,1e+05,TRUE,98
10,0,0,0,10.9380505396065,10.9473048637725,10.9345522712687,0,10.9444128689306,0,"chi","un",33,1000,0.5,0,0,0,TRUE,0,FALSE,101,"leave-1",1000,0.5,1e+05,TRUE,98
10,0,0,0,10.9380505396065,10.9610063636393,10.9345522712687,0,10.95834114305,0,"chi","un",33,1000,0.5,0,0,0,TRUE,0,FALSE,101,"leave-1",1000,0.5,1e+05,TRUE,98
10,0,0,0,10.9380505396065,10.9513942982131,10.9345522712687,0,10.9477494072924,0,"chi","un",33,1000,0.5,0,0,0,TRUE,0,FALSE,101,"leave-1",1000,0.5,1e+05,TRUE,98
10,0,0,0,10.9380505396065,10.9480276982935,10.9345522712687,0,10.9441225666849,0,"chi","un",33,1000,0.5,0,0,0,TRUE,0,FALSE,101,"leave-1",1000,0.5,1e+05,TRUE,98
10,0,0,0,10.9380505396065,11.0134624750303,10.9345522712687,0,11.0104191022283,0,"chi","un",33,1000,0.5,0,0,0,TRUE,0,FALSE,101,"leave-1",1000,0.5,1e+05,TRUE,98
10,0,0,0,10.9380505396065,10.9582152699034,10.9345522712687,0,10.9552078467503,0,"chi","un",33,1000,0.5,0,0,0,TRUE,0,FALSE,101,"leave-1",1000,0.5,1e+05,TRUE,98
10,0,0,0,10.9380505396065,10.9550726657778,10.9345522712687,0,10.9518552599459,0,"chi","un",33,1000,0.5,0,0,0,TRUE,0,FALSE,101,"leave-1",1000,0.5,1e+05,TRUE,98
10,0,0,0,10.9380505396065,10.9362118776141,10.9345522712687,0,10.9334731479804,0,"chi","un",33,1000,0.5,0,0,0,TRUE,0,FALSE,101,"leave-1",1000,0.5,1e+05,TRUE,98
10,0,0,0,10.9380505396065,10.9551935680079,10.9345522712687,0,10.9514650465164,0,"chi","un",33,1000,0.5,0,0,0,TRUE,0,FALSE,101,"leave-1",1000,0.5,1e+05,TRUE,98
10,0,0,0,10.9380505396065,10.9512138954004,10.9345522712687,0,10.9476693590288,0,"chi","un",33,1000,0.5,0,0,0,TRUE,0,FALSE,101,"leave-1",1000,0.5,1e+05,TRUE,98
10,0,0,0,10.9380505396065,10.8486785569885,10.9345522712687,0,10.8436706438955,0,"chi","un",33,1000,0.5,0,0,0,TRUE,0,FALSE,101,"leave-1",1000,0.5,1e+05,TRUE,98
10,0,0,0,10.9380505396065,10.9515350513583,10.9345522712687,0,10.9481658898482,0,"chi","un",33,1000,0.5,0,0,0,TRUE,0,FALSE,101,"leave-1",1000,0.5,1e+05,TRUE,98
10,0,0,0,10.9380505396065,10.9498677393178,10.9345522712687,0,10.946703233164,0,"chi","un",33,1000,0.5,0,0,0,TRUE,0,FALSE,101,"leave-1",1000,0.5,1e+05,TRUE,98
10,0,0,0,10.9380505396065,10.9430556320727,10.9345522712687,0,10.9416778532305,0,"chi","un",33,1000,0.5,0,0,0,TRUE,0,FALSE,101,"leave-1",1000,0.5,1e+05,TRUE,98
10,0,0,0,10.9380505396065,10.9495469002429,10.9345522712687,0,10.9457296655391,0,"chi","un",33,1000,0.5,0,0,0,TRUE,0,FALSE,101,"leave-1",1000,0.5,1e+05,TRUE,98
10,0,0,0,10.9380505396065,10.9314032576524,10.9345522712687,0,10.9291721466951,0,"chi","un",33,1000,0.5,0,0,0,TRUE,0,FALSE,101,"leave-1",1000,0.5,1e+05,TRUE,98
10,0,0,0,10.9380505396065,10.9487279557253,10.9345522712687,0,10.945814133076,0,"chi","un",33,1000,0.5,0,0,0,TRUE,0,FALSE,101,"leave-1",1000,0.5,1e+05,TRUE,98
10,0,0,0,10.9380505396065,10.9481024810019,10.9345522712687,0,10.9450977751237,0,"chi","un",33,1000,0.5,0,0,0,TRUE,0,FALSE,101,"leave-1",1000,0.5,1e+05,TRUE,98
10,0,0,0,10.9380505396065,10.9392203350293,10.9345522712687,0,10.9362719598551,0,"chi","un",33,1000,0.5,0,0,0,TRUE,0,FALSE,101,"leave-1",1000,0.5,1e+05,TRUE,98
10,0,0,0,10.9380505396065,10.942316929715,10.9345522712687,0,10.9401505559377,0,"chi","un",33,1000,0.5,0,0,0,TRUE,0,FALSE,101,"leave-1",1000,0.5,1e+05,TRUE,98
10,0,0,0,10.9380505396065,10.9500233250926,10.9345522712687,0,10.946668055457,0,"chi","un",33,1000,0.5,0,0,0,TRUE,0,FALSE,101,"leave-1",1000,0.5,1e+05,TRUE,98
10,0,0,0,10.9380505396065,10.9420591553995,10.9345522712687,0,10.9395952422921,0,"chi","un",33,1000,0.5,0,0,0,TRUE,0,FALSE,101,"leave-1",1000,0.5,1e+05,TRUE,98
10,0,0,0,10.9380505396065,10.9416444226169,10.9345522712687,0,10.9392999505603,0,"chi","un",33,1000,0.5,0,0,0,TRUE,0,FALSE,101,"leave-1",1000,0.5,1e+05,TRUE,98
10,0,0,0,10.9380505396065,10.9519564625661,10.9345522712687,0,10.948405956927,0,"chi","un",33,1000,0.5,0,0,0,TRUE,0,FALSE,101,"leave-1",1000,0.5,1e+05,TRUE,98
10,0,0,0,10.9380505396065,10.9420766142804,10.9345522712687,0,10.9393999104096,0,"chi","un",33,1000,0.5,0,0,0,TRUE,0,FALSE,101,"leave-1",1000,0.5,1e+05,TRUE,98
10,0,0,0,10.9380505396065,10.9489063549757,10.9345522712687,0,10.9464873506662,0,"chi","un",33,1000,0.5,0,0,0,TRUE,0,FALSE,101,"leave-1",1000,0.5,1e+05,TRUE,98
10,0,0,0,10.9380505396065,10.9483692579569,10.9345522712687,0,10.9453470402015,0,"chi","un",33,1000,0.5,0,0,0,TRUE,0,FALSE,101,"leave-1",1000,0.5,1e+05,TRUE,98
10,0,0,0,10.9380505396065,10.9465993579128,10.9345522712687,0,10.9439617955117,0,"chi","un",33,1000,0.5,0,0,0,TRUE,0,FALSE,101,"leave-1",1000,0.5,1e+05,TRUE,98
10,0,0,0,10.9380505396065,10.9550573350763,10.9345522712687,0,10.9512349542383,0,"chi","un",33,1000,0.5,0,0,0,TRUE,0,FALSE,101,"leave-1",1000,0.5,1e+05,TRUE,98
10,0,0,0,10.9380505396065,10.9380120150181,10.9345522712687,0,10.9337295953544,0,"chi","un",33,1000,0.5,0,0,0,TRUE,0,FALSE,101,"leave-1",1000,0.5,1e+05,TRUE,98
10,0,0,0,10.9380505396065,10.9527851723652,10.9345522712687,0,10.9506069905193,0,"chi","un",33,1000,0.5,0,0,0,TRUE,0,FALSE,101,"leave-1",1000,0.5,1e+05,TRUE,98
10,0,0,0,10.9380505396065,10.9543918591306,10.9345522712687,0,10.9522100963566,0,"chi","un",33,1000,0.5,0,0,0,TRUE,0,FALSE,101,"leave-1",1000,0.5,1e+05,TRUE,98
10,0,0,0,10.9380505396065,10.9750860904164,10.9345522712687,0,10.9706512638857,0,"chi","un",33,1000,0.5,0,0,0,TRUE,0,FALSE,101,"leave-1",1000,0.5,1e+05,TRUE,98
10,0,0,0,10.9380505396065,10.9068434089179,10.9345522712687,0,10.9065347343927,0,"chi","un",33,1000,0.5,0,0,0,TRUE,0,FALSE,101,"leave-1",1000,0.5,1e+05,TRUE,98
10,0,0,0,10.9380505396065,10.8998211438052,10.9345522712687,0,10.8951189488616,0,"chi","un",33,1000,0.5,0,0,0,TRUE,0,FALSE,101,"leave-1",1000,0.5,1e+05,TRUE,98
10,0,0,0,10.9380505396065,10.924614507322,10.9345522712687,0,10.9226820079277,0,"chi","un",33,1000,0.5,0,0,0,TRUE,0,FALSE,101,"leave-1",1000,0.5,1e+05,TRUE,98
10,0,0,0,10.9380505396065,10.9241646309637,10.9345522712687,0,10.9218506880452,0,"chi","un",33,1000,0.5,0,0,0,TRUE,0,FALSE,101,"leave-1",1000,0.5,1e+05,TRUE,98
10,0,0,0,10.9380505396065,10.9446656121794,10.9345522712687,0,10.9423555858816,0,"chi","un",33,1000,0.5,0,0,0,TRUE,0,FALSE,101,"leave-1",1000,0.5,1e+05,TRUE,98
10,0,0,0,10.9380505396065,10.9295707877851,10.9345522712687,0,10.9286635609668,0,"chi","un",33,1000,0.5,0,0,0,TRUE,0,FALSE,101,"leave-1",1000,0.5,1e+05,TRUE,98
10,0,0,0,10.9380505396065,10.956010450124,10.9345522712687,0,10.9522861658554,0,"chi","un",33,1000,0.5,0,0,0,TRUE,0,FALSE,101,"leave-1",1000,0.5,1e+05,TRUE,98
10,0,0,0,10.9380505396065,10.9482276284339,10.9345522712687,0,10.9448939342638,0,"chi","un",33,1000,0.5,0,0,0,TRUE,0,FALSE,101,"leave-1",1000,0.5,1e+05,TRUE,98
10,0,0,0,10.9380505396065,10.9488314803128,10.9345522712687,0,10.9453255106482,0,"chi","un",33,1000,0.5,0,0,0,TRUE,0,FALSE,101,"leave-1",1000,0.5,1e+05,TRUE,98
10,0,0,0,10.9380505396065,10.9526590419656,10.9345522712687,0,10.9498572546724,0,"chi","un",33,1000,0.5,0,0,0,TRUE,0,FALSE,101,"leave-1",1000,0.5,1e+05,TRUE,98
10,0,0,0,10.9380505396065,10.9462247091552,10.9345522712687,0,10.942935926559,0,"chi","un",33,1000,0.5,0,0,0,TRUE,0,FALSE,101,"leave-1",1000,0.5,1e+05,TRUE,98
10,0,0,0,10.9380505396065,10.9409175558014,10.9345522712687,0,10.9384850297431,0,"chi","un",33,1000,0.5,0,0,0,TRUE,0,FALSE,101,"leave-1",1000,0.5,1e+05,TRUE,98
10,0,0,0,10.9380505396065,10.9385780701715,10.9345522712687,0,10.9355277114518,0,"chi","un",33,1000,0.5,0,0,0,TRUE,0,FALSE,101,"leave-1",1000,0.5,1e+05,TRUE,98
10,0,0,0,10.9380505396065,10.9459730552372,10.9345522712687,0,10.9422708956802,0,"chi","un",33,1000,0.5,0,0,0,TRUE,0,FALSE,101,"leave-1",1000,0.5,1e+05,TRUE,98
10,0,0,0,10.9380505396065,10.9479329664096,10.9345522712687,0,10.9440568494718,0,"chi","un",33,1000,0.5,0,0,0,TRUE,0,FALSE,101,"leave-1",1000,0.5,1e+05,TRUE,98
10,0,0,0,10.9380505396065,10.9598953654306,10.9345522712687,0,10.9564624122791,0,"chi","un",33,1000,0.5,0,0,0,TRUE,0,FALSE,101,"leave-1",1000,0.5,1e+05,TRUE,98
10,0,0,0,10.9380505396065,10.9618575673968,10.9345522712687,0,10.9582555629467,0,"chi","un",33,1000,0.5,0,0,0,TRUE,0,FALSE,101,"leave-1",1000,0.5,1e+05,TRUE,98
10,0,0,0,10.9380505396065,10.9434179223443,10.9345522712687,0,10.9403603484662,0,"chi","un",33,1000,0.5,0,0,0,TRUE,0,FALSE,101,"leave-1",1000,0.5,1e+05,TRUE,98
10,0,0,0,10.9380505396065,10.9495092393324,10.9345522712687,0,10.9470235660567,0,"chi","un",33,1000,0.5,0,0,0,TRUE,0,FALSE,101,"leave-1",1000,0.5,1e+05,TRUE,98
10,0,0,0,10.9380505396065,10.9467004464838,10.9345522712687,0,10.9434491850832,0,"chi","un",33,1000,0.5,0,0,0,TRUE,0,FALSE,101,"leave-1",1000,0.5,1e+05,TRUE,98
10,0,0,0,10.9380505396065,10.9520966433496,10.9345522712687,0,10.948859263026,0,"chi","un",33,1000,0.5,0,0,0,TRUE,0,FALSE,101,"leave-1",1000,0.5,1e+05,TRUE,98
10,0,0,0,10.9380505396065,10.9508936959936,10.9345522712687,0,10.9471201649974,0,"chi","un",33,1000,0.5,0,0,0,TRUE,0,FALSE,101,"leave-1",1000,0.5,1e+05,TRUE,98
10,0,0,0,10.9380505396065,10.9369245710627,10.9345522712687,0,10.9328063806985,0,"chi","un",33,1000,0.5,0,0,0,TRUE,0,FALSE,101,"leave-1",1000,0.5,1e+05,TRUE,98
10,0,0,0,10.9380505396065,10.9534174785079,10.9345522712687,0,10.9503775094309,0,"chi","un",33,1000,0.5,0,0,0,TRUE,0,FALSE,101,"leave-1",1000,0.5,1e+05,TRUE,98
10,0,0,0,10.9380505396065,10.9124875771324,10.9345522712687,0,10.910512167733,0,"chi","un",33,1000,0.5,0,0,0,TRUE,0,FALSE,101,"leave-1",1000,0.5,1e+05,TRUE,98
10,0,0,0,10.9380505396065,10.8684575733596,10.9345522712687,0,10.8634978288682,0,"chi","un",33,1000,0.5,0,0,0,TRUE,0,FALSE,101,"leave-1",1000,0.5,1e+05,TRUE,98
10,0,0,0,10.9380505396065,10.9495129658257,10.9345522712687,0,10.9462739108137,0,"chi","un",33,1000,0.5,0,0,0,TRUE,0,FALSE,101,"leave-1",1000,0.5,1e+05,TRUE,98
10,0,0,0,10.9380505396065,10.9430303527221,10.9345522712687,0,10.9402768253548,0,"chi","un",33,1000,0.5,0,0,0,TRUE,0,FALSE,101,"leave-1",1000,0.5,1e+05,TRUE,98
10,0,0,0,10.9380505396065,10.949913707593,10.9345522712687,0,10.9464869953897,0,"chi","un",33,1000,0.5,0,0,0,TRUE,0,FALSE,101,"leave-1",1000,0.5,1e+05,TRUE,98
10,0,0,0,10.9380505396065,10.9418374275989,10.9345522712687,0,10.9387572101524,0,"chi","un",33,1000,0.5,0,0,0,TRUE,0,FALSE,101,"leave-1",1000,0.5,1e+05,TRUE,98
10,0,0,0,10.9380505396065,10.8748249510486,10.9345522712687,0,10.8702269949045,0,"chi","un",33,1000,0.5,0,0,0,TRUE,0,FALSE,101,"leave-1",1000,0.5,1e+05,TRUE,98
10,0,0,0,10.9380505396065,10.9397507929524,10.9345522712687,0,10.9356091929105,0,"chi","un",33,1000,0.5,0,0,0,TRUE,0,FALSE,101,"leave-1",1000,0.5,1e+05,TRUE,98
10,0,0,0,10.9380505396065,10.9418881053999,10.9345522712687,0,10.9387601145336,0,"chi","un",33,1000,0.5,0,0,0,TRUE,0,FALSE,101,"leave-1",1000,0.5,1e+05,TRUE,98
10,0,0,0,10.9380505396065,10.9494869041203,10.9345522712687,0,10.9460657965305,0,"chi","un",33,1000,0.5,0,0,0,TRUE,0,FALSE,101,"leave-1",1000,0.5,1e+05,TRUE,98
10,0,0,0,10.9380505396065,10.9039148335558,10.9345522712687,0,10.8994963700571,0,"chi","un",33,1000,0.5,0,0,0,TRUE,0,FALSE,101,"leave-1",1000,0.5,1e+05,TRUE,98
10,0,0,0,10.9380505396065,10.9021150222471,10.9345522712687,0,10.8975425818679,0,"chi","un",33,1000,0.5,0,0,0,TRUE,0,FALSE,101,"leave-1",1000,0.5,1e+05,TRUE,98
10,0,0,0,10.9380505396065,10.9473958546888,10.9345522712687,0,10.9440884631717,0,"chi","un",33,1000,0.5,0,0,0,TRUE,0,FALSE,101,"leave-1",1000,0.5,1e+05,TRUE,98
10,0,0,0,10.9380505396065,10.9038245924553,10.9345522712687,0,10.8988808989147,0,"chi","un",33,1000,0.5,0,0,0,TRUE,0,FALSE,101,"leave-1",1000,0.5,1e+05,TRUE,98
10,0,0,0,10.9380505396065,10.9316730603799,10.9345522712687,0,10.9290289312031,0,"chi","un",33,1000,0.5,0,0,0,TRUE,0,FALSE,101,"leave-1",1000,0.5,1e+05,TRUE,98
10,0,0,0,10.9380505396065,10.9415536362735,10.9345522712687,0,10.9386404736382,0,"chi","un",33,1000,0.5,0,0,0,TRUE,0,FALSE,101,"leave-1",1000,0.5,1e+05,TRUE,98
10,0,0,0,10.9380505396065,10.9626511732201,10.9345522712687,0,10.9588564273443,0,"chi","un",33,1000,0.5,0,0,0,TRUE,0,FALSE,101,"leave-1",1000,0.5,1e+05,TRUE,98
10,0,0,0,10.9380505396065,10.973236400586,10.9345522712687,0,10.969279179691,0,"chi","un",33,1000,0.5,0,0,0,TRUE,0,FALSE,101,"leave-1",1000,0.5,1e+05,TRUE,98
10,0,0,0,10.9380505396065,10.937878041823,10.9345522712687,0,10.9368514177072,0,"chi","un",33,1000,0.5,0,0,0,TRUE,0,FALSE,101,"leave-1",1000,0.5,1e+05,TRUE,98
10,0,0,0,10.9380505396065,10.8940913402721,10.9345522712687,0,10.8894192942778,0,"chi","un",33,1000,0.5,0,0,0,TRUE,0,FALSE,101,"leave-1",1000,0.5,1e+05,TRUE,98
10,0,0,0,10.9380505396065,10.9394428715188,10.9345522712687,0,10.9356521118231,0,"chi","un",33,1000,0.5,0,0,0,TRUE,0,FALSE,101,"leave-1",1000,0.5,1e+05,TRUE,98
10,0,0,0,10.9380505396065,10.9509147258983,10.9345522712687,0,10.9470920852578,0,"chi","un",33,1000,0.5,0,0,0,TRUE,0,FALSE,101,"leave-1",1000,0.5,1e+05,TRUE,98
10,0,0,0,10.9380505396065,10.8947191209917,10.9345522712687,0,10.8906818879887,0,"chi","un",33,1000,0.5,0,0,0,TRUE,0,FALSE,101,"leave-1",1000,0.5,1e+05,TRUE,98
10,0,0,0,10.9380505396065,10.9587106765654,10.9345522712687,0,10.955364046571,0,"chi","un",33,1000,0.5,0,0,0,TRUE,0,FALSE,101,"leave-1",1000,0.5,1e+05,TRUE,98
10,0,0,0,10.9380505396065,10.940697150591,10.9345522712687,0,10.9366847567975,0,"chi","un",33,1000,0.5,0,0,0,TRUE,0,FALSE,101,"leave-1",1000,0.5,1e+05,TRUE,98
10,0,0,0,10.9380505396065,10.9306429655945,10.9345522712687,0,10.9277897245715,0,"chi","un",33,1000,0.5,0,0,0,TRUE,0,FALSE,101,"leave-1",1000,0.5,1e+05,TRUE,98
10,0,0,0,10.9380505396065,10.9180296333629,10.9345522712687,0,10.9160108959681,0,"chi","un",33,1000,0.5,0,0,0,TRUE,0,FALSE,101,"leave-1",1000,0.5,1e+05,TRUE,98
10,0,0,0,10.9380505396065,10.9182705500948,10.9345522712687,0,10.9137406580808,0,"chi","un",33,1000,0.5,0,0,0,TRUE,0,FALSE,101,"leave-1",1000,0.5,1e+05,TRUE,98
10,0,0,0,10.9380505396065,10.9458203048475,10.9345522712687,0,10.9426168806197,0,"chi","un",33,1000,0.5,0,0,0,TRUE,0,FALSE,101,"leave-1",1000,0.5,1e+05,TRUE,98
10,0,0,0,10.9380505396065,10.9442283180205,10.9345522712687,0,10.9407125059088,0,"chi","un",33,1000,0.5,0,0,0,TRUE,0,FALSE,101,"leave-1",1000,0.5,1e+05,TRUE,98
10,0,0,0,10.9380505396065,10.9392071333589,10.9345522712687,0,10.9364684587562,0,"chi","un",33,1000,0.5,0,0,0,TRUE,0,FALSE,101,"leave-1",1000,0.5,1e+05,TRUE,98
10,0,0,0,10.9380505396065,10.9296593221781,10.9345522712687,0,10.925198292235,0,"chi","un",33,1000,0.5,0,0,0,TRUE,0,FALSE,101,"leave-1",1000,0.5,1e+05,TRUE,98
10,0,0,0,10.9380505396065,10.9022124382098,10.9345522712687,0,10.9003067017236,0,"chi","un",33,1000,0.5,0,0,0,TRUE,0,FALSE,101,"leave-1",1000,0.5,1e+05,TRUE,98
10,0,0,0,10.9380505396065,10.9528178968985,10.9345522712687,0,10.949066519891,0,"chi","un",33,1000,0.5,0,0,0,TRUE,0,FALSE,101,"leave-1",1000,0.5,1e+05,TRUE,98
10,0,0,0,10.9380505396065,10.9320191819947,10.9345522712687,0,10.9276151284321,0,"chi","un",33,1000,0.5,0,0,0,TRUE,0,FALSE,101,"leave-1",1000,0.5,1e+05,TRUE,98
10,0,0,0,10.9380505396065,10.9553018649335,10.9345522712687,0,10.9522571563582,0,"chi","un",33,1000,0.5,0,0,0,TRUE,0,FALSE,101,"leave-1",1000,0.5,1e+05,TRUE,98
10,0,0,0,10.9380505396065,10.948000532732,10.9345522712687,0,10.9441401302007,0,"chi","un",33,1000,0.5,0,0,0,TRUE,0,FALSE,101,"leave-1",1000,0.5,1e+05,TRUE,98
10,0,0,0,10.9380505396065,10.7895054193,10.9345522712687,0,10.7841430322407,0,"chi","un",33,1000,0.5,0,0,0,TRUE,0,FALSE,101,"leave-1",1000,0.5,1e+05,TRUE,98
10,0,0,0,10.9380505396065,10.9512491943459,10.9345522712687,0,10.950677566512,0,"chi","un",33,1000,0.5,0,0,0,TRUE,0,FALSE,101,"leave-1",1000,0.5,1e+05,TRUE,98
10,0,0,0,10.9380505396065,10.9519069138068,10.9345522712687,0,10.949063685785,0,"chi","un",33,1000,0.5,0,0,0,TRUE,0,FALSE,101,"leave-1",1000,0.5,1e+05,TRUE,98
10,0,0,0,10.9380505396065,10.938564048571,10.9345522712687,0,10.9371985046763,0,"chi","un",33,1000,0.5,0,0,0,TRUE,0,FALSE,101,"leave-1",1000,0.5,1e+05,TRUE,98
10,0,0,0,10.9380505396065,10.9155144006157,10.9345522712687,0,10.912925730562,0,"chi","un",33,1000,0.5,0,0,0,TRUE,0,FALSE,101,"leave-1",1000,0.5,1e+05,TRUE,98
10,0,0,0,10.9380505396065,10.9361689504325,10.9345522712687,0,10.9342175964212,0,"chi","un",33,1000,0.5,0,0,0,TRUE,0,FALSE,101,"leave-1",1000,0.5,1e+05,TRUE,98
10,0,0,0,10.9380505396065,10.9467431353774,10.9345522712687,0,10.943523780994,0,"chi","un",33,1000,0.5,0,0,0,TRUE,0,FALSE,101,"leave-1",1000,0.5,1e+05,TRUE,98
10,0,0,0,10.9380505396065,10.9423357057369,10.9345522712687,0,10.9397173598012,0,"chi","un",33,1000,0.5,0,0,0,TRUE,0,FALSE,101,"leave-1",1000,0.5,1e+05,TRUE,98
10,0,0,0,10.9380505396065,10.950992982485,10.9345522712687,0,10.947782410386,0,"chi","un",33,1000,0.5,0,0,0,TRUE,0,FALSE,101,"leave-1",1000,0.5,1e+05,TRUE,98
10,0,0,0,10.9380505396065,10.9448268826425,10.9345522712687,0,10.943833242079,0,"chi","un",33,1000,0.5,0,0,0,TRUE,0,FALSE,101,"leave-1",1000,0.5,1e+05,TRUE,98
10,0,0,0,10.9380505396065,10.9620898277309,10.9345522712687,0,10.9589365226097,0,"chi","un",33,1000,0.5,0,0,0,TRUE,0,FALSE,101,"leave-1",1000,0.5,1e+05,TRUE,98
10,0,0,0,10.9380505396065,10.939035022845,10.9345522712687,0,10.9351280414908,0,"chi","un",33,1000,0.5,0,0,0,TRUE,0,FALSE,101,"leave-1",1000,0.5,1e+05,TRUE,98
10,0,0,0,10.9380505396065,10.9652964817458,10.9345522712687,0,10.9623371443323,0,"chi","un",33,1000,0.5,0,0,0,TRUE,0,FALSE,101,"leave-1",1000,0.5,1e+05,TRUE,98
10,0,0,0,10.9380505396065,10.9504114196752,10.9345522712687,0,10.9467726960557,0,"chi","un",33,1000,0.5,0,0,0,TRUE,0,FALSE,101,"leave-1",1000,0.5,1e+05,TRUE,98
10,0,0,0,10.9380505396065,10.9474799710754,10.9345522712687,0,10.9437315672706,0,"chi","un",33,1000,0.5,0,0,0,TRUE,0,FALSE,101,"leave-1",1000,0.5,1e+05,TRUE,98
10,0,0,0,10.9380505396065,10.9344080498387,10.9345522712687,0,10.9315279123396,0,"chi","un",33,1000,0.5,0,0,0,TRUE,0,FALSE,101,"leave-1",1000,0.5,1e+05,TRUE,98
10,0,0,0,10.9380505396065,10.9528001308011,10.9345522712687,0,10.9497056534275,0,"chi","un",33,1000,0.5,0,0,0,TRUE,0,FALSE,101,"leave-1",1000,0.5,1e+05,TRUE,98
10,0,0,0,10.9380505396065,10.9516159000517,10.9345522712687,0,10.9487360618967,0,"chi","un",33,1000,0.5,0,0,0,TRUE,0,FALSE,101,"leave-1",1000,0.5,1e+05,TRUE,98
10,0,0,0,10.9380505396065,10.9396206353086,10.9345522712687,0,10.9358233004936,0,"chi","un",33,1000,0.5,0,0,0,TRUE,0,FALSE,101,"leave-1",1000,0.5,1e+05,TRUE,98
10,0,0,0,10.9380505396065,10.8192177711091,10.9345522712687,0,10.8146645908666,0,"chi","un",33,1000,0.5,0,0,0,TRUE,0,FALSE,101,"leave-1",1000,0.5,1e+05,TRUE,98
10,0,0,0,10.9380505396065,10.9565676108321,10.9345522712687,0,10.9535819422311,0,"chi","un",33,1000,0.5,0,0,0,TRUE,0,FALSE,101,"leave-1",1000,0.5,1e+05,TRUE,98
10,0,0,0,10.9380505396065,10.946455718962,10.9345522712687,0,10.9439720824817,0,"chi","un",33,1000,0.5,0,0,0,TRUE,0,FALSE,101,"leave-1",1000,0.5,1e+05,TRUE,98
10,0,0,0,10.9380505396065,10.9577229083519,10.9345522712687,0,10.9540004059371,0,"chi","un",33,1000,0.5,0,0,0,TRUE,0,FALSE,101,"leave-1",1000,0.5,1e+05,TRUE,98
10,0,0,0,10.9380505396065,10.9532820520933,10.9345522712687,0,10.949646838427,0,"chi","un",33,1000,0.5,0,0,0,TRUE,0,FALSE,101,"leave-1",1000,0.5,1e+05,TRUE,98
10,0,0,0,10.9380505396065,10.9651061697325,10.9345522712687,0,10.9604360473,0,"chi","un",33,1000,0.5,0,0,0,TRUE,0,FALSE,101,"leave-1",1000,0.5,1e+05,TRUE,98
10,0,0,0,10.9380505396065,10.9480343629467,10.9345522712687,0,10.9478993591107,0,"chi","un",33,1000,0.5,0,0,0,TRUE,0,FALSE,101,"leave-1",1000,0.5,1e+05,TRUE,98
10,0,0,0,10.9380505396065,10.9572591357566,10.9345522712687,0,10.9540696137554,0,"chi","un",33,1000,0.5,0,0,0,TRUE,0,FALSE,101,"leave-1",1000,0.5,1e+05,TRUE,98
10,0,0,0,10.9380505396065,10.9366572592782,10.9345522712687,0,10.9323833952777,0,"chi","un",33,1000,0.5,0,0,0,TRUE,0,FALSE,101,"leave-1",1000,0.5,1e+05,TRUE,98
10,0,0,0,10.9380505396065,10.939653660554,10.9345522712687,0,10.9368048063026,0,"chi","un",33,1000,0.5,0,0,0,TRUE,0,FALSE,101,"leave-1",1000,0.5,1e+05,TRUE,98
10,0,0,0,10.9380505396065,10.9538560878789,10.9345522712687,0,10.9516123277847,0,"chi","un",33,1000,0.5,0,0,0,TRUE,0,FALSE,101,"leave-1",1000,0.5,1e+05,TRUE,98
10,0,0,0,10.9380505396065,10.9332527182295,10.9345522712687,0,10.9303719856644,0,"chi","un",33,1000,0.5,0,0,0,TRUE,0,FALSE,101,"leave-1",1000,0.5,1e+05,TRUE,98
10,0,0,0,10.9380505396065,10.9443477614584,10.9345522712687,0,10.9415072830472,0,"chi","un",33,1000,0.5,0,0,0,TRUE,0,FALSE,101,"leave-1",1000,0.5,1e+05,TRUE,98
10,0,0,0,10.9380505396065,10.9487474308201,10.9345522712687,0,10.945115741972,0,"chi","un",33,1000,0.5,0,0,0,TRUE,0,FALSE,101,"leave-1",1000,0.5,1e+05,TRUE,98
10,0,0,0,10.9380505396065,10.9575267843944,10.9345522712687,0,10.9543400657449,0,"chi","un",33,1000,0.5,0,0,0,TRUE,0,FALSE,101,"leave-1",1000,0.5,1e+05,TRUE,98
10,0,0,0,10.9380505396065,10.9279314756162,10.9345522712687,0,10.9239415245397,0,"chi","un",33,1000,0.5,0,0,0,TRUE,0,FALSE,101,"leave-1",1000,0.5,1e+05,TRUE,98
10,0,0,0,10.9380505396065,10.9714153905986,10.9345522712687,0,10.9676887852355,0,"chi","un",33,1000,0.5,0,0,0,TRUE,0,FALSE,101,"leave-1",1000,0.5,1e+05,TRUE,98
10,0,0,0,10.9380505396065,10.9455494139746,10.9345522712687,0,10.9415917190945,0,"chi","un",33,1000,0.5,0,0,0,TRUE,0,FALSE,101,"leave-1",1000,0.5,1e+05,TRUE,98
10,0,0,0,10.9380505396065,10.9619760623082,10.9345522712687,0,10.9580419670853,0,"chi","un",33,1000,0.5,0,0,0,TRUE,0,FALSE,101,"leave-1",1000,0.5,1e+05,TRUE,98
10,0,0,0,10.9380505396065,10.9298090446984,10.9345522712687,0,10.9260251931737,0,"chi","un",33,1000,0.5,0,0,0,TRUE,0,FALSE,101,"leave-1",1000,0.5,1e+05,TRUE,98
10,0,0,0,10.9380505396065,10.946438079438,10.9345522712687,0,10.9438025436102,0,"chi","un",33,1000,0.5,0,0,0,TRUE,0,FALSE,101,"leave-1",1000,0.5,1e+05,TRUE,98
10,0,0,0,10.9380505396065,10.9362294293423,10.9345522712687,0,10.9336397723353,0,"chi","un",33,1000,0.5,0,0,0,TRUE,0,FALSE,101,"leave-1",1000,0.5,1e+05,TRUE,98
10,0,0,0,10.9380505396065,10.9207524566516,10.9345522712687,0,10.9185642306207,0,"chi","un",33,1000,0.5,0,0,0,TRUE,0,FALSE,101,"leave-1",1000,0.5,1e+05,TRUE,98
10,0,0,0,10.9380505396065,10.9420088174782,10.9345522712687,0,10.9375064357102,0,"chi","un",33,1000,0.5,0,0,0,TRUE,0,FALSE,101,"leave-1",1000,0.5,1e+05,TRUE,98
10,0,0,0,10.9380505396065,10.9698188559239,10.9345522712687,0,10.9656603319273,0,"chi","un",33,1000,0.5,0,0,0,TRUE,0,FALSE,101,"leave-1",1000,0.5,1e+05,TRUE,98
10,0,0,0,10.9380505396065,10.9300005947984,10.9345522712687,0,10.9253898721846,0,"chi","un",33,1000,0.5,0,0,0,TRUE,0,FALSE,101,"leave-1",1000,0.5,1e+05,TRUE,98
10,0,0,0,10.9380505396065,10.9589824209316,10.9345522712687,0,10.9554185322076,0,"chi","un",33,1000,0.5,0,0,0,TRUE,0,FALSE,101,"leave-1",1000,0.5,1e+05,TRUE,98
10,0,0,0,10.9380505396065,10.937754265713,10.9345522712687,0,10.9357442627317,0,"chi","un",33,1000,0.5,0,0,0,TRUE,0,FALSE,101,"leave-1",1000,0.5,1e+05,TRUE,98
10,0,0,0,10.9380505396065,11.0141898056657,10.9345522712687,0,11.0097270544993,0,"chi","un",33,1000,0.5,0,0,0,TRUE,0,FALSE,101,"leave-1",1000,0.5,1e+05,TRUE,98
10,0,0,0,10.9380505396065,10.942461829826,10.9345522712687,0,10.9396312597657,0,"chi","un",33,1000,0.5,0,0,0,TRUE,0,FALSE,101,"leave-1",1000,0.5,1e+05,TRUE,98
10,0,0,0,10.9380505396065,10.9314803152173,10.9345522712687,0,10.927236647985,0,"chi","un",33,1000,0.5,0,0,0,TRUE,0,FALSE,101,"leave-1",1000,0.5,1e+05,TRUE,98
10,0,0,0,10.9380505396065,10.959216743845,10.9345522712687,0,10.9558678220915,0,"chi","un",33,1000,0.5,0,0,0,TRUE,0,FALSE,101,"leave-1",1000,0.5,1e+05,TRUE,98
10,0,0,0,10.9380505396065,10.9094958829815,10.9345522712687,0,10.9060650572043,0,"chi","un",33,1000,0.5,0,0,0,TRUE,0,FALSE,101,"leave-1",1000,0.5,1e+05,TRUE,98
10,0,0,0,10.9380505396065,10.9306255503867,10.9345522712687,0,10.9278845921491,0,"chi","un",33,1000,0.5,0,0,0,TRUE,0,FALSE,101,"leave-1",1000,0.5,1e+05,TRUE,98
10,0,0,0,10.9380505396065,10.9463093874278,10.9345522712687,0,10.9431247100141,0,"chi","un",33,1000,0.5,0,0,0,TRUE,0,FALSE,101,"leave-1",1000,0.5,1e+05,TRUE,98
10,0,0,0,10.9380505396065,10.893453800845,10.9345522712687,0,10.8911586681348,0,"chi","un",33,1000,0.5,0,0,0,TRUE,0,FALSE,101,"leave-1",1000,0.5,1e+05,TRUE,98
10,0,0,0,10.9380505396065,10.9491849730682,10.9345522712687,0,10.9462779846404,0,"chi","un",33,1000,0.5,0,0,0,TRUE,0,FALSE,101,"leave-1",1000,0.5,1e+05,TRUE,98
10,0,0,0,10.9380505396065,10.94800789045,10.9345522712687,0,10.9442599723133,0,"chi","un",33,1000,0.5,0,0,0,TRUE,0,FALSE,101,"leave-1",1000,0.5,1e+05,TRUE,98
10,0,0,0,10.9380505396065,10.9377902097652,10.9345522712687,0,10.9350827265515,0,"chi","un",33,1000,0.5,0,0,0,TRUE,0,FALSE,101,"leave-1",1000,0.5,1e+05,TRUE,98
10,0,0,0,10.9380505396065,10.9472943499059,10.9345522712687,0,10.9441020563419,0,"chi","un",33,1000,0.5,0,0,0,TRUE,0,FALSE,101,"leave-1",1000,0.5,1e+05,TRUE,98
10,0,0,0,10.9380505396065,10.9256381754911,10.9345522712687,0,10.9214524890383,0,"chi","un",33,1000,0.5,0,0,0,TRUE,0,FALSE,101,"leave-1",1000,0.5,1e+05,TRUE,98
10,0,0,0,10.9380505396065,10.9499662206444,10.9345522712687,0,10.9467524876683,0,"chi","un",33,1000,0.5,0,0,0,TRUE,0,FALSE,101,"leave-1",1000,0.5,1e+05,TRUE,98
10,0,0,0,10.9380505396065,10.9523646306281,10.9345522712687,0,10.9485411777432,0,"chi","un",33,1000,0.5,0,0,0,TRUE,0,FALSE,101,"leave-1",1000,0.5,1e+05,TRUE,98
10,0,0,0,10.9380505396065,10.9602013184134,10.9345522712687,0,10.9566163559695,0,"chi","un",33,1000,0.5,0,0,0,TRUE,0,FALSE,101,"leave-1",1000,0.5,1e+05,TRUE,98
10,0,0,0,10.9380505396065,10.9480009914184,10.9345522712687,0,10.9442947209369,0,"chi","un",33,1000,0.5,0,0,0,TRUE,0,FALSE,101,"leave-1",1000,0.5,1e+05,TRUE,98
10,0,0,0,10.9380505396065,10.9609851962231,10.9345522712687,0,10.957031683741,0,"chi","un",33,1000,0.5,0,0,0,TRUE,0,FALSE,101,"leave-1",1000,0.5,1e+05,TRUE,98
10,0,0,0,10.9380505396065,10.9488347240691,10.9345522712687,0,10.9459933913382,0,"chi","un",33,1000,0.5,0,0,0,TRUE,0,FALSE,101,"leave-1",1000,0.5,1e+05,TRUE,98
10,0,0,0,10.9380505396065,10.9520434309674,10.9345522712687,0,10.9486442600601,0,"chi","un",33,1000,0.5,0,0,0,TRUE,0,FALSE,101,"leave-1",1000,0.5,1e+05,TRUE,98
10,0,0,0,10.9380505396065,10.9538781473451,10.9345522712687,0,10.9501553019254,0,"chi","un",33,1000,0.5,0,0,0,TRUE,0,FALSE,101,"leave-1",1000,0.5,1e+05,TRUE,98
10,0,0,0,10.9380505396065,10.9333078837364,10.9345522712687,0,10.9304332734637,0,"chi","un",33,1000,0.5,0,0,0,TRUE,0,FALSE,101,"leave-1",1000,0.5,1e+05,TRUE,98
10,0,0,0,10.9380505396065,10.9498164728905,10.9345522712687,0,10.9468891048255,0,"chi","un",33,1000,0.5,0,0,0,TRUE,0,FALSE,101,"leave-1",1000,0.5,1e+05,TRUE,98
10,0,0,0,10.9380505396065,10.948792120387,10.9345522712687,0,10.9449227802727,0,"chi","un",33,1000,0.5,0,0,0,TRUE,0,FALSE,101,"leave-1",1000,0.5,1e+05,TRUE,98
10,0,0,0,10.9380505396065,10.9507340856106,10.9345522712687,0,10.9475898080965,0,"chi","un",33,1000,0.5,0,0,0,TRUE,0,FALSE,101,"leave-1",1000,0.5,1e+05,TRUE,98
10,0,0,0,10.9380505396065,10.9606041332907,10.9345522712687,0,10.9567812418126,0,"chi","un",33,1000,0.5,0,0,0,TRUE,0,FALSE,101,"leave-1",1000,0.5,1e+05,TRUE,98
10,0,0,0,10.9380505396065,10.9575597506014,10.9345522712687,0,10.9551468450602,0,"chi","un",33,1000,0.5,0,0,0,TRUE,0,FALSE,101,"leave-1",1000,0.5,1e+05,TRUE,98
10,0,0,0,10.9380505396065,10.9360969529899,10.9345522712687,0,10.9325608265268,0,"chi","un",33,1000,0.5,0,0,0,TRUE,0,FALSE,101,"leave-1",1000,0.5,1e+05,TRUE,98
10,0,0,0,10.9380505396065,10.9508563786856,10.9345522712687,0,10.9477113347245,0,"chi","un",33,1000,0.5,0,0,0,TRUE,0,FALSE,101,"leave-1",1000,0.5,1e+05,TRUE,98
10,0,0,0,10.9380505396065,10.8910138125093,10.9345522712687,0,10.8862534067736,0,"chi","un",33,1000,0.5,0,0,0,TRUE,0,FALSE,101,"leave-1",1000,0.5,1e+05,TRUE,98
10,0,0,0,10.9380505396065,10.9482349700075,10.9345522712687,0,10.9453649963762,0,"chi","un",33,1000,0.5,0,0,0,TRUE,0,FALSE,101,"leave-1",1000,0.5,1e+05,TRUE,98
10,0,0,0,10.9380505396065,10.9394852314351,10.9345522712687,0,10.9365295293272,0,"chi","un",33,1000,0.5,0,0,0,TRUE,0,FALSE,101,"leave-1",1000,0.5,1e+05,TRUE,98
10,0,0,0,10.9380505396065,10.9562033760145,10.9345522712687,0,10.9557270325185,0,"chi","un",33,1000,0.5,0,0,0,TRUE,0,FALSE,101,"leave-1",1000,0.5,1e+05,TRUE,98
10,0,0,0,10.9380505396065,10.9457343153748,10.9345522712687,0,10.9428518895631,0,"chi","un",33,1000,0.5,0,0,0,TRUE,0,FALSE,101,"leave-1",1000,0.5,1e+05,TRUE,98
10,0,0,0,10.9380505396065,10.9166222365378,10.9345522712687,0,10.9143693191125,0,"chi","un",33,1000,0.5,0,0,0,TRUE,0,FALSE,101,"leave-1",1000,0.5,1e+05,TRUE,98
10,0,0,0,10.9380505396065,10.9271094950632,10.9345522712687,0,10.9246702795609,0,"chi","un",33,1000,0.5,0,0,0,TRUE,0,FALSE,101,"leave-1",1000,0.5,1e+05,TRUE,98
10,0,0,0,10.9380505396065,10.9433090801626,10.9345522712687,0,10.9388193760619,0,"chi","un",33,1000,0.5,0,0,0,TRUE,0,FALSE,101,"leave-1",1000,0.5,1e+05,TRUE,98
10,0,0,0,10.9380505396065,10.9468151382683,10.9345522712687,0,10.9437669879551,0,"chi","un",33,1000,0.5,0,0,0,TRUE,0,FALSE,101,"leave-1",1000,0.5,1e+05,TRUE,98
10,0,0,0,10.9380505396065,10.9412902849601,10.9345522712687,0,10.9381719570578,0,"chi","un",33,1000,0.5,0,0,0,TRUE,0,FALSE,101,"leave-1",1000,0.5,1e+05,TRUE,98
10,0,0,0,10.9380505396065,10.9353325141264,10.9345522712687,0,10.9330297579364,0,"chi","un",33,1000,0.5,0,0,0,TRUE,0,FALSE,101,"leave-1",1000,0.5,1e+05,TRUE,98
10,0,0,0,10.9380505396065,10.9424427303209,10.9345522712687,0,10.9395002816756,0,"chi","un",33,1000,0.5,0,0,0,TRUE,0,FALSE,101,"leave-1",1000,0.5,1e+05,TRUE,98
10,0,0,0,10.9380505396065,10.9478812949907,10.9345522712687,0,10.9453293667028,0,"chi","un",33,1000,0.5,0,0,0,TRUE,0,FALSE,101,"leave-1",1000,0.5,1e+05,TRUE,98
10,0,0,0,10.9380505396065,10.8326641190374,10.9345522712687,0,10.8278818423322,0,"chi","un",33,1000,0.5,0,0,0,TRUE,0,FALSE,101,"leave-1",1000,0.5,1e+05,TRUE,98
10,0,0,0,10.9380505396065,10.9596549571164,10.9345522712687,0,10.9565831292583,0,"chi","un",33,1000,0.5,0,0,0,TRUE,0,FALSE,101,"leave-1",1000,0.5,1e+05,TRUE,98
10,0,0,0,10.9380505396065,10.9579357395606,10.9345522712687,0,10.9540108451906,0,"chi","un",33,1000,0.5,0,0,0,TRUE,0,FALSE,101,"leave-1",1000,0.5,1e+05,TRUE,98
10,0,0,0,10.9380505396065,10.9326854294652,10.9345522712687,0,10.9297941747841,0,"chi","un",33,1000,0.5,0,0,0,TRUE,0,FALSE,101,"leave-1",1000,0.5,1e+05,TRUE,98
10,0,0,0,10.9380505396065,10.9493927357339,10.9345522712687,0,10.9478387399369,0,"chi","un",33,1000,0.5,0,0,0,TRUE,0,FALSE,101,"leave-1",1000,0.5,1e+05,TRUE,98
10,0,0,0,10.9380505396065,10.9551226758345,10.9345522712687,0,10.9526508301313,0,"chi","un",33,1000,0.5,0,0,0,TRUE,0,FALSE,101,"leave-1",1000,0.5,1e+05,TRUE,98
10,0,0,0,10.9380505396065,10.9432896098514,10.9345522712687,0,10.9407223490138,0,"chi","un",33,1000,0.5,0,0,0,TRUE,0,FALSE,101,"leave-1",1000,0.5,1e+05,TRUE,98
10,0,0,0,10.9380505396065,10.8381367081214,10.9345522712687,0,10.8330060296667,0,"chi","un",33,1000,0.5,0,0,0,TRUE,0,FALSE,101,"leave-1",1000,0.5,1e+05,TRUE,98
10,0,0,0,10.9380505396065,10.9694663291964,10.9345522712687,0,10.9664216413667,0,"chi","un",33,1000,0.5,0,0,0,TRUE,0,FALSE,101,"leave-1",1000,0.5,1e+05,TRUE,98
10,0,0,0,10.9380505396065,10.9498044283609,10.9345522712687,0,10.9464159835267,0,"chi","un",33,1000,0.5,0,0,0,TRUE,0,FALSE,101,"leave-1",1000,0.5,1e+05,TRUE,98
10,0,0,0,10.9380505396065,10.9489944829686,10.9345522712687,0,10.9463616586931,0,"chi","un",33,1000,0.5,0,0,0,TRUE,0,FALSE,101,"leave-1",1000,0.5,1e+05,TRUE,98
10,0,0,0,10.9380505396065,10.9634613830122,10.9345522712687,0,10.9597739453122,0,"chi","un",33,1000,0.5,0,0,0,TRUE,0,FALSE,101,"leave-1",1000,0.5,1e+05,TRUE,98
10,0,0,0,10.9380505396065,10.9619917190701,10.9345522712687,0,10.9589352320057,0,"chi","un",33,1000,0.5,0,0,0,TRUE,0,FALSE,101,"leave-1",1000,0.5,1e+05,TRUE,98
10,0,0,0,10.9380505396065,10.9299721792869,10.9345522712687,0,10.9272843387197,0,"chi","un",33,1000,0.5,0,0,0,TRUE,0,FALSE,101,"leave-1",1000,0.5,1e+05,TRUE,98
10,0,0,0,10.9380505396065,10.9553290043118,10.9345522712687,0,10.9526166177844,0,"chi","un",33,1000,0.5,0,0,0,TRUE,0,FALSE,101,"leave-1",1000,0.5,1e+05,TRUE,98
10,0,0,0,10.9380505396065,10.9637865832221,10.9345522712687,0,10.9601363148653,0,"chi","un",33,1000,0.5,0,0,0,TRUE,0,FALSE,101,"leave-1",1000,0.5,1e+05,TRUE,98
10,0,0,0,10.9380505396065,10.9438225825762,10.9345522712687,0,10.9411849079363,0,"chi","un",33,1000,0.5,0,0,0,TRUE,0,FALSE,101,"leave-1",1000,0.5,1e+05,TRUE,98
10,0,0,0,10.9380505396065,10.945441524497,10.9345522712687,0,10.9425206033285,0,"chi","un",33,1000,0.5,0,0,0,TRUE,0,FALSE,101,"leave-1",1000,0.5,1e+05,TRUE,98
10,0,0,0,10.9380505396065,10.9583533977902,10.9345522712687,0,10.9548404101917,0,"chi","un",33,1000,0.5,0,0,0,TRUE,0,FALSE,101,"leave-1",1000,0.5,1e+05,TRUE,98
10,0,0,0,10.9380505396065,10.9528810353593,10.9345522712687,0,10.9505099720603,0,"chi","un",33,1000,0.5,0,0,0,TRUE,0,FALSE,101,"leave-1",1000,0.5,1e+05,TRUE,98
10,0,0,0,10.9380505396065,10.911064835659,10.9345522712687,0,10.9102138195641,0,"chi","un",33,1000,0.5,0,0,0,TRUE,0,FALSE,101,"leave-1",1000,0.5,1e+05,TRUE,98
10,0,0,0,10.9380505396065,10.9572611996537,10.9345522712687,0,10.9541984967802,0,"chi","un",33,1000,0.5,0,0,0,TRUE,0,FALSE,101,"leave-1",1000,0.5,1e+05,TRUE,98
10,0,0,0,10.9380505396065,10.9552596297786,10.9345522712687,0,10.9515885075066,0,"chi","un",33,1000,0.5,0,0,0,TRUE,0,FALSE,101,"leave-1",1000,0.5,1e+05,TRUE,98
10,0,0,0,10.9380505396065,10.9660152930071,10.9345522712687,0,10.9622027833978,0,"chi","un",33,1000,0.5,0,0,0,TRUE,0,FALSE,101,"leave-1",1000,0.5,1e+05,TRUE,98
10,0,0,0,10.9380505396065,10.9397776516521,10.9345522712687,0,10.9375874132119,0,"chi","un",33,1000,0.5,0,0,0,TRUE,0,FALSE,101,"leave-1",1000,0.5,1e+05,TRUE,98
10,0,0,0,10.9380505396065,10.9371030118272,10.9345522712687,0,10.9343110695013,0,"chi","un",33,1000,0.5,0,0,0,TRUE,0,FALSE,101,"leave-1",1000,0.5,1e+05,TRUE,98
10,0,0,0,10.9380505396065,10.9479970348203,10.9345522712687,0,10.9452117237004,0,"chi","un",33,1000,0.5,0,0,0,TRUE,0,FALSE,101,"leave-1",1000,0.5,1e+05,TRUE,98
10,0,0,0,10.9380505396065,10.9332784549009,10.9345522712687,0,10.9291722772024,0,"chi","un",33,1000,0.5,0,0,0,TRUE,0,FALSE,101,"leave-1",1000,0.5,1e+05,TRUE,98
10,0,0,0,10.9380505396065,10.9429967125621,10.9345522712687,0,10.9405863466092,0,"chi","un",33,1000,0.5,0,0,0,TRUE,0,FALSE,101,"leave-1",1000,0.5,1e+05,TRUE,98
10,0,0,0,10.9380505396065,10.9411432175361,10.9345522712687,0,10.9388532749088,0,"chi","un",33,1000,0.5,0,0,0,TRUE,0,FALSE,101,"leave-1",1000,0.5,1e+05,TRUE,98
10,0,0,0,10.9380505396065,10.9368549288281,10.9345522712687,0,10.9329990735433,0,"chi","un",33,1000,0.5,0,0,0,TRUE,0,FALSE,101,"leave-1",1000,0.5,1e+05,TRUE,98
10,0,0,0,10.9380505396065,10.9344965305949,10.9345522712687,0,10.9317289987153,0,"chi","un",33,1000,0.5,0,0,0,TRUE,0,FALSE,101,"leave-1",1000,0.5,1e+05,TRUE,98
10,0,0,0,10.9380505396065,10.7063021996909,10.9345522712687,0,10.7003286816839,0,"chi","un",33,1000,0.5,0,0,0,TRUE,0,FALSE,101,"leave-1",1000,0.5,1e+05,TRUE,98
10,0,0,0,10.9380505396065,10.9508909471858,10.9345522712687,0,10.9484015018204,0,"chi","un",33,1000,0.5,0,0,0,TRUE,0,FALSE,101,"leave-1",1000,0.5,1e+05,TRUE,98
10,0,0,0,10.9380505396065,10.9622296727192,10.9345522712687,0,10.959569263889,0,"chi","un",33,1000,0.5,0,0,0,TRUE,0,FALSE,101,"leave-1",1000,0.5,1e+05,TRUE,98
10,0,0,0,10.9380505396065,10.9590379754344,10.9345522712687,0,10.955919931481,0,"chi","un",33,1000,0.5,0,0,0,TRUE,0,FALSE,101,"leave-1",1000,0.5,1e+05,TRUE,98
10,0,0,0,10.9380505396065,10.9532520103682,10.9345522712687,0,10.9503616707124,0,"chi","un",33,1000,0.5,0,0,0,TRUE,0,FALSE,101,"leave-1",1000,0.5,1e+05,TRUE,98
10,0,0,0,10.9380505396065,10.9513118252907,10.9345522712687,0,10.9482374997366,0,"chi","un",33,1000,0.5,0,0,0,TRUE,0,FALSE,101,"leave-1",1000,0.5,1e+05,TRUE,98
10,0,0,0,10.9380505396065,10.9329737904591,10.9345522712687,0,10.9302869360937,0,"chi","un",33,1000,0.5,0,0,0,TRUE,0,FALSE,101,"leave-1",1000,0.5,1e+05,TRUE,98
10,0,0,0,10.9380505396065,10.9490762891099,10.9345522712687,0,10.9456940935845,0,"chi","un",33,1000,0.5,0,0,0,TRUE,0,FALSE,101,"leave-1",1000,0.5,1e+05,TRUE,98
10,0,0,0,10.9380505396065,10.9036231100483,10.9345522712687,0,10.90133789268,0,"chi","un",33,1000,0.5,0,0,0,TRUE,0,FALSE,101,"leave-1",1000,0.5,1e+05,TRUE,98
10,0,0,0,10.9380505396065,10.9445909942179,10.9345522712687,0,10.9415775120853,0,"chi","un",33,1000,0.5,0,0,0,TRUE,0,FALSE,101,"leave-1",1000,0.5,1e+05,TRUE,98
10,0,0,0,10.9380505396065,10.9514826163108,10.9345522712687,0,10.9475883337951,0,"chi","un",33,1000,0.5,0,0,0,TRUE,0,FALSE,101,"leave-1",1000,0.5,1e+05,TRUE,98
10,0,0,0,10.9380505396065,10.9367651664442,10.9345522712687,0,10.934103379305,0,"chi","un",33,1000,0.5,0,0,0,TRUE,0,FALSE,101,"leave-1",1000,0.5,1e+05,TRUE,98
10,0,0,0,10.9380505396065,10.9489696765901,10.9345522712687,0,10.9455415728119,0,"chi","un",33,1000,0.5,0,0,0,TRUE,0,FALSE,101,"leave-1",1000,0.5,1e+05,TRUE,98
10,0,0,0,10.9380505396065,10.9502070537965,10.9345522712687,0,10.9465716115212,0,"chi","un",33,1000,0.5,0,0,0,TRUE,0,FALSE,101,"leave-1",1000,0.5,1e+05,TRUE,98
10,0,0,0,10.9380505396065,10.9547180001848,10.9345522712687,0,10.9516028595987,0,"chi","un",33,1000,0.5,0,0,0,TRUE,0,FALSE,101,"leave-1",1000,0.5,1e+05,TRUE,98
10,0,0,0,10.9380505396065,10.9618992223815,10.9345522712687,0,10.9582375794422,0,"chi","un",33,1000,0.5,0,0,0,TRUE,0,FALSE,101,"leave-1",1000,0.5,1e+05,TRUE,98
10,0,0,0,10.9380505396065,10.9537146541742,10.9345522712687,0,10.9514511052875,0,"chi","un",33,1000,0.5,0,0,0,TRUE,0,FALSE,101,"leave-1",1000,0.5,1e+05,TRUE,98
10,0,0,0,10.9380505396065,10.9395732975663,10.9345522712687,0,10.937014442202,0,"chi","un",33,1000,0.5,0,0,0,TRUE,0,FALSE,101,"leave-1",1000,0.5,1e+05,TRUE,98
10,0,0,0,10.9380505396065,10.9514841314754,10.9345522712687,0,10.947805685797,0,"chi","un",33,1000,0.5,0,0,0,TRUE,0,FALSE,101,"leave-1",1000,0.5,1e+05,TRUE,98
10,0,0,0,10.9380505396065,10.949167394592,10.9345522712687,0,10.9456229615057,0,"chi","un",33,1000,0.5,0,0,0,TRUE,0,FALSE,101,"leave-1",1000,0.5,1e+05,TRUE,98
10,0,0,0,10.9380505396065,10.9468914915405,10.9345522712687,0,10.9430663885945,0,"chi","un",33,1000,0.5,0,0,0,TRUE,0,FALSE,101,"leave-1",1000,0.5,1e+05,TRUE,98
10,0,0,0,10.9380505396065,10.9448087159679,10.9345522712687,0,10.9421752973948,0,"chi","un",33,1000,0.5,0,0,0,TRUE,0,FALSE,101,"leave-1",1000,0.5,1e+05,TRUE,98
10,0,0,0,10.9380505396065,10.9487247350749,10.9345522712687,0,10.9451173901564,0,"chi","un",33,1000,0.5,0,0,0,TRUE,0,FALSE,101,"leave-1",1000,0.5,1e+05,TRUE,98
10,0,0,0,10.9380505396065,10.9511986581773,10.9345522712687,0,10.9478897388659,0,"chi","un",33,1000,0.5,0,0,0,TRUE,0,FALSE,101,"leave-1",1000,0.5,1e+05,TRUE,98
10,0,0,0,10.9380505396065,10.9477524722522,10.9345522712687,0,10.9444159558506,0,"chi","un",33,1000,0.5,0,0,0,TRUE,0,FALSE,101,"leave-1",1000,0.5,1e+05,TRUE,98
10,0,0,0,10.9380505396065,10.948717203575,10.9345522712687,0,10.9453122493741,0,"chi","un",33,1000,0.5,0,0,0,TRUE,0,FALSE,101,"leave-1",1000,0.5,1e+05,TRUE,98
10,0,0,0,10.9380505396065,10.9513438183648,10.9345522712687,0,10.9477048677241,0,"chi","un",33,1000,0.5,0,0,0,TRUE,0,FALSE,101,"leave-1",1000,0.5,1e+05,TRUE,98
10,0,0,0,10.9380505396065,10.9224547331749,10.9345522712687,0,10.9198377654886,0,"chi","un",33,1000,0.5,0,0,0,TRUE,0,FALSE,101,"leave-1",1000,0.5,1e+05,TRUE,98
10,0,0,0,10.9380505396065,10.9494626075239,10.9345522712687,0,10.946177974383,0,"chi","un",33,1000,0.5,0,0,0,TRUE,0,FALSE,101,"leave-1",1000,0.5,1e+05,TRUE,98
10,0,0,0,10.9380505396065,10.9415450883713,10.9345522712687,0,10.9394229925169,0,"chi","un",33,1000,0.5,0,0,0,TRUE,0,FALSE,101,"leave-1",1000,0.5,1e+05,TRUE,98
10,0,0,0,10.9380505396065,10.9363497401506,10.9345522712687,0,10.9338633406789,0,"chi","un",33,1000,0.5,0,0,0,TRUE,0,FALSE,101,"leave-1",1000,0.5,1e+05,TRUE,98
10,0,0,0,10.9380505396065,10.8865734528365,10.9345522712687,0,10.8849979572314,0,"chi","un",33,1000,0.5,0,0,0,TRUE,0,FALSE,101,"leave-1",1000,0.5,1e+05,TRUE,98
10,0,0,0,10.9380505396065,10.9403026579159,10.9345522712687,0,10.937716543851,0,"chi","un",33,1000,0.5,0,0,0,TRUE,0,FALSE,101,"leave-1",1000,0.5,1e+05,TRUE,98
10,0,0,0,10.9380505396065,10.952193943236,10.9345522712687,0,10.9489243656978,0,"chi","un",33,1000,0.5,0,0,0,TRUE,0,FALSE,101,"leave-1",1000,0.5,1e+05,TRUE,98
10,0,0,0,10.9380505396065,10.7891245508809,10.9345522712687,0,10.7860914682987,0,"chi","un",33,1000,0.5,0,0,0,TRUE,0,FALSE,101,"leave-1",1000,0.5,1e+05,TRUE,98
10,0,0,0,10.9380505396065,10.9480778384338,10.9345522712687,0,10.9452404121646,0,"chi","un",33,1000,0.5,0,0,0,TRUE,0,FALSE,101,"leave-1",1000,0.5,1e+05,TRUE,98
10,0,0,0,10.9380505396065,10.9465030120091,10.9345522712687,0,10.9424877315227,0,"chi","un",33,1000,0.5,0,0,0,TRUE,0,FALSE,101,"leave-1",1000,0.5,1e+05,TRUE,98
10,0,0,0,10.9380505396065,10.961079920285,10.9345522712687,0,10.957486939392,0,"chi","un",33,1000,0.5,0,0,0,TRUE,0,FALSE,101,"leave-1",1000,0.5,1e+05,TRUE,98
10,0,0,0,10.9380505396065,10.8696843555445,10.9345522712687,0,10.8678971393571,0,"chi","un",33,1000,0.5,0,0,0,TRUE,0,FALSE,101,"leave-1",1000,0.5,1e+05,TRUE,98
10,0,0,0,10.9380505396065,10.9517429300683,10.9345522712687,0,10.9481148410075,0,"chi","un",33,1000,0.5,0,0,0,TRUE,0,FALSE,101,"leave-1",1000,0.5,1e+05,TRUE,98
10,0,0,0,10.9380505396065,10.9497348586967,10.9345522712687,0,10.9467906752098,0,"chi","un",33,1000,0.5,0,0,0,TRUE,0,FALSE,101,"leave-1",1000,0.5,1e+05,TRUE,98
10,0,0,0,10.9380505396065,10.9571655720549,10.9345522712687,0,10.9531667516703,0,"chi","un",33,1000,0.5,0,0,0,TRUE,0,FALSE,101,"leave-1",1000,0.5,1e+05,TRUE,98
10,0,0,0,10.9380505396065,10.9542693331909,10.9345522712687,0,10.9503547037024,0,"chi","un",33,1000,0.5,0,0,0,TRUE,0,FALSE,101,"leave-1",1000,0.5,1e+05,TRUE,98
10,0,0,0,10.9380505396065,10.9391685540921,10.9345522712687,0,10.935423011887,0,"chi","un",33,1000,0.5,0,0,0,TRUE,0,FALSE,101,"leave-1",1000,0.5,1e+05,TRUE,98
10,0,0,0,10.9380505396065,10.9652218061831,10.9345522712687,0,10.9614862715869,0,"chi","un",33,1000,0.5,0,0,0,TRUE,0,FALSE,101,"leave-1",1000,0.5,1e+05,TRUE,98
10,0,0,0,10.9380505396065,10.9564204542223,10.9345522712687,0,10.9540405097007,0,"chi","un",33,1000,0.5,0,0,0,TRUE,0,FALSE,101,"leave-1",1000,0.5,1e+05,TRUE,98
10,0,0,0,10.9380505396065,10.9448433206538,10.9345522712687,0,10.9411626160518,0,"chi","un",33,1000,0.5,0,0,0,TRUE,0,FALSE,101,"leave-1",1000,0.5,1e+05,TRUE,98
10,0,0,0,10.9380505396065,10.951268212521,10.9345522712687,0,10.9472361372519,0,"chi","un",33,1000,0.5,0,0,0,TRUE,0,FALSE,101,"leave-1",1000,0.5,1e+05,TRUE,98
10,0,0,0,10.9380505396065,10.9394588178352,10.9345522712687,0,10.9376437860108,0,"chi","un",33,1000,0.5,0,0,0,TRUE,0,FALSE,101,"leave-1",1000,0.5,1e+05,TRUE,98
10,0,0,0,10.9380505396065,10.9469618089578,10.9345522712687,0,10.9444754819896,0,"chi","un",33,1000,0.5,0,0,0,TRUE,0,FALSE,101,"leave-1",1000,0.5,1e+05,TRUE,98
10,0,0,0,10.9380505396065,10.873120771506,10.9345522712687,0,10.8681590668249,0,"chi","un",33,1000,0.5,0,0,0,TRUE,0,FALSE,101,"leave-1",1000,0.5,1e+05,TRUE,98
10,0,0,0,10.9380505396065,10.9334892052204,10.9345522712687,0,10.9304679708589,0,"chi","un",33,1000,0.5,0,0,0,TRUE,0,FALSE,101,"leave-1",1000,0.5,1e+05,TRUE,98
10,0,0,0,10.9380505396065,10.9538046937247,10.9345522712687,0,10.9504029209945,0,"chi","un",33,1000,0.5,0,0,0,TRUE,0,FALSE,101,"leave-1",1000,0.5,1e+05,TRUE,98
10,0,0,0,10.9380505396065,10.9448818183787,10.9345522712687,0,10.9421951949501,0,"chi","un",33,1000,0.5,0,0,0,TRUE,0,FALSE,101,"leave-1",1000,0.5,1e+05,TRUE,98
10,0,0,0,10.9380505396065,10.9353658461476,10.9345522712687,0,10.9331180829139,0,"chi","un",33,1000,0.5,0,0,0,TRUE,0,FALSE,101,"leave-1",1000,0.5,1e+05,TRUE,98
10,0,0,0,10.9380505396065,10.9538844511279,10.9345522712687,0,10.950372004761,0,"chi","un",33,1000,0.5,0,0,0,TRUE,0,FALSE,101,"leave-1",1000,0.5,1e+05,TRUE,98
10,0,0,0,10.9380505396065,10.9582051185262,10.9345522712687,0,10.9545190692611,0,"chi","un",33,1000,0.5,0,0,0,TRUE,0,FALSE,101,"leave-1",1000,0.5,1e+05,TRUE,98
10,0,0,0,10.9380505396065,10.9211049881331,10.9345522712687,0,10.9190215208738,0,"chi","un",33,1000,0.5,0,0,0,TRUE,0,FALSE,101,"leave-1",1000,0.5,1e+05,TRUE,98
10,0,0,0,10.9380505396065,10.7704188244002,10.9345522712687,0,10.7648316184999,0,"chi","un",33,1000,0.5,0,0,0,TRUE,0,FALSE,101,"leave-1",1000,0.5,1e+05,TRUE,98
10,0,0,0,10.9380505396065,10.9490614650032,10.9345522712687,0,10.9453533850435,0,"chi","un",33,1000,0.5,0,0,0,TRUE,0,FALSE,101,"leave-1",1000,0.5,1e+05,TRUE,98
10,0,0,0,10.9380505396065,10.9205999330087,10.9345522712687,0,10.9182386826748,0,"chi","un",33,1000,0.5,0,0,0,TRUE,0,FALSE,101,"leave-1",1000,0.5,1e+05,TRUE,98
10,0,0,0,10.9380505396065,10.8637498425758,10.9345522712687,0,10.858726055114,0,"chi","un",33,1000,0.5,0,0,0,TRUE,0,FALSE,101,"leave-1",1000,0.5,1e+05,TRUE,98
10,0,0,0,10.9380505396065,10.9385919745412,10.9345522712687,0,10.9365119978451,0,"chi","un",33,1000,0.5,0,0,0,TRUE,0,FALSE,101,"leave-1",1000,0.5,1e+05,TRUE,98
10,0,0,0,10.9380505396065,10.955349433028,10.9345522712687,0,10.9517794491172,0,"chi","un",33,1000,0.5,0,0,0,TRUE,0,FALSE,101,"leave-1",1000,0.5,1e+05,TRUE,98
10,0,0,0,10.9380505396065,10.9485699192326,10.9345522712687,0,10.9451895985307,0,"chi","un",33,1000,0.5,0,0,0,TRUE,0,FALSE,101,"leave-1",1000,0.5,1e+05,TRUE,98
10,0,0,0,10.9380505396065,10.951743472667,10.9345522712687,0,10.9477461759646,0,"chi","un",33,1000,0.5,0,0,0,TRUE,0,FALSE,101,"leave-1",1000,0.5,1e+05,TRUE,98
10,0,0,0,10.9380505396065,10.9481647280419,10.9345522712687,0,10.9448748006215,0,"chi","un",33,1000,0.5,0,0,0,TRUE,0,FALSE,101,"leave-1",1000,0.5,1e+05,TRUE,98
10,0,0,0,10.9380505396065,10.9475327948262,10.9345522712687,0,10.9443062809176,0,"chi","un",33,1000,0.5,0,0,0,TRUE,0,FALSE,101,"leave-1",1000,0.5,1e+05,TRUE,98
10,0,0,0,10.9380505396065,10.9450075987197,10.9345522712687,0,10.9417521542317,0,"chi","un",33,1000,0.5,0,0,0,TRUE,0,FALSE,101,"leave-1",1000,0.5,1e+05,TRUE,98
10,0,0,0,10.9380505396065,10.9369371138291,10.9345522712687,0,10.9345693147394,0,"chi","un",33,1000,0.5,0,0,0,TRUE,0,FALSE,101,"leave-1",1000,0.5,1e+05,TRUE,98
10,0,0,0,10.9380505396065,10.9337837206002,10.9345522712687,0,10.9326891535663,0,"chi","un",33,1000,0.5,0,0,0,TRUE,0,FALSE,101,"leave-1",1000,0.5,1e+05,TRUE,98
10,0,0,0,10.9380505396065,10.9235477644379,10.9345522712687,0,10.9225617153176,0,"chi","un",33,1000,0.5,0,0,0,TRUE,0,FALSE,101,"leave-1",1000,0.5,1e+05,TRUE,98
10,0,0,0,10.9380505396065,10.9515699949278,10.9345522712687,0,10.94771789248,0,"chi","un",33,1000,0.5,0,0,0,TRUE,0,FALSE,101,"leave-1",1000,0.5,1e+05,TRUE,98
10,0,0,0,10.9380505396065,10.9541287433849,10.9345522712687,0,10.9511200935088,0,"chi","un",33,1000,0.5,0,0,0,TRUE,0,FALSE,101,"leave-1",1000,0.5,1e+05,TRUE,98
10,0,0,0,10.9380505396065,10.9447114120633,10.9345522712687,0,10.940567580267,0,"chi","un",33,1000,0.5,0,0,0,TRUE,0,FALSE,101,"leave-1",1000,0.5,1e+05,TRUE,98
10,0,0,0,10.9380505396065,10.9238448445179,10.9345522712687,0,10.9221848308975,0,"chi","un",33,1000,0.5,0,0,0,TRUE,0,FALSE,101,"leave-1",1000,0.5,1e+05,TRUE,98
10,0,0,0,10.9380505396065,10.976962152377,10.9345522712687,0,10.9741620939442,0,"chi","un",33,1000,0.5,0,0,0,TRUE,0,FALSE,101,"leave-1",1000,0.5,1e+05,TRUE,98
10,0,0,0,10.9380505396065,10.9497827175308,10.9345522712687,0,10.946314301595,0,"chi","un",33,1000,0.5,0,0,0,TRUE,0,FALSE,101,"leave-1",1000,0.5,1e+05,TRUE,98
10,0,0,0,10.9380505396065,10.9465102344179,10.9345522712687,0,10.9431747074826,0,"chi","un",33,1000,0.5,0,0,0,TRUE,0,FALSE,101,"leave-1",1000,0.5,1e+05,TRUE,98
10,0,0,0,10.9380505396065,10.939599111011,10.9345522712687,0,10.9365499649209,0,"chi","un",33,1000,0.5,0,0,0,TRUE,0,FALSE,101,"leave-1",1000,0.5,1e+05,TRUE,98
10,0,0,0,10.9380505396065,10.950499389943,10.9345522712687,0,10.9472171161725,0,"chi","un",33,1000,0.5,0,0,0,TRUE,0,FALSE,101,"leave-1",1000,0.5,1e+05,TRUE,98
10,0,0,0,10.9380505396065,10.9164122524881,10.9345522712687,0,10.9143154050704,0,"chi","un",33,1000,0.5,0,0,0,TRUE,0,FALSE,101,"leave-1",1000,0.5,1e+05,TRUE,98
10,0,0,0,10.9380505396065,10.9492940264512,10.9345522712687,0,10.9461896923433,0,"chi","un",33,1000,0.5,0,0,0,TRUE,0,FALSE,101,"leave-1",1000,0.5,1e+05,TRUE,98
10,0,0,0,10.9380505396065,10.9426177978545,10.9345522712687,0,10.9388886544873,0,"chi","un",33,1000,0.5,0,0,0,TRUE,0,FALSE,101,"leave-1",1000,0.5,1e+05,TRUE,98
10,0,0,0,10.9380505396065,10.9183931006172,10.9345522712687,0,10.9160212192168,0,"chi","un",33,1000,0.5,0,0,0,TRUE,0,FALSE,101,"leave-1",1000,0.5,1e+05,TRUE,98
10,0,0,0,10.9380505396065,10.942864331846,10.9345522712687,0,10.9397123811482,0,"chi","un",33,1000,0.5,0,0,0,TRUE,0,FALSE,101,"leave-1",1000,0.5,1e+05,TRUE,98
10,0,0,0,10.9380505396065,10.9327945696493,10.9345522712687,0,10.9304504013135,0,"chi","un",33,1000,0.5,0,0,0,TRUE,0,FALSE,101,"leave-1",1000,0.5,1e+05,TRUE,98
10,0,0,0,10.9380505396065,10.9538205970773,10.9345522712687,0,10.9497493641923,0,"chi","un",33,1000,0.5,0,0,0,TRUE,0,FALSE,101,"leave-1",1000,0.5,1e+05,TRUE,98
10,0,0,0,10.9380505396065,10.9501612501765,10.9345522712687,0,10.947573244381,0,"chi","un",33,1000,0.5,0,0,0,TRUE,0,FALSE,101,"leave-1",1000,0.5,1e+05,TRUE,98
10,0,0,0,10.9380505396065,10.9049633677568,10.9345522712687,0,10.9006323343384,0,"chi","un",33,1000,0.5,0,0,0,TRUE,0,FALSE,101,"leave-1",1000,0.5,1e+05,TRUE,98
10,0,0,0,10.9380505396065,10.9399966306489,10.9345522712687,0,10.937040601662,0,"chi","un",33,1000,0.5,0,0,0,TRUE,0,FALSE,101,"leave-1",1000,0.5,1e+05,TRUE,98
10,0,0,0,10.9380505396065,10.9507622332083,10.9345522712687,0,10.9474421404782,0,"chi","un",33,1000,0.5,0,0,0,TRUE,0,FALSE,101,"leave-1",1000,0.5,1e+05,TRUE,98
10,0,0,0,10.9380505396065,10.949915224613,10.9345522712687,0,10.9463135676212,0,"chi","un",33,1000,0.5,0,0,0,TRUE,0,FALSE,101,"leave-1",1000,0.5,1e+05,TRUE,98
10,0,0,0,10.9380505396065,10.949097828686,10.9345522712687,0,10.9479196636963,0,"chi","un",33,1000,0.5,0,0,0,TRUE,0,FALSE,101,"leave-1",1000,0.5,1e+05,TRUE,98
10,0,0,0,10.9380505396065,10.786443738276,10.9345522712687,0,10.7811694619769,0,"chi","un",33,1000,0.5,0,0,0,TRUE,0,FALSE,101,"leave-1",1000,0.5,1e+05,TRUE,98
10,0,0,0,10.9380505396065,10.9176043905965,10.9345522712687,0,10.9155104463393,0,"chi","un",33,1000,0.5,0,0,0,TRUE,0,FALSE,101,"leave-1",1000,0.5,1e+05,TRUE,98
10,0,0,0,10.9380505396065,10.96115764112,10.9345522712687,0,10.9569194123041,0,"chi","un",33,1000,0.5,0,0,0,TRUE,0,FALSE,101,"leave-1",1000,0.5,1e+05,TRUE,98
10,0,0,0,10.9380505396065,10.9290904251137,10.9345522712687,0,10.926407972802,0,"chi","un",33,1000,0.5,0,0,0,TRUE,0,FALSE,101,"leave-1",1000,0.5,1e+05,TRUE,98
10,0,0,0,10.9380505396065,10.9604217502412,10.9345522712687,0,10.957008918291,0,"chi","un",33,1000,0.5,0,0,0,TRUE,0,FALSE,101,"leave-1",1000,0.5,1e+05,TRUE,98
10,0,0,0,10.9380505396065,10.9432198001828,10.9345522712687,0,10.9403042194649,0,"chi","un",33,1000,0.5,0,0,0,TRUE,0,FALSE,101,"leave-1",1000,0.5,1e+05,TRUE,98
10,0,0,0,10.9380505396065,10.9200941053837,10.9345522712687,0,10.9178416393005,0,"chi","un",33,1000,0.5,0,0,0,TRUE,0,FALSE,101,"leave-1",1000,0.5,1e+05,TRUE,98
10,0,0,0,10.9380505396065,10.9431208708841,10.9345522712687,0,10.9391473024547,0,"chi","un",33,1000,0.5,0,0,0,TRUE,0,FALSE,101,"leave-1",1000,0.5,1e+05,TRUE,98
10,0,0,0,10.9380505396065,10.8709860587867,10.9345522712687,0,10.8708740804256,0,"chi","un",33,1000,0.5,0,0,0,TRUE,0,FALSE,101,"leave-1",1000,0.5,1e+05,TRUE,98
10,0,0,0,10.9380505396065,10.9620493210512,10.9345522712687,0,10.9582353715627,0,"chi","un",33,1000,0.5,0,0,0,TRUE,0,FALSE,101,"leave-1",1000,0.5,1e+05,TRUE,98
10,0,0,0,10.9380505396065,10.9599721256009,10.9345522712687,0,10.9572982392565,0,"chi","un",33,1000,0.5,0,0,0,TRUE,0,FALSE,101,"leave-1",1000,0.5,1e+05,TRUE,98
10,0,0,0,10.9380505396065,10.9269583144003,10.9345522712687,0,10.9243215830633,0,"chi","un",33,1000,0.5,0,0,0,TRUE,0,FALSE,101,"leave-1",1000,0.5,1e+05,TRUE,98
10,0,0,0,10.9380505396065,10.9495806038819,10.9345522712687,0,10.945901422764,0,"chi","un",33,1000,0.5,0,0,0,TRUE,0,FALSE,101,"leave-1",1000,0.5,1e+05,TRUE,98
10,0,0,0,10.9380505396065,10.9608735642916,10.9345522712687,0,10.9577290399511,0,"chi","un",33,1000,0.5,0,0,0,TRUE,0,FALSE,101,"leave-1",1000,0.5,1e+05,TRUE,98
10,0,0,0,10.9380505396065,10.9268624473021,10.9345522712687,0,10.9225135680133,0,"chi","un",33,1000,0.5,0,0,0,TRUE,0,FALSE,101,"leave-1",1000,0.5,1e+05,TRUE,98
10,0,0,0,10.9380505396065,10.9455304664877,10.9345522712687,0,10.9424152248385,0,"chi","un",33,1000,0.5,0,0,0,TRUE,0,FALSE,101,"leave-1",1000,0.5,1e+05,TRUE,98
10,0,0,0,10.9380505396065,10.9499306967732,10.9345522712687,0,10.9462942331587,0,"chi","un",33,1000,0.5,0,0,0,TRUE,0,FALSE,101,"leave-1",1000,0.5,1e+05,TRUE,98
10,0,0,0,10.9380505396065,10.9657228266661,10.9345522712687,0,10.9625081992117,0,"chi","un",33,1000,0.5,0,0,0,TRUE,0,FALSE,101,"leave-1",1000,0.5,1e+05,TRUE,98
10,0,0,0,10.9380505396065,10.941343989128,10.9345522712687,0,10.9371447233758,0,"chi","un",33,1000,0.5,0,0,0,TRUE,0,FALSE,101,"leave-1",1000,0.5,1e+05,TRUE,98
10,0,0,0,10.9380505396065,10.951642429451,10.9345522712687,0,10.9488453686842,0,"chi","un",33,1000,0.5,0,0,0,TRUE,0,FALSE,101,"leave-1",1000,0.5,1e+05,TRUE,98
10,0,0,0,10.9380505396065,10.9168490724664,10.9345522712687,0,10.9143429150926,0,"chi","un",33,1000,0.5,0,0,0,TRUE,0,FALSE,101,"leave-1",1000,0.5,1e+05,TRUE,98
10,0,0,0,10.9380505396065,10.9515077537751,10.9345522712687,0,10.9489307907021,0,"chi","un",33,1000,0.5,0,0,0,TRUE,0,FALSE,101,"leave-1",1000,0.5,1e+05,TRUE,98
10,0,0,0,10.9380505396065,10.9512315652331,10.9345522712687,0,10.9477957212306,0,"chi","un",33,1000,0.5,0,0,0,TRUE,0,FALSE,101,"leave-1",1000,0.5,1e+05,TRUE,98
10,0,0,0,10.9380505396065,10.9452601837698,10.9345522712687,0,10.9422585562433,0,"chi","un",33,1000,0.5,0,0,0,TRUE,0,FALSE,101,"leave-1",1000,0.5,1e+05,TRUE,98
10,0,0,0,10.9380505396065,10.9347730104423,10.9345522712687,0,10.9321170920935,0,"chi","un",33,1000,0.5,0,0,0,TRUE,0,FALSE,101,"leave-1",1000,0.5,1e+05,TRUE,98
10,0,0,0,10.9380505396065,10.9740267950358,10.9345522712687,0,10.9703495889097,0,"chi","un",33,1000,0.5,0,0,0,TRUE,0,FALSE,101,"leave-1",1000,0.5,1e+05,TRUE,98
10,0,0,0,10.9380505396065,10.949071082321,10.9345522712687,0,10.9473079032876,0,"chi","un",33,1000,0.5,0,0,0,TRUE,0,FALSE,101,"leave-1",1000,0.5,1e+05,TRUE,98
10,0,0,0,10.9380505396065,10.9292818809591,10.9345522712687,0,10.9260783746324,0,"chi","un",33,1000,0.5,0,0,0,TRUE,0,FALSE,101,"leave-1",1000,0.5,1e+05,TRUE,98
10,0,0,0,10.9380505396065,10.9462762707594,10.9345522712687,0,10.9425420207528,0,"chi","un",33,1000,0.5,0,0,0,TRUE,0,FALSE,101,"leave-1",1000,0.5,1e+05,TRUE,98
10,0,0,0,10.9380505396065,10.9368220743594,10.9345522712687,0,10.9340088171947,0,"chi","un",33,1000,0.5,0,0,0,TRUE,0,FALSE,101,"leave-1",1000,0.5,1e+05,TRUE,98
10,0,0,0,10.9380505396065,10.9506269193522,10.9345522712687,0,10.9468004061444,0,"chi","un",33,1000,0.5,0,0,0,TRUE,0,FALSE,101,"leave-1",1000,0.5,1e+05,TRUE,98
10,0,0,0,10.9380505396065,10.9459944254625,10.9345522712687,0,10.9439175158964,0,"chi","un",33,1000,0.5,0,0,0,TRUE,0,FALSE,101,"leave-1",1000,0.5,1e+05,TRUE,98
10,0,0,0,10.9380505396065,10.9287485930782,10.9345522712687,0,10.9241893896754,0,"chi","un",33,1000,0.5,0,0,0,TRUE,0,FALSE,101,"leave-1",1000,0.5,1e+05,TRUE,98
10,0,0,0,10.9380505396065,10.9486400063803,10.9345522712687,0,10.9450767651356,0,"chi","un",33,1000,0.5,0,0,0,TRUE,0,FALSE,101,"leave-1",1000,0.5,1e+05,TRUE,98
10,0,0,0,10.9380505396065,10.9351693196453,10.9345522712687,0,10.9329702193256,0,"chi","un",33,1000,0.5,0,0,0,TRUE,0,FALSE,101,"leave-1",1000,0.5,1e+05,TRUE,98
10,0,0,0,10.9380505396065,10.9480733502826,10.9345522712687,0,10.9448677979026,0,"chi","un",33,1000,0.5,0,0,0,TRUE,0,FALSE,101,"leave-1",1000,0.5,1e+05,TRUE,98
10,0,0,0,10.9380505396065,10.9491478524187,10.9345522712687,0,10.9455717832934,0,"chi","un",33,1000,0.5,0,0,0,TRUE,0,FALSE,101,"leave-1",1000,0.5,1e+05,TRUE,98
10,0,0,0,10.9380505396065,10.9459356893951,10.9345522712687,0,10.9426220898972,0,"chi","un",33,1000,0.5,0,0,0,TRUE,0,FALSE,101,"leave-1",1000,0.5,1e+05,TRUE,98
10,0,0,0,10.9380505396065,10.954615968591,10.9345522712687,0,10.9527574383164,0,"chi","un",33,1000,0.5,0,0,0,TRUE,0,FALSE,101,"leave-1",1000,0.5,1e+05,TRUE,98
10,0,0,0,10.9380505396065,10.954681446021,10.9345522712687,0,10.952063455575,0,"chi","un",33,1000,0.5,0,0,0,TRUE,0,FALSE,101,"leave-1",1000,0.5,1e+05,TRUE,98
10,0,0,0,10.9380505396065,10.9515124140149,10.9345522712687,0,10.9486551704433,0,"chi","un",33,1000,0.5,0,0,0,TRUE,0,FALSE,101,"leave-1",1000,0.5,1e+05,TRUE,98
10,0,0,0,10.9380505396065,10.9167580235743,10.9345522712687,0,10.9123453044291,0,"chi","un",33,1000,0.5,0,0,0,TRUE,0,FALSE,101,"leave-1",1000,0.5,1e+05,TRUE,98
10,0,0,0,10.9380505396065,10.9308017942127,10.9345522712687,0,10.9281214018552,0,"chi","un",33,1000,0.5,0,0,0,TRUE,0,FALSE,101,"leave-1",1000,0.5,1e+05,TRUE,98
10,0,0,0,10.9380505396065,10.9232733708499,10.9345522712687,0,10.9216222114127,0,"chi","un",33,1000,0.5,0,0,0,TRUE,0,FALSE,101,"leave-1",1000,0.5,1e+05,TRUE,98
10,0,0,0,10.9380505396065,10.9751588129925,10.9345522712687,0,10.9716407311861,0,"chi","un",33,1000,0.5,0,0,0,TRUE,0,FALSE,101,"leave-1",1000,0.5,1e+05,TRUE,98
10,0,0,0,10.9380505396065,10.9411222538198,10.9345522712687,0,10.9388073318686,0,"chi","un",33,1000,0.5,0,0,0,TRUE,0,FALSE,101,"leave-1",1000,0.5,1e+05,TRUE,98
10,0,0,0,10.9380505396065,10.9440114161886,10.9345522712687,0,10.9409860997882,0,"chi","un",33,1000,0.5,0,0,0,TRUE,0,FALSE,101,"leave-1",1000,0.5,1e+05,TRUE,98
10,0,0,0,10.9380505396065,10.9491163733677,10.9345522712687,0,10.9457752389088,0,"chi","un",33,1000,0.5,0,0,0,TRUE,0,FALSE,101,"leave-1",1000,0.5,1e+05,TRUE,98
10,0,0,0,10.9380505396065,10.9238775447958,10.9345522712687,0,10.9192960716137,0,"chi","un",33,1000,0.5,0,0,0,TRUE,0,FALSE,101,"leave-1",1000,0.5,1e+05,TRUE,98
10,0,0,0,10.9380505396065,10.923211529685,10.9345522712687,0,10.9210903644113,0,"chi","un",33,1000,0.5,0,0,0,TRUE,0,FALSE,101,"leave-1",1000,0.5,1e+05,TRUE,98
10,0,0,0,10.9380505396065,10.9408758063559,10.9345522712687,0,10.9385413248701,0,"chi","un",33,1000,0.5,0,0,0,TRUE,0,FALSE,101,"leave-1",1000,0.5,1e+05,TRUE,98
10,0,0,0,10.9380505396065,10.9567617342335,10.9345522712687,0,10.9534906970402,0,"chi","un",33,1000,0.5,0,0,0,TRUE,0,FALSE,101,"leave-1",1000,0.5,1e+05,TRUE,98
10,0,0,0,10.9380505396065,10.9565495732128,10.9345522712687,0,10.9531803655505,0,"chi","un",33,1000,0.5,0,0,0,TRUE,0,FALSE,101,"leave-1",1000,0.5,1e+05,TRUE,98
10,0,0,0,10.9380505396065,10.9487183907436,10.9345522712687,0,10.9454965049794,0,"chi","un",33,1000,0.5,0,0,0,TRUE,0,FALSE,101,"leave-1",1000,0.5,1e+05,TRUE,98
10,0,0,0,10.9380505396065,10.9501289841431,10.9345522712687,0,10.9458605409795,0,"chi","un",33,1000,0.5,0,0,0,TRUE,0,FALSE,101,"leave-1",1000,0.5,1e+05,TRUE,98
10,0,0,0,10.9380505396065,10.9462662699423,10.9345522712687,0,10.9443601409013,0,"chi","un",33,1000,0.5,0,0,0,TRUE,0,FALSE,101,"leave-1",1000,0.5,1e+05,TRUE,98
10,0,0,0,10.9380505396065,10.9485795602975,10.9345522712687,0,10.9458946050605,0,"chi","un",33,1000,0.5,0,0,0,TRUE,0,FALSE,101,"leave-1",1000,0.5,1e+05,TRUE,98
10,0,0,0,10.9380505396065,10.9518577608056,10.9345522712687,0,10.9481694913501,0,"chi","un",33,1000,0.5,0,0,0,TRUE,0,FALSE,101,"leave-1",1000,0.5,1e+05,TRUE,98
10,0,0,0,10.9380505396065,10.9484808728916,10.9345522712687,0,10.9458224859754,0,"chi","un",33,1000,0.5,0,0,0,TRUE,0,FALSE,101,"leave-1",1000,0.5,1e+05,TRUE,98
10,0,0,0,10.9380505396065,10.9428985532825,10.9345522712687,0,10.9398033896504,0,"chi","un",33,1000,0.5,0,0,0,TRUE,0,FALSE,101,"leave-1",1000,0.5,1e+05,TRUE,98
10,0,0,0,10.9380505396065,10.9438199605689,10.9345522712687,0,10.940612675927,0,"chi","un",33,1000,0.5,0,0,0,TRUE,0,FALSE,101,"leave-1",1000,0.5,1e+05,TRUE,98
10,0,0,0,10.9380505396065,10.9553598537625,10.9345522712687,0,10.952017655669,0,"chi","un",33,1000,0.5,0,0,0,TRUE,0,FALSE,101,"leave-1",1000,0.5,1e+05,TRUE,98
10,0,0,0,10.9380505396065,10.8855379781697,10.9345522712687,0,10.8813468901247,0,"chi","un",33,1000,0.5,0,0,0,TRUE,0,FALSE,101,"leave-1",1000,0.5,1e+05,TRUE,98
10,0,0,0,10.9380505396065,10.9524271235093,10.9345522712687,0,10.9492997515925,0,"chi","un",33,1000,0.5,0,0,0,TRUE,0,FALSE,101,"leave-1",1000,0.5,1e+05,TRUE,98
10,0,0,0,10.9380505396065,10.9586311251875,10.9345522712687,0,10.9548196024488,0,"chi","un",33,1000,0.5,0,0,0,TRUE,0,FALSE,101,"leave-1",1000,0.5,1e+05,TRUE,98
10,0,0,0,10.9380505396065,10.9519655069977,10.9345522712687,0,10.9487753517595,0,"chi","un",33,1000,0.5,0,0,0,TRUE,0,FALSE,101,"leave-1",1000,0.5,1e+05,TRUE,98
10,0,0,0,10.9380505396065,10.9403446732715,10.9345522712687,0,10.9384873051244,0,"chi","un",33,1000,0.5,0,0,0,TRUE,0,FALSE,101,"leave-1",1000,0.5,1e+05,TRUE,98
10,0,0,0,10.9380505396065,10.932374949314,10.9345522712687,0,10.9280824041002,0,"chi","un",33,1000,0.5,0,0,0,TRUE,0,FALSE,101,"leave-1",1000,0.5,1e+05,TRUE,98
10,0,0,0,10.9380505396065,10.9362538910423,10.9345522712687,0,10.9333901952843,0,"chi","un",33,1000,0.5,0,0,0,TRUE,0,FALSE,101,"leave-1",1000,0.5,1e+05,TRUE,98
10,0,0,0,10.9380505396065,10.9469489286825,10.9345522712687,0,10.9447312570178,0,"chi","un",33,1000,0.5,0,0,0,TRUE,0,FALSE,101,"leave-1",1000,0.5,1e+05,TRUE,98
10,0,0,0,10.9380505396065,10.9468151195936,10.9345522712687,0,10.9434946658783,0,"chi","un",33,1000,0.5,0,0,0,TRUE,0,FALSE,101,"leave-1",1000,0.5,1e+05,TRUE,98
10,0,0,0,10.9380505396065,10.9253532537294,10.9345522712687,0,10.9228874919754,0,"chi","un",33,1000,0.5,0,0,0,TRUE,0,FALSE,101,"leave-1",1000,0.5,1e+05,TRUE,98
10,0,0,0,10.9380505396065,10.9381142924279,10.9345522712687,0,10.9352765535055,0,"chi","un",33,1000,0.5,0,0,0,TRUE,0,FALSE,101,"leave-1",1000,0.5,1e+05,TRUE,98
10,0,0,0,10.9380505396065,10.9352399802139,10.9345522712687,0,10.9334130686694,0,"chi","un",33,1000,0.5,0,0,0,TRUE,0,FALSE,101,"leave-1",1000,0.5,1e+05,TRUE,98
10,0,0,0,10.9380505396065,10.9233209204244,10.9345522712687,0,10.9209034350843,0,"chi","un",33,1000,0.5,0,0,0,TRUE,0,FALSE,101,"leave-1",1000,0.5,1e+05,TRUE,98
10,0,0,0,10.9380505396065,10.8951132111683,10.9345522712687,0,10.8903150785516,0,"chi","un",33,1000,0.5,0,0,0,TRUE,0,FALSE,101,"leave-1",1000,0.5,1e+05,TRUE,98
10,0,0,0,10.9380505396065,10.9342173139951,10.9345522712687,0,10.9317437408641,0,"chi","un",33,1000,0.5,0,0,0,TRUE,0,FALSE,101,"leave-1",1000,0.5,1e+05,TRUE,98
10,0,0,0,10.9380505396065,10.9509572396914,10.9345522712687,0,10.9472726046597,0,"chi","un",33,1000,0.5,0,0,0,TRUE,0,FALSE,101,"leave-1",1000,0.5,1e+05,TRUE,98
10,0,0,0,10.9380505396065,10.9484532212857,10.9345522712687,0,10.9451894029109,0,"chi","un",33,1000,0.5,0,0,0,TRUE,0,FALSE,101,"leave-1",1000,0.5,1e+05,TRUE,98
10,0,0,0,10.9380505396065,10.9537788431015,10.9345522712687,0,10.9500750054284,0,"chi","un",33,1000,0.5,0,0,0,TRUE,0,FALSE,101,"leave-1",1000,0.5,1e+05,TRUE,98
10,0,0,0,10.9380505396065,10.9474549576987,10.9345522712687,0,10.9436470610561,0,"chi","un",33,1000,0.5,0,0,0,TRUE,0,FALSE,101,"leave-1",1000,0.5,1e+05,TRUE,98
10,0,0,0,10.9380505396065,10.9348110826164,10.9345522712687,0,10.9312768451853,0,"chi","un",33,1000,0.5,0,0,0,TRUE,0,FALSE,101,"leave-1",1000,0.5,1e+05,TRUE,98
10,0,0,0,10.9380505396065,10.94969679829,10.9345522712687,0,10.9463790864536,0,"chi","un",33,1000,0.5,0,0,0,TRUE,0,FALSE,101,"leave-1",1000,0.5,1e+05,TRUE,98
10,0,0,0,10.9380505396065,10.9488677144427,10.9345522712687,0,10.9455069031715,0,"chi","un",33,1000,0.5,0,0,0,TRUE,0,FALSE,101,"leave-1",1000,0.5,1e+05,TRUE,98
10,0,0,0,10.9380505396065,10.9435583902787,10.9345522712687,0,10.9392334240014,0,"chi","un",33,1000,0.5,0,0,0,TRUE,0,FALSE,101,"leave-1",1000,0.5,1e+05,TRUE,98
10,0,0,0,10.9380505396065,10.9698249125912,10.9345522712687,0,10.966766863708,0,"chi","un",33,1000,0.5,0,0,0,TRUE,0,FALSE,101,"leave-1",1000,0.5,1e+05,TRUE,98
10,0,0,0,10.9380505396065,10.9519175026454,10.9345522712687,0,10.9488123741425,0,"chi","un",33,1000,0.5,0,0,0,TRUE,0,FALSE,101,"leave-1",1000,0.5,1e+05,TRUE,98
10,0,0,0,10.9380505396065,10.9418056231125,10.9345522712687,0,10.9390703308197,0,"chi","un",33,1000,0.5,0,0,0,TRUE,0,FALSE,101,"leave-1",1000,0.5,1e+05,TRUE,98
10,0,0,0,10.9380505396065,10.944361703961,10.9345522712687,0,10.9413403431425,0,"chi","un",33,1000,0.5,0,0,0,TRUE,0,FALSE,101,"leave-1",1000,0.5,1e+05,TRUE,98
10,0,0,0,10.9380505396065,10.9547309525623,10.9345522712687,0,10.9517886260068,0,"chi","un",33,1000,0.5,0,0,0,TRUE,0,FALSE,101,"leave-1",1000,0.5,1e+05,TRUE,98
10,0,0,0,10.9380505396065,10.9516388198181,10.9345522712687,0,10.9479620175233,0,"chi","un",33,1000,0.5,0,0,0,TRUE,0,FALSE,101,"leave-1",1000,0.5,1e+05,TRUE,98
10,0,0,0,10.9380505396065,10.94185798259,10.9345522712687,0,10.9401102425664,0,"chi","un",33,1000,0.5,0,0,0,TRUE,0,FALSE,101,"leave-1",1000,0.5,1e+05,TRUE,98
10,0,0,0,10.9380505396065,10.9516948912224,10.9345522712687,0,10.9483370039995,0,"chi","un",33,1000,0.5,0,0,0,TRUE,0,FALSE,101,"leave-1",1000,0.5,1e+05,TRUE,98
10,0,0,0,10.9380505396065,10.9703515532899,10.9345522712687,0,10.9671420653745,0,"chi","un",33,1000,0.5,0,0,0,TRUE,0,FALSE,101,"leave-1",1000,0.5,1e+05,TRUE,98
10,0,0,0,10.9380505396065,10.9480342675957,10.9345522712687,0,10.9452003044899,0,"chi","un",33,1000,0.5,0,0,0,TRUE,0,FALSE,101,"leave-1",1000,0.5,1e+05,TRUE,98
10,0,0,0,10.9380505396065,10.9083854417283,10.9345522712687,0,10.9036077634556,0,"chi","un",33,1000,0.5,0,0,0,TRUE,0,FALSE,101,"leave-1",1000,0.5,1e+05,TRUE,98
10,0,0,0,10.9380505396065,10.9995939085154,10.9345522712687,0,10.995609093926,0,"chi","un",33,1000,0.5,0,0,0,TRUE,0,FALSE,101,"leave-1",1000,0.5,1e+05,TRUE,98
10,0,0,0,10.9380505396065,10.9414179163171,10.9345522712687,0,10.9390188640867,0,"chi","un",33,1000,0.5,0,0,0,TRUE,0,FALSE,101,"leave-1",1000,0.5,1e+05,TRUE,98
10,0,0,0,10.9380505396065,10.945243752527,10.9345522712687,0,10.9422542862385,0,"chi","un",33,1000,0.5,0,0,0,TRUE,0,FALSE,101,"leave-1",1000,0.5,1e+05,TRUE,98
10,0,0,0,10.9380505396065,10.9656505726336,10.9345522712687,0,10.9622300735524,0,"chi","un",33,1000,0.5,0,0,0,TRUE,0,FALSE,101,"leave-1",1000,0.5,1e+05,TRUE,98
10,0,0,0,10.9380505396065,10.9083710938552,10.9345522712687,0,10.9062951155209,0,"chi","un",33,1000,0.5,0,0,0,TRUE,0,FALSE,101,"leave-1",1000,0.5,1e+05,TRUE,98
10,0,0,0,10.9380505396065,10.9511962632017,10.9345522712687,0,10.9476342363087,0,"chi","un",33,1000,0.5,0,0,0,TRUE,0,FALSE,101,"leave-1",1000,0.5,1e+05,TRUE,98
10,0,0,0,10.9380505396065,10.9387668197384,10.9345522712687,0,10.9348052343424,0,"chi","un",33,1000,0.5,0,0,0,TRUE,0,FALSE,101,"leave-1",1000,0.5,1e+05,TRUE,98
10,0,0,0,10.9380505396065,10.9475501478986,10.9345522712687,0,10.9449722950885,0,"chi","un",33,1000,0.5,0,0,0,TRUE,0,FALSE,101,"leave-1",1000,0.5,1e+05,TRUE,98
10,0,0,0,10.9380505396065,10.9391853838236,10.9345522712687,0,10.9351913346908,0,"chi","un",33,1000,0.5,0,0,0,TRUE,0,FALSE,101,"leave-1",1000,0.5,1e+05,TRUE,98
10,0,0,0,10.9380505396065,10.9441821147477,10.9345522712687,0,10.9426051208914,0,"chi","un",33,1000,0.5,0,0,0,TRUE,0,FALSE,101,"leave-1",1000,0.5,1e+05,TRUE,98
10,0,0,0,10.9380505396065,10.8611419698087,10.9345522712687,0,10.8558123924701,0,"chi","un",33,1000,0.5,0,0,0,TRUE,0,FALSE,101,"leave-1",1000,0.5,1e+05,TRUE,98
10,0,0,0,10.9380505396065,10.9540464897972,10.9345522712687,0,10.9502848546805,0,"chi","un",33,1000,0.5,0,0,0,TRUE,0,FALSE,101,"leave-1",1000,0.5,1e+05,TRUE,98
10,0,0,0,10.9380505396065,10.9547478520478,10.9345522712687,0,10.9513691313844,0,"chi","un",33,1000,0.5,0,0,0,TRUE,0,FALSE,101,"leave-1",1000,0.5,1e+05,TRUE,98
10,0,0,0,10.9380505396065,10.9328197008738,10.9345522712687,0,10.9300960617255,0,"chi","un",33,1000,0.5,0,0,0,TRUE,0,FALSE,101,"leave-1",1000,0.5,1e+05,TRUE,98
10,0,0,0,10.9380505396065,10.9446602496798,10.9345522712687,0,10.9415388373422,0,"chi","un",33,1000,0.5,0,0,0,TRUE,0,FALSE,101,"leave-1",1000,0.5,1e+05,TRUE,98
10,0,0,0,10.9380505396065,10.9271969504909,10.9345522712687,0,10.9251348015365,0,"chi","un",33,1000,0.5,0,0,0,TRUE,0,FALSE,101,"leave-1",1000,0.5,1e+05,TRUE,98
10,0,0,0,10.9380505396065,10.9378304266409,10.9345522712687,0,10.934870113249,0,"chi","un",33,1000,0.5,0,0,0,TRUE,0,FALSE,101,"leave-1",1000,0.5,1e+05,TRUE,98
10,0,0,0,10.9380505396065,10.8973663252507,10.9345522712687,0,10.8952069148258,0,"chi","un",33,1000,0.5,0,0,0,TRUE,0,FALSE,101,"leave-1",1000,0.5,1e+05,TRUE,98
10,0,0,0,10.9380505396065,10.9543512585557,10.9345522712687,0,10.9510429270637,0,"chi","un",33,1000,0.5,0,0,0,TRUE,0,FALSE,101,"leave-1",1000,0.5,1e+05,TRUE,98
10,0,0,0,10.9380505396065,10.9472279125757,10.9345522712687,0,10.9445907704603,0,"chi","un",33,1000,0.5,0,0,0,TRUE,0,FALSE,101,"leave-1",1000,0.5,1e+05,TRUE,98
10,0,0,0,10.9380505396065,10.9783786844605,10.9345522712687,0,10.9740324921837,0,"chi","un",33,1000,0.5,0,0,0,TRUE,0,FALSE,101,"leave-1",1000,0.5,1e+05,TRUE,98
10,0,0,0,10.9380505396065,10.9536574817513,10.9345522712687,0,10.9501776442975,0,"chi","un",33,1000,0.5,0,0,0,TRUE,0,FALSE,101,"leave-1",1000,0.5,1e+05,TRUE,98
10,0,0,0,10.9380505396065,10.9416958718958,10.9345522712687,0,10.9385743413918,0,"chi","un",33,1000,0.5,0,0,0,TRUE,0,FALSE,101,"leave-1",1000,0.5,1e+05,TRUE,98
10,0,0,0,10.9380505396065,10.9486046905293,10.9345522712687,0,10.9450644224401,0,"chi","un",33,1000,0.5,0,0,0,TRUE,0,FALSE,101,"leave-1",1000,0.5,1e+05,TRUE,98
10,0,0,0,10.9380505396065,10.9509415820554,10.9345522712687,0,10.94962992919,0,"chi","un",33,1000,0.5,0,0,0,TRUE,0,FALSE,101,"leave-1",1000,0.5,1e+05,TRUE,98
10,0,0,0,10.9380505396065,10.9414294586622,10.9345522712687,0,10.9387097081545,0,"chi","un",33,1000,0.5,0,0,0,TRUE,0,FALSE,101,"leave-1",1000,0.5,1e+05,TRUE,98
10,0,0,0,10.9380505396065,10.9523136408357,10.9345522712687,0,10.9483688262803,0,"chi","un",33,1000,0.5,0,0,0,TRUE,0,FALSE,101,"leave-1",1000,0.5,1e+05,TRUE,98
10,0,0,0,10.9380505396065,10.9489123873781,10.9345522712687,0,10.9455805838402,0,"chi","un",33,1000,0.5,0,0,0,TRUE,0,FALSE,101,"leave-1",1000,0.5,1e+05,TRUE,98
10,0,0,0,10.9380505396065,10.9512544079107,10.9345522712687,0,10.9479310718068,0,"chi","un",33,1000,0.5,0,0,0,TRUE,0,FALSE,101,"leave-1",1000,0.5,1e+05,TRUE,98
10,0,0,0,10.9380505396065,10.9176751693318,10.9345522712687,0,10.9163664360767,0,"chi","un",33,1000,0.5,0,0,0,TRUE,0,FALSE,101,"leave-1",1000,0.5,1e+05,TRUE,98
10,0,0,0,10.9380505396065,10.9433493493015,10.9345522712687,0,10.9412936270852,0,"chi","un",33,1000,0.5,0,0,0,TRUE,0,FALSE,101,"leave-1",1000,0.5,1e+05,TRUE,98
10,0,0,0,10.9380505396065,10.873657442874,10.9345522712687,0,10.8702755591935,0,"chi","un",33,1000,0.5,0,0,0,TRUE,0,FALSE,101,"leave-1",1000,0.5,1e+05,TRUE,98
10,0,0,0,10.9380505396065,10.9384049625621,10.9345522712687,0,10.9355284620775,0,"chi","un",33,1000,0.5,0,0,0,TRUE,0,FALSE,101,"leave-1",1000,0.5,1e+05,TRUE,98
10,0,0,0,10.9380505396065,10.7880729249025,10.9345522712687,0,10.78346620916,0,"chi","un",33,1000,0.5,0,0,0,TRUE,0,FALSE,101,"leave-1",1000,0.5,1e+05,TRUE,98
10,0,0,0,10.9380505396065,10.9356002566294,10.9345522712687,0,10.9328421016341,0,"chi","un",33,1000,0.5,0,0,0,TRUE,0,FALSE,101,"leave-1",1000,0.5,1e+05,TRUE,98
10,0,0,0,10.9380505396065,10.9694861110079,10.9345522712687,0,10.9676839564177,0,"chi","un",33,1000,0.5,0,0,0,TRUE,0,FALSE,101,"leave-1",1000,0.5,1e+05,TRUE,98
10,0,0,0,10.9380505396065,10.9414384815663,10.9345522712687,0,10.9374011325154,0,"chi","un",33,1000,0.5,0,0,0,TRUE,0,FALSE,101,"leave-1",1000,0.5,1e+05,TRUE,98
10,0,0,0,10.9380505396065,10.8978585100115,10.9345522712687,0,10.8957477908113,0,"chi","un",33,1000,0.5,0,0,0,TRUE,0,FALSE,101,"leave-1",1000,0.5,1e+05,TRUE,98
10,0,0,0,10.9380505396065,10.9465718074878,10.9345522712687,0,10.9438113875383,0,"chi","un",33,1000,0.5,0,0,0,TRUE,0,FALSE,101,"leave-1",1000,0.5,1e+05,TRUE,98
10,0,0,0,10.9380505396065,10.9721552012905,10.9345522712687,0,10.9681764465024,0,"chi","un",33,1000,0.5,0,0,0,TRUE,0,FALSE,101,"leave-1",1000,0.5,1e+05,TRUE,98
10,0,0,0,10.9380505396065,10.9519109751959,10.9345522712687,0,10.948321096017,0,"chi","un",33,1000,0.5,0,0,0,TRUE,0,FALSE,101,"leave-1",1000,0.5,1e+05,TRUE,98
10,0,0,0,10.9380505396065,10.9819550647585,10.9345522712687,0,10.9783196119645,0,"chi","un",33,1000,0.5,0,0,0,TRUE,0,FALSE,101,"leave-1",1000,0.5,1e+05,TRUE,98
10,0,0,0,10.9380505396065,10.949501134958,10.9345522712687,0,10.945991937995,0,"chi","un",33,1000,0.5,0,0,0,TRUE,0,FALSE,101,"leave-1",1000,0.5,1e+05,TRUE,98
10,0,0,0,10.9380505396065,10.951264342523,10.9345522712687,0,10.9479344836596,0,"chi","un",33,1000,0.5,0,0,0,TRUE,0,FALSE,101,"leave-1",1000,0.5,1e+05,TRUE,98
10,0,0,0,10.9380505396065,10.9453501919416,10.9345522712687,0,10.9421783652873,0,"chi","un",33,1000,0.5,0,0,0,TRUE,0,FALSE,101,"leave-1",1000,0.5,1e+05,TRUE,98
10,0,0,0,10.9380505396065,10.9451154492476,10.9345522712687,0,10.9409476661389,0,"chi","un",33,1000,0.5,0,0,0,TRUE,0,FALSE,101,"leave-1",1000,0.5,1e+05,TRUE,98
10,0,0,0,10.9380505396065,10.952487406499,10.9345522712687,0,10.9491233804569,0,"chi","un",33,1000,0.5,0,0,0,TRUE,0,FALSE,101,"leave-1",1000,0.5,1e+05,TRUE,98
10,0,0,0,10.9380505396065,10.7025265154587,10.9345522712687,0,10.6970336329104,0,"chi","un",33,1000,0.5,0,0,0,TRUE,0,FALSE,101,"leave-1",1000,0.5,1e+05,TRUE,98
10,0,0,0,10.9380505396065,10.9233805722901,10.9345522712687,0,10.9202450499691,0,"chi","un",33,1000,0.5,0,0,0,TRUE,0,FALSE,101,"leave-1",1000,0.5,1e+05,TRUE,98
10,0,0,0,10.9380505396065,10.9258606590644,10.9345522712687,0,10.9242092370102,0,"chi","un",33,1000,0.5,0,0,0,TRUE,0,FALSE,101,"leave-1",1000,0.5,1e+05,TRUE,98
10,0,0,0,10.9380505396065,10.948986048915,10.9345522712687,0,10.9460918812453,0,"chi","un",33,1000,0.5,0,0,0,TRUE,0,FALSE,101,"leave-1",1000,0.5,1e+05,TRUE,98
10,0,0,0,10.9380505396065,10.9472446316424,10.9345522712687,0,10.9435120477887,0,"chi","un",33,1000,0.5,0,0,0,TRUE,0,FALSE,101,"leave-1",1000,0.5,1e+05,TRUE,98
10,0,0,0,10.9380505396065,10.9493673572017,10.9345522712687,0,10.9461614260877,0,"chi","un",33,1000,0.5,0,0,0,TRUE,0,FALSE,101,"leave-1",1000,0.5,1e+05,TRUE,98
10,0,0,0,10.9380505396065,10.9567890952388,10.9345522712687,0,10.9532649642146,0,"chi","un",33,1000,0.5,0,0,0,TRUE,0,FALSE,101,"leave-1",1000,0.5,1e+05,TRUE,98
10,0,0,0,10.9380505396065,10.9266415925336,10.9345522712687,0,10.9248944181849,0,"chi","un",33,1000,0.5,0,0,0,TRUE,0,FALSE,101,"leave-1",1000,0.5,1e+05,TRUE,98
10,0,0,0,10.9380505396065,10.8952008783458,10.9345522712687,0,10.8919419220497,0,"chi","un",33,1000,0.5,0,0,0,TRUE,0,FALSE,101,"leave-1",1000,0.5,1e+05,TRUE,98
10,0,0,0,10.9380505396065,10.9369991364503,10.9345522712687,0,10.9328253628207,0,"chi","un",33,1000,0.5,0,0,0,TRUE,0,FALSE,101,"leave-1",1000,0.5,1e+05,TRUE,98
10,0,0,0,10.9380505396065,10.9075193853643,10.9345522712687,0,10.9027841009767,0,"chi","un",33,1000,0.5,0,0,0,TRUE,0,FALSE,101,"leave-1",1000,0.5,1e+05,TRUE,98
10,0,0,0,10.9380505396065,10.9449611230133,10.9345522712687,0,10.941535341146,0,"chi","un",33,1000,0.5,0,0,0,TRUE,0,FALSE,101,"leave-1",1000,0.5,1e+05,TRUE,98
10,0,0,0,10.9380505396065,10.9306989443721,10.9345522712687,0,10.9280586622012,0,"chi","un",33,1000,0.5,0,0,0,TRUE,0,FALSE,101,"leave-1",1000,0.5,1e+05,TRUE,98
10,0,0,0,10.9380505396065,10.8948140587226,10.9345522712687,0,10.8929417955996,0,"chi","un",33,1000,0.5,0,0,0,TRUE,0,FALSE,101,"leave-1",1000,0.5,1e+05,TRUE,98
10,0,0,0,10.9380505396065,10.9274414017114,10.9345522712687,0,10.9232256722501,0,"chi","un",33,1000,0.5,0,0,0,TRUE,0,FALSE,101,"leave-1",1000,0.5,1e+05,TRUE,98
10,0,0,0,10.9380505396065,10.9125575668793,10.9345522712687,0,10.9103189264876,0,"chi","un",33,1000,0.5,0,0,0,TRUE,0,FALSE,101,"leave-1",1000,0.5,1e+05,TRUE,98
10,0,0,0,10.9380505396065,10.9540424655478,10.9345522712687,0,10.9510663027745,0,"chi","un",33,1000,0.5,0,0,0,TRUE,0,FALSE,101,"leave-1",1000,0.5,1e+05,TRUE,98
10,0,0,0,10.9380505396065,10.9319856600598,10.9345522712687,0,10.9295758732594,0,"chi","un",33,1000,0.5,0,0,0,TRUE,0,FALSE,101,"leave-1",1000,0.5,1e+05,TRUE,98
10,0,0,0,10.9380505396065,10.9208200158495,10.9345522712687,0,10.9165612471469,0,"chi","un",33,1000,0.5,0,0,0,TRUE,0,FALSE,101,"leave-1",1000,0.5,1e+05,TRUE,98
10,0,0,0,10.9380505396065,10.9444026898965,10.9345522712687,0,10.9425694283977,0,"chi","un",33,1000,0.5,0,0,0,TRUE,0,FALSE,101,"leave-1",1000,0.5,1e+05,TRUE,98
10,0,0,0,10.9380505396065,10.7885032815503,10.9345522712687,0,10.782969209121,0,"chi","un",33,1000,0.5,0,0,0,TRUE,0,FALSE,101,"leave-1",1000,0.5,1e+05,TRUE,98
10,0,0,0,10.9380505396065,10.9484381682382,10.9345522712687,0,10.944698857685,0,"chi","un",33,1000,0.5,0,0,0,TRUE,0,FALSE,101,"leave-1",1000,0.5,1e+05,TRUE,98
10,0,0,0,10.9380505396065,10.9376183489952,10.9345522712687,0,10.9349670447412,0,"chi","un",33,1000,0.5,0,0,0,TRUE,0,FALSE,101,"leave-1",1000,0.5,1e+05,TRUE,98
10,0,0,0,10.9380505396065,10.9360077768268,10.9345522712687,0,10.9332198331712,0,"chi","un",33,1000,0.5,0,0,0,TRUE,0,FALSE,101,"leave-1",1000,0.5,1e+05,TRUE,98
10,0,0,0,10.9380505396065,10.9477868446989,10.9345522712687,0,10.9450965238596,0,"chi","un",33,1000,0.5,0,0,0,TRUE,0,FALSE,101,"leave-1",1000,0.5,1e+05,TRUE,98
10,0,0,0,10.9380505396065,10.9386162843148,10.9345522712687,0,10.9358123135963,0,"chi","un",33,1000,0.5,0,0,0,TRUE,0,FALSE,101,"leave-1",1000,0.5,1e+05,TRUE,98
10,0,0,0,10.9380505396065,10.9435383009833,10.9345522712687,0,10.939706781569,0,"chi","un",33,1000,0.5,0,0,0,TRUE,0,FALSE,101,"leave-1",1000,0.5,1e+05,TRUE,98
10,0,0,0,10.9380505396065,10.9330167450817,10.9345522712687,0,10.9303264243999,0,"chi","un",33,1000,0.5,0,0,0,TRUE,0,FALSE,101,"leave-1",1000,0.5,1e+05,TRUE,98
10,0,0,0,10.9380505396065,10.9434236526889,10.9345522712687,0,10.9404280715454,0,"chi","un",33,1000,0.5,0,0,0,TRUE,0,FALSE,101,"leave-1",1000,0.5,1e+05,TRUE,98
10,0,0,0,10.9380505396065,10.9449860950371,10.9345522712687,0,10.9419643584008,0,"chi","un",33,1000,0.5,0,0,0,TRUE,0,FALSE,101,"leave-1",1000,0.5,1e+05,TRUE,98
10,0,0,0,10.9380505396065,10.9494481848492,10.9345522712687,0,10.9460098667329,0,"chi","un",33,1000,0.5,0,0,0,TRUE,0,FALSE,101,"leave-1",1000,0.5,1e+05,TRUE,98
10,0,0,0,10.9380505396065,10.9502646839,10.9345522712687,0,10.9462592796213,0,"chi","un",33,1000,0.5,0,0,0,TRUE,0,FALSE,101,"leave-1",1000,0.5,1e+05,TRUE,98
10,0,0,0,10.9380505396065,10.9505863593905,10.9345522712687,0,10.9490676414412,0,"chi","un",33,1000,0.5,0,0,0,TRUE,0,FALSE,101,"leave-1",1000,0.5,1e+05,TRUE,98
10,0,0,0,10.9380505396065,10.9459265528981,10.9345522712687,0,10.9423174327719,0,"chi","un",33,1000,0.5,0,0,0,TRUE,0,FALSE,101,"leave-1",1000,0.5,1e+05,TRUE,98
10,0,0,0,10.9380505396065,10.9045128549071,10.9345522712687,0,10.9023967320731,0,"chi","un",33,1000,0.5,0,0,0,TRUE,0,FALSE,101,"leave-1",1000,0.5,1e+05,TRUE,98
10,0,0,0,10.9380505396065,10.9420558456969,10.9345522712687,0,10.9398392235468,0,"chi","un",33,1000,0.5,0,0,0,TRUE,0,FALSE,101,"leave-1",1000,0.5,1e+05,TRUE,98
10,0,0,0,10.9380505396065,10.9494917010493,10.9345522712687,0,10.9463000203482,0,"chi","un",33,1000,0.5,0,0,0,TRUE,0,FALSE,101,"leave-1",1000,0.5,1e+05,TRUE,98
10,0,0,0,10.9380505396065,10.948669633595,10.9345522712687,0,10.94521577099,0,"chi","un",33,1000,0.5,0,0,0,TRUE,0,FALSE,101,"leave-1",1000,0.5,1e+05,TRUE,98
10,0,0,0,10.9380505396065,10.9250898502281,10.9345522712687,0,10.9237727059111,0,"chi","un",33,1000,0.5,0,0,0,TRUE,0,FALSE,101,"leave-1",1000,0.5,1e+05,TRUE,98
10,0,0,0,10.9380505396065,10.9436044608589,10.9345522712687,0,10.9405384917345,0,"chi","un",33,1000,0.5,0,0,0,TRUE,0,FALSE,101,"leave-1",1000,0.5,1e+05,TRUE,98
10,0,0,0,10.9380505396065,10.9471412909042,10.9345522712687,0,10.9444382611829,0,"chi","un",33,1000,0.5,0,0,0,TRUE,0,FALSE,101,"leave-1",1000,0.5,1e+05,TRUE,98
10,0,0,0,10.9380505396065,10.9602994790852,10.9345522712687,0,10.9571978848711,0,"chi","un",33,1000,0.5,0,0,0,TRUE,0,FALSE,101,"leave-1",1000,0.5,1e+05,TRUE,98
10,0,0,0,10.9380505396065,10.9362516985988,10.9345522712687,0,10.9335846837588,0,"chi","un",33,1000,0.5,0,0,0,TRUE,0,FALSE,101,"leave-1",1000,0.5,1e+05,TRUE,98
10,0,0,0,10.9380505396065,10.9443305711801,10.9345522712687,0,10.9410933855715,0,"chi","un",33,1000,0.5,0,0,0,TRUE,0,FALSE,101,"leave-1",1000,0.5,1e+05,TRUE,98
10,0,0,0,10.9380505396065,10.9421548837802,10.9345522712687,0,10.9391545345527,0,"chi","un",33,1000,0.5,0,0,0,TRUE,0,FALSE,101,"leave-1",1000,0.5,1e+05,TRUE,98
10,0,0,0,10.9380505396065,10.9487287830235,10.9345522712687,0,10.9454023427757,0,"chi","un",33,1000,0.5,0,0,0,TRUE,0,FALSE,101,"leave-1",1000,0.5,1e+05,TRUE,98
10,0,0,0,10.9380505396065,10.9512213728463,10.9345522712687,0,10.9481145007655,0,"chi","un",33,1000,0.5,0,0,0,TRUE,0,FALSE,101,"leave-1",1000,0.5,1e+05,TRUE,98
10,0,0,0,10.9380505396065,10.9604310211496,10.9345522712687,0,10.9572622214883,0,"chi","un",33,1000,0.5,0,0,0,TRUE,0,FALSE,101,"leave-1",1000,0.5,1e+05,TRUE,98
10,0,0,0,10.9380505396065,10.9426216451211,10.9345522712687,0,10.9384722588117,0,"chi","un",33,1000,0.5,0,0,0,TRUE,0,FALSE,101,"leave-1",1000,0.5,1e+05,TRUE,98
10,0,0,0,10.9380505396065,10.9396353730186,10.9345522712687,0,10.9369339616341,0,"chi","un",33,1000,0.5,0,0,0,TRUE,0,FALSE,101,"leave-1",1000,0.5,1e+05,TRUE,98
10,0,0,0,10.9380505396065,10.9513409608756,10.9345522712687,0,10.9483586076585,0,"chi","un",33,1000,0.5,0,0,0,TRUE,0,FALSE,101,"leave-1",1000,0.5,1e+05,TRUE,98
10,0,0,0,10.9380505396065,10.9469128897002,10.9345522712687,0,10.9431396806531,0,"chi","un",33,1000,0.5,0,0,0,TRUE,0,FALSE,101,"leave-1",1000,0.5,1e+05,TRUE,98
10,0,0,0,10.9380505396065,10.9660946712765,10.9345522712687,0,10.96231568701,0,"chi","un",33,1000,0.5,0,0,0,TRUE,0,FALSE,101,"leave-1",1000,0.5,1e+05,TRUE,98
10,0,0,0,10.9380505396065,10.9563579652841,10.9345522712687,0,10.9528954035956,0,"chi","un",33,1000,0.5,0,0,0,TRUE,0,FALSE,101,"leave-1",1000,0.5,1e+05,TRUE,98
10,0,0,0,10.9380505396065,10.9244028711782,10.9345522712687,0,10.9223257494669,0,"chi","un",33,1000,0.5,0,0,0,TRUE,0,FALSE,101,"leave-1",1000,0.5,1e+05,TRUE,98
10,0,0,0,10.9380505396065,10.9489051777872,10.9345522712687,0,10.9454137424218,0,"chi","un",33,1000,0.5,0,0,0,TRUE,0,FALSE,101,"leave-1",1000,0.5,1e+05,TRUE,98
10,0,0,0,10.9380505396065,10.9390786052109,10.9345522712687,0,10.9349807796801,0,"chi","un",33,1000,0.5,0,0,0,TRUE,0,FALSE,101,"leave-1",1000,0.5,1e+05,TRUE,98
10,0,0,0,10.9380505396065,10.9490270928149,10.9345522712687,0,10.9456137687642,0,"chi","un",33,1000,0.5,0,0,0,TRUE,0,FALSE,101,"leave-1",1000,0.5,1e+05,TRUE,98
10,0,0,0,10.9380505396065,10.9322971545182,10.9345522712687,0,10.9299790508713,0,"chi","un",33,1000,0.5,0,0,0,TRUE,0,FALSE,101,"leave-1",1000,0.5,1e+05,TRUE,98
10,0,0,0,10.9380505396065,10.9393493205434,10.9345522712687,0,10.937503316923,0,"chi","un",33,1000,0.5,0,0,0,TRUE,0,FALSE,101,"leave-1",1000,0.5,1e+05,TRUE,98
10,0,0,0,10.9380505396065,10.9481534255528,10.9345522712687,0,10.944796020011,0,"chi","un",33,1000,0.5,0,0,0,TRUE,0,FALSE,101,"leave-1",1000,0.5,1e+05,TRUE,98
10,0,0,0,10.9380505396065,10.9513090614227,10.9345522712687,0,10.9477511419235,0,"chi","un",33,1000,0.5,0,0,0,TRUE,0,FALSE,101,"leave-1",1000,0.5,1e+05,TRUE,98
10,0,0,0,10.9380505396065,10.9434340402876,10.9345522712687,0,10.9388142425143,0,"chi","un",33,1000,0.5,0,0,0,TRUE,0,FALSE,101,"leave-1",1000,0.5,1e+05,TRUE,98
10,0,0,0,10.9380505396065,10.9026122038648,10.9345522712687,0,10.8979388840323,0,"chi","un",33,1000,0.5,0,0,0,TRUE,0,FALSE,101,"leave-1",1000,0.5,1e+05,TRUE,98
10,0,0,0,10.9380505396065,10.9449734836026,10.9345522712687,0,10.9417637229019,0,"chi","un",33,1000,0.5,0,0,0,TRUE,0,FALSE,101,"leave-1",1000,0.5,1e+05,TRUE,98
10,0,0,0,10.9380505396065,10.9437921717831,10.9345522712687,0,10.9413707582758,0,"chi","un",33,1000,0.5,0,0,0,TRUE,0,FALSE,101,"leave-1",1000,0.5,1e+05,TRUE,98
10,0,0,0,10.9380505396065,10.9766424002744,10.9345522712687,0,10.9729417797983,0,"chi","un",33,1000,0.5,0,0,0,TRUE,0,FALSE,101,"leave-1",1000,0.5,1e+05,TRUE,98
10,0,0,0,10.9380505396065,10.9488065028332,10.9345522712687,0,10.9460625189599,0,"chi","un",33,1000,0.5,0,0,0,TRUE,0,FALSE,101,"leave-1",1000,0.5,1e+05,TRUE,98
10,0,0,0,10.9380505396065,10.9502180360995,10.9345522712687,0,10.946973770225,0,"chi","un",33,1000,0.5,0,0,0,TRUE,0,FALSE,101,"leave-1",1000,0.5,1e+05,TRUE,98
10,0,0,0,10.9380505396065,10.9547197163326,10.9345522712687,0,10.9517634065903,0,"chi","un",33,1000,0.5,0,0,0,TRUE,0,FALSE,101,"leave-1",1000,0.5,1e+05,TRUE,98
10,0,0,0,10.9380505396065,10.9395995277642,10.9345522712687,0,10.9365549270135,0,"chi","un",33,1000,0.5,0,0,0,TRUE,0,FALSE,101,"leave-1",1000,0.5,1e+05,TRUE,98
10,0,0,0,10.9380505396065,10.9444724195466,10.9345522712687,0,10.9405868393567,0,"chi","un",33,1000,0.5,0,0,0,TRUE,0,FALSE,101,"leave-1",1000,0.5,1e+05,TRUE,98
10,0,0,0,10.9380505396065,10.8774909248472,10.9345522712687,0,10.8733722404926,0,"chi","un",33,1000,0.5,0,0,0,TRUE,0,FALSE,101,"leave-1",1000,0.5,1e+05,TRUE,98
10,0,0,0,10.9380505396065,10.7408711676201,10.9345522712687,0,10.7352899449736,0,"chi","un",33,1000,0.5,0,0,0,TRUE,0,FALSE,101,"leave-1",1000,0.5,1e+05,TRUE,98
10,0,0,0,10.9380505396065,10.9459467390943,10.9345522712687,0,10.9431736115388,0,"chi","un",33,1000,0.5,0,0,0,TRUE,0,FALSE,101,"leave-1",1000,0.5,1e+05,TRUE,98
10,0,0,0,10.9380505396065,10.9438533262022,10.9345522712687,0,10.9406820402646,0,"chi","un",33,1000,0.5,0,0,0,TRUE,0,FALSE,101,"leave-1",1000,0.5,1e+05,TRUE,98
10,0,0,0,10.9380505396065,10.9433599981543,10.9345522712687,0,10.9390868368744,0,"chi","un",33,1000,0.5,0,0,0,TRUE,0,FALSE,101,"leave-1",1000,0.5,1e+05,TRUE,98
10,0,0,0,10.9380505396065,10.9448406308416,10.9345522712687,0,10.94146502287,0,"chi","un",33,1000,0.5,0,0,0,TRUE,0,FALSE,101,"leave-1",1000,0.5,1e+05,TRUE,98
10,0,0,0,10.9380505396065,10.9455006728851,10.9345522712687,0,10.9408050132489,0,"chi","un",33,1000,0.5,0,0,0,TRUE,0,FALSE,101,"leave-1",1000,0.5,1e+05,TRUE,98
10,0,0,0,10.9380505396065,10.9172989021738,10.9345522712687,0,10.9154843959633,0,"chi","un",33,1000,0.5,0,0,0,TRUE,0,FALSE,101,"leave-1",1000,0.5,1e+05,TRUE,98
10,0,0,0,10.9380505396065,10.9408069506071,10.9345522712687,0,10.9368241154373,0,"chi","un",33,1000,0.5,0,0,0,TRUE,0,FALSE,101,"leave-1",1000,0.5,1e+05,TRUE,98
10,0,0,0,10.9380505396065,10.9459109929963,10.9345522712687,0,10.9431425570531,0,"chi","un",33,1000,0.5,0,0,0,TRUE,0,FALSE,101,"leave-1",1000,0.5,1e+05,TRUE,98
10,0,0,0,10.9380505396065,10.7550734115349,10.9345522712687,0,10.7496841639678,0,"chi","un",33,1000,0.5,0,0,0,TRUE,0,FALSE,101,"leave-1",1000,0.5,1e+05,TRUE,98
10,0,0,0,10.9380505396065,10.950075006717,10.9345522712687,0,10.9468117839441,0,"chi","un",33,1000,0.5,0,0,0,TRUE,0,FALSE,101,"leave-1",1000,0.5,1e+05,TRUE,98
10,0,0,0,10.9380505396065,10.9314566640037,10.9345522712687,0,10.9270910272681,0,"chi","un",33,1000,0.5,0,0,0,TRUE,0,FALSE,101,"leave-1",1000,0.5,1e+05,TRUE,98
10,0,0,0,10.9380505396065,10.9211195433273,10.9345522712687,0,10.9187035897889,0,"chi","un",33,1000,0.5,0,0,0,TRUE,0,FALSE,101,"leave-1",1000,0.5,1e+05,TRUE,98
10,0,0,0,10.9380505396065,10.9551208888654,10.9345522712687,0,10.9521205293112,0,"chi","un",33,1000,0.5,0,0,0,TRUE,0,FALSE,101,"leave-1",1000,0.5,1e+05,TRUE,98
10,0,0,0,10.9380505396065,10.9826134590331,10.9345522712687,0,10.9780972371816,0,"chi","un",33,1000,0.5,0,0,0,TRUE,0,FALSE,101,"leave-1",1000,0.5,1e+05,TRUE,98
10,0,0,0,10.9380505396065,10.5751357277233,10.9345522712687,0,10.5697976623975,0,"chi","un",33,1000,0.5,0,0,0,TRUE,0,FALSE,101,"leave-1",1000,0.5,1e+05,TRUE,98
10,0,0,0,10.9380505396065,10.9401449944101,10.9345522712687,0,10.9376622729606,0,"chi","un",33,1000,0.5,0,0,0,TRUE,0,FALSE,101,"leave-1",1000,0.5,1e+05,TRUE,98
10,0,0,0,10.9380505396065,10.9320218131037,10.9345522712687,0,10.9293049769877,0,"chi","un",33,1000,0.5,0,0,0,TRUE,0,FALSE,101,"leave-1",1000,0.5,1e+05,TRUE,98
10,0,0,0,10.9380505396065,10.958013195967,10.9345522712687,0,10.9548213612697,0,"chi","un",33,1000,0.5,0,0,0,TRUE,0,FALSE,101,"leave-1",1000,0.5,1e+05,TRUE,98
10,0,0,0,10.9380505396065,10.956797103428,10.9345522712687,0,10.9561186987901,0,"chi","un",33,1000,0.5,0,0,0,TRUE,0,FALSE,101,"leave-1",1000,0.5,1e+05,TRUE,98
10,0,0,0,10.9380505396065,10.928611406778,10.9345522712687,0,10.9259948094104,0,"chi","un",33,1000,0.5,0,0,0,TRUE,0,FALSE,101,"leave-1",1000,0.5,1e+05,TRUE,98
10,0,0,0,10.9380505396065,10.8242156058703,10.9345522712687,0,10.8191395296849,0,"chi","un",33,1000,0.5,0,0,0,TRUE,0,FALSE,101,"leave-1",1000,0.5,1e+05,TRUE,98
10,0,0,0,10.9380505396065,10.9504839300998,10.9345522712687,0,10.9470416048852,0,"chi","un",33,1000,0.5,0,0,0,TRUE,0,FALSE,101,"leave-1",1000,0.5,1e+05,TRUE,98
10,0,0,0,10.9380505396065,10.9356814228319,10.9345522712687,0,10.9335910617755,0,"chi","un",33,1000,0.5,0,0,0,TRUE,0,FALSE,101,"leave-1",1000,0.5,1e+05,TRUE,98
10,0,0,0,10.9380505396065,10.9584297572097,10.9345522712687,0,10.9547017730643,0,"chi","un",33,1000,0.5,0,0,0,TRUE,0,FALSE,101,"leave-1",1000,0.5,1e+05,TRUE,98
10,0,0,0,10.9380505396065,10.9467331425609,10.9345522712687,0,10.9436903044567,0,"chi","un",33,1000,0.5,0,0,0,TRUE,0,FALSE,101,"leave-1",1000,0.5,1e+05,TRUE,98
10,0,0,0,10.9380505396065,10.9535675754116,10.9345522712687,0,10.9502753970703,0,"chi","un",33,1000,0.5,0,0,0,TRUE,0,FALSE,101,"leave-1",1000,0.5,1e+05,TRUE,98
10,0,0,0,10.9380505396065,10.9464896022755,10.9345522712687,0,10.9424285869945,0,"chi","un",33,1000,0.5,0,0,0,TRUE,0,FALSE,101,"leave-1",1000,0.5,1e+05,TRUE,98
10,0,0,0,10.9380505396065,10.938494014473,10.9345522712687,0,10.9342406714508,0,"chi","un",33,1000,0.5,0,0,0,TRUE,0,FALSE,101,"leave-1",1000,0.5,1e+05,TRUE,98
10,0,0,0,10.9380505396065,10.9205774602373,10.9345522712687,0,10.9182424851687,0,"chi","un",33,1000,0.5,0,0,0,TRUE,0,FALSE,101,"leave-1",1000,0.5,1e+05,TRUE,98
10,0,0,0,10.9380505396065,10.9478656423188,10.9345522712687,0,10.9453608562859,0,"chi","un",33,1000,0.5,0,0,0,TRUE,0,FALSE,101,"leave-1",1000,0.5,1e+05,TRUE,98
10,0,0,0,10.9380505396065,10.9400153988723,10.9345522712687,0,10.9369852458609,0,"chi","un",33,1000,0.5,0,0,0,TRUE,0,FALSE,101,"leave-1",1000,0.5,1e+05,TRUE,98
10,0,0,0,10.9380505396065,10.9302080655236,10.9345522712687,0,10.9286268458232,0,"chi","un",33,1000,0.5,0,0,0,TRUE,0,FALSE,101,"leave-1",1000,0.5,1e+05,TRUE,98
10,0,0,0,10.9380505396065,10.9305019063818,10.9345522712687,0,10.9281103398345,0,"chi","un",33,1000,0.5,0,0,0,TRUE,0,FALSE,101,"leave-1",1000,0.5,1e+05,TRUE,98
10,0,0,0,10.9380505396065,10.8330265019148,10.9345522712687,0,10.8275023978721,0,"chi","un",33,1000,0.5,0,0,0,TRUE,0,FALSE,101,"leave-1",1000,0.5,1e+05,TRUE,98
10,0,0,0,10.9380505396065,10.9279736210825,10.9345522712687,0,10.9261599327993,0,"chi","un",33,1000,0.5,0,0,0,TRUE,0,FALSE,101,"leave-1",1000,0.5,1e+05,TRUE,98
10,0,0,0,10.9380505396065,10.9318171951056,10.9345522712687,0,10.9290338372979,0,"chi","un",33,1000,0.5,0,0,0,TRUE,0,FALSE,101,"leave-1",1000,0.5,1e+05,TRUE,98
10,0,0,0,10.9380505396065,10.9363558960644,10.9345522712687,0,10.9334463807803,0,"chi","un",33,1000,0.5,0,0,0,TRUE,0,FALSE,101,"leave-1",1000,0.5,1e+05,TRUE,98
10,0,0,0,10.9380505396065,10.93520531848,10.9345522712687,0,10.9318240533949,0,"chi","un",33,1000,0.5,0,0,0,TRUE,0,FALSE,101,"leave-1",1000,0.5,1e+05,TRUE,98
10,0,0,0,10.9380505396065,10.9516468456586,10.9345522712687,0,10.9480801034662,0,"chi","un",33,1000,0.5,0,0,0,TRUE,0,FALSE,101,"leave-1",1000,0.5,1e+05,TRUE,98
10,0,0,0,10.9380505396065,10.9844610033491,10.9345522712687,0,10.9812830423656,0,"chi","un",33,1000,0.5,0,0,0,TRUE,0,FALSE,101,"leave-1",1000,0.5,1e+05,TRUE,98
10,0,0,0,10.9380505396065,10.9535376916169,10.9345522712687,0,10.9507885947978,0,"chi","un",33,1000,0.5,0,0,0,TRUE,0,FALSE,101,"leave-1",1000,0.5,1e+05,TRUE,98
10,0,0,0,10.9380505396065,10.9371263434369,10.9345522712687,0,10.9329745190646,0,"chi","un",33,1000,0.5,0,0,0,TRUE,0,FALSE,101,"leave-1",1000,0.5,1e+05,TRUE,98
10,0,0,0,10.9380505396065,10.9594390743492,10.9345522712687,0,10.9552509729891,0,"chi","un",33,1000,0.5,0,0,0,TRUE,0,FALSE,101,"leave-1",1000,0.5,1e+05,TRUE,98
10,0,0,0,10.9380505396065,10.9522059914344,10.9345522712687,0,10.9486503734488,0,"chi","un",33,1000,0.5,0,0,0,TRUE,0,FALSE,101,"leave-1",1000,0.5,1e+05,TRUE,98
10,0,0,0,10.9380505396065,10.8251149359317,10.9345522712687,0,10.8199163629564,0,"chi","un",33,1000,0.5,0,0,0,TRUE,0,FALSE,101,"leave-1",1000,0.5,1e+05,TRUE,98
10,0,0,0,10.9380505396065,10.9462846845714,10.9345522712687,0,10.9426661929984,0,"chi","un",33,1000,0.5,0,0,0,TRUE,0,FALSE,101,"leave-1",1000,0.5,1e+05,TRUE,98
10,0,0,0,10.9380505396065,10.9486434370782,10.9345522712687,0,10.9458450804825,0,"chi","un",33,1000,0.5,0,0,0,TRUE,0,FALSE,101,"leave-1",1000,0.5,1e+05,TRUE,98
10,0,0,0,10.9380505396065,10.9526473421626,10.9345522712687,0,10.9489550874564,0,"chi","un",33,1000,0.5,0,0,0,TRUE,0,FALSE,101,"leave-1",1000,0.5,1e+05,TRUE,98
10,0,0,0,10.9380505396065,10.9764251458062,10.9345522712687,0,10.973006526601,0,"chi","un",33,1000,0.5,0,0,0,TRUE,0,FALSE,101,"leave-1",1000,0.5,1e+05,TRUE,98
10,0,0,0,10.9380505396065,10.9507652804345,10.9345522712687,0,10.9469358796108,0,"chi","un",33,1000,0.5,0,0,0,TRUE,0,FALSE,101,"leave-1",1000,0.5,1e+05,TRUE,98
10,0,0,0,10.9380505396065,10.969445487652,10.9345522712687,0,10.9652518368205,0,"chi","un",33,1000,0.5,0,0,0,TRUE,0,FALSE,101,"leave-1",1000,0.5,1e+05,TRUE,98
10,0,0,0,10.9380505396065,10.9503205251847,10.9345522712687,0,10.9472595257453,0,"chi","un",33,1000,0.5,0,0,0,TRUE,0,FALSE,101,"leave-1",1000,0.5,1e+05,TRUE,98
10,0,0,0,10.9380505396065,10.9402691829813,10.9345522712687,0,10.9377010345203,0,"chi","un",33,1000,0.5,0,0,0,TRUE,0,FALSE,101,"leave-1",1000,0.5,1e+05,TRUE,98
10,0,0,0,10.9380505396065,10.9437499307483,10.9345522712687,0,10.9412243468235,0,"chi","un",33,1000,0.5,0,0,0,TRUE,0,FALSE,101,"leave-1",1000,0.5,1e+05,TRUE,98
10,0,0,0,10.9380505396065,10.9498773205358,10.9345522712687,0,10.9466004723746,0,"chi","un",33,1000,0.5,0,0,0,TRUE,0,FALSE,101,"leave-1",1000,0.5,1e+05,TRUE,98
10,0,0,0,10.9380505396065,10.9491925812266,10.9345522712687,0,10.9466732159883,0,"chi","un",33,1000,0.5,0,0,0,TRUE,0,FALSE,101,"leave-1",1000,0.5,1e+05,TRUE,98
10,0,0,0,10.9380505396065,10.9500933773786,10.9345522712687,0,10.9476550881913,0,"chi","un",33,1000,0.5,0,0,0,TRUE,0,FALSE,101,"leave-1",1000,0.5,1e+05,TRUE,98
10,0,0,0,10.9380505396065,10.9313013609956,10.9345522712687,0,10.9297892840395,0,"chi","un",33,1000,0.5,0,0,0,TRUE,0,FALSE,101,"leave-1",1000,0.5,1e+05,TRUE,98
10,0,0,0,10.9380505396065,10.9536009425404,10.9345522712687,0,10.9500378091477,0,"chi","un",33,1000,0.5,0,0,0,TRUE,0,FALSE,101,"leave-1",1000,0.5,1e+05,TRUE,98
10,0,0,0,10.9380505396065,10.9474755387892,10.9345522712687,0,10.9434814356374,0,"chi","un",33,1000,0.5,0,0,0,TRUE,0,FALSE,101,"leave-1",1000,0.5,1e+05,TRUE,98
10,0,0,0,10.9380505396065,10.9602839954633,10.9345522712687,0,10.9565624833829,0,"chi","un",33,1000,0.5,0,0,0,TRUE,0,FALSE,101,"leave-1",1000,0.5,1e+05,TRUE,98
10,0,0,0,10.9380505396065,10.9578131072775,10.9345522712687,0,10.9541033135135,0,"chi","un",33,1000,0.5,0,0,0,TRUE,0,FALSE,101,"leave-1",1000,0.5,1e+05,TRUE,98
10,0,0,0,10.9380505396065,10.9371239074146,10.9345522712687,0,10.9352684551975,0,"chi","un",33,1000,0.5,0,0,0,TRUE,0,FALSE,101,"leave-1",1000,0.5,1e+05,TRUE,98
10,0,0,0,10.9380505396065,10.957512857612,10.9345522712687,0,10.9532328895654,0,"chi","un",33,1000,0.5,0,0,0,TRUE,0,FALSE,101,"leave-1",1000,0.5,1e+05,TRUE,98
10,0,0,0,10.9380505396065,10.9489383301067,10.9345522712687,0,10.9453073394119,0,"chi","un",33,1000,0.5,0,0,0,TRUE,0,FALSE,101,"leave-1",1000,0.5,1e+05,TRUE,98
10,0,0,0,10.9380505396065,10.939625835626,10.9345522712687,0,10.9367900839786,0,"chi","un",33,1000,0.5,0,0,0,TRUE,0,FALSE,101,"leave-1",1000,0.5,1e+05,TRUE,98
10,0,0,0,10.9380505396065,10.9327839815344,10.9345522712687,0,10.929901678883,0,"chi","un",33,1000,0.5,0,0,0,TRUE,0,FALSE,101,"leave-1",1000,0.5,1e+05,TRUE,98
10,0,0,0,10.9380505396065,10.9285383960923,10.9345522712687,0,10.9262760659995,0,"chi","un",33,1000,0.5,0,0,0,TRUE,0,FALSE,101,"leave-1",1000,0.5,1e+05,TRUE,98
10,0,0,0,10.9380505396065,10.9278774052378,10.9345522712687,0,10.9254986338978,0,"chi","un",33,1000,0.5,0,0,0,TRUE,0,FALSE,101,"leave-1",1000,0.5,1e+05,TRUE,98
10,0,0,0,10.9380505396065,10.948583133047,10.9345522712687,0,10.9450708050399,0,"chi","un",33,1000,0.5,0,0,0,TRUE,0,FALSE,101,"leave-1",1000,0.5,1e+05,TRUE,98
10,0,0,0,10.9380505396065,10.9094843995651,10.9345522712687,0,10.9079596391169,0,"chi","un",33,1000,0.5,0,0,0,TRUE,0,FALSE,101,"leave-1",1000,0.5,1e+05,TRUE,98
10,0,0,0,10.9380505396065,10.9463231157172,10.9345522712687,0,10.9447678277532,0,"chi","un",33,1000,0.5,0,0,0,TRUE,0,FALSE,101,"leave-1",1000,0.5,1e+05,TRUE,98
10,0,0,0,10.9380505396065,10.9443966488694,10.9345522712687,0,10.9412234082298,0,"chi","un",33,1000,0.5,0,0,0,TRUE,0,FALSE,101,"leave-1",1000,0.5,1e+05,TRUE,98
10,0,0,0,10.9380505396065,10.9756514478801,10.9345522712687,0,10.9726656771079,0,"chi","un",33,1000,0.5,0,0,0,TRUE,0,FALSE,101,"leave-1",1000,0.5,1e+05,TRUE,98
10,0,0,0,10.9380505396065,10.9555768652866,10.9345522712687,0,10.9521783124405,0,"chi","un",33,1000,0.5,0,0,0,TRUE,0,FALSE,101,"leave-1",1000,0.5,1e+05,TRUE,98
10,0,0,0,10.9380505396065,10.9336141613057,10.9345522712687,0,10.9313696168115,0,"chi","un",33,1000,0.5,0,0,0,TRUE,0,FALSE,101,"leave-1",1000,0.5,1e+05,TRUE,98
10,0,0,0,10.9380505396065,10.9146901994576,10.9345522712687,0,10.912439445631,0,"chi","un",33,1000,0.5,0,0,0,TRUE,0,FALSE,101,"leave-1",1000,0.5,1e+05,TRUE,98
10,0,0,0,10.9380505396065,10.9661705476236,10.9345522712687,0,10.962530603262,0,"chi","un",33,1000,0.5,0,0,0,TRUE,0,FALSE,101,"leave-1",1000,0.5,1e+05,TRUE,98
10,0,0,0,10.9380505396065,10.9584658937997,10.9345522712687,0,10.9547172374484,0,"chi","un",33,1000,0.5,0,0,0,TRUE,0,FALSE,101,"leave-1",1000,0.5,1e+05,TRUE,98
10,0,0,0,10.9380505396065,10.9106828385979,10.9345522712687,0,10.9061190681203,0,"chi","un",33,1000,0.5,0,0,0,TRUE,0,FALSE,101,"leave-1",1000,0.5,1e+05,TRUE,98
10,0,0,0,10.9380505396065,10.9482735276567,10.9345522712687,0,10.9465830618947,0,"chi","un",33,1000,0.5,0,0,0,TRUE,0,FALSE,101,"leave-1",1000,0.5,1e+05,TRUE,98
10,0,0,0,10.9380505396065,10.9504908033604,10.9345522712687,0,10.9467846449284,0,"chi","un",33,1000,0.5,0,0,0,TRUE,0,FALSE,101,"leave-1",1000,0.5,1e+05,TRUE,98
10,0,0,0,10.9380505396065,10.9438458443699,10.9345522712687,0,10.9406746008718,0,"chi","un",33,1000,0.5,0,0,0,TRUE,0,FALSE,101,"leave-1",1000,0.5,1e+05,TRUE,98
10,0,0,0,10.9380505396065,10.9479405792029,10.9345522712687,0,10.944573007082,0,"chi","un",33,1000,0.5,0,0,0,TRUE,0,FALSE,101,"leave-1",1000,0.5,1e+05,TRUE,98
10,0,0,0,10.9380505396065,10.9293250024729,10.9345522712687,0,10.9267908507274,0,"chi","un",33,1000,0.5,0,0,0,TRUE,0,FALSE,101,"leave-1",1000,0.5,1e+05,TRUE,98
10,0,0,0,10.9380505396065,10.9466480362715,10.9345522712687,0,10.9445056656483,0,"chi","un",33,1000,0.5,0,0,0,TRUE,0,FALSE,101,"leave-1",1000,0.5,1e+05,TRUE,98
10,0,0,0,10.9380505396065,10.9192234675139,10.9345522712687,0,10.9170063492267,0,"chi","un",33,1000,0.5,0,0,0,TRUE,0,FALSE,101,"leave-1",1000,0.5,1e+05,TRUE,98
10,0,0,0,10.9380505396065,10.9268118242059,10.9345522712687,0,10.9242002033852,0,"chi","un",33,1000,0.5,0,0,0,TRUE,0,FALSE,101,"leave-1",1000,0.5,1e+05,TRUE,98
10,0,0,0,10.9380505396065,10.9507802139287,10.9345522712687,0,10.9476898532967,0,"chi","un",33,1000,0.5,0,0,0,TRUE,0,FALSE,101,"leave-1",1000,0.5,1e+05,TRUE,98
10,0,0,0,10.9380505396065,10.9484729371372,10.9345522712687,0,10.9449153747184,0,"chi","un",33,1000,0.5,0,0,0,TRUE,0,FALSE,101,"leave-1",1000,0.5,1e+05,TRUE,98
10,0,0,0,10.9380505396065,10.9395302523386,10.9345522712687,0,10.9366936042478,0,"chi","un",33,1000,0.5,0,0,0,TRUE,0,FALSE,101,"leave-1",1000,0.5,1e+05,TRUE,98
10,0,0,0,10.9380505396065,10.8957874583009,10.9345522712687,0,10.8910830491101,0,"chi","un",33,1000,0.5,0,0,0,TRUE,0,FALSE,101,"leave-1",1000,0.5,1e+05,TRUE,98
10,0,0,0,10.9380505396065,10.9439596576853,10.9345522712687,0,10.9417933952631,0,"chi","un",33,1000,0.5,0,0,0,TRUE,0,FALSE,101,"leave-1",1000,0.5,1e+05,TRUE,98
10,0,0,0,10.9380505396065,10.9365401410259,10.9345522712687,0,10.9335763709916,0,"chi","un",33,1000,0.5,0,0,0,TRUE,0,FALSE,101,"leave-1",1000,0.5,1e+05,TRUE,98
10,0,0,0,10.9380505396065,10.9484673108291,10.9345522712687,0,10.9447970468524,0,"chi","un",33,1000,0.5,0,0,0,TRUE,0,FALSE,101,"leave-1",1000,0.5,1e+05,TRUE,98
10,0,0,0,10.9380505396065,10.9295356943664,10.9345522712687,0,10.9256852073671,0,"chi","un",33,1000,0.5,0,0,0,TRUE,0,FALSE,101,"leave-1",1000,0.5,1e+05,TRUE,98
10,0,0,0,10.9380505396065,10.9485357227138,10.9345522712687,0,10.9459831657233,0,"chi","un",33,1000,0.5,0,0,0,TRUE,0,FALSE,101,"leave-1",1000,0.5,1e+05,TRUE,98
10,0,0,0,10.9380505396065,10.9394371831766,10.9345522712687,0,10.9362444893131,0,"chi","un",33,1000,0.5,0,0,0,TRUE,0,FALSE,101,"leave-1",1000,0.5,1e+05,TRUE,98
10,0,0,0,10.9380505396065,10.9594029400585,10.9345522712687,0,10.9560706440063,0,"chi","un",33,1000,0.5,0,0,0,TRUE,0,FALSE,101,"leave-1",1000,0.5,1e+05,TRUE,98
10,0,0,0,10.9380505396065,10.9645787039107,10.9345522712687,0,10.9608034267691,0,"chi","un",33,1000,0.5,0,0,0,TRUE,0,FALSE,101,"leave-1",1000,0.5,1e+05,TRUE,98
10,0,0,0,10.9380505396065,10.9367470868871,10.9345522712687,0,10.9337853186172,0,"chi","un",33,1000,0.5,0,0,0,TRUE,0,FALSE,101,"leave-1",1000,0.5,1e+05,TRUE,98
10,0,0,0,10.9380505396065,10.9547798361651,10.9345522712687,0,10.9513169129323,0,"chi","un",33,1000,0.5,0,0,0,TRUE,0,FALSE,101,"leave-1",1000,0.5,1e+05,TRUE,98
10,0,0,0,10.9380505396065,10.947854193806,10.9345522712687,0,10.9444309012587,0,"chi","un",33,1000,0.5,0,0,0,TRUE,0,FALSE,101,"leave-1",1000,0.5,1e+05,TRUE,98
10,0,0,0,10.9380505396065,10.9645083670176,10.9345522712687,0,10.9610939696201,0,"chi","un",33,1000,0.5,0,0,0,TRUE,0,FALSE,101,"leave-1",1000,0.5,1e+05,TRUE,98
10,0,0,0,10.9380505396065,10.9569165511278,10.9345522712687,0,10.9527091402804,0,"chi","un",33,1000,0.5,0,0,0,TRUE,0,FALSE,101,"leave-1",1000,0.5,1e+05,TRUE,98
10,0,0,0,10.9380505396065,10.9397484747849,10.9345522712687,0,10.9369971539537,0,"chi","un",33,1000,0.5,0,0,0,TRUE,0,FALSE,101,"leave-1",1000,0.5,1e+05,TRUE,98
10,0,0,0,10.9380505396065,10.9487572426738,10.9345522712687,0,10.9459209674524,0,"chi","un",33,1000,0.5,0,0,0,TRUE,0,FALSE,101,"leave-1",1000,0.5,1e+05,TRUE,98
10,0,0,0,10.9380505396065,10.955754581941,10.9345522712687,0,10.9518952128092,0,"chi","un",33,1000,0.5,0,0,0,TRUE,0,FALSE,101,"leave-1",1000,0.5,1e+05,TRUE,98
10,0,0,0,10.9380505396065,10.9455523053514,10.9345522712687,0,10.9428324927494,0,"chi","un",33,1000,0.5,0,0,0,TRUE,0,FALSE,101,"leave-1",1000,0.5,1e+05,TRUE,98
10,0,0,0,10.9380505396065,10.9718040130413,10.9345522712687,0,10.9673383354617,0,"chi","un",33,1000,0.5,0,0,0,TRUE,0,FALSE,101,"leave-1",1000,0.5,1e+05,TRUE,98
10,0,0,0,10.9380505396065,10.9398778487764,10.9345522712687,0,10.9370448254623,0,"chi","un",33,1000,0.5,0,0,0,TRUE,0,FALSE,101,"leave-1",1000,0.5,1e+05,TRUE,98
10,0,0,0,10.9380505396065,10.9755306264915,10.9345522712687,0,10.9717680353249,0,"chi","un",33,1000,0.5,0,0,0,TRUE,0,FALSE,101,"leave-1",1000,0.5,1e+05,TRUE,98
10,0,0,0,10.9380505396065,10.9448737917163,10.9345522712687,0,10.9411987413964,0,"chi","un",33,1000,0.5,0,0,0,TRUE,0,FALSE,101,"leave-1",1000,0.5,1e+05,TRUE,98
10,0,0,0,10.9380505396065,10.9449299752638,10.9345522712687,0,10.941156226936,0,"chi","un",33,1000,0.5,0,0,0,TRUE,0,FALSE,101,"leave-1",1000,0.5,1e+05,TRUE,98
10,0,0,0,10.9380505396065,10.9608401903518,10.9345522712687,0,10.9580574434183,0,"chi","un",33,1000,0.5,0,0,0,TRUE,0,FALSE,101,"leave-1",1000,0.5,1e+05,TRUE,98
10,0,0,0,10.9380505396065,10.8914146766047,10.9345522712687,0,10.8860873208206,0,"chi","un",33,1000,0.5,0,0,0,TRUE,0,FALSE,101,"leave-1",1000,0.5,1e+05,TRUE,98
10,0,0,0,10.9380505396065,10.9523687000633,10.9345522712687,0,10.9487955211006,0,"chi","un",33,1000,0.5,0,0,0,TRUE,0,FALSE,101,"leave-1",1000,0.5,1e+05,TRUE,98
10,0,0,0,10.9380505396065,10.9511762810221,10.9345522712687,0,10.94785612997,0,"chi","un",33,1000,0.5,0,0,0,TRUE,0,FALSE,101,"leave-1",1000,0.5,1e+05,TRUE,98
10,0,0,0,10.9380505396065,10.9032654559766,10.9345522712687,0,10.8985688417492,0,"chi","un",33,1000,0.5,0,0,0,TRUE,0,FALSE,101,"leave-1",1000,0.5,1e+05,TRUE,98
10,0,0,0,10.9380505396065,10.9533474976655,10.9345522712687,0,10.9509267703329,0,"chi","un",33,1000,0.5,0,0,0,TRUE,0,FALSE,101,"leave-1",1000,0.5,1e+05,TRUE,98
10,0,0,0,10.9380505396065,10.96401951304,10.9345522712687,0,10.9604763941564,0,"chi","un",33,1000,0.5,0,0,0,TRUE,0,FALSE,101,"leave-1",1000,0.5,1e+05,TRUE,98
10,0,0,0,10.9380505396065,10.9392644005196,10.9345522712687,0,10.9362760427531,0,"chi","un",33,1000,0.5,0,0,0,TRUE,0,FALSE,101,"leave-1",1000,0.5,1e+05,TRUE,98
10,0,0,0,10.9380505396065,10.9395600989981,10.9345522712687,0,10.936592862592,0,"chi","un",33,1000,0.5,0,0,0,TRUE,0,FALSE,101,"leave-1",1000,0.5,1e+05,TRUE,98
10,0,0,0,10.9380505396065,10.9480516037839,10.9345522712687,0,10.9449884706919,0,"chi","un",33,1000,0.5,0,0,0,TRUE,0,FALSE,101,"leave-1",1000,0.5,1e+05,TRUE,98
10,0,0,0,10.9380505396065,10.9484899407138,10.9345522712687,0,10.9452605613442,0,"chi","un",33,1000,0.5,0,0,0,TRUE,0,FALSE,101,"leave-1",1000,0.5,1e+05,TRUE,98
10,0,0,0,10.9380505396065,10.9439734049923,10.9345522712687,0,10.9413388096991,0,"chi","un",33,1000,0.5,0,0,0,TRUE,0,FALSE,101,"leave-1",1000,0.5,1e+05,TRUE,98
10,0,0,0,10.9380505396065,10.931373144146,10.9345522712687,0,10.9286939922203,0,"chi","un",33,1000,0.5,0,0,0,TRUE,0,FALSE,101,"leave-1",1000,0.5,1e+05,TRUE,98
10,0,0,0,10.9380505396065,10.9366459920621,10.9345522712687,0,10.9357277310741,0,"chi","un",33,1000,0.5,0,0,0,TRUE,0,FALSE,101,"leave-1",1000,0.5,1e+05,TRUE,98
10,0,0,0,10.9380505396065,10.809444344494,10.9345522712687,0,10.8081647483351,0,"chi","un",33,1000,0.5,0,0,0,TRUE,0,FALSE,101,"leave-1",1000,0.5,1e+05,TRUE,98
10,0,0,0,10.9380505396065,10.9527284037738,10.9345522712687,0,10.9490151284613,0,"chi","un",33,1000,0.5,0,0,0,TRUE,0,FALSE,101,"leave-1",1000,0.5,1e+05,TRUE,98
10,0,0,0,10.9380505396065,10.9256084140328,10.9345522712687,0,10.922908410286,0,"chi","un",33,1000,0.5,0,0,0,TRUE,0,FALSE,101,"leave-1",1000,0.5,1e+05,TRUE,98
10,0,0,0,10.9380505396065,10.94836614753,10.9345522712687,0,10.9455921415348,0,"chi","un",33,1000,0.5,0,0,0,TRUE,0,FALSE,101,"leave-1",1000,0.5,1e+05,TRUE,98
10,0,0,0,10.9380505396065,10.9166687822724,10.9345522712687,0,10.9121618314148,0,"chi","un",33,1000,0.5,0,0,0,TRUE,0,FALSE,101,"leave-1",1000,0.5,1e+05,TRUE,98
10,0,0,0,10.9380505396065,10.9569287332353,10.9345522712687,0,10.9532597231337,0,"chi","un",33,1000,0.5,0,0,0,TRUE,0,FALSE,101,"leave-1",1000,0.5,1e+05,TRUE,98
10,0,0,0,10.9380505396065,10.9162493406064,10.9345522712687,0,10.9117565120368,0,"chi","un",33,1000,0.5,0,0,0,TRUE,0,FALSE,101,"leave-1",1000,0.5,1e+05,TRUE,98
10,0,0,0,10.9380505396065,10.9261671744032,10.9345522712687,0,10.9243187551022,0,"chi","un",33,1000,0.5,0,0,0,TRUE,0,FALSE,101,"leave-1",1000,0.5,1e+05,TRUE,98
10,0,0,0,10.9380505396065,10.9561033692257,10.9345522712687,0,10.9520394717675,0,"chi","un",33,1000,0.5,0,0,0,TRUE,0,FALSE,101,"leave-1",1000,0.5,1e+05,TRUE,98
10,0,0,0,10.9380505396065,10.9555692672735,10.9345522712687,0,10.9528600139079,0,"chi","un",33,1000,0.5,0,0,0,TRUE,0,FALSE,101,"leave-1",1000,0.5,1e+05,TRUE,98
10,0,0,0,10.9380505396065,10.9395195527311,10.9345522712687,0,10.9369587333693,0,"chi","un",33,1000,0.5,0,0,0,TRUE,0,FALSE,101,"leave-1",1000,0.5,1e+05,TRUE,98
10,0,0,0,10.9380505396065,10.9187689572977,10.9345522712687,0,10.9163141985945,0,"chi","un",33,1000,0.5,0,0,0,TRUE,0,FALSE,101,"leave-1",1000,0.5,1e+05,TRUE,98
10,0,0,0,10.9380505396065,10.9537623698838,10.9345522712687,0,10.9512997750917,0,"chi","un",33,1000,0.5,0,0,0,TRUE,0,FALSE,101,"leave-1",1000,0.5,1e+05,TRUE,98
10,0,0,0,10.9380505396065,10.952581098203,10.9345522712687,0,10.9506983429404,0,"chi","un",33,1000,0.5,0,0,0,TRUE,0,FALSE,101,"leave-1",1000,0.5,1e+05,TRUE,98
10,0,0,0,10.9380505396065,10.9501774094781,10.9345522712687,0,10.946417076972,0,"chi","un",33,1000,0.5,0,0,0,TRUE,0,FALSE,101,"leave-1",1000,0.5,1e+05,TRUE,98
10,0,0,0,10.9380505396065,10.9489806509617,10.9345522712687,0,10.9461459476831,0,"chi","un",33,1000,0.5,0,0,0,TRUE,0,FALSE,101,"leave-1",1000,0.5,1e+05,TRUE,98
10,0,0,0,10.9380505396065,10.948886220819,10.9345522712687,0,10.9476415304407,0,"chi","un",33,1000,0.5,0,0,0,TRUE,0,FALSE,101,"leave-1",1000,0.5,1e+05,TRUE,98
10,0,0,0,10.9380505396065,10.9446094313683,10.9345522712687,0,10.9408575461423,0,"chi","un",33,1000,0.5,0,0,0,TRUE,0,FALSE,101,"leave-1",1000,0.5,1e+05,TRUE,98
10,0,0,0,10.9380505396065,10.9530508752516,10.9345522712687,0,10.9495317874972,0,"chi","un",33,1000,0.5,0,0,0,TRUE,0,FALSE,101,"leave-1",1000,0.5,1e+05,TRUE,98
10,0,0,0,10.9380505396065,10.9588963964851,10.9345522712687,0,10.9555311999753,0,"chi","un",33,1000,0.5,0,0,0,TRUE,0,FALSE,101,"leave-1",1000,0.5,1e+05,TRUE,98
10,0,0,0,10.9380505396065,10.948185737981,10.9345522712687,0,10.9448711521691,0,"chi","un",33,1000,0.5,0,0,0,TRUE,0,FALSE,101,"leave-1",1000,0.5,1e+05,TRUE,98
10,0,0,0,10.9380505396065,10.9522886409171,10.9345522712687,0,10.9487525831047,0,"chi","un",33,1000,0.5,0,0,0,TRUE,0,FALSE,101,"leave-1",1000,0.5,1e+05,TRUE,98
10,0,0,0,10.9380505396065,10.9505150448892,10.9345522712687,0,10.9479057296889,0,"chi","un",33,1000,0.5,0,0,0,TRUE,0,FALSE,101,"leave-1",1000,0.5,1e+05,TRUE,98
10,0,0,0,10.9380505396065,10.9388433742396,10.9345522712687,0,10.936994449657,0,"chi","un",33,1000,0.5,0,0,0,TRUE,0,FALSE,101,"leave-1",1000,0.5,1e+05,TRUE,98
10,0,0,0,10.9380505396065,10.9485089906286,10.9345522712687,0,10.944820902669,0,"chi","un",33,1000,0.5,0,0,0,TRUE,0,FALSE,101,"leave-1",1000,0.5,1e+05,TRUE,98
10,0,0,0,10.9380505396065,10.9461586855495,10.9345522712687,0,10.9431241658694,0,"chi","un",33,1000,0.5,0,0,0,TRUE,0,FALSE,101,"leave-1",1000,0.5,1e+05,TRUE,98
10,0,0,0,10.9380505396065,10.9510132587394,10.9345522712687,0,10.9474949984389,0,"chi","un",33,1000,0.5,0,0,0,TRUE,0,FALSE,101,"leave-1",1000,0.5,1e+05,TRUE,98
10,0,0,0,10.9380505396065,10.9509459952177,10.9345522712687,0,10.9480938735758,0,"chi","un",33,1000,0.5,0,0,0,TRUE,0,FALSE,101,"leave-1",1000,0.5,1e+05,TRUE,98
10,0,0,0,10.9380505396065,10.8940058005129,10.9345522712687,0,10.8893105622081,0,"chi","un",33,1000,0.5,0,0,0,TRUE,0,FALSE,101,"leave-1",1000,0.5,1e+05,TRUE,98
10,0,0,0,10.9380505396065,10.9547269597242,10.9345522712687,0,10.9508962867692,0,"chi","un",33,1000,0.5,0,0,0,TRUE,0,FALSE,101,"leave-1",1000,0.5,1e+05,TRUE,98
10,0,0,0,10.9380505396065,10.9567268117092,10.9345522712687,0,10.9533548335889,0,"chi","un",33,1000,0.5,0,0,0,TRUE,0,FALSE,101,"leave-1",1000,0.5,1e+05,TRUE,98
10,0,0,0,10.9380505396065,10.9351442117353,10.9345522712687,0,10.9326589709297,0,"chi","un",33,1000,0.5,0,0,0,TRUE,0,FALSE,101,"leave-1",1000,0.5,1e+05,TRUE,98
10,0,0,0,10.9380505396065,10.9481972760265,10.9345522712687,0,10.9456233508279,0,"chi","un",33,1000,0.5,0,0,0,TRUE,0,FALSE,101,"leave-1",1000,0.5,1e+05,TRUE,98
10,0,0,0,10.9380505396065,10.9393581278251,10.9345522712687,0,10.935391237461,0,"chi","un",33,1000,0.5,0,0,0,TRUE,0,FALSE,101,"leave-1",1000,0.5,1e+05,TRUE,98
10,0,0,0,10.9380505396065,10.8981001235309,10.9345522712687,0,10.8935103833786,0,"chi","un",33,1000,0.5,0,0,0,TRUE,0,FALSE,101,"leave-1",1000,0.5,1e+05,TRUE,98
10,0,0,0,10.9380505396065,10.9768578429902,10.9345522712687,0,10.9742234946089,0,"chi","un",33,1000,0.5,0,0,0,TRUE,0,FALSE,101,"leave-1",1000,0.5,1e+05,TRUE,98
10,0,0,0,10.9380505396065,10.9412919309913,10.9345522712687,0,10.9385349339363,0,"chi","un",33,1000,0.5,0,0,0,TRUE,0,FALSE,101,"leave-1",1000,0.5,1e+05,TRUE,98
10,0,0,0,10.9380505396065,10.9464512338641,10.9345522712687,0,10.9430105526806,0,"chi","un",33,1000,0.5,0,0,0,TRUE,0,FALSE,101,"leave-1",1000,0.5,1e+05,TRUE,98
10,0,0,0,10.9380505396065,10.8197264033199,10.9345522712687,0,10.8152321905578,0,"chi","un",33,1000,0.5,0,0,0,TRUE,0,FALSE,101,"leave-1",1000,0.5,1e+05,TRUE,98
10,0,0,0,10.9380505396065,10.9474936773673,10.9345522712687,0,10.9437489455202,0,"chi","un",33,1000,0.5,0,0,0,TRUE,0,FALSE,101,"leave-1",1000,0.5,1e+05,TRUE,98
10,0,0,0,10.9380505396065,10.9572861775346,10.9345522712687,0,10.9540298811671,0,"chi","un",33,1000,0.5,0,0,0,TRUE,0,FALSE,101,"leave-1",1000,0.5,1e+05,TRUE,98
10,0,0,0,10.9380505396065,10.9702481377519,10.9345522712687,0,10.9668928834989,0,"chi","un",33,1000,0.5,0,0,0,TRUE,0,FALSE,101,"leave-1",1000,0.5,1e+05,TRUE,98
10,0,0,0,10.9380505396065,10.9405133630364,10.9345522712687,0,10.9380980896799,0,"chi","un",33,1000,0.5,0,0,0,TRUE,0,FALSE,101,"leave-1",1000,0.5,1e+05,TRUE,98
10,0,0,0,10.9380505396065,10.6597556815109,10.9345522712687,0,10.6536194623018,0,"chi","un",33,1000,0.5,0,0,0,TRUE,0,FALSE,101,"leave-1",1000,0.5,1e+05,TRUE,98
10,0,0,0,10.9380505396065,10.9433593360125,10.9345522712687,0,10.9404758655029,0,"chi","un",33,1000,0.5,0,0,0,TRUE,0,FALSE,101,"leave-1",1000,0.5,1e+05,TRUE,98
10,0,0,0,10.9380505396065,10.9501009359039,10.9345522712687,0,10.9465883725475,0,"chi","un",33,1000,0.5,0,0,0,TRUE,0,FALSE,101,"leave-1",1000,0.5,1e+05,TRUE,98
10,0,0,0,10.9380505396065,10.9268810487841,10.9345522712687,0,10.9242969854606,0,"chi","un",33,1000,0.5,0,0,0,TRUE,0,FALSE,101,"leave-1",1000,0.5,1e+05,TRUE,98
10,0,0,0,10.9380505396065,10.9060468014103,10.9345522712687,0,10.9044746195597,0,"chi","un",33,1000,0.5,0,0,0,TRUE,0,FALSE,101,"leave-1",1000,0.5,1e+05,TRUE,98
10,0,0,0,10.9380505396065,10.9321255641545,10.9345522712687,0,10.927859707252,0,"chi","un",33,1000,0.5,0,0,0,TRUE,0,FALSE,101,"leave-1",1000,0.5,1e+05,TRUE,98
10,0,0,0,10.9380505396065,10.948124089234,10.9345522712687,0,10.9452051423514,0,"chi","un",33,1000,0.5,0,0,0,TRUE,0,FALSE,101,"leave-1",1000,0.5,1e+05,TRUE,98
10,0,0,0,10.9380505396065,10.9246331623716,10.9345522712687,0,10.9199448016759,0,"chi","un",33,1000,0.5,0,0,0,TRUE,0,FALSE,101,"leave-1",1000,0.5,1e+05,TRUE,98
10,0,0,0,10.9380505396065,10.9323273413085,10.9345522712687,0,10.927832737141,0,"chi","un",33,1000,0.5,0,0,0,TRUE,0,FALSE,101,"leave-1",1000,0.5,1e+05,TRUE,98
10,0,0,0,10.9380505396065,10.9085164886375,10.9345522712687,0,10.9061915179843,0,"chi","un",33,1000,0.5,0,0,0,TRUE,0,FALSE,101,"leave-1",1000,0.5,1e+05,TRUE,98
10,0,0,0,10.9380505396065,10.9594255200504,10.9345522712687,0,10.9555427333839,0,"chi","un",33,1000,0.5,0,0,0,TRUE,0,FALSE,101,"leave-1",1000,0.5,1e+05,TRUE,98
10,0,0,0,10.9380505396065,10.937789507683,10.9345522712687,0,10.934971837236,0,"chi","un",33,1000,0.5,0,0,0,TRUE,0,FALSE,101,"leave-1",1000,0.5,1e+05,TRUE,98
10,0,0,0,10.9380505396065,10.9508326696011,10.9345522712687,0,10.9473336075597,0,"chi","un",33,1000,0.5,0,0,0,TRUE,0,FALSE,101,"leave-1",1000,0.5,1e+05,TRUE,98
10,0,0,0,10.9380505396065,10.9308716482323,10.9345522712687,0,10.9281883185586,0,"chi","un",33,1000,0.5,0,0,0,TRUE,0,FALSE,101,"leave-1",1000,0.5,1e+05,TRUE,98
10,0,0,0,10.9380505396065,10.9458073067333,10.9345522712687,0,10.9419334099675,0,"chi","un",33,1000,0.5,0,0,0,TRUE,0,FALSE,101,"leave-1",1000,0.5,1e+05,TRUE,98
10,0,0,0,10.9380505396065,10.9467324323343,10.9345522712687,0,10.9437937258286,0,"chi","un",33,1000,0.5,0,0,0,TRUE,0,FALSE,101,"leave-1",1000,0.5,1e+05,TRUE,98
10,0,0,0,10.9380505396065,10.9476100668875,10.9345522712687,0,10.9449412388358,0,"chi","un",33,1000,0.5,0,0,0,TRUE,0,FALSE,101,"leave-1",1000,0.5,1e+05,TRUE,98
10,0,0,0,10.9380505396065,10.9057610147017,10.9345522712687,0,10.9011545478064,0,"chi","un",33,1000,0.5,0,0,0,TRUE,0,FALSE,101,"leave-1",1000,0.5,1e+05,TRUE,98
10,0,0,0,10.9380505396065,10.948543774848,10.9345522712687,0,10.9456012195374,0,"chi","un",33,1000,0.5,0,0,0,TRUE,0,FALSE,101,"leave-1",1000,0.5,1e+05,TRUE,98
10,0,0,0,10.9380505396065,10.9564870633535,10.9345522712687,0,10.9534723431183,0,"chi","un",33,1000,0.5,0,0,0,TRUE,0,FALSE,101,"leave-1",1000,0.5,1e+05,TRUE,98
10,0,0,0,10.9380505396065,10.9527111119569,10.9345522712687,0,10.9490831798144,0,"chi","un",33,1000,0.5,0,0,0,TRUE,0,FALSE,101,"leave-1",1000,0.5,1e+05,TRUE,98
10,0,0,0,10.9380505396065,10.9455164366509,10.9345522712687,0,10.942557628063,0,"chi","un",33,1000,0.5,0,0,0,TRUE,0,FALSE,101,"leave-1",1000,0.5,1e+05,TRUE,98
10,0,0,0,10.9380505396065,10.9220835396614,10.9345522712687,0,10.9177673699401,0,"chi","un",33,1000,0.5,0,0,0,TRUE,0,FALSE,101,"leave-1",1000,0.5,1e+05,TRUE,98
10,0,0,0,10.9380505396065,10.9540572063135,10.9345522712687,0,10.9513185520344,0,"chi","un",33,1000,0.5,0,0,0,TRUE,0,FALSE,101,"leave-1",1000,0.5,1e+05,TRUE,98
10,0,0,0,10.9380505396065,10.8879312687722,10.9345522712687,0,10.886110713818,0,"chi","un",33,1000,0.5,0,0,0,TRUE,0,FALSE,101,"leave-1",1000,0.5,1e+05,TRUE,98
10,0,0,0,10.9380505396065,10.9497330547846,10.9345522712687,0,10.9461469946968,0,"chi","un",33,1000,0.5,0,0,0,TRUE,0,FALSE,101,"leave-1",1000,0.5,1e+05,TRUE,98
10,0,0,0,10.9380505396065,10.9459382666034,10.9345522712687,0,10.9430430768678,0,"chi","un",33,1000,0.5,0,0,0,TRUE,0,FALSE,101,"leave-1",1000,0.5,1e+05,TRUE,98
10,0,0,0,10.9380505396065,10.8775920651409,10.9345522712687,0,10.8733524746885,0,"chi","un",33,1000,0.5,0,0,0,TRUE,0,FALSE,101,"leave-1",1000,0.5,1e+05,TRUE,98
10,0,0,0,10.9380505396065,10.9138799827727,10.9345522712687,0,10.9093576151349,0,"chi","un",33,1000,0.5,0,0,0,TRUE,0,FALSE,101,"leave-1",1000,0.5,1e+05,TRUE,98
10,0,0,0,10.9380505396065,10.9344472501398,10.9345522712687,0,10.9318517159638,0,"chi","un",33,1000,0.5,0,0,0,TRUE,0,FALSE,101,"leave-1",1000,0.5,1e+05,TRUE,98
10,0,0,0,10.9380505396065,10.9608297481412,10.9345522712687,0,10.9572890177998,0,"chi","un",33,1000,0.5,0,0,0,TRUE,0,FALSE,101,"leave-1",1000,0.5,1e+05,TRUE,98
10,0,0,0,10.9380505396065,10.9478427383791,10.9345522712687,0,10.945503092893,0,"chi","un",33,1000,0.5,0,0,0,TRUE,0,FALSE,101,"leave-1",1000,0.5,1e+05,TRUE,98
10,0,0,0,10.9380505396065,10.92820399394,10.9345522712687,0,10.9242052157636,0,"chi","un",33,1000,0.5,0,0,0,TRUE,0,FALSE,101,"leave-1",1000,0.5,1e+05,TRUE,98
10,0,0,0,10.9380505396065,10.9518090178214,10.9345522712687,0,10.9490018386107,0,"chi","un",33,1000,0.5,0,0,0,TRUE,0,FALSE,101,"leave-1",1000,0.5,1e+05,TRUE,98
10,0,0,0,10.9380505396065,10.8993062131551,10.9345522712687,0,10.8946578115652,0,"chi","un",33,1000,0.5,0,0,0,TRUE,0,FALSE,101,"leave-1",1000,0.5,1e+05,TRUE,98
10,0,0,0,10.9380505396065,10.9106929119164,10.9345522712687,0,10.9082718719275,0,"chi","un",33,1000,0.5,0,0,0,TRUE,0,FALSE,101,"leave-1",1000,0.5,1e+05,TRUE,98
10,0,0,0,10.9380505396065,10.9671901193397,10.9345522712687,0,10.9632307800671,0,"chi","un",33,1000,0.5,0,0,0,TRUE,0,FALSE,101,"leave-1",1000,0.5,1e+05,TRUE,98
10,0,0,0,10.9380505396065,10.9409544126244,10.9345522712687,0,10.9383441144212,0,"chi","un",33,1000,0.5,0,0,0,TRUE,0,FALSE,101,"leave-1",1000,0.5,1e+05,TRUE,98
10,0,0,0,10.9380505396065,10.9344585575414,10.9345522712687,0,10.9303700410604,0,"chi","un",33,1000,0.5,0,0,0,TRUE,0,FALSE,101,"leave-1",1000,0.5,1e+05,TRUE,98
10,0,0,0,10.9380505396065,10.9488823305638,10.9345522712687,0,10.9440179529845,0,"chi","un",33,1000,0.5,0,0,0,TRUE,0,FALSE,101,"leave-1",1000,0.5,1e+05,TRUE,98
10,0,0,0,10.9380505396065,10.9354716690675,10.9345522712687,0,10.9328098703543,0,"chi","un",33,1000,0.5,0,0,0,TRUE,0,FALSE,101,"leave-1",1000,0.5,1e+05,TRUE,98
10,0,0,0,10.9380505396065,10.9651631229544,10.9345522712687,0,10.9614312037163,0,"chi","un",33,1000,0.5,0,0,0,TRUE,0,FALSE,101,"leave-1",1000,0.5,1e+05,TRUE,98
10,0,0,0,10.9380505396065,10.9587518513305,10.9345522712687,0,10.9554946074528,0,"chi","un",33,1000,0.5,0,0,0,TRUE,0,FALSE,101,"leave-1",1000,0.5,1e+05,TRUE,98
10,0,0,0,10.9380505396065,10.9188313761955,10.9345522712687,0,10.9166648165251,0,"chi","un",33,1000,0.5,0,0,0,TRUE,0,FALSE,101,"leave-1",1000,0.5,1e+05,TRUE,98
10,0,0,0,10.9380505396065,10.9450746832977,10.9345522712687,0,10.941802156304,0,"chi","un",33,1000,0.5,0,0,0,TRUE,0,FALSE,101,"leave-1",1000,0.5,1e+05,TRUE,98
10,0,0,0,10.9380505396065,10.9599448183692,10.9345522712687,0,10.9565448253575,0,"chi","un",33,1000,0.5,0,0,0,TRUE,0,FALSE,101,"leave-1",1000,0.5,1e+05,TRUE,98
10,0,0,0,10.9380505396065,10.9512315097938,10.9345522712687,0,10.9470777004936,0,"chi","un",33,1000,0.5,0,0,0,TRUE,0,FALSE,101,"leave-1",1000,0.5,1e+05,TRUE,98
10,0,0,0,10.9380505396065,10.9531311758254,10.9345522712687,0,10.9495698794513,0,"chi","un",33,1000,0.5,0,0,0,TRUE,0,FALSE,101,"leave-1",1000,0.5,1e+05,TRUE,98
10,0,0,0,10.9380505396065,10.9628852839082,10.9345522712687,0,10.959355575713,0,"chi","un",33,1000,0.5,0,0,0,TRUE,0,FALSE,101,"leave-1",1000,0.5,1e+05,TRUE,98
10,0,0,0,10.9380505396065,10.9729001522554,10.9345522712687,0,10.9694712050917,0,"chi","un",33,1000,0.5,0,0,0,TRUE,0,FALSE,101,"leave-1",1000,0.5,1e+05,TRUE,98
10,0,0,0,10.9380505396065,10.9492432984564,10.9345522712687,0,10.946395813807,0,"chi","un",33,1000,0.5,0,0,0,TRUE,0,FALSE,101,"leave-1",1000,0.5,1e+05,TRUE,98
10,0,0,0,10.9380505396065,10.9417388509587,10.9345522712687,0,10.938940288389,0,"chi","un",33,1000,0.5,0,0,0,TRUE,0,FALSE,101,"leave-1",1000,0.5,1e+05,TRUE,98
10,0,0,0,10.9380505396065,10.9740785168689,10.9345522712687,0,10.9710407234521,0,"chi","un",33,1000,0.5,0,0,0,TRUE,0,FALSE,101,"leave-1",1000,0.5,1e+05,TRUE,98
10,0,0,0,10.9380505396065,10.9413063565074,10.9345522712687,0,10.9378740439703,0,"chi","un",33,1000,0.5,0,0,0,TRUE,0,FALSE,101,"leave-1",1000,0.5,1e+05,TRUE,98
10,0,0,0,10.9380505396065,10.8270158627127,10.9345522712687,0,10.8219293441441,0,"chi","un",33,1000,0.5,0,0,0,TRUE,0,FALSE,101,"leave-1",1000,0.5,1e+05,TRUE,98
10,0,0,0,10.9380505396065,10.9144342546678,10.9345522712687,0,10.912225562814,0,"chi","un",33,1000,0.5,0,0,0,TRUE,0,FALSE,101,"leave-1",1000,0.5,1e+05,TRUE,98
10,0,0,0,10.9380505396065,10.9439822905339,10.9345522712687,0,10.9401103016162,0,"chi","un",33,1000,0.5,0,0,0,TRUE,0,FALSE,101,"leave-1",1000,0.5,1e+05,TRUE,98
10,0,0,0,10.9380505396065,10.9517906191927,10.9345522712687,0,10.9483485331474,0,"chi","un",33,1000,0.5,0,0,0,TRUE,0,FALSE,101,"leave-1",1000,0.5,1e+05,TRUE,98
10,0,0,0,10.9380505396065,10.9433698715669,10.9345522712687,0,10.940544665832,0,"chi","un",33,1000,0.5,0,0,0,TRUE,0,FALSE,101,"leave-1",1000,0.5,1e+05,TRUE,98
10,0,0,0,10.9380505396065,10.9475586491968,10.9345522712687,0,10.9441947855683,0,"chi","un",33,1000,0.5,0,0,0,TRUE,0,FALSE,101,"leave-1",1000,0.5,1e+05,TRUE,98
10,0,0,0,10.9380505396065,10.8734310101951,10.9345522712687,0,10.8686087465819,0,"chi","un",33,1000,0.5,0,0,0,TRUE,0,FALSE,101,"leave-1",1000,0.5,1e+05,TRUE,98
10,0,0,0,10.9380505396065,10.9486493295122,10.9345522712687,0,10.9451883772475,0,"chi","un",33,1000,0.5,0,0,0,TRUE,0,FALSE,101,"leave-1",1000,0.5,1e+05,TRUE,98
10,0,0,0,10.9380505396065,10.9057961975326,10.9345522712687,0,10.9009923963321,0,"chi","un",33,1000,0.5,0,0,0,TRUE,0,FALSE,101,"leave-1",1000,0.5,1e+05,TRUE,98
10,0,0,0,10.9380505396065,10.9398411132429,10.9345522712687,0,10.9375326238848,0,"chi","un",33,1000,0.5,0,0,0,TRUE,0,FALSE,101,"leave-1",1000,0.5,1e+05,TRUE,98
10,0,0,0,10.9380505396065,10.949160003577,10.9345522712687,0,10.9458233284867,0,"chi","un",33,1000,0.5,0,0,0,TRUE,0,FALSE,101,"leave-1",1000,0.5,1e+05,TRUE,98
10,0,0,0,10.9380505396065,10.9255615820586,10.9345522712687,0,10.9214693918857,0,"chi","un",33,1000,0.5,0,0,0,TRUE,0,FALSE,101,"leave-1",1000,0.5,1e+05,TRUE,98
10,0,0,0,10.9380505396065,10.9363638905589,10.9345522712687,0,10.9335811816172,0,"chi","un",33,1000,0.5,0,0,0,TRUE,0,FALSE,101,"leave-1",1000,0.5,1e+05,TRUE,98
10,0,0,0,10.9380505396065,10.9225987467458,10.9345522712687,0,10.9204410373946,0,"chi","un",33,1000,0.5,0,0,0,TRUE,0,FALSE,101,"leave-1",1000,0.5,1e+05,TRUE,98
10,0,0,0,10.9380505396065,10.951133615882,10.9345522712687,0,10.9480921548591,0,"chi","un",33,1000,0.5,0,0,0,TRUE,0,FALSE,101,"leave-1",1000,0.5,1e+05,TRUE,98
10,0,0,0,10.9380505396065,10.9481696343819,10.9345522712687,0,10.9459235114107,0,"chi","un",33,1000,0.5,0,0,0,TRUE,0,FALSE,101,"leave-1",1000,0.5,1e+05,TRUE,98
10,0,0,0,10.9380505396065,10.9300757051211,10.9345522712687,0,10.9256318424873,0,"chi","un",33,1000,0.5,0,0,0,TRUE,0,FALSE,101,"leave-1",1000,0.5,1e+05,TRUE,98
10,0,0,0,10.9380505396065,10.9456030509102,10.9345522712687,0,10.9423374573411,0,"chi","un",33,1000,0.5,0,0,0,TRUE,0,FALSE,101,"leave-1",1000,0.5,1e+05,TRUE,98
10,0,0,0,10.9380505396065,10.9389026435411,10.9345522712687,0,10.9361174094916,0,"chi","un",33,1000,0.5,0,0,0,TRUE,0,FALSE,101,"leave-1",1000,0.5,1e+05,TRUE,98
10,0,0,0,10.9380505396065,10.9556311450669,10.9345522712687,0,10.952529178104,0,"chi","un",33,1000,0.5,0,0,0,TRUE,0,FALSE,101,"leave-1",1000,0.5,1e+05,TRUE,98
10,0,0,0,10.9380505396065,10.8346481613106,10.9345522712687,0,10.8294045577608,0,"chi","un",33,1000,0.5,0,0,0,TRUE,0,FALSE,101,"leave-1",1000,0.5,1e+05,TRUE,98
10,0,0,0,10.9380505396065,10.9640039889635,10.9345522712687,0,10.9611794557568,0,"chi","un",33,1000,0.5,0,0,0,TRUE,0,FALSE,101,"leave-1",1000,0.5,1e+05,TRUE,98
10,0,0,0,10.9380505396065,10.8899271275163,10.9345522712687,0,10.8860874054389,0,"chi","un",33,1000,0.5,0,0,0,TRUE,0,FALSE,101,"leave-1",1000,0.5,1e+05,TRUE,98
10,0,0,0,10.9380505396065,10.9677146141541,10.9345522712687,0,10.9644402403727,0,"chi","un",33,1000,0.5,0,0,0,TRUE,0,FALSE,101,"leave-1",1000,0.5,1e+05,TRUE,98
10,0,0,0,10.9380505396065,10.9511531132988,10.9345522712687,0,10.94800891645,0,"chi","un",33,1000,0.5,0,0,0,TRUE,0,FALSE,101,"leave-1",1000,0.5,1e+05,TRUE,98
10,0,0,0,10.9380505396065,10.9225895189729,10.9345522712687,0,10.9201639881141,0,"chi","un",33,1000,0.5,0,0,0,TRUE,0,FALSE,101,"leave-1",1000,0.5,1e+05,TRUE,98
10,0,0,0,10.9380505396065,10.9497498776273,10.9345522712687,0,10.9465218725191,0,"chi","un",33,1000,0.5,0,0,0,TRUE,0,FALSE,101,"leave-1",1000,0.5,1e+05,TRUE,98
10,0,0,0,10.9380505396065,10.7564367127148,10.9345522712687,0,10.7507778820231,0,"chi","un",33,1000,0.5,0,0,0,TRUE,0,FALSE,101,"leave-1",1000,0.5,1e+05,TRUE,98
10,0,0,0,10.9380505396065,10.9584695651278,10.9345522712687,0,10.954798041934,0,"chi","un",33,1000,0.5,0,0,0,TRUE,0,FALSE,101,"leave-1",1000,0.5,1e+05,TRUE,98
10,0,0,0,10.9380505396065,10.9669358402807,10.9345522712687,0,10.9633477473968,0,"chi","un",33,1000,0.5,0,0,0,TRUE,0,FALSE,101,"leave-1",1000,0.5,1e+05,TRUE,98
10,0,0,0,10.9380505396065,10.9470963903881,10.9345522712687,0,10.9439941200285,0,"chi","un",33,1000,0.5,0,0,0,TRUE,0,FALSE,101,"leave-1",1000,0.5,1e+05,TRUE,98
10,0,0,0,10.9380505396065,10.949279230429,10.9345522712687,0,10.9455959454803,0,"chi","un",33,1000,0.5,0,0,0,TRUE,0,FALSE,101,"leave-1",1000,0.5,1e+05,TRUE,98
10,0,0,0,10.9380505396065,10.9214113446308,10.9345522712687,0,10.9169839568538,0,"chi","un",33,1000,0.5,0,0,0,TRUE,0,FALSE,101,"leave-1",1000,0.5,1e+05,TRUE,98
10,0,0,0,10.9380505396065,10.94737926147,10.9345522712687,0,10.9441475978622,0,"chi","un",33,1000,0.5,0,0,0,TRUE,0,FALSE,101,"leave-1",1000,0.5,1e+05,TRUE,98
10,0,0,0,10.9380505396065,10.9476182561713,10.9345522712687,0,10.9443478088278,0,"chi","un",33,1000,0.5,0,0,0,TRUE,0,FALSE,101,"leave-1",1000,0.5,1e+05,TRUE,98
10,0,0,0,10.9380505396065,10.9486873764309,10.9345522712687,0,10.9451681804232,0,"chi","un",33,1000,0.5,0,0,0,TRUE,0,FALSE,101,"leave-1",1000,0.5,1e+05,TRUE,98
10,0,0,0,10.9380505396065,10.9108474057749,10.9345522712687,0,10.9060505586358,0,"chi","un",33,1000,0.5,0,0,0,TRUE,0,FALSE,101,"leave-1",1000,0.5,1e+05,TRUE,98
10,0,0,0,10.9380505396065,10.9613205994624,10.9345522712687,0,10.9572923804249,0,"chi","un",33,1000,0.5,0,0,0,TRUE,0,FALSE,101,"leave-1",1000,0.5,1e+05,TRUE,98
10,0,0,0,10.9380505396065,10.9670097196246,10.9345522712687,0,10.9630428314722,0,"chi","un",33,1000,0.5,0,0,0,TRUE,0,FALSE,101,"leave-1",1000,0.5,1e+05,TRUE,98
10,0,0,0,10.9380505396065,10.9266771158413,10.9345522712687,0,10.9223377987021,0,"chi","un",33,1000,0.5,0,0,0,TRUE,0,FALSE,101,"leave-1",1000,0.5,1e+05,TRUE,98
10,0,0,0,10.9380505396065,10.9547111012169,10.9345522712687,0,10.9518999524555,0,"chi","un",33,1000,0.5,0,0,0,TRUE,0,FALSE,101,"leave-1",1000,0.5,1e+05,TRUE,98
10,0,0,0,10.9380505396065,10.9360906387118,10.9345522712687,0,10.9321548223532,0,"chi","un",33,1000,0.5,0,0,0,TRUE,0,FALSE,101,"leave-1",1000,0.5,1e+05,TRUE,98
10,0,0,0,10.9380505396065,10.890958601308,10.9345522712687,0,10.8922804198425,0,"chi","un",33,1000,0.5,0,0,0,TRUE,0,FALSE,101,"leave-1",1000,0.5,1e+05,TRUE,98
10,0,0,0,10.9380505396065,10.9903462095682,10.9345522712687,0,10.9865290565631,0,"chi","un",33,1000,0.5,0,0,0,TRUE,0,FALSE,101,"leave-1",1000,0.5,1e+05,TRUE,98
10,0,0,0,10.9380505396065,10.9501539877472,10.9345522712687,0,10.9472186244343,0,"chi","un",33,1000,0.5,0,0,0,TRUE,0,FALSE,101,"leave-1",1000,0.5,1e+05,TRUE,98
10,0,0,0,10.9380505396065,10.8796671392399,10.9345522712687,0,10.8749107505234,0,"chi","un",33,1000,0.5,0,0,0,TRUE,0,FALSE,101,"leave-1",1000,0.5,1e+05,TRUE,98
10,0,0,0,10.9380505396065,10.9496614765929,10.9345522712687,0,10.9477034557908,0,"chi","un",33,1000,0.5,0,0,0,TRUE,0,FALSE,101,"leave-1",1000,0.5,1e+05,TRUE,98
10,0,0,0,10.9380505396065,10.9409894972694,10.9345522712687,0,10.9381111972251,0,"chi","un",33,1000,0.5,0,0,0,TRUE,0,FALSE,101,"leave-1",1000,0.5,1e+05,TRUE,98
10,0,0,0,10.9380505396065,10.931825400985,10.9345522712687,0,10.9294425490757,0,"chi","un",33,1000,0.5,0,0,0,TRUE,0,FALSE,101,"leave-1",1000,0.5,1e+05,TRUE,98
10,0,0,0,10.9380505396065,10.9528804833679,10.9345522712687,0,10.9494750451928,0,"chi","un",33,1000,0.5,0,0,0,TRUE,0,FALSE,101,"leave-1",1000,0.5,1e+05,TRUE,98
10,0,0,0,10.9380505396065,10.9525274300196,10.9345522712687,0,10.9487636563212,0,"chi","un",33,1000,0.5,0,0,0,TRUE,0,FALSE,101,"leave-1",1000,0.5,1e+05,TRUE,98
10,0,0,0,10.9380505396065,10.9346591315113,10.9345522712687,0,10.931832749208,0,"chi","un",33,1000,0.5,0,0,0,TRUE,0,FALSE,101,"leave-1",1000,0.5,1e+05,TRUE,98
10,0,0,0,10.9380505396065,10.9391487716397,10.9345522712687,0,10.9352081895365,0,"chi","un",33,1000,0.5,0,0,0,TRUE,0,FALSE,101,"leave-1",1000,0.5,1e+05,TRUE,98
10,0,0,0,10.9380505396065,10.9504973415164,10.9345522712687,0,10.9479055935255,0,"chi","un",33,1000,0.5,0,0,0,TRUE,0,FALSE,101,"leave-1",1000,0.5,1e+05,TRUE,98
10,0,0,0,10.9380505396065,10.9401295232674,10.9345522712687,0,10.9373962317816,0,"chi","un",33,1000,0.5,0,0,0,TRUE,0,FALSE,101,"leave-1",1000,0.5,1e+05,TRUE,98
10,0,0,0,10.9380505396065,10.9584279542145,10.9345522712687,0,10.956818801208,0,"chi","un",33,1000,0.5,0,0,0,TRUE,0,FALSE,101,"leave-1",1000,0.5,1e+05,TRUE,98
10,0,0,0,10.9380505396065,10.9451338628208,10.9345522712687,0,10.941367437101,0,"chi","un",33,1000,0.5,0,0,0,TRUE,0,FALSE,101,"leave-1",1000,0.5,1e+05,TRUE,98
10,0,0,0,10.9380505396065,10.948397867132,10.9345522712687,0,10.9445444126343,0,"chi","un",33,1000,0.5,0,0,0,TRUE,0,FALSE,101,"leave-1",1000,0.5,1e+05,TRUE,98
10,0,0,0,10.9380505396065,10.9331843359798,10.9345522712687,0,10.9296545422822,0,"chi","un",33,1000,0.5,0,0,0,TRUE,0,FALSE,101,"leave-1",1000,0.5,1e+05,TRUE,98
10,0,0,0,10.9380505396065,10.9632222866308,10.9345522712687,0,10.95931324361,0,"chi","un",33,1000,0.5,0,0,0,TRUE,0,FALSE,101,"leave-1",1000,0.5,1e+05,TRUE,98
10,0,0,0,10.9380505396065,10.9584243299486,10.9345522712687,0,10.9559192814773,0,"chi","un",33,1000,0.5,0,0,0,TRUE,0,FALSE,101,"leave-1",1000,0.5,1e+05,TRUE,98
10,0,0,0,10.9380505396065,10.9633169975403,10.9345522712687,0,10.960755941136,0,"chi","un",33,1000,0.5,0,0,0,TRUE,0,FALSE,101,"leave-1",1000,0.5,1e+05,TRUE,98
10,0,0,0,10.9380505396065,10.9507239429391,10.9345522712687,0,10.9471150322671,0,"chi","un",33,1000,0.5,0,0,0,TRUE,0,FALSE,101,"leave-1",1000,0.5,1e+05,TRUE,98
10,0,0,0,10.9380505396065,10.9439953471921,10.9345522712687,0,10.9405796447689,0,"chi","un",33,1000,0.5,0,0,0,TRUE,0,FALSE,101,"leave-1",1000,0.5,1e+05,TRUE,98
10,0,0,0,10.9380505396065,10.9309043880856,10.9345522712687,0,10.9286570041097,0,"chi","un",33,1000,0.5,0,0,0,TRUE,0,FALSE,101,"leave-1",1000,0.5,1e+05,TRUE,98
10,0,0,0,10.9380505396065,10.9225019016302,10.9345522712687,0,10.9180631381534,0,"chi","un",33,1000,0.5,0,0,0,TRUE,0,FALSE,101,"leave-1",1000,0.5,1e+05,TRUE,98
10,0,0,0,10.9380505396065,10.9448746622502,10.9345522712687,0,10.9411790811106,0,"chi","un",33,1000,0.5,0,0,0,TRUE,0,FALSE,101,"leave-1",1000,0.5,1e+05,TRUE,98
10,0,0,0,10.9380505396065,10.8918323914011,10.9345522712687,0,10.8870785981597,0,"chi","un",33,1000,0.5,0,0,0,TRUE,0,FALSE,101,"leave-1",1000,0.5,1e+05,TRUE,98
10,0,0,0,10.9380505396065,10.898880861328,10.9345522712687,0,10.8966466242124,0,"chi","un",33,1000,0.5,0,0,0,TRUE,0,FALSE,101,"leave-1",1000,0.5,1e+05,TRUE,98
10,0,0,0,10.9380505396065,10.9489462179677,10.9345522712687,0,10.9452757983291,0,"chi","un",33,1000,0.5,0,0,0,TRUE,0,FALSE,101,"leave-1",1000,0.5,1e+05,TRUE,98
10,0,0,0,10.9380505396065,10.9483984427485,10.9345522712687,0,10.9463627153665,0,"chi","un",33,1000,0.5,0,0,0,TRUE,0,FALSE,101,"leave-1",1000,0.5,1e+05,TRUE,98
10,0,0,0,10.9380505396065,10.9488625391642,10.9345522712687,0,10.9454996694572,0,"chi","un",33,1000,0.5,0,0,0,TRUE,0,FALSE,101,"leave-1",1000,0.5,1e+05,TRUE,98
10,0,0,0,10.9380505396065,10.9446729221223,10.9345522712687,0,10.9407519836145,0,"chi","un",33,1000,0.5,0,0,0,TRUE,0,FALSE,101,"leave-1",1000,0.5,1e+05,TRUE,98
10,0,0,0,10.9380505396065,10.9443180522247,10.9345522712687,0,10.9405711367977,0,"chi","un",33,1000,0.5,0,0,0,TRUE,0,FALSE,101,"leave-1",1000,0.5,1e+05,TRUE,98
10,0,0,0,10.9380505396065,10.9463886309512,10.9345522712687,0,10.943103635542,0,"chi","un",33,1000,0.5,0,0,0,TRUE,0,FALSE,101,"leave-1",1000,0.5,1e+05,TRUE,98
10,0,0,0,10.9380505396065,10.9522609172573,10.9345522712687,0,10.9483780104358,0,"chi","un",33,1000,0.5,0,0,0,TRUE,0,FALSE,101,"leave-1",1000,0.5,1e+05,TRUE,98
10,0,0,0,10.9380505396065,10.9423388641349,10.9345522712687,0,10.9391917459168,0,"chi","un",33,1000,0.5,0,0,0,TRUE,0,FALSE,101,"leave-1",1000,0.5,1e+05,TRUE,98
10,0,0,0,10.9380505396065,10.9514626493345,10.9345522712687,0,10.9498749601179,0,"chi","un",33,1000,0.5,0,0,0,TRUE,0,FALSE,101,"leave-1",1000,0.5,1e+05,TRUE,98
10,0,0,0,10.9380505396065,10.9576171366579,10.9345522712687,0,10.9537433288888,0,"chi","un",33,1000,0.5,0,0,0,TRUE,0,FALSE,101,"leave-1",1000,0.5,1e+05,TRUE,98
10,0,0,0,10.9380505396065,10.9456036849715,10.9345522712687,0,10.9441236919824,0,"chi","un",33,1000,0.5,0,0,0,TRUE,0,FALSE,101,"leave-1",1000,0.5,1e+05,TRUE,98
10,0,0,0,10.9380505396065,10.94110948127,10.9345522712687,0,10.9382294558442,0,"chi","un",33,1000,0.5,0,0,0,TRUE,0,FALSE,101,"leave-1",1000,0.5,1e+05,TRUE,98
10,0,0,0,10.9380505396065,10.9696093607149,10.9345522712687,0,10.965613983478,0,"chi","un",33,1000,0.5,0,0,0,TRUE,0,FALSE,101,"leave-1",1000,0.5,1e+05,TRUE,98
10,0,0,0,10.9380505396065,10.9266400459413,10.9345522712687,0,10.924815414465,0,"chi","un",33,1000,0.5,0,0,0,TRUE,0,FALSE,101,"leave-1",1000,0.5,1e+05,TRUE,98
10,0,0,0,10.9380505396065,10.9420388003727,10.9345522712687,0,10.9390331446531,0,"chi","un",33,1000,0.5,0,0,0,TRUE,0,FALSE,101,"leave-1",1000,0.5,1e+05,TRUE,98
10,0,0,0,10.9380505396065,10.9353244508381,10.9345522712687,0,10.9328543441984,0,"chi","un",33,1000,0.5,0,0,0,TRUE,0,FALSE,101,"leave-1",1000,0.5,1e+05,TRUE,98
10,0,0,0,10.9380505396065,10.9079501731306,10.9345522712687,0,10.9056493313731,0,"chi","un",33,1000,0.5,0,0,0,TRUE,0,FALSE,101,"leave-1",1000,0.5,1e+05,TRUE,98
10,0,0,0,10.9380505396065,10.9384698189412,10.9345522712687,0,10.9355760364064,0,"chi","un",33,1000,0.5,0,0,0,TRUE,0,FALSE,101,"leave-1",1000,0.5,1e+05,TRUE,98
10,0,0,0,10.9380505396065,10.9453499648691,10.9345522712687,0,10.9424029090928,0,"chi","un",33,1000,0.5,0,0,0,TRUE,0,FALSE,101,"leave-1",1000,0.5,1e+05,TRUE,98
10,0,0,0,10.9380505396065,10.9328243159073,10.9345522712687,0,10.9286315431074,0,"chi","un",33,1000,0.5,0,0,0,TRUE,0,FALSE,101,"leave-1",1000,0.5,1e+05,TRUE,98
10,0,0,0,10.9380505396065,10.9136960628108,10.9345522712687,0,10.9095182323564,0,"chi","un",33,1000,0.5,0,0,0,TRUE,0,FALSE,101,"leave-1",1000,0.5,1e+05,TRUE,98
10,0,0,0,10.9380505396065,10.9263174891658,10.9345522712687,0,10.9247188938257,0,"chi","un",33,1000,0.5,0,0,0,TRUE,0,FALSE,101,"leave-1",1000,0.5,1e+05,TRUE,98
10,0,0,0,10.9380505396065,10.9499065274599,10.9345522712687,0,10.9466756078481,0,"chi","un",33,1000,0.5,0,0,0,TRUE,0,FALSE,101,"leave-1",1000,0.5,1e+05,TRUE,98
10,0,0,0,10.9380505396065,10.9696909960798,10.9345522712687,0,10.9660094080604,0,"chi","un",33,1000,0.5,0,0,0,TRUE,0,FALSE,101,"leave-1",1000,0.5,1e+05,TRUE,98
10,0,0,0,10.9380505396065,10.9245034955273,10.9345522712687,0,10.921823995317,0,"chi","un",33,1000,0.5,0,0,0,TRUE,0,FALSE,101,"leave-1",1000,0.5,1e+05,TRUE,98
10,0,0,0,10.9380505396065,10.9482032346727,10.9345522712687,0,10.9445703807477,0,"chi","un",33,1000,0.5,0,0,0,TRUE,0,FALSE,101,"leave-1",1000,0.5,1e+05,TRUE,98
10,0,0,0,10.9380505396065,10.9382146170962,10.9345522712687,0,10.9352798221059,0,"chi","un",33,1000,0.5,0,0,0,TRUE,0,FALSE,101,"leave-1",1000,0.5,1e+05,TRUE,98
10,0,0,0,10.9380505396065,10.935275290425,10.9345522712687,0,10.932394121227,0,"chi","un",33,1000,0.5,0,0,0,TRUE,0,FALSE,101,"leave-1",1000,0.5,1e+05,TRUE,98
10,0,0,0,10.9380505396065,10.9555980324418,10.9345522712687,0,10.9525398669068,0,"chi","un",33,1000,0.5,0,0,0,TRUE,0,FALSE,101,"leave-1",1000,0.5,1e+05,TRUE,98
10,0,0,0,10.9380505396065,10.9379563727682,10.9345522712687,0,10.9349628572184,0,"chi","un",33,1000,0.5,0,0,0,TRUE,0,FALSE,101,"leave-1",1000,0.5,1e+05,TRUE,98
10,0,0,0,10.9380505396065,10.5594075069032,10.9345522712687,0,10.5534075227548,0,"chi","un",33,1000,0.5,0,0,0,TRUE,0,FALSE,101,"leave-1",1000,0.5,1e+05,TRUE,98
10,0,0,0,10.9380505396065,10.9457547067429,10.9345522712687,0,10.9418122122305,0,"chi","un",33,1000,0.5,0,0,0,TRUE,0,FALSE,101,"leave-1",1000,0.5,1e+05,TRUE,98
10,0,0,0,10.9380505396065,10.9400299302351,10.9345522712687,0,10.9370481419615,0,"chi","un",33,1000,0.5,0,0,0,TRUE,0,FALSE,101,"leave-1",1000,0.5,1e+05,TRUE,98
