"var_main_effect","var_inter_effect","cov_main_inter_effect","var_total_effect","EigenPrism_main","EigenPrism_CI1","EigenPrism_CI2","sub_EigenPrism_main","sub_EigenPrism_CI1","sub_EigenPrism_CI2","GCTA_main","GCTA_inter","sub_GCTA_main","sub_GCTA_inter","x_dist","structure","p","n","main_fixed_var","main_random_var","inter_fixed_var","inter_random_var","decor","interact","combine","pro","bs","n_sub","rho_e","emp_n","inter_std","i"
10,0,0,0,6.55393276898712,3.77847184441512,9.32939369355912,6.54944759122115,3.76449150947902,9.33440367296329,6.78501052238374,0,6.79212148902841,0,"normal","I",1000,500,0.5,0,0,0,FALSE,0,FALSE,101,"leave-1",500,0.5,1e+05,TRUE,555
10,0,0,0,6.55393276898712,3.77847184441512,9.32939369355912,6.51413888824052,3.73120897122293,9.29706880525811,6.78501052238374,0,6.73672900993876,0,"normal","I",1000,500,0.5,0,0,0,FALSE,0,FALSE,101,"leave-1",500,0.5,1e+05,TRUE,555
10,0,0,0,6.55393276898712,3.77847184441512,9.32939369355912,6.50584197484546,3.72339136985507,9.28829257983586,6.78501052238374,0,6.74497986621126,0,"normal","I",1000,500,0.5,0,0,0,FALSE,0,FALSE,101,"leave-1",500,0.5,1e+05,TRUE,555
10,0,0,0,6.55393276898712,3.77847184441512,9.32939369355912,6.53284501162674,3.74720334737168,9.3184866758818,6.78501052238374,0,6.77969938175329,0,"normal","I",1000,500,0.5,0,0,0,FALSE,0,FALSE,101,"leave-1",500,0.5,1e+05,TRUE,555
10,0,0,0,6.55393276898712,3.77847184441512,9.32939369355912,6.55956458503603,3.77418026713597,9.34494890293608,6.78501052238374,0,6.80047038364337,0,"normal","I",1000,500,0.5,0,0,0,FALSE,0,FALSE,101,"leave-1",500,0.5,1e+05,TRUE,555
10,0,0,0,6.55393276898712,3.77847184441512,9.32939369355912,6.46395904706111,3.68168601274664,9.24623208137558,6.78501052238374,0,6.72693301582752,0,"normal","I",1000,500,0.5,0,0,0,FALSE,0,FALSE,101,"leave-1",500,0.5,1e+05,TRUE,555
10,0,0,0,6.55393276898712,3.77847184441512,9.32939369355912,6.55564327816775,3.77006393235928,9.34122262397621,6.78501052238374,0,6.7849339349771,0,"normal","I",1000,500,0.5,0,0,0,FALSE,0,FALSE,101,"leave-1",500,0.5,1e+05,TRUE,555
10,0,0,0,6.55393276898712,3.77847184441512,9.32939369355912,6.50644525620046,3.72284645458371,9.29004405781722,6.78501052238374,0,6.76309730799497,0,"normal","I",1000,500,0.5,0,0,0,FALSE,0,FALSE,101,"leave-1",500,0.5,1e+05,TRUE,555
10,0,0,0,6.55393276898712,3.77847184441512,9.32939369355912,6.79840656216272,4.01445977687413,9.5823533474513,6.78501052238374,0,6.94676851775081,0,"normal","I",1000,500,0.5,0,0,0,FALSE,0,FALSE,101,"leave-1",500,0.5,1e+05,TRUE,555
10,0,0,0,6.55393276898712,3.77847184441512,9.32939369355912,6.46053742584877,3.67718852187198,9.24388632982556,6.78501052238374,0,6.71800350114451,0,"normal","I",1000,500,0.5,0,0,0,FALSE,0,FALSE,101,"leave-1",500,0.5,1e+05,TRUE,555
10,0,0,0,6.55393276898712,3.77847184441512,9.32939369355912,6.6513128563502,3.8708372277488,9.4317884849516,6.78501052238374,0,6.8599969684097,0,"normal","I",1000,500,0.5,0,0,0,FALSE,0,FALSE,101,"leave-1",500,0.5,1e+05,TRUE,555
10,0,0,0,6.55393276898712,3.77847184441512,9.32939369355912,6.0800738401279,3.32351458845243,8.83663309180337,6.78501052238374,0,6.38552069205302,0,"normal","I",1000,500,0.5,0,0,0,FALSE,0,FALSE,101,"leave-1",500,0.5,1e+05,TRUE,555
10,0,0,0,6.55393276898712,3.77847184441512,9.32939369355912,6.57592869114417,3.79369733210608,9.35816005018227,6.78501052238374,0,6.78889838894872,0,"normal","I",1000,500,0.5,0,0,0,FALSE,0,FALSE,101,"leave-1",500,0.5,1e+05,TRUE,555
10,0,0,0,6.55393276898712,3.77847184441512,9.32939369355912,6.694613174516,3.90908589100314,9.48014045802886,6.78501052238374,0,6.8812225031576,0,"normal","I",1000,500,0.5,0,0,0,FALSE,0,FALSE,101,"leave-1",500,0.5,1e+05,TRUE,555
10,0,0,0,6.55393276898712,3.77847184441512,9.32939369355912,6.5424203667448,3.75696895078351,9.32787178270609,6.78501052238374,0,6.78016096968371,0,"normal","I",1000,500,0.5,0,0,0,FALSE,0,FALSE,101,"leave-1",500,0.5,1e+05,TRUE,555
10,0,0,0,6.55393276898712,3.77847184441512,9.32939369355912,6.67360539092917,3.89562186972982,9.45158891212852,6.78501052238374,0,6.84422110494539,0,"normal","I",1000,500,0.5,0,0,0,FALSE,0,FALSE,101,"leave-1",500,0.5,1e+05,TRUE,555
10,0,0,0,6.55393276898712,3.77847184441512,9.32939369355912,6.55364215052181,3.76828728475092,9.33899701629269,6.78501052238374,0,6.79347233375476,0,"normal","I",1000,500,0.5,0,0,0,FALSE,0,FALSE,101,"leave-1",500,0.5,1e+05,TRUE,555
10,0,0,0,6.55393276898712,3.77847184441512,9.32939369355912,6.54136792006004,3.75694845090747,9.3257873892126,6.78501052238374,0,6.77794795590483,0,"normal","I",1000,500,0.5,0,0,0,FALSE,0,FALSE,101,"leave-1",500,0.5,1e+05,TRUE,555
10,0,0,0,6.55393276898712,3.77847184441512,9.32939369355912,6.5559116521378,3.77106397252934,9.34075933174626,6.78501052238374,0,6.80126063852317,0,"normal","I",1000,500,0.5,0,0,0,FALSE,0,FALSE,101,"leave-1",500,0.5,1e+05,TRUE,555
10,0,0,0,6.55393276898712,3.77847184441512,9.32939369355912,6.53008911698803,3.74634881716324,9.31382941681283,6.78501052238374,0,6.76205795423158,0,"normal","I",1000,500,0.5,0,0,0,FALSE,0,FALSE,101,"leave-1",500,0.5,1e+05,TRUE,555
10,0,0,0,6.55393276898712,3.77847184441512,9.32939369355912,6.52637068004342,3.74404018787267,9.30870117221417,6.78501052238374,0,6.72663090136099,0,"normal","I",1000,500,0.5,0,0,0,FALSE,0,FALSE,101,"leave-1",500,0.5,1e+05,TRUE,555
10,0,0,0,6.55393276898712,3.77847184441512,9.32939369355912,6.47988012451288,3.69727770985535,9.26248253917042,6.78501052238374,0,6.71529723929476,0,"normal","I",1000,500,0.5,0,0,0,FALSE,0,FALSE,101,"leave-1",500,0.5,1e+05,TRUE,555
10,0,0,0,6.55393276898712,3.77847184441512,9.32939369355912,6.64809758429752,3.86243353800236,9.43376163059268,6.78501052238374,0,6.85095970792166,0,"normal","I",1000,500,0.5,0,0,0,FALSE,0,FALSE,101,"leave-1",500,0.5,1e+05,TRUE,555
10,0,0,0,6.55393276898712,3.77847184441512,9.32939369355912,6.96398417710294,4.17964858739255,9.74831976681333,6.78501052238374,0,7.08333387320141,0,"normal","I",1000,500,0.5,0,0,0,FALSE,0,FALSE,101,"leave-1",500,0.5,1e+05,TRUE,555
10,0,0,0,6.55393276898712,3.77847184441512,9.32939369355912,6.58024245101481,3.79552083145908,9.36496407057054,6.78501052238374,0,6.80406392151371,0,"normal","I",1000,500,0.5,0,0,0,FALSE,0,FALSE,101,"leave-1",500,0.5,1e+05,TRUE,555
10,0,0,0,6.55393276898712,3.77847184441512,9.32939369355912,6.53553276283094,3.75090588887122,9.32015963679065,6.78501052238374,0,6.78160702774824,0,"normal","I",1000,500,0.5,0,0,0,FALSE,0,FALSE,101,"leave-1",500,0.5,1e+05,TRUE,555
10,0,0,0,6.55393276898712,3.77847184441512,9.32939369355912,6.5479009432575,3.76340138262869,9.33240050388631,6.78501052238374,0,6.77896659193038,0,"normal","I",1000,500,0.5,0,0,0,FALSE,0,FALSE,101,"leave-1",500,0.5,1e+05,TRUE,555
10,0,0,0,6.55393276898712,3.77847184441512,9.32939369355912,6.62283884178378,3.83999038654001,9.40568729702755,6.78501052238374,0,6.86831474929269,0,"normal","I",1000,500,0.5,0,0,0,FALSE,0,FALSE,101,"leave-1",500,0.5,1e+05,TRUE,555
10,0,0,0,6.55393276898712,3.77847184441512,9.32939369355912,6.53879468667434,3.76046212524668,9.317127248102,6.78501052238374,0,6.74783039183394,0,"normal","I",1000,500,0.5,0,0,0,FALSE,0,FALSE,101,"leave-1",500,0.5,1e+05,TRUE,555
10,0,0,0,6.55393276898712,3.77847184441512,9.32939369355912,6.30906360671203,3.54194529469598,9.07618191872808,6.78501052238374,0,6.57414203567676,0,"normal","I",1000,500,0.5,0,0,0,FALSE,0,FALSE,101,"leave-1",500,0.5,1e+05,TRUE,555
10,0,0,0,6.55393276898712,3.77847184441512,9.32939369355912,6.57418014353246,3.78849255622871,9.3598677308362,6.78501052238374,0,6.80238087764922,0,"normal","I",1000,500,0.5,0,0,0,FALSE,0,FALSE,101,"leave-1",500,0.5,1e+05,TRUE,555
10,0,0,0,6.55393276898712,3.77847184441512,9.32939369355912,6.53879329129506,3.75631037659128,9.32127620599883,6.78501052238374,0,6.74477073619966,0,"normal","I",1000,500,0.5,0,0,0,FALSE,0,FALSE,101,"leave-1",500,0.5,1e+05,TRUE,555
10,0,0,0,6.55393276898712,3.77847184441512,9.32939369355912,6.67165814374892,3.88965432805688,9.45366195944096,6.78501052238374,0,6.92418909825933,0,"normal","I",1000,500,0.5,0,0,0,FALSE,0,FALSE,101,"leave-1",500,0.5,1e+05,TRUE,555
10,0,0,0,6.55393276898712,3.77847184441512,9.32939369355912,6.47416399347901,3.69462728617659,9.25370070078143,6.78501052238374,0,6.67962171349496,0,"normal","I",1000,500,0.5,0,0,0,FALSE,0,FALSE,101,"leave-1",500,0.5,1e+05,TRUE,555
10,0,0,0,6.55393276898712,3.77847184441512,9.32939369355912,6.82509291486416,4.04324981451948,9.60693601520884,6.78501052238374,0,6.97928078739643,0,"normal","I",1000,500,0.5,0,0,0,FALSE,0,FALSE,101,"leave-1",500,0.5,1e+05,TRUE,555
10,0,0,0,6.55393276898712,3.77847184441512,9.32939369355912,6.39403216056577,3.6144931709342,9.17357115019734,6.78501052238374,0,6.67122809317764,0,"normal","I",1000,500,0.5,0,0,0,FALSE,0,FALSE,101,"leave-1",500,0.5,1e+05,TRUE,555
10,0,0,0,6.55393276898712,3.77847184441512,9.32939369355912,6.54871743834969,3.76345439006777,9.3339804866316,6.78501052238374,0,6.79242572277792,0,"normal","I",1000,500,0.5,0,0,0,FALSE,0,FALSE,101,"leave-1",500,0.5,1e+05,TRUE,555
10,0,0,0,6.55393276898712,3.77847184441512,9.32939369355912,6.59066485922096,3.80567037199871,9.37565934644321,6.78501052238374,0,6.80817384302139,0,"normal","I",1000,500,0.5,0,0,0,FALSE,0,FALSE,101,"leave-1",500,0.5,1e+05,TRUE,555
10,0,0,0,6.55393276898712,3.77847184441512,9.32939369355912,6.67421358822013,3.89119556055432,9.45723161588594,6.78501052238374,0,6.86812714632415,0,"normal","I",1000,500,0.5,0,0,0,FALSE,0,FALSE,101,"leave-1",500,0.5,1e+05,TRUE,555
10,0,0,0,6.55393276898712,3.77847184441512,9.32939369355912,6.52978796643363,3.74426756596471,9.31530836690255,6.78501052238374,0,6.78035814521515,0,"normal","I",1000,500,0.5,0,0,0,FALSE,0,FALSE,101,"leave-1",500,0.5,1e+05,TRUE,555
10,0,0,0,6.55393276898712,3.77847184441512,9.32939369355912,6.56414670317556,3.77984039877464,9.34845300757647,6.78501052238374,0,6.7805185724642,0,"normal","I",1000,500,0.5,0,0,0,FALSE,0,FALSE,101,"leave-1",500,0.5,1e+05,TRUE,555
10,0,0,0,6.55393276898712,3.77847184441512,9.32939369355912,6.70457919152414,3.91931311747304,9.48984526557525,6.78501052238374,0,6.90352628829238,0,"normal","I",1000,500,0.5,0,0,0,FALSE,0,FALSE,101,"leave-1",500,0.5,1e+05,TRUE,555
10,0,0,0,6.55393276898712,3.77847184441512,9.32939369355912,6.34022893678055,3.55965604772016,9.12080182584094,6.78501052238374,0,6.6844975626457,0,"normal","I",1000,500,0.5,0,0,0,FALSE,0,FALSE,101,"leave-1",500,0.5,1e+05,TRUE,555
10,0,0,0,6.55393276898712,3.77847184441512,9.32939369355912,6.54243200998376,3.75962377728152,9.325240242686,6.78501052238374,0,6.73377180977694,0,"normal","I",1000,500,0.5,0,0,0,FALSE,0,FALSE,101,"leave-1",500,0.5,1e+05,TRUE,555
10,0,0,0,6.55393276898712,3.77847184441512,9.32939369355912,6.54694829733936,3.7623384896227,9.33155810505602,6.78501052238374,0,6.79507588069178,0,"normal","I",1000,500,0.5,0,0,0,FALSE,0,FALSE,101,"leave-1",500,0.5,1e+05,TRUE,555
10,0,0,0,6.55393276898712,3.77847184441512,9.32939369355912,6.62827209293561,3.84975198905524,9.40679219681597,6.78501052238374,0,6.87311363826745,0,"normal","I",1000,500,0.5,0,0,0,FALSE,0,FALSE,101,"leave-1",500,0.5,1e+05,TRUE,555
10,0,0,0,6.55393276898712,3.77847184441512,9.32939369355912,6.52930872864642,3.74573134201011,9.31288611528273,6.78501052238374,0,6.75999023761769,0,"normal","I",1000,500,0.5,0,0,0,FALSE,0,FALSE,101,"leave-1",500,0.5,1e+05,TRUE,555
10,0,0,0,6.55393276898712,3.77847184441512,9.32939369355912,6.5269953269386,3.74147777053991,9.31251288333729,6.78501052238374,0,6.78486041963872,0,"normal","I",1000,500,0.5,0,0,0,FALSE,0,FALSE,101,"leave-1",500,0.5,1e+05,TRUE,555
10,0,0,0,6.55393276898712,3.77847184441512,9.32939369355912,6.54005094805928,3.75453631248201,9.32556558363655,6.78501052238374,0,6.78649453410803,0,"normal","I",1000,500,0.5,0,0,0,FALSE,0,FALSE,101,"leave-1",500,0.5,1e+05,TRUE,555
10,0,0,0,6.55393276898712,3.77847184441512,9.32939369355912,6.48815551724681,3.70593231935,9.27037871514361,6.78501052238374,0,6.74282602577746,0,"normal","I",1000,500,0.5,0,0,0,FALSE,0,FALSE,101,"leave-1",500,0.5,1e+05,TRUE,555
10,0,0,0,6.55393276898712,3.77847184441512,9.32939369355912,6.61116163525258,3.8279333319223,9.39438993858287,6.78501052238374,0,6.82919238815814,0,"normal","I",1000,500,0.5,0,0,0,FALSE,0,FALSE,101,"leave-1",500,0.5,1e+05,TRUE,555
10,0,0,0,6.55393276898712,3.77847184441512,9.32939369355912,6.5434559926133,3.76032796177241,9.3265840234542,6.78501052238374,0,6.78655594304713,0,"normal","I",1000,500,0.5,0,0,0,FALSE,0,FALSE,101,"leave-1",500,0.5,1e+05,TRUE,555
10,0,0,0,6.55393276898712,3.77847184441512,9.32939369355912,6.61274885369881,3.82698691039701,9.39851079700061,6.78501052238374,0,6.850095469738,0,"normal","I",1000,500,0.5,0,0,0,FALSE,0,FALSE,101,"leave-1",500,0.5,1e+05,TRUE,555
10,0,0,0,6.55393276898712,3.77847184441512,9.32939369355912,6.508098716982,3.72592556330692,9.29027187065709,6.78501052238374,0,6.73422819921963,0,"normal","I",1000,500,0.5,0,0,0,FALSE,0,FALSE,101,"leave-1",500,0.5,1e+05,TRUE,555
10,0,0,0,6.55393276898712,3.77847184441512,9.32939369355912,6.37713155199967,3.60399985620204,9.1502632477973,6.78501052238374,0,6.62501499992136,0,"normal","I",1000,500,0.5,0,0,0,FALSE,0,FALSE,101,"leave-1",500,0.5,1e+05,TRUE,555
10,0,0,0,6.55393276898712,3.77847184441512,9.32939369355912,6.53814862931479,3.7539688769404,9.32232838168918,6.78501052238374,0,6.76935820940835,0,"normal","I",1000,500,0.5,0,0,0,FALSE,0,FALSE,101,"leave-1",500,0.5,1e+05,TRUE,555
10,0,0,0,6.55393276898712,3.77847184441512,9.32939369355912,6.5202855971898,3.74747885637836,9.29309233800124,6.78501052238374,0,6.71675785064255,0,"normal","I",1000,500,0.5,0,0,0,FALSE,0,FALSE,101,"leave-1",500,0.5,1e+05,TRUE,555
10,0,0,0,6.55393276898712,3.77847184441512,9.32939369355912,6.69182108765458,3.90676312174831,9.47687905356085,6.78501052238374,0,6.87309596058158,0,"normal","I",1000,500,0.5,0,0,0,FALSE,0,FALSE,101,"leave-1",500,0.5,1e+05,TRUE,555
10,0,0,0,6.55393276898712,3.77847184441512,9.32939369355912,6.43913482141217,3.66585936947433,9.21241027335001,6.78501052238374,0,6.68984341593473,0,"normal","I",1000,500,0.5,0,0,0,FALSE,0,FALSE,101,"leave-1",500,0.5,1e+05,TRUE,555
10,0,0,0,6.55393276898712,3.77847184441512,9.32939369355912,6.46338426517166,3.68133767938041,9.24543085096292,6.78501052238374,0,6.74341087764394,0,"normal","I",1000,500,0.5,0,0,0,FALSE,0,FALSE,101,"leave-1",500,0.5,1e+05,TRUE,555
10,0,0,0,6.55393276898712,3.77847184441512,9.32939369355912,6.76612061094852,3.99298567802277,9.53925554387427,6.78501052238374,0,6.94427481483107,0,"normal","I",1000,500,0.5,0,0,0,FALSE,0,FALSE,101,"leave-1",500,0.5,1e+05,TRUE,555
10,0,0,0,6.55393276898712,3.77847184441512,9.32939369355912,6.25036903821564,3.47958123904738,9.02115683738389,6.78501052238374,0,6.58723871134045,0,"normal","I",1000,500,0.5,0,0,0,FALSE,0,FALSE,101,"leave-1",500,0.5,1e+05,TRUE,555
10,0,0,0,6.55393276898712,3.77847184441512,9.32939369355912,6.40345625232191,3.62844497027215,9.17846753437167,6.78501052238374,0,6.6058377975693,0,"normal","I",1000,500,0.5,0,0,0,FALSE,0,FALSE,101,"leave-1",500,0.5,1e+05,TRUE,555
10,0,0,0,6.55393276898712,3.77847184441512,9.32939369355912,6.60367439991257,3.8233037863929,9.38404501343223,6.78501052238374,0,6.82368572964033,0,"normal","I",1000,500,0.5,0,0,0,FALSE,0,FALSE,101,"leave-1",500,0.5,1e+05,TRUE,555
10,0,0,0,6.55393276898712,3.77847184441512,9.32939369355912,6.54484221279037,3.75952003730892,9.33016438827182,6.78501052238374,0,6.78677256338423,0,"normal","I",1000,500,0.5,0,0,0,FALSE,0,FALSE,101,"leave-1",500,0.5,1e+05,TRUE,555
10,0,0,0,6.55393276898712,3.77847184441512,9.32939369355912,6.5377509293658,3.75223938633934,9.32326247239226,6.78501052238374,0,6.78513321842319,0,"normal","I",1000,500,0.5,0,0,0,FALSE,0,FALSE,101,"leave-1",500,0.5,1e+05,TRUE,555
10,0,0,0,6.55393276898712,3.77847184441512,9.32939369355912,6.63448886478955,3.85441761871174,9.41456011086736,6.78501052238374,0,6.87120665246272,0,"normal","I",1000,500,0.5,0,0,0,FALSE,0,FALSE,101,"leave-1",500,0.5,1e+05,TRUE,555
10,0,0,0,6.55393276898712,3.77847184441512,9.32939369355912,6.5429642632226,3.75781789913126,9.32811062731393,6.78501052238374,0,6.78388856840587,0,"normal","I",1000,500,0.5,0,0,0,FALSE,0,FALSE,101,"leave-1",500,0.5,1e+05,TRUE,555
10,0,0,0,6.55393276898712,3.77847184441512,9.32939369355912,6.53811885209973,3.75268132625132,9.32355637794814,6.78501052238374,0,6.79945504502122,0,"normal","I",1000,500,0.5,0,0,0,FALSE,0,FALSE,101,"leave-1",500,0.5,1e+05,TRUE,555
10,0,0,0,6.55393276898712,3.77847184441512,9.32939369355912,6.49633054564054,3.71219159654222,9.28046949473886,6.78501052238374,0,6.76024392533178,0,"normal","I",1000,500,0.5,0,0,0,FALSE,0,FALSE,101,"leave-1",500,0.5,1e+05,TRUE,555
10,0,0,0,6.55393276898712,3.77847184441512,9.32939369355912,6.73529028957513,3.95020377075096,9.5203768083993,6.78501052238374,0,6.8774008214674,0,"normal","I",1000,500,0.5,0,0,0,FALSE,0,FALSE,101,"leave-1",500,0.5,1e+05,TRUE,555
10,0,0,0,6.55393276898712,3.77847184441512,9.32939369355912,7.08350853448597,4.30418371788729,9.86283335108465,6.78501052238374,0,7.18440596090638,0,"normal","I",1000,500,0.5,0,0,0,FALSE,0,FALSE,101,"leave-1",500,0.5,1e+05,TRUE,555
10,0,0,0,6.55393276898712,3.77847184441512,9.32939369355912,6.51463799270848,3.73416382265434,9.29511216276262,6.78501052238374,0,6.76888318256487,0,"normal","I",1000,500,0.5,0,0,0,FALSE,0,FALSE,101,"leave-1",500,0.5,1e+05,TRUE,555
10,0,0,0,6.55393276898712,3.77847184441512,9.32939369355912,6.50172265616361,3.72893067210313,9.2745146402241,6.78501052238374,0,6.71750801893292,0,"normal","I",1000,500,0.5,0,0,0,FALSE,0,FALSE,101,"leave-1",500,0.5,1e+05,TRUE,555
10,0,0,0,6.55393276898712,3.77847184441512,9.32939369355912,6.4934488401023,3.71161955419293,9.27527812601167,6.78501052238374,0,6.74267745378644,0,"normal","I",1000,500,0.5,0,0,0,FALSE,0,FALSE,101,"leave-1",500,0.5,1e+05,TRUE,555
10,0,0,0,6.55393276898712,3.77847184441512,9.32939369355912,6.47414019271798,3.69940099111327,9.24887939432269,6.78501052238374,0,6.71068962982429,0,"normal","I",1000,500,0.5,0,0,0,FALSE,0,FALSE,101,"leave-1",500,0.5,1e+05,TRUE,555
10,0,0,0,6.55393276898712,3.77847184441512,9.32939369355912,6.58379438053814,3.79920045731515,9.36838830376114,6.78501052238374,0,6.81613773625764,0,"normal","I",1000,500,0.5,0,0,0,FALSE,0,FALSE,101,"leave-1",500,0.5,1e+05,TRUE,555
10,0,0,0,6.55393276898712,3.77847184441512,9.32939369355912,6.6970741748453,3.91411251045038,9.48003583924022,6.78501052238374,0,6.88945760365661,0,"normal","I",1000,500,0.5,0,0,0,FALSE,0,FALSE,101,"leave-1",500,0.5,1e+05,TRUE,555
10,0,0,0,6.55393276898712,3.77847184441512,9.32939369355912,6.36587511162426,3.60327398295504,9.12847624029348,6.78501052238374,0,6.67042735548731,0,"normal","I",1000,500,0.5,0,0,0,FALSE,0,FALSE,101,"leave-1",500,0.5,1e+05,TRUE,555
10,0,0,0,6.55393276898712,3.77847184441512,9.32939369355912,6.62321930077897,3.83736991742996,9.40906868412798,6.78501052238374,0,6.85089115191024,0,"normal","I",1000,500,0.5,0,0,0,FALSE,0,FALSE,101,"leave-1",500,0.5,1e+05,TRUE,555
10,0,0,0,6.55393276898712,3.77847184441512,9.32939369355912,6.46748672545996,3.70297183904524,9.23200161187467,6.78501052238374,0,6.65509366222956,0,"normal","I",1000,500,0.5,0,0,0,FALSE,0,FALSE,101,"leave-1",500,0.5,1e+05,TRUE,555
10,0,0,0,6.55393276898712,3.77847184441512,9.32939369355912,6.510462084814,3.7277060224423,9.29321814718569,6.78501052238374,0,6.76452899512964,0,"normal","I",1000,500,0.5,0,0,0,FALSE,0,FALSE,101,"leave-1",500,0.5,1e+05,TRUE,555
10,0,0,0,6.55393276898712,3.77847184441512,9.32939369355912,6.33632015228129,3.56887270019806,9.10376760436452,6.78501052238374,0,6.57547166133382,0,"normal","I",1000,500,0.5,0,0,0,FALSE,0,FALSE,101,"leave-1",500,0.5,1e+05,TRUE,555
10,0,0,0,6.55393276898712,3.77847184441512,9.32939369355912,6.42135928694696,3.64679644612976,9.19592212776416,6.78501052238374,0,6.70842816963804,0,"normal","I",1000,500,0.5,0,0,0,FALSE,0,FALSE,101,"leave-1",500,0.5,1e+05,TRUE,555
10,0,0,0,6.55393276898712,3.77847184441512,9.32939369355912,6.44857776274527,3.66983476828491,9.22732075720563,6.78501052238374,0,6.67804621544502,0,"normal","I",1000,500,0.5,0,0,0,FALSE,0,FALSE,101,"leave-1",500,0.5,1e+05,TRUE,555
10,0,0,0,6.55393276898712,3.77847184441512,9.32939369355912,6.82507843021941,4.04971504940407,9.60044181103475,6.78501052238374,0,6.99354145143615,0,"normal","I",1000,500,0.5,0,0,0,FALSE,0,FALSE,101,"leave-1",500,0.5,1e+05,TRUE,555
10,0,0,0,6.55393276898712,3.77847184441512,9.32939369355912,6.54191605324915,3.75786800747343,9.32596409902487,6.78501052238374,0,6.76669037567697,0,"normal","I",1000,500,0.5,0,0,0,FALSE,0,FALSE,101,"leave-1",500,0.5,1e+05,TRUE,555
10,0,0,0,6.55393276898712,3.77847184441512,9.32939369355912,6.52759987592986,3.74196092867139,9.31323882318833,6.78501052238374,0,6.77745045149371,0,"normal","I",1000,500,0.5,0,0,0,FALSE,0,FALSE,101,"leave-1",500,0.5,1e+05,TRUE,555
10,0,0,0,6.55393276898712,3.77847184441512,9.32939369355912,6.42651955835805,3.65326164175684,9.19977747495927,6.78501052238374,0,6.72162317796662,0,"normal","I",1000,500,0.5,0,0,0,FALSE,0,FALSE,101,"leave-1",500,0.5,1e+05,TRUE,555
10,0,0,0,6.55393276898712,3.77847184441512,9.32939369355912,6.56936489923011,3.79409215173829,9.34463764672192,6.78501052238374,0,6.81326793020765,0,"normal","I",1000,500,0.5,0,0,0,FALSE,0,FALSE,101,"leave-1",500,0.5,1e+05,TRUE,555
10,0,0,0,6.55393276898712,3.77847184441512,9.32939369355912,6.51954071911282,3.73706467465477,9.30201676357087,6.78501052238374,0,6.73501654589695,0,"normal","I",1000,500,0.5,0,0,0,FALSE,0,FALSE,101,"leave-1",500,0.5,1e+05,TRUE,555
10,0,0,0,6.55393276898712,3.77847184441512,9.32939369355912,6.56251660373467,3.77831758624009,9.34671562122926,6.78501052238374,0,6.81455311641693,0,"normal","I",1000,500,0.5,0,0,0,FALSE,0,FALSE,101,"leave-1",500,0.5,1e+05,TRUE,555
10,0,0,0,6.55393276898712,3.77847184441512,9.32939369355912,6.53194524077499,3.75327359629833,9.31061688525166,6.78501052238374,0,6.75409217397428,0,"normal","I",1000,500,0.5,0,0,0,FALSE,0,FALSE,101,"leave-1",500,0.5,1e+05,TRUE,555
10,0,0,0,6.55393276898712,3.77847184441512,9.32939369355912,6.53390009866553,3.74854998233494,9.31925021499613,6.78501052238374,0,6.78022206658503,0,"normal","I",1000,500,0.5,0,0,0,FALSE,0,FALSE,101,"leave-1",500,0.5,1e+05,TRUE,555
10,0,0,0,6.55393276898712,3.77847184441512,9.32939369355912,6.67204124930868,3.886674475742,9.45740802287537,6.78501052238374,0,6.87855139580562,0,"normal","I",1000,500,0.5,0,0,0,FALSE,0,FALSE,101,"leave-1",500,0.5,1e+05,TRUE,555
10,0,0,0,6.55393276898712,3.77847184441512,9.32939369355912,6.59668130521586,3.81242423811519,9.38093837231653,6.78501052238374,0,6.79254723777459,0,"normal","I",1000,500,0.5,0,0,0,FALSE,0,FALSE,101,"leave-1",500,0.5,1e+05,TRUE,555
10,0,0,0,6.55393276898712,3.77847184441512,9.32939369355912,6.52637966520295,3.74134209061061,9.31141723979529,6.78501052238374,0,6.77763203121322,0,"normal","I",1000,500,0.5,0,0,0,FALSE,0,FALSE,101,"leave-1",500,0.5,1e+05,TRUE,555
10,0,0,0,6.55393276898712,3.77847184441512,9.32939369355912,6.49723019688071,3.71470462416881,9.27975576959261,6.78501052238374,0,6.78241921539291,0,"normal","I",1000,500,0.5,0,0,0,FALSE,0,FALSE,101,"leave-1",500,0.5,1e+05,TRUE,555
10,0,0,0,6.55393276898712,3.77847184441512,9.32939369355912,6.54002360602886,3.75689272089567,9.32315449116206,6.78501052238374,0,6.75463332002317,0,"normal","I",1000,500,0.5,0,0,0,FALSE,0,FALSE,101,"leave-1",500,0.5,1e+05,TRUE,555
10,0,0,0,6.55393276898712,3.77847184441512,9.32939369355912,6.44449916835978,3.66103300575196,9.2279653309676,6.78501052238374,0,6.74457427704237,0,"normal","I",1000,500,0.5,0,0,0,FALSE,0,FALSE,101,"leave-1",500,0.5,1e+05,TRUE,555
10,0,0,0,6.55393276898712,3.77847184441512,9.32939369355912,6.46898340731416,3.68893311963433,9.24903369499399,6.78501052238374,0,6.677403680571,0,"normal","I",1000,500,0.5,0,0,0,FALSE,0,FALSE,101,"leave-1",500,0.5,1e+05,TRUE,555
10,0,0,0,6.55393276898712,3.77847184441512,9.32939369355912,6.68558087445785,3.91289402916352,9.45826771975218,6.78501052238374,0,6.8884542788139,0,"normal","I",1000,500,0.5,0,0,0,FALSE,0,FALSE,101,"leave-1",500,0.5,1e+05,TRUE,555
10,0,0,0,6.55393276898712,3.77847184441512,9.32939369355912,6.54139815515928,3.75582568251591,9.32697062780266,6.78501052238374,0,6.78331678465255,0,"normal","I",1000,500,0.5,0,0,0,FALSE,0,FALSE,101,"leave-1",500,0.5,1e+05,TRUE,555
10,0,0,0,6.55393276898712,3.77847184441512,9.32939369355912,6.55691764265228,3.77138982115784,9.34244546414671,6.78501052238374,0,6.79679907012749,0,"normal","I",1000,500,0.5,0,0,0,FALSE,0,FALSE,101,"leave-1",500,0.5,1e+05,TRUE,555
10,0,0,0,6.55393276898712,3.77847184441512,9.32939369355912,6.52870693563286,3.75192258609043,9.30549128517528,6.78501052238374,0,6.73571593342896,0,"normal","I",1000,500,0.5,0,0,0,FALSE,0,FALSE,101,"leave-1",500,0.5,1e+05,TRUE,555
10,0,0,0,6.55393276898712,3.77847184441512,9.32939369355912,6.47098399190285,3.69568508649845,9.24628289730725,6.78501052238374,0,6.71956104300631,0,"normal","I",1000,500,0.5,0,0,0,FALSE,0,FALSE,101,"leave-1",500,0.5,1e+05,TRUE,555
10,0,0,0,6.55393276898712,3.77847184441512,9.32939369355912,6.50192967742887,3.72760696563816,9.27625238921957,6.78501052238374,0,6.7606207555701,0,"normal","I",1000,500,0.5,0,0,0,FALSE,0,FALSE,101,"leave-1",500,0.5,1e+05,TRUE,555
10,0,0,0,6.55393276898712,3.77847184441512,9.32939369355912,6.62838529922273,3.84947731645311,9.40729328199234,6.78501052238374,0,6.82377480510242,0,"normal","I",1000,500,0.5,0,0,0,FALSE,0,FALSE,101,"leave-1",500,0.5,1e+05,TRUE,555
10,0,0,0,6.55393276898712,3.77847184441512,9.32939369355912,6.56043386904903,3.78525020476039,9.33561753333767,6.78501052238374,0,6.81155399443187,0,"normal","I",1000,500,0.5,0,0,0,FALSE,0,FALSE,101,"leave-1",500,0.5,1e+05,TRUE,555
10,0,0,0,6.55393276898712,3.77847184441512,9.32939369355912,6.54058424783838,3.75557957981697,9.32558891585979,6.78501052238374,0,6.78278057070295,0,"normal","I",1000,500,0.5,0,0,0,FALSE,0,FALSE,101,"leave-1",500,0.5,1e+05,TRUE,555
10,0,0,0,6.55393276898712,3.77847184441512,9.32939369355912,6.5418937511112,3.75749737456198,9.32629012766043,6.78501052238374,0,6.78226311912809,0,"normal","I",1000,500,0.5,0,0,0,FALSE,0,FALSE,101,"leave-1",500,0.5,1e+05,TRUE,555
10,0,0,0,6.55393276898712,3.77847184441512,9.32939369355912,6.50535972769406,3.72189522088439,9.28882423450373,6.78501052238374,0,6.75858204337335,0,"normal","I",1000,500,0.5,0,0,0,FALSE,0,FALSE,101,"leave-1",500,0.5,1e+05,TRUE,555
10,0,0,0,6.55393276898712,3.77847184441512,9.32939369355912,6.81615446468234,4.04214275439365,9.59016617497103,6.78501052238374,0,6.97000721873034,0,"normal","I",1000,500,0.5,0,0,0,FALSE,0,FALSE,101,"leave-1",500,0.5,1e+05,TRUE,555
10,0,0,0,6.55393276898712,3.77847184441512,9.32939369355912,6.327708047551,3.5548576157631,9.1005584793389,6.78501052238374,0,6.60837285266367,0,"normal","I",1000,500,0.5,0,0,0,FALSE,0,FALSE,101,"leave-1",500,0.5,1e+05,TRUE,555
10,0,0,0,6.55393276898712,3.77847184441512,9.32939369355912,6.65635470071484,3.87131683107235,9.44139257035733,6.78501052238374,0,6.83595590736919,0,"normal","I",1000,500,0.5,0,0,0,FALSE,0,FALSE,101,"leave-1",500,0.5,1e+05,TRUE,555
10,0,0,0,6.55393276898712,3.77847184441512,9.32939369355912,6.7032215542424,3.91854382197565,9.48789928650915,6.78501052238374,0,6.90606485493223,0,"normal","I",1000,500,0.5,0,0,0,FALSE,0,FALSE,101,"leave-1",500,0.5,1e+05,TRUE,555
10,0,0,0,6.55393276898712,3.77847184441512,9.32939369355912,6.54496600791494,3.76077880976832,9.32915320606157,6.78501052238374,0,6.77776045269932,0,"normal","I",1000,500,0.5,0,0,0,FALSE,0,FALSE,101,"leave-1",500,0.5,1e+05,TRUE,555
10,0,0,0,6.55393276898712,3.77847184441512,9.32939369355912,6.45628317633717,3.67717763951417,9.23538871316017,6.78501052238374,0,6.70905793152778,0,"normal","I",1000,500,0.5,0,0,0,FALSE,0,FALSE,101,"leave-1",500,0.5,1e+05,TRUE,555
10,0,0,0,6.55393276898712,3.77847184441512,9.32939369355912,6.40883562043889,3.6369731749869,9.18069806589088,6.78501052238374,0,6.63744740347896,0,"normal","I",1000,500,0.5,0,0,0,FALSE,0,FALSE,101,"leave-1",500,0.5,1e+05,TRUE,555
10,0,0,0,6.55393276898712,3.77847184441512,9.32939369355912,6.52845825232051,3.74748365114238,9.30943285349864,6.78501052238374,0,6.77297911860968,0,"normal","I",1000,500,0.5,0,0,0,FALSE,0,FALSE,101,"leave-1",500,0.5,1e+05,TRUE,555
10,0,0,0,6.55393276898712,3.77847184441512,9.32939369355912,6.60049120865972,3.82187677143106,9.37910564588838,6.78501052238374,0,6.80829260672316,0,"normal","I",1000,500,0.5,0,0,0,FALSE,0,FALSE,101,"leave-1",500,0.5,1e+05,TRUE,555
10,0,0,0,6.55393276898712,3.77847184441512,9.32939369355912,6.66886165794782,3.88365913696304,9.4540641789326,6.78501052238374,0,6.86317569253222,0,"normal","I",1000,500,0.5,0,0,0,FALSE,0,FALSE,101,"leave-1",500,0.5,1e+05,TRUE,555
10,0,0,0,6.55393276898712,3.77847184441512,9.32939369355912,6.50336167636859,3.72252722767284,9.28419612506433,6.78501052238374,0,6.73332643835054,0,"normal","I",1000,500,0.5,0,0,0,FALSE,0,FALSE,101,"leave-1",500,0.5,1e+05,TRUE,555
10,0,0,0,6.55393276898712,3.77847184441512,9.32939369355912,6.47405671486857,3.69210717209089,9.25600625764624,6.78501052238374,0,6.69503269022732,0,"normal","I",1000,500,0.5,0,0,0,FALSE,0,FALSE,101,"leave-1",500,0.5,1e+05,TRUE,555
10,0,0,0,6.55393276898712,3.77847184441512,9.32939369355912,6.54554521850984,3.76120438960075,9.32988604741893,6.78501052238374,0,6.7579348852475,0,"normal","I",1000,500,0.5,0,0,0,FALSE,0,FALSE,101,"leave-1",500,0.5,1e+05,TRUE,555
10,0,0,0,6.55393276898712,3.77847184441512,9.32939369355912,6.54291669969287,3.75862858744818,9.32720481193757,6.78501052238374,0,6.7679119321331,0,"normal","I",1000,500,0.5,0,0,0,FALSE,0,FALSE,101,"leave-1",500,0.5,1e+05,TRUE,555
10,0,0,0,6.55393276898712,3.77847184441512,9.32939369355912,6.84046457478543,4.06019099298022,9.62073815659064,6.78501052238374,0,7.02334949771529,0,"normal","I",1000,500,0.5,0,0,0,FALSE,0,FALSE,101,"leave-1",500,0.5,1e+05,TRUE,555
10,0,0,0,6.55393276898712,3.77847184441512,9.32939369355912,6.78853902845057,4.01383121688689,9.56324684001425,6.78501052238374,0,6.96011440871394,0,"normal","I",1000,500,0.5,0,0,0,FALSE,0,FALSE,101,"leave-1",500,0.5,1e+05,TRUE,555
10,0,0,0,6.55393276898712,3.77847184441512,9.32939369355912,6.87798572459855,4.10503803494415,9.65093341425296,6.78501052238374,0,7.0523691615543,0,"normal","I",1000,500,0.5,0,0,0,FALSE,0,FALSE,101,"leave-1",500,0.5,1e+05,TRUE,555
10,0,0,0,6.55393276898712,3.77847184441512,9.32939369355912,6.90582173160863,4.13788344663837,9.6737600165789,6.78501052238374,0,7.07514714482796,0,"normal","I",1000,500,0.5,0,0,0,FALSE,0,FALSE,101,"leave-1",500,0.5,1e+05,TRUE,555
10,0,0,0,6.55393276898712,3.77847184441512,9.32939369355912,6.57113072266463,3.7921786619194,9.35008278340986,6.78501052238374,0,6.78678266719948,0,"normal","I",1000,500,0.5,0,0,0,FALSE,0,FALSE,101,"leave-1",500,0.5,1e+05,TRUE,555
10,0,0,0,6.55393276898712,3.77847184441512,9.32939369355912,6.57274534694063,3.78836386330398,9.35712683057729,6.78501052238374,0,6.8090538162057,0,"normal","I",1000,500,0.5,0,0,0,FALSE,0,FALSE,101,"leave-1",500,0.5,1e+05,TRUE,555
10,0,0,0,6.55393276898712,3.77847184441512,9.32939369355912,6.53188242513388,3.74675954470824,9.31700530555953,6.78501052238374,0,6.78246154472045,0,"normal","I",1000,500,0.5,0,0,0,FALSE,0,FALSE,101,"leave-1",500,0.5,1e+05,TRUE,555
10,0,0,0,6.55393276898712,3.77847184441512,9.32939369355912,6.64227880882963,3.86376744626893,9.42079017139032,6.78501052238374,0,6.85655180028651,0,"normal","I",1000,500,0.5,0,0,0,FALSE,0,FALSE,101,"leave-1",500,0.5,1e+05,TRUE,555
10,0,0,0,6.55393276898712,3.77847184441512,9.32939369355912,6.59554193740035,3.81090755964516,9.38017631515554,6.78501052238374,0,6.79084916457258,0,"normal","I",1000,500,0.5,0,0,0,FALSE,0,FALSE,101,"leave-1",500,0.5,1e+05,TRUE,555
10,0,0,0,6.55393276898712,3.77847184441512,9.32939369355912,6.54315748062386,3.75774796602237,9.32856699522535,6.78501052238374,0,6.79118044008248,0,"normal","I",1000,500,0.5,0,0,0,FALSE,0,FALSE,101,"leave-1",500,0.5,1e+05,TRUE,555
10,0,0,0,6.55393276898712,3.77847184441512,9.32939369355912,6.54505004178411,3.75983553640811,9.33026454716011,6.78501052238374,0,6.79216829525976,0,"normal","I",1000,500,0.5,0,0,0,FALSE,0,FALSE,101,"leave-1",500,0.5,1e+05,TRUE,555
10,0,0,0,6.55393276898712,3.77847184441512,9.32939369355912,6.59165259448838,3.82069065850058,9.36261453047619,6.78501052238374,0,6.89245835777977,0,"normal","I",1000,500,0.5,0,0,0,FALSE,0,FALSE,101,"leave-1",500,0.5,1e+05,TRUE,555
10,0,0,0,6.55393276898712,3.77847184441512,9.32939369355912,6.46208960153313,3.68775996088047,9.2364192421858,6.78501052238374,0,6.71094837776298,0,"normal","I",1000,500,0.5,0,0,0,FALSE,0,FALSE,101,"leave-1",500,0.5,1e+05,TRUE,555
10,0,0,0,6.55393276898712,3.77847184441512,9.32939369355912,6.50178481593838,3.73372097604027,9.26984865583649,6.78501052238374,0,6.72377844898572,0,"normal","I",1000,500,0.5,0,0,0,FALSE,0,FALSE,101,"leave-1",500,0.5,1e+05,TRUE,555
10,0,0,0,6.55393276898712,3.77847184441512,9.32939369355912,6.57402899592963,3.78843228435665,9.35962570750262,6.78501052238374,0,6.81389853553132,0,"normal","I",1000,500,0.5,0,0,0,FALSE,0,FALSE,101,"leave-1",500,0.5,1e+05,TRUE,555
10,0,0,0,6.55393276898712,3.77847184441512,9.32939369355912,6.50279088369837,3.72466151559578,9.28092025180095,6.78501052238374,0,6.74507499264247,0,"normal","I",1000,500,0.5,0,0,0,FALSE,0,FALSE,101,"leave-1",500,0.5,1e+05,TRUE,555
10,0,0,0,6.55393276898712,3.77847184441512,9.32939369355912,6.54911058374093,3.77012790094129,9.32809326654057,6.78501052238374,0,6.75451051371574,0,"normal","I",1000,500,0.5,0,0,0,FALSE,0,FALSE,101,"leave-1",500,0.5,1e+05,TRUE,555
10,0,0,0,6.55393276898712,3.77847184441512,9.32939369355912,6.58624591388248,3.80117459952073,9.37131722824423,6.78501052238374,0,6.80794421933643,0,"normal","I",1000,500,0.5,0,0,0,FALSE,0,FALSE,101,"leave-1",500,0.5,1e+05,TRUE,555
10,0,0,0,6.55393276898712,3.77847184441512,9.32939369355912,6.52199186806911,3.7367780596921,9.30720567644611,6.78501052238374,0,6.78263312612321,0,"normal","I",1000,500,0.5,0,0,0,FALSE,0,FALSE,101,"leave-1",500,0.5,1e+05,TRUE,555
10,0,0,0,6.55393276898712,3.77847184441512,9.32939369355912,6.48361044544126,3.71011854585665,9.25710234502587,6.78501052238374,0,6.71338672874534,0,"normal","I",1000,500,0.5,0,0,0,FALSE,0,FALSE,101,"leave-1",500,0.5,1e+05,TRUE,555
10,0,0,0,6.55393276898712,3.77847184441512,9.32939369355912,6.55712829374114,3.77844146289976,9.33581512458253,6.78501052238374,0,6.7791325009099,0,"normal","I",1000,500,0.5,0,0,0,FALSE,0,FALSE,101,"leave-1",500,0.5,1e+05,TRUE,555
10,0,0,0,6.55393276898712,3.77847184441512,9.32939369355912,6.61853419186698,3.83499673624567,9.40207164748829,6.78501052238374,0,6.84908589913382,0,"normal","I",1000,500,0.5,0,0,0,FALSE,0,FALSE,101,"leave-1",500,0.5,1e+05,TRUE,555
10,0,0,0,6.55393276898712,3.77847184441512,9.32939369355912,6.69694230794494,3.92456086240198,9.46932375348789,6.78501052238374,0,6.86018621298984,0,"normal","I",1000,500,0.5,0,0,0,FALSE,0,FALSE,101,"leave-1",500,0.5,1e+05,TRUE,555
10,0,0,0,6.55393276898712,3.77847184441512,9.32939369355912,6.5466477732055,3.76168670595459,9.33160884045641,6.78501052238374,0,6.78679611289709,0,"normal","I",1000,500,0.5,0,0,0,FALSE,0,FALSE,101,"leave-1",500,0.5,1e+05,TRUE,555
10,0,0,0,6.55393276898712,3.77847184441512,9.32939369355912,6.5338269891321,3.75020764280389,9.3174463354603,6.78501052238374,0,6.78345409047098,0,"normal","I",1000,500,0.5,0,0,0,FALSE,0,FALSE,101,"leave-1",500,0.5,1e+05,TRUE,555
10,0,0,0,6.55393276898712,3.77847184441512,9.32939369355912,6.48035645824805,3.69688989826074,9.26382301823536,6.78501052238374,0,6.77155220476559,0,"normal","I",1000,500,0.5,0,0,0,FALSE,0,FALSE,101,"leave-1",500,0.5,1e+05,TRUE,555
10,0,0,0,6.55393276898712,3.77847184441512,9.32939369355912,6.65386018302531,3.86940843943517,9.43831192661544,6.78501052238374,0,6.89576948443043,0,"normal","I",1000,500,0.5,0,0,0,FALSE,0,FALSE,101,"leave-1",500,0.5,1e+05,TRUE,555
10,0,0,0,6.55393276898712,3.77847184441512,9.32939369355912,6.43287054414888,3.67503140573633,9.19070968256143,6.78501052238374,0,6.59434671818243,0,"normal","I",1000,500,0.5,0,0,0,FALSE,0,FALSE,101,"leave-1",500,0.5,1e+05,TRUE,555
10,0,0,0,6.55393276898712,3.77847184441512,9.32939369355912,6.54057036725835,3.75512954540924,9.32601118910747,6.78501052238374,0,6.7874717058022,0,"normal","I",1000,500,0.5,0,0,0,FALSE,0,FALSE,101,"leave-1",500,0.5,1e+05,TRUE,555
10,0,0,0,6.55393276898712,3.77847184441512,9.32939369355912,6.57345022705802,3.78787678981527,9.35902366430077,6.78501052238374,0,6.80345779047209,0,"normal","I",1000,500,0.5,0,0,0,FALSE,0,FALSE,101,"leave-1",500,0.5,1e+05,TRUE,555
10,0,0,0,6.55393276898712,3.77847184441512,9.32939369355912,6.47339655270964,3.69699945511942,9.24979365029987,6.78501052238374,0,6.71451475296814,0,"normal","I",1000,500,0.5,0,0,0,FALSE,0,FALSE,101,"leave-1",500,0.5,1e+05,TRUE,555
10,0,0,0,6.55393276898712,3.77847184441512,9.32939369355912,6.54051626251005,3.75551305247909,9.32551947254102,6.78501052238374,0,6.78098761033278,0,"normal","I",1000,500,0.5,0,0,0,FALSE,0,FALSE,101,"leave-1",500,0.5,1e+05,TRUE,555
10,0,0,0,6.55393276898712,3.77847184441512,9.32939369355912,6.54295747966707,3.75749915817042,9.32841580116371,6.78501052238374,0,6.78052117649802,0,"normal","I",1000,500,0.5,0,0,0,FALSE,0,FALSE,101,"leave-1",500,0.5,1e+05,TRUE,555
10,0,0,0,6.55393276898712,3.77847184441512,9.32939369355912,6.64827201711089,3.8655733639668,9.43097067025498,6.78501052238374,0,6.86958477194723,0,"normal","I",1000,500,0.5,0,0,0,FALSE,0,FALSE,101,"leave-1",500,0.5,1e+05,TRUE,555
10,0,0,0,6.55393276898712,3.77847184441512,9.32939369355912,6.57128548642823,3.78636915777063,9.35620181508583,6.78501052238374,0,6.78295548155101,0,"normal","I",1000,500,0.5,0,0,0,FALSE,0,FALSE,101,"leave-1",500,0.5,1e+05,TRUE,555
10,0,0,0,6.55393276898712,3.77847184441512,9.32939369355912,6.54914369929089,3.76383062265134,9.33445677593044,6.78501052238374,0,6.79310939576239,0,"normal","I",1000,500,0.5,0,0,0,FALSE,0,FALSE,101,"leave-1",500,0.5,1e+05,TRUE,555
10,0,0,0,6.55393276898712,3.77847184441512,9.32939369355912,6.56626692117354,3.79486455059952,9.33766929174757,6.78501052238374,0,6.80572227898689,0,"normal","I",1000,500,0.5,0,0,0,FALSE,0,FALSE,101,"leave-1",500,0.5,1e+05,TRUE,555
10,0,0,0,6.55393276898712,3.77847184441512,9.32939369355912,5.65610108154638,2.94061937287186,8.37158279022091,6.78501052238374,0,6.07156428220604,0,"normal","I",1000,500,0.5,0,0,0,FALSE,0,FALSE,101,"leave-1",500,0.5,1e+05,TRUE,555
10,0,0,0,6.55393276898712,3.77847184441512,9.32939369355912,6.70724293448308,3.92261828396024,9.49186758500592,6.78501052238374,0,6.90068293224505,0,"normal","I",1000,500,0.5,0,0,0,FALSE,0,FALSE,101,"leave-1",500,0.5,1e+05,TRUE,555
10,0,0,0,6.55393276898712,3.77847184441512,9.32939369355912,6.38809191381988,3.61921922756511,9.15696460007465,6.78501052238374,0,6.65491285319459,0,"normal","I",1000,500,0.5,0,0,0,FALSE,0,FALSE,101,"leave-1",500,0.5,1e+05,TRUE,555
10,0,0,0,6.55393276898712,3.77847184441512,9.32939369355912,6.56707799631132,3.78207537541127,9.35208061721137,6.78501052238374,0,6.82355527638765,0,"normal","I",1000,500,0.5,0,0,0,FALSE,0,FALSE,101,"leave-1",500,0.5,1e+05,TRUE,555
10,0,0,0,6.55393276898712,3.77847184441512,9.32939369355912,6.78144259537596,4.01169168428489,9.55119350646703,6.78501052238374,0,6.99553880763166,0,"normal","I",1000,500,0.5,0,0,0,FALSE,0,FALSE,101,"leave-1",500,0.5,1e+05,TRUE,555
10,0,0,0,6.55393276898712,3.77847184441512,9.32939369355912,6.54620521653824,3.76126004607689,9.33115038699958,6.78501052238374,0,6.78389297869849,0,"normal","I",1000,500,0.5,0,0,0,FALSE,0,FALSE,101,"leave-1",500,0.5,1e+05,TRUE,555
10,0,0,0,6.55393276898712,3.77847184441512,9.32939369355912,6.77123638517388,3.98645875145785,9.5560140188899,6.78501052238374,0,6.93500706619117,0,"normal","I",1000,500,0.5,0,0,0,FALSE,0,FALSE,101,"leave-1",500,0.5,1e+05,TRUE,555
10,0,0,0,6.55393276898712,3.77847184441512,9.32939369355912,6.38780874796264,3.61515139170637,9.16046610421891,6.78501052238374,0,6.65021047594157,0,"normal","I",1000,500,0.5,0,0,0,FALSE,0,FALSE,101,"leave-1",500,0.5,1e+05,TRUE,555
10,0,0,0,6.55393276898712,3.77847184441512,9.32939369355912,6.54443524658889,3.75941490501214,9.32945558816564,6.78501052238374,0,6.79074874166567,0,"normal","I",1000,500,0.5,0,0,0,FALSE,0,FALSE,101,"leave-1",500,0.5,1e+05,TRUE,555
10,0,0,0,6.55393276898712,3.77847184441512,9.32939369355912,6.25316800898147,3.48556267325007,9.02077334471287,6.78501052238374,0,6.51371344135168,0,"normal","I",1000,500,0.5,0,0,0,FALSE,0,FALSE,101,"leave-1",500,0.5,1e+05,TRUE,555
10,0,0,0,6.55393276898712,3.77847184441512,9.32939369355912,6.47017532587977,3.68672208202012,9.25362856973941,6.78501052238374,0,6.75363422570202,0,"normal","I",1000,500,0.5,0,0,0,FALSE,0,FALSE,101,"leave-1",500,0.5,1e+05,TRUE,555
10,0,0,0,6.55393276898712,3.77847184441512,9.32939369355912,6.65971406658126,3.87795551117303,9.4414726219895,6.78501052238374,0,6.86437199118596,0,"normal","I",1000,500,0.5,0,0,0,FALSE,0,FALSE,101,"leave-1",500,0.5,1e+05,TRUE,555
10,0,0,0,6.55393276898712,3.77847184441512,9.32939369355912,6.5614079283715,3.77906172419173,9.34375413255126,6.78501052238374,0,6.78146473781098,0,"normal","I",1000,500,0.5,0,0,0,FALSE,0,FALSE,101,"leave-1",500,0.5,1e+05,TRUE,555
10,0,0,0,6.55393276898712,3.77847184441512,9.32939369355912,6.58473958543861,3.80050780959866,9.36897136127856,6.78501052238374,0,6.81019291438774,0,"normal","I",1000,500,0.5,0,0,0,FALSE,0,FALSE,101,"leave-1",500,0.5,1e+05,TRUE,555
10,0,0,0,6.55393276898712,3.77847184441512,9.32939369355912,6.6095013448938,3.85161573836098,9.36738695142662,6.78501052238374,0,6.86617548704968,0,"normal","I",1000,500,0.5,0,0,0,FALSE,0,FALSE,101,"leave-1",500,0.5,1e+05,TRUE,555
10,0,0,0,6.55393276898712,3.77847184441512,9.32939369355912,6.54170922443877,3.75723110554973,9.32618734332781,6.78501052238374,0,6.77414858382371,0,"normal","I",1000,500,0.5,0,0,0,FALSE,0,FALSE,101,"leave-1",500,0.5,1e+05,TRUE,555
10,0,0,0,6.55393276898712,3.77847184441512,9.32939369355912,6.62137470243922,3.83992309882923,9.40282630604922,6.78501052238374,0,6.85901484454582,0,"normal","I",1000,500,0.5,0,0,0,FALSE,0,FALSE,101,"leave-1",500,0.5,1e+05,TRUE,555
10,0,0,0,6.55393276898712,3.77847184441512,9.32939369355912,7.02257947710994,4.24201154823121,9.80314740598867,6.78501052238374,0,7.14567332914313,0,"normal","I",1000,500,0.5,0,0,0,FALSE,0,FALSE,101,"leave-1",500,0.5,1e+05,TRUE,555
10,0,0,0,6.55393276898712,3.77847184441512,9.32939369355912,6.43478631815876,3.65380773716309,9.21576489915444,6.78501052238374,0,6.7034532238617,0,"normal","I",1000,500,0.5,0,0,0,FALSE,0,FALSE,101,"leave-1",500,0.5,1e+05,TRUE,555
10,0,0,0,6.55393276898712,3.77847184441512,9.32939369355912,6.72888431959679,3.95477572630994,9.50299291288363,6.78501052238374,0,6.97481175807218,0,"normal","I",1000,500,0.5,0,0,0,FALSE,0,FALSE,101,"leave-1",500,0.5,1e+05,TRUE,555
10,0,0,0,6.55393276898712,3.77847184441512,9.32939369355912,6.52030753337347,3.73536469338086,9.30525037336608,6.78501052238374,0,6.77837435787218,0,"normal","I",1000,500,0.5,0,0,0,FALSE,0,FALSE,101,"leave-1",500,0.5,1e+05,TRUE,555
10,0,0,0,6.55393276898712,3.77847184441512,9.32939369355912,6.54669352459122,3.76221464497673,9.33117240420572,6.78501052238374,0,6.78490157143098,0,"normal","I",1000,500,0.5,0,0,0,FALSE,0,FALSE,101,"leave-1",500,0.5,1e+05,TRUE,555
10,0,0,0,6.55393276898712,3.77847184441512,9.32939369355912,6.48078717764686,3.71063575314404,9.25093860214967,6.78501052238374,0,6.73597890336387,0,"normal","I",1000,500,0.5,0,0,0,FALSE,0,FALSE,101,"leave-1",500,0.5,1e+05,TRUE,555
10,0,0,0,6.55393276898712,3.77847184441512,9.32939369355912,6.55063155350587,3.76508242187202,9.33618068513971,6.78501052238374,0,6.78904432624741,0,"normal","I",1000,500,0.5,0,0,0,FALSE,0,FALSE,101,"leave-1",500,0.5,1e+05,TRUE,555
10,0,0,0,6.55393276898712,3.77847184441512,9.32939369355912,6.59231451022794,3.80813985405627,9.37648916639962,6.78501052238374,0,6.81277989032188,0,"normal","I",1000,500,0.5,0,0,0,FALSE,0,FALSE,101,"leave-1",500,0.5,1e+05,TRUE,555
10,0,0,0,6.55393276898712,3.77847184441512,9.32939369355912,6.61737129217155,3.83202132580011,9.40272125854298,6.78501052238374,0,6.8322498774506,0,"normal","I",1000,500,0.5,0,0,0,FALSE,0,FALSE,101,"leave-1",500,0.5,1e+05,TRUE,555
10,0,0,0,6.55393276898712,3.77847184441512,9.32939369355912,6.78430365643785,3.9984430205663,9.5701642923094,6.78501052238374,0,6.91615162493157,0,"normal","I",1000,500,0.5,0,0,0,FALSE,0,FALSE,101,"leave-1",500,0.5,1e+05,TRUE,555
10,0,0,0,6.55393276898712,3.77847184441512,9.32939369355912,6.55994444611378,3.775397918532,9.34449097369556,6.78501052238374,0,6.78387315700928,0,"normal","I",1000,500,0.5,0,0,0,FALSE,0,FALSE,101,"leave-1",500,0.5,1e+05,TRUE,555
10,0,0,0,6.55393276898712,3.77847184441512,9.32939369355912,6.54465744713773,3.76845311166035,9.32086178261511,6.78501052238374,0,6.79027212500868,0,"normal","I",1000,500,0.5,0,0,0,FALSE,0,FALSE,101,"leave-1",500,0.5,1e+05,TRUE,555
10,0,0,0,6.55393276898712,3.77847184441512,9.32939369355912,6.4893886008965,3.70601569802464,9.27276150376835,6.78501052238374,0,6.77188677994032,0,"normal","I",1000,500,0.5,0,0,0,FALSE,0,FALSE,101,"leave-1",500,0.5,1e+05,TRUE,555
10,0,0,0,6.55393276898712,3.77847184441512,9.32939369355912,6.53156233130071,3.74757852065971,9.3155461419417,6.78501052238374,0,6.75722829295764,0,"normal","I",1000,500,0.5,0,0,0,FALSE,0,FALSE,101,"leave-1",500,0.5,1e+05,TRUE,555
10,0,0,0,6.55393276898712,3.77847184441512,9.32939369355912,6.68324503638444,3.91311039043292,9.45337968233596,6.78501052238374,0,6.86021366200162,0,"normal","I",1000,500,0.5,0,0,0,FALSE,0,FALSE,101,"leave-1",500,0.5,1e+05,TRUE,555
10,0,0,0,6.55393276898712,3.77847184441512,9.32939369355912,6.59634418741158,3.81084853557248,9.38183983925069,6.78501052238374,0,6.82278180118421,0,"normal","I",1000,500,0.5,0,0,0,FALSE,0,FALSE,101,"leave-1",500,0.5,1e+05,TRUE,555
10,0,0,0,6.55393276898712,3.77847184441512,9.32939369355912,6.58632491785601,3.8083692257569,9.36428060995513,6.78501052238374,0,6.81481577040764,0,"normal","I",1000,500,0.5,0,0,0,FALSE,0,FALSE,101,"leave-1",500,0.5,1e+05,TRUE,555
10,0,0,0,6.55393276898712,3.77847184441512,9.32939369355912,6.29364846480077,3.54573308934653,9.041563840255,6.78501052238374,0,6.67740682062817,0,"normal","I",1000,500,0.5,0,0,0,FALSE,0,FALSE,101,"leave-1",500,0.5,1e+05,TRUE,555
10,0,0,0,6.55393276898712,3.77847184441512,9.32939369355912,6.2471204166368,3.51444609370983,8.97979473956376,6.78501052238374,0,6.50274837294162,0,"normal","I",1000,500,0.5,0,0,0,FALSE,0,FALSE,101,"leave-1",500,0.5,1e+05,TRUE,555
10,0,0,0,6.55393276898712,3.77847184441512,9.32939369355912,6.54468395907976,3.76201058879505,9.32735732936448,6.78501052238374,0,6.77715886737032,0,"normal","I",1000,500,0.5,0,0,0,FALSE,0,FALSE,101,"leave-1",500,0.5,1e+05,TRUE,555
10,0,0,0,6.55393276898712,3.77847184441512,9.32939369355912,6.58330305905027,3.79988721425002,9.36671890385053,6.78501052238374,0,6.82637415972971,0,"normal","I",1000,500,0.5,0,0,0,FALSE,0,FALSE,101,"leave-1",500,0.5,1e+05,TRUE,555
10,0,0,0,6.55393276898712,3.77847184441512,9.32939369355912,6.54232763993322,3.75677233844911,9.32788294141734,6.78501052238374,0,6.78547401479138,0,"normal","I",1000,500,0.5,0,0,0,FALSE,0,FALSE,101,"leave-1",500,0.5,1e+05,TRUE,555
10,0,0,0,6.55393276898712,3.77847184441512,9.32939369355912,6.51581910626957,3.7314992670781,9.30013894546105,6.78501052238374,0,6.78366384224784,0,"normal","I",1000,500,0.5,0,0,0,FALSE,0,FALSE,101,"leave-1",500,0.5,1e+05,TRUE,555
10,0,0,0,6.55393276898712,3.77847184441512,9.32939369355912,6.48140703362861,3.69793566770277,9.26487839955445,6.78501052238374,0,6.7214776446896,0,"normal","I",1000,500,0.5,0,0,0,FALSE,0,FALSE,101,"leave-1",500,0.5,1e+05,TRUE,555
10,0,0,0,6.55393276898712,3.77847184441512,9.32939369355912,6.56592642387408,3.78070496876988,9.35114787897828,6.78501052238374,0,6.80153028433396,0,"normal","I",1000,500,0.5,0,0,0,FALSE,0,FALSE,101,"leave-1",500,0.5,1e+05,TRUE,555
10,0,0,0,6.55393276898712,3.77847184441512,9.32939369355912,6.55225075658808,3.77806259746045,9.32643891571572,6.78501052238374,0,6.78684708834851,0,"normal","I",1000,500,0.5,0,0,0,FALSE,0,FALSE,101,"leave-1",500,0.5,1e+05,TRUE,555
10,0,0,0,6.55393276898712,3.77847184441512,9.32939369355912,6.58331451071749,3.79878025454665,9.36784876688834,6.78501052238374,0,6.80806665704877,0,"normal","I",1000,500,0.5,0,0,0,FALSE,0,FALSE,101,"leave-1",500,0.5,1e+05,TRUE,555
10,0,0,0,6.55393276898712,3.77847184441512,9.32939369355912,6.5994289869818,3.81401892992706,9.38483904403654,6.78501052238374,0,6.82382256725098,0,"normal","I",1000,500,0.5,0,0,0,FALSE,0,FALSE,101,"leave-1",500,0.5,1e+05,TRUE,555
10,0,0,0,6.55393276898712,3.77847184441512,9.32939369355912,6.54755514407174,3.76311815068556,9.33199213745793,6.78501052238374,0,6.77610755009816,0,"normal","I",1000,500,0.5,0,0,0,FALSE,0,FALSE,101,"leave-1",500,0.5,1e+05,TRUE,555
10,0,0,0,6.55393276898712,3.77847184441512,9.32939369355912,6.57349476805927,3.79032982696414,9.3566597091544,6.78501052238374,0,6.79354319386534,0,"normal","I",1000,500,0.5,0,0,0,FALSE,0,FALSE,101,"leave-1",500,0.5,1e+05,TRUE,555
10,0,0,0,6.55393276898712,3.77847184441512,9.32939369355912,6.97479092050521,4.19754141902725,9.75204042198317,6.78501052238374,0,7.06764957215992,0,"normal","I",1000,500,0.5,0,0,0,FALSE,0,FALSE,101,"leave-1",500,0.5,1e+05,TRUE,555
10,0,0,0,6.55393276898712,3.77847184441512,9.32939369355912,6.79458256650311,4.04598735044789,9.54317778255833,6.78501052238374,0,6.98511750056418,0,"normal","I",1000,500,0.5,0,0,0,FALSE,0,FALSE,101,"leave-1",500,0.5,1e+05,TRUE,555
10,0,0,0,6.55393276898712,3.77847184441512,9.32939369355912,6.61999959545131,3.84584990057165,9.39414929033097,6.78501052238374,0,6.81354373510714,0,"normal","I",1000,500,0.5,0,0,0,FALSE,0,FALSE,101,"leave-1",500,0.5,1e+05,TRUE,555
10,0,0,0,6.55393276898712,3.77847184441512,9.32939369355912,6.53810712133183,3.75380190708982,9.32241233557384,6.78501052238374,0,6.76650610660059,0,"normal","I",1000,500,0.5,0,0,0,FALSE,0,FALSE,101,"leave-1",500,0.5,1e+05,TRUE,555
10,0,0,0,6.55393276898712,3.77847184441512,9.32939369355912,6.53636944821029,3.75111050682406,9.32162838959653,6.78501052238374,0,6.79750699764617,0,"normal","I",1000,500,0.5,0,0,0,FALSE,0,FALSE,101,"leave-1",500,0.5,1e+05,TRUE,555
10,0,0,0,6.55393276898712,3.77847184441512,9.32939369355912,6.59598630544435,3.81045507369615,9.38151753719254,6.78501052238374,0,6.83233639047682,0,"normal","I",1000,500,0.5,0,0,0,FALSE,0,FALSE,101,"leave-1",500,0.5,1e+05,TRUE,555
10,0,0,0,6.55393276898712,3.77847184441512,9.32939369355912,6.67630300244671,3.89752632225942,9.45507968263399,6.78501052238374,0,6.85844591417758,0,"normal","I",1000,500,0.5,0,0,0,FALSE,0,FALSE,101,"leave-1",500,0.5,1e+05,TRUE,555
10,0,0,0,6.55393276898712,3.77847184441512,9.32939369355912,6.49267010555904,3.71176440808508,9.27357580303301,6.78501052238374,0,6.72615533925313,0,"normal","I",1000,500,0.5,0,0,0,FALSE,0,FALSE,101,"leave-1",500,0.5,1e+05,TRUE,555
10,0,0,0,6.55393276898712,3.77847184441512,9.32939369355912,6.5164525445324,3.73741519664133,9.29548989242348,6.78501052238374,0,6.77146738645998,0,"normal","I",1000,500,0.5,0,0,0,FALSE,0,FALSE,101,"leave-1",500,0.5,1e+05,TRUE,555
10,0,0,0,6.55393276898712,3.77847184441512,9.32939369355912,6.86870420819134,4.08384074342425,9.65356767295843,6.78501052238374,0,6.93882083494541,0,"normal","I",1000,500,0.5,0,0,0,FALSE,0,FALSE,101,"leave-1",500,0.5,1e+05,TRUE,555
10,0,0,0,6.55393276898712,3.77847184441512,9.32939369355912,6.61886658139718,3.84013586410772,9.39759729868664,6.78501052238374,0,6.86020858218416,0,"normal","I",1000,500,0.5,0,0,0,FALSE,0,FALSE,101,"leave-1",500,0.5,1e+05,TRUE,555
10,0,0,0,6.55393276898712,3.77847184441512,9.32939369355912,6.69249454364736,3.95012128652006,9.43486780077466,6.78501052238374,0,6.88919581047485,0,"normal","I",1000,500,0.5,0,0,0,FALSE,0,FALSE,101,"leave-1",500,0.5,1e+05,TRUE,555
10,0,0,0,6.55393276898712,3.77847184441512,9.32939369355912,6.44452306154249,3.66867779164303,9.22036833144195,6.78501052238374,0,6.61721093420523,0,"normal","I",1000,500,0.5,0,0,0,FALSE,0,FALSE,101,"leave-1",500,0.5,1e+05,TRUE,555
10,0,0,0,6.55393276898712,3.77847184441512,9.32939369355912,6.50375587718154,3.71912892717609,9.28838282718699,6.78501052238374,0,6.76164020876323,0,"normal","I",1000,500,0.5,0,0,0,FALSE,0,FALSE,101,"leave-1",500,0.5,1e+05,TRUE,555
10,0,0,0,6.55393276898712,3.77847184441512,9.32939369355912,6.54233325493333,3.78549486671849,9.29917164314817,6.78501052238374,0,6.82240714817572,0,"normal","I",1000,500,0.5,0,0,0,FALSE,0,FALSE,101,"leave-1",500,0.5,1e+05,TRUE,555
10,0,0,0,6.55393276898712,3.77847184441512,9.32939369355912,6.63013956652455,3.84445556013459,9.41582357291451,6.78501052238374,0,6.84060390456184,0,"normal","I",1000,500,0.5,0,0,0,FALSE,0,FALSE,101,"leave-1",500,0.5,1e+05,TRUE,555
10,0,0,0,6.55393276898712,3.77847184441512,9.32939369355912,6.38627404414848,3.60872070649771,9.16382738179925,6.78501052238374,0,6.63803763640008,0,"normal","I",1000,500,0.5,0,0,0,FALSE,0,FALSE,101,"leave-1",500,0.5,1e+05,TRUE,555
10,0,0,0,6.55393276898712,3.77847184441512,9.32939369355912,6.50831572539449,3.72419041727071,9.29244103351828,6.78501052238374,0,6.75698368919009,0,"normal","I",1000,500,0.5,0,0,0,FALSE,0,FALSE,101,"leave-1",500,0.5,1e+05,TRUE,555
10,0,0,0,6.55393276898712,3.77847184441512,9.32939369355912,6.53400768666078,3.75015067654876,9.31786469677279,6.78501052238374,0,6.75412253190108,0,"normal","I",1000,500,0.5,0,0,0,FALSE,0,FALSE,101,"leave-1",500,0.5,1e+05,TRUE,555
10,0,0,0,6.55393276898712,3.77847184441512,9.32939369355912,6.56368824867627,3.7825249673298,9.34485153002274,6.78501052238374,0,6.71515863793902,0,"normal","I",1000,500,0.5,0,0,0,FALSE,0,FALSE,101,"leave-1",500,0.5,1e+05,TRUE,555
10,0,0,0,6.55393276898712,3.77847184441512,9.32939369355912,6.54970728720154,3.7670280001228,9.33238657428029,6.78501052238374,0,6.76961269905614,0,"normal","I",1000,500,0.5,0,0,0,FALSE,0,FALSE,101,"leave-1",500,0.5,1e+05,TRUE,555
10,0,0,0,6.55393276898712,3.77847184441512,9.32939369355912,6.55568056246524,3.77165088158887,9.33971024334161,6.78501052238374,0,6.77583709935991,0,"normal","I",1000,500,0.5,0,0,0,FALSE,0,FALSE,101,"leave-1",500,0.5,1e+05,TRUE,555
10,0,0,0,6.55393276898712,3.77847184441512,9.32939369355912,6.50315428984882,3.71932118534259,9.28698739435505,6.78501052238374,0,6.77206038768639,0,"normal","I",1000,500,0.5,0,0,0,FALSE,0,FALSE,101,"leave-1",500,0.5,1e+05,TRUE,555
10,0,0,0,6.55393276898712,3.77847184441512,9.32939369355912,6.42528226875564,3.64357354855983,9.20699098895144,6.78501052238374,0,6.69911757447305,0,"normal","I",1000,500,0.5,0,0,0,FALSE,0,FALSE,101,"leave-1",500,0.5,1e+05,TRUE,555
10,0,0,0,6.55393276898712,3.77847184441512,9.32939369355912,6.53510942314435,3.74983449054179,9.32038435574691,6.78501052238374,0,6.78597189586343,0,"normal","I",1000,500,0.5,0,0,0,FALSE,0,FALSE,101,"leave-1",500,0.5,1e+05,TRUE,555
10,0,0,0,6.55393276898712,3.77847184441512,9.32939369355912,6.24273305870461,3.49827808676531,8.98718803064392,6.78501052238374,0,6.4976206360876,0,"normal","I",1000,500,0.5,0,0,0,FALSE,0,FALSE,101,"leave-1",500,0.5,1e+05,TRUE,555
10,0,0,0,6.55393276898712,3.77847184441512,9.32939369355912,6.5338939351508,3.74866398554403,9.31912388475757,6.78501052238374,0,6.79098422537487,0,"normal","I",1000,500,0.5,0,0,0,FALSE,0,FALSE,101,"leave-1",500,0.5,1e+05,TRUE,555
10,0,0,0,6.55393276898712,3.77847184441512,9.32939369355912,6.78814915652519,4.0057201015985,9.57057821145188,6.78501052238374,0,6.95842500981353,0,"normal","I",1000,500,0.5,0,0,0,FALSE,0,FALSE,101,"leave-1",500,0.5,1e+05,TRUE,555
10,0,0,0,6.55393276898712,3.77847184441512,9.32939369355912,6.58538488461754,3.80041318077362,9.37035658846145,6.78501052238374,0,6.81444294840756,0,"normal","I",1000,500,0.5,0,0,0,FALSE,0,FALSE,101,"leave-1",500,0.5,1e+05,TRUE,555
10,0,0,0,6.55393276898712,3.77847184441512,9.32939369355912,6.4548223386353,3.67741003347234,9.23223464379827,6.78501052238374,0,6.66190737817978,0,"normal","I",1000,500,0.5,0,0,0,FALSE,0,FALSE,101,"leave-1",500,0.5,1e+05,TRUE,555
10,0,0,0,6.55393276898712,3.77847184441512,9.32939369355912,6.42842957612414,3.64763187326146,9.20922727898681,6.78501052238374,0,6.69108893548538,0,"normal","I",1000,500,0.5,0,0,0,FALSE,0,FALSE,101,"leave-1",500,0.5,1e+05,TRUE,555
10,0,0,0,6.55393276898712,3.77847184441512,9.32939369355912,6.61773987005596,3.83222412956966,9.40325561054227,6.78501052238374,0,6.826215038336,0,"normal","I",1000,500,0.5,0,0,0,FALSE,0,FALSE,101,"leave-1",500,0.5,1e+05,TRUE,555
10,0,0,0,6.55393276898712,3.77847184441512,9.32939369355912,6.52220879261888,3.73686676497166,9.3075508202661,6.78501052238374,0,6.77962515325157,0,"normal","I",1000,500,0.5,0,0,0,FALSE,0,FALSE,101,"leave-1",500,0.5,1e+05,TRUE,555
10,0,0,0,6.55393276898712,3.77847184441512,9.32939369355912,6.64194845799976,3.85650687304584,9.42739004295368,6.78501052238374,0,6.84391661523552,0,"normal","I",1000,500,0.5,0,0,0,FALSE,0,FALSE,101,"leave-1",500,0.5,1e+05,TRUE,555
10,0,0,0,6.55393276898712,3.77847184441512,9.32939369355912,6.56173225662133,3.7765934561358,9.34687105710686,6.78501052238374,0,6.80506697995227,0,"normal","I",1000,500,0.5,0,0,0,FALSE,0,FALSE,101,"leave-1",500,0.5,1e+05,TRUE,555
10,0,0,0,6.55393276898712,3.77847184441512,9.32939369355912,6.41644507059136,3.63672411973967,9.19616602144304,6.78501052238374,0,6.69115202700297,0,"normal","I",1000,500,0.5,0,0,0,FALSE,0,FALSE,101,"leave-1",500,0.5,1e+05,TRUE,555
10,0,0,0,6.55393276898712,3.77847184441512,9.32939369355912,6.53223363932503,3.74869175475472,9.31577552389535,6.78501052238374,0,6.74921024749106,0,"normal","I",1000,500,0.5,0,0,0,FALSE,0,FALSE,101,"leave-1",500,0.5,1e+05,TRUE,555
10,0,0,0,6.55393276898712,3.77847184441512,9.32939369355912,6.84795747185856,4.06599144163144,9.62992350208568,6.78501052238374,0,7.05616971942669,0,"normal","I",1000,500,0.5,0,0,0,FALSE,0,FALSE,101,"leave-1",500,0.5,1e+05,TRUE,555
10,0,0,0,6.55393276898712,3.77847184441512,9.32939369355912,6.51256788993893,3.73378494124954,9.29135083862833,6.78501052238374,0,6.72159088834788,0,"normal","I",1000,500,0.5,0,0,0,FALSE,0,FALSE,101,"leave-1",500,0.5,1e+05,TRUE,555
10,0,0,0,6.55393276898712,3.77847184441512,9.32939369355912,6.53056433450954,3.74604271700584,9.31508595201325,6.78501052238374,0,6.76164288575018,0,"normal","I",1000,500,0.5,0,0,0,FALSE,0,FALSE,101,"leave-1",500,0.5,1e+05,TRUE,555
10,0,0,0,6.55393276898712,3.77847184441512,9.32939369355912,6.47514054946778,3.69320143666915,9.25707966226641,6.78501052238374,0,6.72535121613779,0,"normal","I",1000,500,0.5,0,0,0,FALSE,0,FALSE,101,"leave-1",500,0.5,1e+05,TRUE,555
10,0,0,0,6.55393276898712,3.77847184441512,9.32939369355912,6.59707761243349,3.81122259574595,9.38293262912104,6.78501052238374,0,6.80681688859666,0,"normal","I",1000,500,0.5,0,0,0,FALSE,0,FALSE,101,"leave-1",500,0.5,1e+05,TRUE,555
10,0,0,0,6.55393276898712,3.77847184441512,9.32939369355912,6.5526063047805,3.76736415613709,9.33784845342391,6.78501052238374,0,6.79516474162692,0,"normal","I",1000,500,0.5,0,0,0,FALSE,0,FALSE,101,"leave-1",500,0.5,1e+05,TRUE,555
10,0,0,0,6.55393276898712,3.77847184441512,9.32939369355912,6.43401785814801,3.65615231501569,9.21188340128034,6.78501052238374,0,6.63133513114003,0,"normal","I",1000,500,0.5,0,0,0,FALSE,0,FALSE,101,"leave-1",500,0.5,1e+05,TRUE,555
10,0,0,0,6.55393276898712,3.77847184441512,9.32939369355912,6.82315505965183,4.04202666854219,9.60428345076146,6.78501052238374,0,7.03596934882075,0,"normal","I",1000,500,0.5,0,0,0,FALSE,0,FALSE,101,"leave-1",500,0.5,1e+05,TRUE,555
10,0,0,0,6.55393276898712,3.77847184441512,9.32939369355912,6.5449993239487,3.76051728279283,9.32948136510458,6.78501052238374,0,6.77208901953572,0,"normal","I",1000,500,0.5,0,0,0,FALSE,0,FALSE,101,"leave-1",500,0.5,1e+05,TRUE,555
10,0,0,0,6.55393276898712,3.77847184441512,9.32939369355912,6.54739553166312,3.76258584668014,9.3322052166461,6.78501052238374,0,6.78973949053334,0,"normal","I",1000,500,0.5,0,0,0,FALSE,0,FALSE,101,"leave-1",500,0.5,1e+05,TRUE,555
10,0,0,0,6.55393276898712,3.77847184441512,9.32939369355912,6.54587523203713,3.76448400068094,9.32726646339331,6.78501052238374,0,6.78553970212279,0,"normal","I",1000,500,0.5,0,0,0,FALSE,0,FALSE,101,"leave-1",500,0.5,1e+05,TRUE,555
10,0,0,0,6.55393276898712,3.77847184441512,9.32939369355912,6.51671020209161,3.73238322812549,9.30103717605772,6.78501052238374,0,6.77362413231393,0,"normal","I",1000,500,0.5,0,0,0,FALSE,0,FALSE,101,"leave-1",500,0.5,1e+05,TRUE,555
10,0,0,0,6.55393276898712,3.77847184441512,9.32939369355912,6.64087623549562,3.856364880761,9.42538759023024,6.78501052238374,0,6.86666373906081,0,"normal","I",1000,500,0.5,0,0,0,FALSE,0,FALSE,101,"leave-1",500,0.5,1e+05,TRUE,555
10,0,0,0,6.55393276898712,3.77847184441512,9.32939369355912,6.69539635999338,3.91043260400456,9.4803601159822,6.78501052238374,0,6.88694985296239,0,"normal","I",1000,500,0.5,0,0,0,FALSE,0,FALSE,101,"leave-1",500,0.5,1e+05,TRUE,555
10,0,0,0,6.55393276898712,3.77847184441512,9.32939369355912,6.472257570518,3.6913827372027,9.2531324038333,6.78501052238374,0,6.72808429003944,0,"normal","I",1000,500,0.5,0,0,0,FALSE,0,FALSE,101,"leave-1",500,0.5,1e+05,TRUE,555
10,0,0,0,6.55393276898712,3.77847184441512,9.32939369355912,6.27866381109061,3.51191478787096,9.04541283431025,6.78501052238374,0,6.52610249836637,0,"normal","I",1000,500,0.5,0,0,0,FALSE,0,FALSE,101,"leave-1",500,0.5,1e+05,TRUE,555
10,0,0,0,6.55393276898712,3.77847184441512,9.32939369355912,6.58194997344892,3.80777938872011,9.35612055817774,6.78501052238374,0,6.83180389185725,0,"normal","I",1000,500,0.5,0,0,0,FALSE,0,FALSE,101,"leave-1",500,0.5,1e+05,TRUE,555
10,0,0,0,6.55393276898712,3.77847184441512,9.32939369355912,6.5305137058614,3.74485344241768,9.31617396930512,6.78501052238374,0,6.78337372274753,0,"normal","I",1000,500,0.5,0,0,0,FALSE,0,FALSE,101,"leave-1",500,0.5,1e+05,TRUE,555
10,0,0,0,6.55393276898712,3.77847184441512,9.32939369355912,6.32349460315881,3.55937269858922,9.0876165077284,6.78501052238374,0,6.65490564770764,0,"normal","I",1000,500,0.5,0,0,0,FALSE,0,FALSE,101,"leave-1",500,0.5,1e+05,TRUE,555
10,0,0,0,6.55393276898712,3.77847184441512,9.32939369355912,6.64601252991428,3.86076520838406,9.4312598514445,6.78501052238374,0,6.86165227242956,0,"normal","I",1000,500,0.5,0,0,0,FALSE,0,FALSE,101,"leave-1",500,0.5,1e+05,TRUE,555
10,0,0,0,6.55393276898712,3.77847184441512,9.32939369355912,6.55837810235346,3.79263344137517,9.32412276333175,6.78501052238374,0,6.79991954631068,0,"normal","I",1000,500,0.5,0,0,0,FALSE,0,FALSE,101,"leave-1",500,0.5,1e+05,TRUE,555
10,0,0,0,6.55393276898712,3.77847184441512,9.32939369355912,6.69807317766235,3.91297577006877,9.48317058525593,6.78501052238374,0,6.89739917714135,0,"normal","I",1000,500,0.5,0,0,0,FALSE,0,FALSE,101,"leave-1",500,0.5,1e+05,TRUE,555
10,0,0,0,6.55393276898712,3.77847184441512,9.32939369355912,6.54886329619775,3.76385755572652,9.33386903666898,6.78501052238374,0,6.78996232035728,0,"normal","I",1000,500,0.5,0,0,0,FALSE,0,FALSE,101,"leave-1",500,0.5,1e+05,TRUE,555
10,0,0,0,6.55393276898712,3.77847184441512,9.32939369355912,6.60643259007947,3.82163025921247,9.39123492094647,6.78501052238374,0,6.80524111674822,0,"normal","I",1000,500,0.5,0,0,0,FALSE,0,FALSE,101,"leave-1",500,0.5,1e+05,TRUE,555
10,0,0,0,6.55393276898712,3.77847184441512,9.32939369355912,6.52315386288745,3.74085463916749,9.30545308660742,6.78501052238374,0,6.76063620079638,0,"normal","I",1000,500,0.5,0,0,0,FALSE,0,FALSE,101,"leave-1",500,0.5,1e+05,TRUE,555
10,0,0,0,6.55393276898712,3.77847184441512,9.32939369355912,6.78299413391739,4.00452108381851,9.56146718401627,6.78501052238374,0,7.01119830526309,0,"normal","I",1000,500,0.5,0,0,0,FALSE,0,FALSE,101,"leave-1",500,0.5,1e+05,TRUE,555
10,0,0,0,6.55393276898712,3.77847184441512,9.32939369355912,6.55608485145681,3.7707558379873,9.34141386492632,6.78501052238374,0,6.78765996707052,0,"normal","I",1000,500,0.5,0,0,0,FALSE,0,FALSE,101,"leave-1",500,0.5,1e+05,TRUE,555
10,0,0,0,6.55393276898712,3.77847184441512,9.32939369355912,6.60949065567722,3.82503930062885,9.3939420107256,6.78501052238374,0,6.83742095363199,0,"normal","I",1000,500,0.5,0,0,0,FALSE,0,FALSE,101,"leave-1",500,0.5,1e+05,TRUE,555
10,0,0,0,6.55393276898712,3.77847184441512,9.32939369355912,6.55057451954746,3.76509810704898,9.33605093204594,6.78501052238374,0,6.79136495547492,0,"normal","I",1000,500,0.5,0,0,0,FALSE,0,FALSE,101,"leave-1",500,0.5,1e+05,TRUE,555
10,0,0,0,6.55393276898712,3.77847184441512,9.32939369355912,6.43946077262027,3.66019714153303,9.21872440370751,6.78501052238374,0,6.68563084179411,0,"normal","I",1000,500,0.5,0,0,0,FALSE,0,FALSE,101,"leave-1",500,0.5,1e+05,TRUE,555
10,0,0,0,6.55393276898712,3.77847184441512,9.32939369355912,6.54059019876633,3.77669540603351,9.30448499149915,6.78501052238374,0,6.74817397085537,0,"normal","I",1000,500,0.5,0,0,0,FALSE,0,FALSE,101,"leave-1",500,0.5,1e+05,TRUE,555
10,0,0,0,6.55393276898712,3.77847184441512,9.32939369355912,6.52923124790154,3.74526965545655,9.31319284034654,6.78501052238374,0,6.76974587580771,0,"normal","I",1000,500,0.5,0,0,0,FALSE,0,FALSE,101,"leave-1",500,0.5,1e+05,TRUE,555
10,0,0,0,6.55393276898712,3.77847184441512,9.32939369355912,6.65289187085677,3.88107562606365,9.4247081156499,6.78501052238374,0,6.86894471605307,0,"normal","I",1000,500,0.5,0,0,0,FALSE,0,FALSE,101,"leave-1",500,0.5,1e+05,TRUE,555
10,0,0,0,6.55393276898712,3.77847184441512,9.32939369355912,6.69453584285296,3.90945836072677,9.47961332497916,6.78501052238374,0,6.88923269605289,0,"normal","I",1000,500,0.5,0,0,0,FALSE,0,FALSE,101,"leave-1",500,0.5,1e+05,TRUE,555
10,0,0,0,6.55393276898712,3.77847184441512,9.32939369355912,6.49691262575415,3.71838234540445,9.27544290610384,6.78501052238374,0,6.67343475824938,0,"normal","I",1000,500,0.5,0,0,0,FALSE,0,FALSE,101,"leave-1",500,0.5,1e+05,TRUE,555
10,0,0,0,6.55393276898712,3.77847184441512,9.32939369355912,6.54465843132442,3.76086720824312,9.32844965440572,6.78501052238374,0,6.78453282749591,0,"normal","I",1000,500,0.5,0,0,0,FALSE,0,FALSE,101,"leave-1",500,0.5,1e+05,TRUE,555
10,0,0,0,6.55393276898712,3.77847184441512,9.32939369355912,6.54545112503094,3.76180232285442,9.32909992720747,6.78501052238374,0,6.78536999696125,0,"normal","I",1000,500,0.5,0,0,0,FALSE,0,FALSE,101,"leave-1",500,0.5,1e+05,TRUE,555
10,0,0,0,6.55393276898712,3.77847184441512,9.32939369355912,6.85046261321167,4.06470574128259,9.63621948514075,6.78501052238374,0,6.97662142708989,0,"normal","I",1000,500,0.5,0,0,0,FALSE,0,FALSE,101,"leave-1",500,0.5,1e+05,TRUE,555
10,0,0,0,6.55393276898712,3.77847184441512,9.32939369355912,6.58525192711134,3.80000884971318,9.3704950045095,6.78501052238374,0,6.81309293230024,0,"normal","I",1000,500,0.5,0,0,0,FALSE,0,FALSE,101,"leave-1",500,0.5,1e+05,TRUE,555
10,0,0,0,6.55393276898712,3.77847184441512,9.32939369355912,6.50946575745288,3.72483085810677,9.29410065679899,6.78501052238374,0,6.75565353991697,0,"normal","I",1000,500,0.5,0,0,0,FALSE,0,FALSE,101,"leave-1",500,0.5,1e+05,TRUE,555
10,0,0,0,6.55393276898712,3.77847184441512,9.32939369355912,6.62832781309582,3.84326291582458,9.41339271036705,6.78501052238374,0,6.83984906560967,0,"normal","I",1000,500,0.5,0,0,0,FALSE,0,FALSE,101,"leave-1",500,0.5,1e+05,TRUE,555
10,0,0,0,6.55393276898712,3.77847184441512,9.32939369355912,6.51437678803185,3.73679923930198,9.29195433676172,6.78501052238374,0,6.77301637055713,0,"normal","I",1000,500,0.5,0,0,0,FALSE,0,FALSE,101,"leave-1",500,0.5,1e+05,TRUE,555
10,0,0,0,6.55393276898712,3.77847184441512,9.32939369355912,6.60506109253581,3.81981537164094,9.39030681343069,6.78501052238374,0,6.83033858169714,0,"normal","I",1000,500,0.5,0,0,0,FALSE,0,FALSE,101,"leave-1",500,0.5,1e+05,TRUE,555
10,0,0,0,6.55393276898712,3.77847184441512,9.32939369355912,6.49177971133264,3.72180813195418,9.26175129071111,6.78501052238374,0,6.69054330167355,0,"normal","I",1000,500,0.5,0,0,0,FALSE,0,FALSE,101,"leave-1",500,0.5,1e+05,TRUE,555
10,0,0,0,6.55393276898712,3.77847184441512,9.32939369355912,6.297616554124,3.52612538027514,9.06910772797287,6.78501052238374,0,6.4702514947631,0,"normal","I",1000,500,0.5,0,0,0,FALSE,0,FALSE,101,"leave-1",500,0.5,1e+05,TRUE,555
10,0,0,0,6.55393276898712,3.77847184441512,9.32939369355912,6.46912819715247,3.68716100843211,9.25109538587282,6.78501052238374,0,6.7268384214246,0,"normal","I",1000,500,0.5,0,0,0,FALSE,0,FALSE,101,"leave-1",500,0.5,1e+05,TRUE,555
10,0,0,0,6.55393276898712,3.77847184441512,9.32939369355912,6.62966579506027,3.84484741880318,9.41448417131737,6.78501052238374,0,6.85256851154597,0,"normal","I",1000,500,0.5,0,0,0,FALSE,0,FALSE,101,"leave-1",500,0.5,1e+05,TRUE,555
10,0,0,0,6.55393276898712,3.77847184441512,9.32939369355912,6.23290705920446,3.4863169296905,8.97949718871842,6.78501052238374,0,6.4548224219005,0,"normal","I",1000,500,0.5,0,0,0,FALSE,0,FALSE,101,"leave-1",500,0.5,1e+05,TRUE,555
10,0,0,0,6.55393276898712,3.77847184441512,9.32939369355912,6.5051877724954,3.72095837176711,9.28941717322369,6.78501052238374,0,6.74503363665627,0,"normal","I",1000,500,0.5,0,0,0,FALSE,0,FALSE,101,"leave-1",500,0.5,1e+05,TRUE,555
10,0,0,0,6.55393276898712,3.77847184441512,9.32939369355912,6.8900373384008,4.12071280044529,9.65936187635631,6.78501052238374,0,7.0210742766342,0,"normal","I",1000,500,0.5,0,0,0,FALSE,0,FALSE,101,"leave-1",500,0.5,1e+05,TRUE,555
10,0,0,0,6.55393276898712,3.77847184441512,9.32939369355912,6.38064963320841,3.60182342442413,9.15947584199268,6.78501052238374,0,6.62963125208602,0,"normal","I",1000,500,0.5,0,0,0,FALSE,0,FALSE,101,"leave-1",500,0.5,1e+05,TRUE,555
10,0,0,0,6.55393276898712,3.77847184441512,9.32939369355912,6.58613560121485,3.80697536164116,9.36529584078854,6.78501052238374,0,6.82250501411913,0,"normal","I",1000,500,0.5,0,0,0,FALSE,0,FALSE,101,"leave-1",500,0.5,1e+05,TRUE,555
10,0,0,0,6.55393276898712,3.77847184441512,9.32939369355912,6.54873413418967,3.76528154479762,9.33218672358171,6.78501052238374,0,6.76110400894201,0,"normal","I",1000,500,0.5,0,0,0,FALSE,0,FALSE,101,"leave-1",500,0.5,1e+05,TRUE,555
10,0,0,0,6.55393276898712,3.77847184441512,9.32939369355912,6.44030994259585,3.66746346683704,9.21315641835465,6.78501052238374,0,6.67892709315331,0,"normal","I",1000,500,0.5,0,0,0,FALSE,0,FALSE,101,"leave-1",500,0.5,1e+05,TRUE,555
10,0,0,0,6.55393276898712,3.77847184441512,9.32939369355912,5.98238781029076,3.23732069017885,8.72745493040267,6.78501052238374,0,6.35167507529951,0,"normal","I",1000,500,0.5,0,0,0,FALSE,0,FALSE,101,"leave-1",500,0.5,1e+05,TRUE,555
10,0,0,0,6.55393276898712,3.77847184441512,9.32939369355912,6.51361131931973,3.73371583253319,9.29350680610626,6.78501052238374,0,6.80718706073702,0,"normal","I",1000,500,0.5,0,0,0,FALSE,0,FALSE,101,"leave-1",500,0.5,1e+05,TRUE,555
10,0,0,0,6.55393276898712,3.77847184441512,9.32939369355912,6.49455686390986,3.71132781200612,9.2777859158136,6.78501052238374,0,6.77808476336035,0,"normal","I",1000,500,0.5,0,0,0,FALSE,0,FALSE,101,"leave-1",500,0.5,1e+05,TRUE,555
10,0,0,0,6.55393276898712,3.77847184441512,9.32939369355912,6.5293217126387,3.74689082588165,9.31175259939574,6.78501052238374,0,6.7456563840984,0,"normal","I",1000,500,0.5,0,0,0,FALSE,0,FALSE,101,"leave-1",500,0.5,1e+05,TRUE,555
10,0,0,0,6.55393276898712,3.77847184441512,9.32939369355912,6.58777738849998,3.81382294830486,9.36173182869511,6.78501052238374,0,6.79520871042338,0,"normal","I",1000,500,0.5,0,0,0,FALSE,0,FALSE,101,"leave-1",500,0.5,1e+05,TRUE,555
10,0,0,0,6.55393276898712,3.77847184441512,9.32939369355912,6.53186745444606,3.74716691822455,9.31656799066757,6.78501052238374,0,6.772835845739,0,"normal","I",1000,500,0.5,0,0,0,FALSE,0,FALSE,101,"leave-1",500,0.5,1e+05,TRUE,555
10,0,0,0,6.55393276898712,3.77847184441512,9.32939369355912,6.53465363327007,3.74951237179269,9.31979489474745,6.78501052238374,0,6.77780134814791,0,"normal","I",1000,500,0.5,0,0,0,FALSE,0,FALSE,101,"leave-1",500,0.5,1e+05,TRUE,555
10,0,0,0,6.55393276898712,3.77847184441512,9.32939369355912,6.6778489806923,3.89701789609328,9.45868006529131,6.78501052238374,0,6.96299260231052,0,"normal","I",1000,500,0.5,0,0,0,FALSE,0,FALSE,101,"leave-1",500,0.5,1e+05,TRUE,555
10,0,0,0,6.55393276898712,3.77847184441512,9.32939369355912,6.52600490592359,3.7414923574349,9.31051745441228,6.78501052238374,0,6.76155450339462,0,"normal","I",1000,500,0.5,0,0,0,FALSE,0,FALSE,101,"leave-1",500,0.5,1e+05,TRUE,555
10,0,0,0,6.55393276898712,3.77847184441512,9.32939369355912,6.63513202949176,3.85446487107075,9.41579918791276,6.78501052238374,0,6.86318748127025,0,"normal","I",1000,500,0.5,0,0,0,FALSE,0,FALSE,101,"leave-1",500,0.5,1e+05,TRUE,555
10,0,0,0,6.55393276898712,3.77847184441512,9.32939369355912,6.76895809104392,3.99579874222851,9.54211743985933,6.78501052238374,0,6.91865872536728,0,"normal","I",1000,500,0.5,0,0,0,FALSE,0,FALSE,101,"leave-1",500,0.5,1e+05,TRUE,555
10,0,0,0,6.55393276898712,3.77847184441512,9.32939369355912,6.51996318726501,3.73683948800528,9.30308688652475,6.78501052238374,0,6.72825128945123,0,"normal","I",1000,500,0.5,0,0,0,FALSE,0,FALSE,101,"leave-1",500,0.5,1e+05,TRUE,555
10,0,0,0,6.55393276898712,3.77847184441512,9.32939369355912,6.60166577734309,3.8205187684211,9.38281278626508,6.78501052238374,0,6.84407142562269,0,"normal","I",1000,500,0.5,0,0,0,FALSE,0,FALSE,101,"leave-1",500,0.5,1e+05,TRUE,555
10,0,0,0,6.55393276898712,3.77847184441512,9.32939369355912,6.53400323132947,3.74817135357696,9.31983510908198,6.78501052238374,0,6.77746598166001,0,"normal","I",1000,500,0.5,0,0,0,FALSE,0,FALSE,101,"leave-1",500,0.5,1e+05,TRUE,555
10,0,0,0,6.55393276898712,3.77847184441512,9.32939369355912,6.58404788806431,3.79880818124265,9.36928759488597,6.78501052238374,0,6.80748821581698,0,"normal","I",1000,500,0.5,0,0,0,FALSE,0,FALSE,101,"leave-1",500,0.5,1e+05,TRUE,555
10,0,0,0,6.55393276898712,3.77847184441512,9.32939369355912,6.54688691682202,3.76455708104237,9.32921675260167,6.78501052238374,0,6.79642715190313,0,"normal","I",1000,500,0.5,0,0,0,FALSE,0,FALSE,101,"leave-1",500,0.5,1e+05,TRUE,555
10,0,0,0,6.55393276898712,3.77847184441512,9.32939369355912,6.53858026641386,3.75320697786115,9.32395355496656,6.78501052238374,0,6.78815636036647,0,"normal","I",1000,500,0.5,0,0,0,FALSE,0,FALSE,101,"leave-1",500,0.5,1e+05,TRUE,555
10,0,0,0,6.55393276898712,3.77847184441512,9.32939369355912,6.57926721649539,3.80458262157194,9.35395181141884,6.78501052238374,0,6.83028755965691,0,"normal","I",1000,500,0.5,0,0,0,FALSE,0,FALSE,101,"leave-1",500,0.5,1e+05,TRUE,555
10,0,0,0,6.55393276898712,3.77847184441512,9.32939369355912,6.50289532365891,3.71837600910681,9.28741463821102,6.78501052238374,0,6.75395295801508,0,"normal","I",1000,500,0.5,0,0,0,FALSE,0,FALSE,101,"leave-1",500,0.5,1e+05,TRUE,555
10,0,0,0,6.55393276898712,3.77847184441512,9.32939369355912,6.53612719091286,3.75062630549551,9.32162807633022,6.78501052238374,0,6.77559836966697,0,"normal","I",1000,500,0.5,0,0,0,FALSE,0,FALSE,101,"leave-1",500,0.5,1e+05,TRUE,555
10,0,0,0,6.55393276898712,3.77847184441512,9.32939369355912,6.55804151665024,3.77255781256624,9.34352522073425,6.78501052238374,0,6.7996799227533,0,"normal","I",1000,500,0.5,0,0,0,FALSE,0,FALSE,101,"leave-1",500,0.5,1e+05,TRUE,555
10,0,0,0,6.55393276898712,3.77847184441512,9.32939369355912,6.44962034372784,3.67305571802617,9.22618496942952,6.78501052238374,0,6.73117662466275,0,"normal","I",1000,500,0.5,0,0,0,FALSE,0,FALSE,101,"leave-1",500,0.5,1e+05,TRUE,555
10,0,0,0,6.55393276898712,3.77847184441512,9.32939369355912,6.53672517083736,3.75441656689068,9.31903377478404,6.78501052238374,0,6.75859372540591,0,"normal","I",1000,500,0.5,0,0,0,FALSE,0,FALSE,101,"leave-1",500,0.5,1e+05,TRUE,555
10,0,0,0,6.55393276898712,3.77847184441512,9.32939369355912,6.55384180512119,3.76834448848014,9.33933912176224,6.78501052238374,0,6.78220914357772,0,"normal","I",1000,500,0.5,0,0,0,FALSE,0,FALSE,101,"leave-1",500,0.5,1e+05,TRUE,555
10,0,0,0,6.55393276898712,3.77847184441512,9.32939369355912,6.61532486087268,3.83090384222448,9.39974587952089,6.78501052238374,0,6.84824718958337,0,"normal","I",1000,500,0.5,0,0,0,FALSE,0,FALSE,101,"leave-1",500,0.5,1e+05,TRUE,555
10,0,0,0,6.55393276898712,3.77847184441512,9.32939369355912,6.48000139487165,3.69690036696766,9.26310242277565,6.78501052238374,0,6.75368383466561,0,"normal","I",1000,500,0.5,0,0,0,FALSE,0,FALSE,101,"leave-1",500,0.5,1e+05,TRUE,555
10,0,0,0,6.55393276898712,3.77847184441512,9.32939369355912,6.59161659984251,3.80579280894769,9.37744039073733,6.78501052238374,0,6.8165088950751,0,"normal","I",1000,500,0.5,0,0,0,FALSE,0,FALSE,101,"leave-1",500,0.5,1e+05,TRUE,555
10,0,0,0,6.55393276898712,3.77847184441512,9.32939369355912,6.8842051724333,4.10183332664957,9.66657701821702,6.78501052238374,0,7.00710563877075,0,"normal","I",1000,500,0.5,0,0,0,FALSE,0,FALSE,101,"leave-1",500,0.5,1e+05,TRUE,555
10,0,0,0,6.55393276898712,3.77847184441512,9.32939369355912,6.48178679906357,3.70057783534262,9.26299576278452,6.78501052238374,0,6.72160336216207,0,"normal","I",1000,500,0.5,0,0,0,FALSE,0,FALSE,101,"leave-1",500,0.5,1e+05,TRUE,555
10,0,0,0,6.55393276898712,3.77847184441512,9.32939369355912,6.52817916035001,3.74561176192213,9.31074655877789,6.78501052238374,0,6.74856901462264,0,"normal","I",1000,500,0.5,0,0,0,FALSE,0,FALSE,101,"leave-1",500,0.5,1e+05,TRUE,555
10,0,0,0,6.55393276898712,3.77847184441512,9.32939369355912,7.40892421212161,4.62859608845012,10.1892523357931,6.78501052238374,0,7.4400644505215,0,"normal","I",1000,500,0.5,0,0,0,FALSE,0,FALSE,101,"leave-1",500,0.5,1e+05,TRUE,555
10,0,0,0,6.55393276898712,3.77847184441512,9.32939369355912,6.25805656018017,3.48993986530785,9.02617325505248,6.78501052238374,0,6.43274563412901,0,"normal","I",1000,500,0.5,0,0,0,FALSE,0,FALSE,101,"leave-1",500,0.5,1e+05,TRUE,555
10,0,0,0,6.55393276898712,3.77847184441512,9.32939369355912,6.60774621666646,3.82379500951072,9.39169742382219,6.78501052238374,0,6.85473608371785,0,"normal","I",1000,500,0.5,0,0,0,FALSE,0,FALSE,101,"leave-1",500,0.5,1e+05,TRUE,555
10,0,0,0,6.55393276898712,3.77847184441512,9.32939369355912,6.56484494625295,3.77995687673039,9.3497330157755,6.78501052238374,0,6.79426433636812,0,"normal","I",1000,500,0.5,0,0,0,FALSE,0,FALSE,101,"leave-1",500,0.5,1e+05,TRUE,555
10,0,0,0,6.55393276898712,3.77847184441512,9.32939369355912,6.80377879449419,4.02361512444746,9.58394246454092,6.78501052238374,0,7.00184244104909,0,"normal","I",1000,500,0.5,0,0,0,FALSE,0,FALSE,101,"leave-1",500,0.5,1e+05,TRUE,555
10,0,0,0,6.55393276898712,3.77847184441512,9.32939369355912,6.42567116905431,3.64546285766283,9.20587948044579,6.78501052238374,0,6.74210276197843,0,"normal","I",1000,500,0.5,0,0,0,FALSE,0,FALSE,101,"leave-1",500,0.5,1e+05,TRUE,555
10,0,0,0,6.55393276898712,3.77847184441512,9.32939369355912,6.59144500926011,3.80809954850126,9.37479047001896,6.78501052238374,0,6.82723661542685,0,"normal","I",1000,500,0.5,0,0,0,FALSE,0,FALSE,101,"leave-1",500,0.5,1e+05,TRUE,555
10,0,0,0,6.55393276898712,3.77847184441512,9.32939369355912,6.69953505659614,3.91441825005771,9.48465186313458,6.78501052238374,0,6.89245170794947,0,"normal","I",1000,500,0.5,0,0,0,FALSE,0,FALSE,101,"leave-1",500,0.5,1e+05,TRUE,555
10,0,0,0,6.55393276898712,3.77847184441512,9.32939369355912,6.54426230106811,3.75992654031774,9.32859806181847,6.78501052238374,0,6.78798207356347,0,"normal","I",1000,500,0.5,0,0,0,FALSE,0,FALSE,101,"leave-1",500,0.5,1e+05,TRUE,555
10,0,0,0,6.55393276898712,3.77847184441512,9.32939369355912,6.37338977141456,3.59654899342572,9.1502305494034,6.78501052238374,0,6.63219186603198,0,"normal","I",1000,500,0.5,0,0,0,FALSE,0,FALSE,101,"leave-1",500,0.5,1e+05,TRUE,555
10,0,0,0,6.55393276898712,3.77847184441512,9.32939369355912,6.53974403797168,3.76131969178484,9.31816838415853,6.78501052238374,0,6.7455576218391,0,"normal","I",1000,500,0.5,0,0,0,FALSE,0,FALSE,101,"leave-1",500,0.5,1e+05,TRUE,555
10,0,0,0,6.55393276898712,3.77847184441512,9.32939369355912,6.57048555872373,3.78492215477701,9.35604896267045,6.78501052238374,0,6.81834428419598,0,"normal","I",1000,500,0.5,0,0,0,FALSE,0,FALSE,101,"leave-1",500,0.5,1e+05,TRUE,555
10,0,0,0,6.55393276898712,3.77847184441512,9.32939369355912,6.57138810961618,3.78575832543195,9.3570178938004,6.78501052238374,0,6.80813453949042,0,"normal","I",1000,500,0.5,0,0,0,FALSE,0,FALSE,101,"leave-1",500,0.5,1e+05,TRUE,555
10,0,0,0,6.55393276898712,3.77847184441512,9.32939369355912,6.54204524114195,3.75747156305033,9.32661891923358,6.78501052238374,0,6.77455748153071,0,"normal","I",1000,500,0.5,0,0,0,FALSE,0,FALSE,101,"leave-1",500,0.5,1e+05,TRUE,555
10,0,0,0,6.55393276898712,3.77847184441512,9.32939369355912,6.4446380724109,3.66814937851536,9.22112676630644,6.78501052238374,0,6.65844590604497,0,"normal","I",1000,500,0.5,0,0,0,FALSE,0,FALSE,101,"leave-1",500,0.5,1e+05,TRUE,555
10,0,0,0,6.55393276898712,3.77847184441512,9.32939369355912,6.69568639323773,3.91160503630414,9.47976775017132,6.78501052238374,0,6.91458485839754,0,"normal","I",1000,500,0.5,0,0,0,FALSE,0,FALSE,101,"leave-1",500,0.5,1e+05,TRUE,555
10,0,0,0,6.55393276898712,3.77847184441512,9.32939369355912,6.56662062620966,3.78157885270314,9.35166239971619,6.78501052238374,0,6.80641961929172,0,"normal","I",1000,500,0.5,0,0,0,FALSE,0,FALSE,101,"leave-1",500,0.5,1e+05,TRUE,555
10,0,0,0,6.55393276898712,3.77847184441512,9.32939369355912,6.50087508185885,3.72457588066528,9.27717428305241,6.78501052238374,0,6.68880728461092,0,"normal","I",1000,500,0.5,0,0,0,FALSE,0,FALSE,101,"leave-1",500,0.5,1e+05,TRUE,555
10,0,0,0,6.55393276898712,3.77847184441512,9.32939369355912,6.56563837875216,3.78110896643946,9.35016779106486,6.78501052238374,0,6.77628613364221,0,"normal","I",1000,500,0.5,0,0,0,FALSE,0,FALSE,101,"leave-1",500,0.5,1e+05,TRUE,555
10,0,0,0,6.55393276898712,3.77847184441512,9.32939369355912,6.60137942072147,3.81721682025872,9.38554202118421,6.78501052238374,0,6.82167385134889,0,"normal","I",1000,500,0.5,0,0,0,FALSE,0,FALSE,101,"leave-1",500,0.5,1e+05,TRUE,555
10,0,0,0,6.55393276898712,3.77847184441512,9.32939369355912,6.55533166665016,3.77210224916281,9.3385610841375,6.78501052238374,0,6.79797934024414,0,"normal","I",1000,500,0.5,0,0,0,FALSE,0,FALSE,101,"leave-1",500,0.5,1e+05,TRUE,555
10,0,0,0,6.55393276898712,3.77847184441512,9.32939369355912,6.53898207050104,3.75448859290536,9.32347554809672,6.78501052238374,0,6.77060401691662,0,"normal","I",1000,500,0.5,0,0,0,FALSE,0,FALSE,101,"leave-1",500,0.5,1e+05,TRUE,555
10,0,0,0,6.55393276898712,3.77847184441512,9.32939369355912,6.50424166601434,3.72099096764677,9.28749236438192,6.78501052238374,0,6.75196607640371,0,"normal","I",1000,500,0.5,0,0,0,FALSE,0,FALSE,101,"leave-1",500,0.5,1e+05,TRUE,555
10,0,0,0,6.55393276898712,3.77847184441512,9.32939369355912,6.74297842031541,3.97306312335313,9.51289371727769,6.78501052238374,0,6.95106862364914,0,"normal","I",1000,500,0.5,0,0,0,FALSE,0,FALSE,101,"leave-1",500,0.5,1e+05,TRUE,555
10,0,0,0,6.55393276898712,3.77847184441512,9.32939369355912,6.60743022677122,3.82380311561923,9.39105733792321,6.78501052238374,0,6.83385628269237,0,"normal","I",1000,500,0.5,0,0,0,FALSE,0,FALSE,101,"leave-1",500,0.5,1e+05,TRUE,555
10,0,0,0,6.55393276898712,3.77847184441512,9.32939369355912,6.63154401000953,3.84863409906224,9.41445392095682,6.78501052238374,0,6.8860182913325,0,"normal","I",1000,500,0.5,0,0,0,FALSE,0,FALSE,101,"leave-1",500,0.5,1e+05,TRUE,555
10,0,0,0,6.55393276898712,3.77847184441512,9.32939369355912,6.53156779505617,3.74791111647522,9.31522447363711,6.78501052238374,0,6.76017253193097,0,"normal","I",1000,500,0.5,0,0,0,FALSE,0,FALSE,101,"leave-1",500,0.5,1e+05,TRUE,555
10,0,0,0,6.55393276898712,3.77847184441512,9.32939369355912,6.49605529108708,3.71051597011244,9.28159461206172,6.78501052238374,0,6.78374069205207,0,"normal","I",1000,500,0.5,0,0,0,FALSE,0,FALSE,101,"leave-1",500,0.5,1e+05,TRUE,555
10,0,0,0,6.55393276898712,3.77847184441512,9.32939369355912,6.53007412093319,3.7450228870767,9.31512535478968,6.78501052238374,0,6.77561087400417,0,"normal","I",1000,500,0.5,0,0,0,FALSE,0,FALSE,101,"leave-1",500,0.5,1e+05,TRUE,555
10,0,0,0,6.55393276898712,3.77847184441512,9.32939369355912,6.548167999393,3.76274971979848,9.33358627898751,6.78501052238374,0,6.78913909301338,0,"normal","I",1000,500,0.5,0,0,0,FALSE,0,FALSE,101,"leave-1",500,0.5,1e+05,TRUE,555
10,0,0,0,6.55393276898712,3.77847184441512,9.32939369355912,6.45764621160883,3.67893621810908,9.23635620510857,6.78501052238374,0,6.71308139962511,0,"normal","I",1000,500,0.5,0,0,0,FALSE,0,FALSE,101,"leave-1",500,0.5,1e+05,TRUE,555
10,0,0,0,6.55393276898712,3.77847184441512,9.32939369355912,6.29428277099174,3.54023789902783,9.04832764295564,6.78501052238374,0,6.4738593979526,0,"normal","I",1000,500,0.5,0,0,0,FALSE,0,FALSE,101,"leave-1",500,0.5,1e+05,TRUE,555
10,0,0,0,6.55393276898712,3.77847184441512,9.32939369355912,6.51771807505462,3.73381905367663,9.30161709643261,6.78501052238374,0,6.80209555217995,0,"normal","I",1000,500,0.5,0,0,0,FALSE,0,FALSE,101,"leave-1",500,0.5,1e+05,TRUE,555
10,0,0,0,6.55393276898712,3.77847184441512,9.32939369355912,6.58360918124205,3.80320022632672,9.36401813615738,6.78501052238374,0,6.83097442721785,0,"normal","I",1000,500,0.5,0,0,0,FALSE,0,FALSE,101,"leave-1",500,0.5,1e+05,TRUE,555
10,0,0,0,6.55393276898712,3.77847184441512,9.32939369355912,6.47477192736952,3.72725292832768,9.22229092641136,6.78501052238374,0,6.78144186790775,0,"normal","I",1000,500,0.5,0,0,0,FALSE,0,FALSE,101,"leave-1",500,0.5,1e+05,TRUE,555
10,0,0,0,6.55393276898712,3.77847184441512,9.32939369355912,6.54738497977575,3.76242934745331,9.3323406120982,6.78501052238374,0,6.7849417618786,0,"normal","I",1000,500,0.5,0,0,0,FALSE,0,FALSE,101,"leave-1",500,0.5,1e+05,TRUE,555
10,0,0,0,6.55393276898712,3.77847184441512,9.32939369355912,6.72679443255042,3.94160850073417,9.51198036436666,6.78501052238374,0,6.92009303347028,0,"normal","I",1000,500,0.5,0,0,0,FALSE,0,FALSE,101,"leave-1",500,0.5,1e+05,TRUE,555
10,0,0,0,6.55393276898712,3.77847184441512,9.32939369355912,6.55211012785689,3.76667502265589,9.33754523305789,6.78501052238374,0,6.78522550696771,0,"normal","I",1000,500,0.5,0,0,0,FALSE,0,FALSE,101,"leave-1",500,0.5,1e+05,TRUE,555
10,0,0,0,6.55393276898712,3.77847184441512,9.32939369355912,6.48184228898118,3.70097332759616,9.26271125036621,6.78501052238374,0,6.71055926866048,0,"normal","I",1000,500,0.5,0,0,0,FALSE,0,FALSE,101,"leave-1",500,0.5,1e+05,TRUE,555
10,0,0,0,6.55393276898712,3.77847184441512,9.32939369355912,6.48782841654454,3.70714477128875,9.26851206180033,6.78501052238374,0,6.73058262351372,0,"normal","I",1000,500,0.5,0,0,0,FALSE,0,FALSE,101,"leave-1",500,0.5,1e+05,TRUE,555
10,0,0,0,6.55393276898712,3.77847184441512,9.32939369355912,6.4283073875838,3.65447856159369,9.20213621357391,6.78501052238374,0,6.74836219331783,0,"normal","I",1000,500,0.5,0,0,0,FALSE,0,FALSE,101,"leave-1",500,0.5,1e+05,TRUE,555
10,0,0,0,6.55393276898712,3.77847184441512,9.32939369355912,6.58924679114569,3.8040517189932,9.37444186329818,6.78501052238374,0,6.83333661068028,0,"normal","I",1000,500,0.5,0,0,0,FALSE,0,FALSE,101,"leave-1",500,0.5,1e+05,TRUE,555
10,0,0,0,6.55393276898712,3.77847184441512,9.32939369355912,6.49700023581979,3.71424845814142,9.27975201349817,6.78501052238374,0,6.73428996375455,0,"normal","I",1000,500,0.5,0,0,0,FALSE,0,FALSE,101,"leave-1",500,0.5,1e+05,TRUE,555
10,0,0,0,6.55393276898712,3.77847184441512,9.32939369355912,6.4481336739645,3.67617348492434,9.22009386300466,6.78501052238374,0,6.70144542424932,0,"normal","I",1000,500,0.5,0,0,0,FALSE,0,FALSE,101,"leave-1",500,0.5,1e+05,TRUE,555
10,0,0,0,6.55393276898712,3.77847184441512,9.32939369355912,6.52606959659396,3.74074010443605,9.31139908875187,6.78501052238374,0,6.78123371907178,0,"normal","I",1000,500,0.5,0,0,0,FALSE,0,FALSE,101,"leave-1",500,0.5,1e+05,TRUE,555
10,0,0,0,6.55393276898712,3.77847184441512,9.32939369355912,6.77209796125411,3.99174386967375,9.55245205283448,6.78501052238374,0,6.96463022887026,0,"normal","I",1000,500,0.5,0,0,0,FALSE,0,FALSE,101,"leave-1",500,0.5,1e+05,TRUE,555
10,0,0,0,6.55393276898712,3.77847184441512,9.32939369355912,6.53234946208919,3.74937507356611,9.31532385061227,6.78501052238374,0,6.76069175921278,0,"normal","I",1000,500,0.5,0,0,0,FALSE,0,FALSE,101,"leave-1",500,0.5,1e+05,TRUE,555
10,0,0,0,6.55393276898712,3.77847184441512,9.32939369355912,6.5127055304045,3.73318564891223,9.29222541189677,6.78501052238374,0,6.79804963069689,0,"normal","I",1000,500,0.5,0,0,0,FALSE,0,FALSE,101,"leave-1",500,0.5,1e+05,TRUE,555
10,0,0,0,6.55393276898712,3.77847184441512,9.32939369355912,6.65439854538918,3.87289593787044,9.43590115290791,6.78501052238374,0,6.85538330190301,0,"normal","I",1000,500,0.5,0,0,0,FALSE,0,FALSE,101,"leave-1",500,0.5,1e+05,TRUE,555
10,0,0,0,6.55393276898712,3.77847184441512,9.32939369355912,6.55237396066369,3.76822825735344,9.33651966397395,6.78501052238374,0,6.78715151089362,0,"normal","I",1000,500,0.5,0,0,0,FALSE,0,FALSE,101,"leave-1",500,0.5,1e+05,TRUE,555
10,0,0,0,6.55393276898712,3.77847184441512,9.32939369355912,6.38476558107405,3.62829287234741,9.14123828980068,6.78501052238374,0,6.60737601480273,0,"normal","I",1000,500,0.5,0,0,0,FALSE,0,FALSE,101,"leave-1",500,0.5,1e+05,TRUE,555
10,0,0,0,6.55393276898712,3.77847184441512,9.32939369355912,6.59197462457312,3.80717715540905,9.37677209373719,6.78501052238374,0,6.80243064781383,0,"normal","I",1000,500,0.5,0,0,0,FALSE,0,FALSE,101,"leave-1",500,0.5,1e+05,TRUE,555
10,0,0,0,6.55393276898712,3.77847184441512,9.32939369355912,6.5471741827005,3.76277826724593,9.33157009815506,6.78501052238374,0,6.79833929535012,0,"normal","I",1000,500,0.5,0,0,0,FALSE,0,FALSE,101,"leave-1",500,0.5,1e+05,TRUE,555
10,0,0,0,6.55393276898712,3.77847184441512,9.32939369355912,6.52689710873152,3.74559089829387,9.30820331916917,6.78501052238374,0,6.75695429032265,0,"normal","I",1000,500,0.5,0,0,0,FALSE,0,FALSE,101,"leave-1",500,0.5,1e+05,TRUE,555
10,0,0,0,6.55393276898712,3.77847184441512,9.32939369355912,6.4986654492936,3.71514267156806,9.28218822701914,6.78501052238374,0,6.73330861682667,0,"normal","I",1000,500,0.5,0,0,0,FALSE,0,FALSE,101,"leave-1",500,0.5,1e+05,TRUE,555
10,0,0,0,6.55393276898712,3.77847184441512,9.32939369355912,6.55164121815047,3.76637445201023,9.33690798429071,6.78501052238374,0,6.79083778056245,0,"normal","I",1000,500,0.5,0,0,0,FALSE,0,FALSE,101,"leave-1",500,0.5,1e+05,TRUE,555
10,0,0,0,6.55393276898712,3.77847184441512,9.32939369355912,6.54240429191899,3.75704365716709,9.32776492667089,6.78501052238374,0,6.77653294936829,0,"normal","I",1000,500,0.5,0,0,0,FALSE,0,FALSE,101,"leave-1",500,0.5,1e+05,TRUE,555
10,0,0,0,6.55393276898712,3.77847184441512,9.32939369355912,6.53810365683766,3.7566275935333,9.31957972014203,6.78501052238374,0,6.70447592881427,0,"normal","I",1000,500,0.5,0,0,0,FALSE,0,FALSE,101,"leave-1",500,0.5,1e+05,TRUE,555
10,0,0,0,6.55393276898712,3.77847184441512,9.32939369355912,6.57189806167981,3.78699847975863,9.35679764360099,6.78501052238374,0,6.81274204257544,0,"normal","I",1000,500,0.5,0,0,0,FALSE,0,FALSE,101,"leave-1",500,0.5,1e+05,TRUE,555
10,0,0,0,6.55393276898712,3.77847184441512,9.32939369355912,6.65606476219294,3.87097929772292,9.44115022666296,6.78501052238374,0,6.85379363281822,0,"normal","I",1000,500,0.5,0,0,0,FALSE,0,FALSE,101,"leave-1",500,0.5,1e+05,TRUE,555
10,0,0,0,6.55393276898712,3.77847184441512,9.32939369355912,6.58173422243868,3.79648534268733,9.36698310219003,6.78501052238374,0,6.82795154334977,0,"normal","I",1000,500,0.5,0,0,0,FALSE,0,FALSE,101,"leave-1",500,0.5,1e+05,TRUE,555
10,0,0,0,6.55393276898712,3.77847184441512,9.32939369355912,6.40985284901727,3.62997012498707,9.18973557304748,6.78501052238374,0,6.69014303438754,0,"normal","I",1000,500,0.5,0,0,0,FALSE,0,FALSE,101,"leave-1",500,0.5,1e+05,TRUE,555
10,0,0,0,6.55393276898712,3.77847184441512,9.32939369355912,6.67487778886119,3.89056440917463,9.45919116854775,6.78501052238374,0,6.87370704071279,0,"normal","I",1000,500,0.5,0,0,0,FALSE,0,FALSE,101,"leave-1",500,0.5,1e+05,TRUE,555
10,0,0,0,6.55393276898712,3.77847184441512,9.32939369355912,6.64913606146455,3.87832213828617,9.41994998464293,6.78501052238374,0,6.88874957472766,0,"normal","I",1000,500,0.5,0,0,0,FALSE,0,FALSE,101,"leave-1",500,0.5,1e+05,TRUE,555
10,0,0,0,6.55393276898712,3.77847184441512,9.32939369355912,6.54880076048169,3.7633978057906,9.33420371517278,6.78501052238374,0,6.7892231460982,0,"normal","I",1000,500,0.5,0,0,0,FALSE,0,FALSE,101,"leave-1",500,0.5,1e+05,TRUE,555
10,0,0,0,6.55393276898712,3.77847184441512,9.32939369355912,6.55490348184304,3.76983948803706,9.33996747564902,6.78501052238374,0,6.79952326806771,0,"normal","I",1000,500,0.5,0,0,0,FALSE,0,FALSE,101,"leave-1",500,0.5,1e+05,TRUE,555
10,0,0,0,6.55393276898712,3.77847184441512,9.32939369355912,6.54562555696129,3.76030367589671,9.33094743802586,6.78501052238374,0,6.78493234709647,0,"normal","I",1000,500,0.5,0,0,0,FALSE,0,FALSE,101,"leave-1",500,0.5,1e+05,TRUE,555
10,0,0,0,6.55393276898712,3.77847184441512,9.32939369355912,6.55641384543311,3.77648921641932,9.33633847444691,6.78501052238374,0,6.67679434727082,0,"normal","I",1000,500,0.5,0,0,0,FALSE,0,FALSE,101,"leave-1",500,0.5,1e+05,TRUE,555
10,0,0,0,6.55393276898712,3.77847184441512,9.32939369355912,6.46847202056815,3.69307112223681,9.24387291889949,6.78501052238374,0,6.71555012470884,0,"normal","I",1000,500,0.5,0,0,0,FALSE,0,FALSE,101,"leave-1",500,0.5,1e+05,TRUE,555
10,0,0,0,6.55393276898712,3.77847184441512,9.32939369355912,6.45452837162182,3.67667926284533,9.2323774803983,6.78501052238374,0,6.75088839856621,0,"normal","I",1000,500,0.5,0,0,0,FALSE,0,FALSE,101,"leave-1",500,0.5,1e+05,TRUE,555
10,0,0,0,6.55393276898712,3.77847184441512,9.32939369355912,6.53832563186311,3.75424121425777,9.32241004946845,6.78501052238374,0,6.76816189205818,0,"normal","I",1000,500,0.5,0,0,0,FALSE,0,FALSE,101,"leave-1",500,0.5,1e+05,TRUE,555
10,0,0,0,6.55393276898712,3.77847184441512,9.32939369355912,6.56122264999709,3.77536283350867,9.34708246648552,6.78501052238374,0,6.80381810456235,0,"normal","I",1000,500,0.5,0,0,0,FALSE,0,FALSE,101,"leave-1",500,0.5,1e+05,TRUE,555
10,0,0,0,6.55393276898712,3.77847184441512,9.32939369355912,6.43401471453237,3.6709496706187,9.19707975844603,6.78501052238374,0,6.71656965956457,0,"normal","I",1000,500,0.5,0,0,0,FALSE,0,FALSE,101,"leave-1",500,0.5,1e+05,TRUE,555
10,0,0,0,6.55393276898712,3.77847184441512,9.32939369355912,6.5077190520656,3.72389971557452,9.29153838855668,6.78501052238374,0,6.77191220321805,0,"normal","I",1000,500,0.5,0,0,0,FALSE,0,FALSE,101,"leave-1",500,0.5,1e+05,TRUE,555
10,0,0,0,6.55393276898712,3.77847184441512,9.32939369355912,6.60073725408522,3.84640185844804,9.3550726497224,6.78501052238374,0,6.77937548719871,0,"normal","I",1000,500,0.5,0,0,0,FALSE,0,FALSE,101,"leave-1",500,0.5,1e+05,TRUE,555
10,0,0,0,6.55393276898712,3.77847184441512,9.32939369355912,6.50337931198972,3.72086916566941,9.28588945831003,6.78501052238374,0,6.76525925838107,0,"normal","I",1000,500,0.5,0,0,0,FALSE,0,FALSE,101,"leave-1",500,0.5,1e+05,TRUE,555
10,0,0,0,6.55393276898712,3.77847184441512,9.32939369355912,6.53258231616714,3.75071718227785,9.31444745005642,6.78501052238374,0,6.76923793586034,0,"normal","I",1000,500,0.5,0,0,0,FALSE,0,FALSE,101,"leave-1",500,0.5,1e+05,TRUE,555
10,0,0,0,6.55393276898712,3.77847184441512,9.32939369355912,6.24968599569678,3.48973776894573,9.00963422244783,6.78501052238374,0,6.49507085937815,0,"normal","I",1000,500,0.5,0,0,0,FALSE,0,FALSE,101,"leave-1",500,0.5,1e+05,TRUE,555
10,0,0,0,6.55393276898712,3.77847184441512,9.32939369355912,6.53703691761765,3.75164210780582,9.32243172742948,6.78501052238374,0,6.779623038398,0,"normal","I",1000,500,0.5,0,0,0,FALSE,0,FALSE,101,"leave-1",500,0.5,1e+05,TRUE,555
10,0,0,0,6.55393276898712,3.77847184441512,9.32939369355912,6.53569092229856,3.75111232756609,9.32026951703102,6.78501052238374,0,6.75343310037039,0,"normal","I",1000,500,0.5,0,0,0,FALSE,0,FALSE,101,"leave-1",500,0.5,1e+05,TRUE,555
10,0,0,0,6.55393276898712,3.77847184441512,9.32939369355912,6.55114312306804,3.76772123021051,9.33456501592556,6.78501052238374,0,6.78640689692756,0,"normal","I",1000,500,0.5,0,0,0,FALSE,0,FALSE,101,"leave-1",500,0.5,1e+05,TRUE,555
10,0,0,0,6.55393276898712,3.77847184441512,9.32939369355912,6.55367430359317,3.76967173031821,9.33767687686814,6.78501052238374,0,6.75936613906414,0,"normal","I",1000,500,0.5,0,0,0,FALSE,0,FALSE,101,"leave-1",500,0.5,1e+05,TRUE,555
10,0,0,0,6.55393276898712,3.77847184441512,9.32939369355912,6.41812715218765,3.64095835170102,9.19529595267428,6.78501052238374,0,6.69821963043692,0,"normal","I",1000,500,0.5,0,0,0,FALSE,0,FALSE,101,"leave-1",500,0.5,1e+05,TRUE,555
10,0,0,0,6.55393276898712,3.77847184441512,9.32939369355912,6.58953327913982,3.80875621260924,9.3703103456704,6.78501052238374,0,6.87553459708383,0,"normal","I",1000,500,0.5,0,0,0,FALSE,0,FALSE,101,"leave-1",500,0.5,1e+05,TRUE,555
10,0,0,0,6.55393276898712,3.77847184441512,9.32939369355912,6.5031268835502,3.72003772178991,9.2862160453105,6.78501052238374,0,6.75851581671713,0,"normal","I",1000,500,0.5,0,0,0,FALSE,0,FALSE,101,"leave-1",500,0.5,1e+05,TRUE,555
10,0,0,0,6.55393276898712,3.77847184441512,9.32939369355912,6.57612289365809,3.79151800073979,9.36072778657639,6.78501052238374,0,6.81893404143235,0,"normal","I",1000,500,0.5,0,0,0,FALSE,0,FALSE,101,"leave-1",500,0.5,1e+05,TRUE,555
10,0,0,0,6.55393276898712,3.77847184441512,9.32939369355912,6.51190813946322,3.75004362000508,9.27377265892135,6.78501052238374,0,6.71888792199152,0,"normal","I",1000,500,0.5,0,0,0,FALSE,0,FALSE,101,"leave-1",500,0.5,1e+05,TRUE,555
10,0,0,0,6.55393276898712,3.77847184441512,9.32939369355912,6.96938543399361,4.18700866966137,9.75176219832584,6.78501052238374,0,7.06875993496973,0,"normal","I",1000,500,0.5,0,0,0,FALSE,0,FALSE,101,"leave-1",500,0.5,1e+05,TRUE,555
10,0,0,0,6.55393276898712,3.77847184441512,9.32939369355912,6.51156565154008,3.73042203483928,9.29270926824087,6.78501052238374,0,6.74649373714804,0,"normal","I",1000,500,0.5,0,0,0,FALSE,0,FALSE,101,"leave-1",500,0.5,1e+05,TRUE,555
10,0,0,0,6.55393276898712,3.77847184441512,9.32939369355912,6.88174000418069,4.11210532065838,9.65137468770301,6.78501052238374,0,7.0352588594798,0,"normal","I",1000,500,0.5,0,0,0,FALSE,0,FALSE,101,"leave-1",500,0.5,1e+05,TRUE,555
10,0,0,0,6.55393276898712,3.77847184441512,9.32939369355912,6.52277032749674,3.73931309116558,9.30622756382791,6.78501052238374,0,6.76346047736411,0,"normal","I",1000,500,0.5,0,0,0,FALSE,0,FALSE,101,"leave-1",500,0.5,1e+05,TRUE,555
10,0,0,0,6.55393276898712,3.77847184441512,9.32939369355912,6.70726622672743,3.9269615523047,9.48757090115016,6.78501052238374,0,6.93963809540409,0,"normal","I",1000,500,0.5,0,0,0,FALSE,0,FALSE,101,"leave-1",500,0.5,1e+05,TRUE,555
10,0,0,0,6.55393276898712,3.77847184441512,9.32939369355912,6.60260782793026,3.84411796996275,9.36109768589777,6.78501052238374,0,6.80187797724893,0,"normal","I",1000,500,0.5,0,0,0,FALSE,0,FALSE,101,"leave-1",500,0.5,1e+05,TRUE,555
10,0,0,0,6.55393276898712,3.77847184441512,9.32939369355912,6.54067784079935,3.76232539672927,9.31903028486942,6.78501052238374,0,6.76952021413292,0,"normal","I",1000,500,0.5,0,0,0,FALSE,0,FALSE,101,"leave-1",500,0.5,1e+05,TRUE,555
10,0,0,0,6.55393276898712,3.77847184441512,9.32939369355912,6.50634003121638,3.72093219378657,9.2917478686462,6.78501052238374,0,6.79978174383891,0,"normal","I",1000,500,0.5,0,0,0,FALSE,0,FALSE,101,"leave-1",500,0.5,1e+05,TRUE,555
10,0,0,0,6.55393276898712,3.77847184441512,9.32939369355912,6.52457632950841,3.74027279688639,9.30887986213043,6.78501052238374,0,6.77240806133706,0,"normal","I",1000,500,0.5,0,0,0,FALSE,0,FALSE,101,"leave-1",500,0.5,1e+05,TRUE,555
10,0,0,0,6.55393276898712,3.77847184441512,9.32939369355912,6.68542726510894,3.90134452058035,9.46951000963752,6.78501052238374,0,6.88206866131852,0,"normal","I",1000,500,0.5,0,0,0,FALSE,0,FALSE,101,"leave-1",500,0.5,1e+05,TRUE,555
10,0,0,0,6.55393276898712,3.77847184441512,9.32939369355912,6.61097758296524,3.83101557659654,9.39093958933394,6.78501052238374,0,6.8282078769004,0,"normal","I",1000,500,0.5,0,0,0,FALSE,0,FALSE,101,"leave-1",500,0.5,1e+05,TRUE,555
10,0,0,0,6.55393276898712,3.77847184441512,9.32939369355912,6.54026993707364,3.7566728612452,9.32386701290209,6.78501052238374,0,6.78557461432944,0,"normal","I",1000,500,0.5,0,0,0,FALSE,0,FALSE,101,"leave-1",500,0.5,1e+05,TRUE,555
10,0,0,0,6.55393276898712,3.77847184441512,9.32939369355912,6.56833310219956,3.78288592230593,9.3537802820932,6.78501052238374,0,6.80220446105226,0,"normal","I",1000,500,0.5,0,0,0,FALSE,0,FALSE,101,"leave-1",500,0.5,1e+05,TRUE,555
10,0,0,0,6.55393276898712,3.77847184441512,9.32939369355912,6.26703523576688,3.50390766620348,9.03016280533028,6.78501052238374,0,6.52974752146617,0,"normal","I",1000,500,0.5,0,0,0,FALSE,0,FALSE,101,"leave-1",500,0.5,1e+05,TRUE,555
10,0,0,0,6.55393276898712,3.77847184441512,9.32939369355912,6.54230427234729,3.75651950388463,9.32808904080995,6.78501052238374,0,6.79013070613069,0,"normal","I",1000,500,0.5,0,0,0,FALSE,0,FALSE,101,"leave-1",500,0.5,1e+05,TRUE,555
10,0,0,0,6.55393276898712,3.77847184441512,9.32939369355912,6.48240100803386,3.70415078794691,9.26065122812081,6.78501052238374,0,6.65402552172145,0,"normal","I",1000,500,0.5,0,0,0,FALSE,0,FALSE,101,"leave-1",500,0.5,1e+05,TRUE,555
10,0,0,0,6.55393276898712,3.77847184441512,9.32939369355912,6.75799077942891,3.97294785782266,9.54303370103517,6.78501052238374,0,6.93506148234534,0,"normal","I",1000,500,0.5,0,0,0,FALSE,0,FALSE,101,"leave-1",500,0.5,1e+05,TRUE,555
10,0,0,0,6.55393276898712,3.77847184441512,9.32939369355912,6.54172528121774,3.76198721528114,9.32146334715433,6.78501052238374,0,6.77254864542589,0,"normal","I",1000,500,0.5,0,0,0,FALSE,0,FALSE,101,"leave-1",500,0.5,1e+05,TRUE,555
10,0,0,0,6.55393276898712,3.77847184441512,9.32939369355912,6.68922405044584,3.90543243180104,9.47301566909065,6.78501052238374,0,6.90004958830407,0,"normal","I",1000,500,0.5,0,0,0,FALSE,0,FALSE,101,"leave-1",500,0.5,1e+05,TRUE,555
10,0,0,0,6.55393276898712,3.77847184441512,9.32939369355912,6.57752231235639,3.79306037996877,9.36198424474401,6.78501052238374,0,6.78322905365235,0,"normal","I",1000,500,0.5,0,0,0,FALSE,0,FALSE,101,"leave-1",500,0.5,1e+05,TRUE,555
10,0,0,0,6.55393276898712,3.77847184441512,9.32939369355912,6.72603491586202,3.94861261110442,9.50345722061963,6.78501052238374,0,6.94327636313436,0,"normal","I",1000,500,0.5,0,0,0,FALSE,0,FALSE,101,"leave-1",500,0.5,1e+05,TRUE,555
10,0,0,0,6.55393276898712,3.77847184441512,9.32939369355912,6.64351091022315,3.86938560022132,9.41763622022499,6.78501052238374,0,6.81017951430275,0,"normal","I",1000,500,0.5,0,0,0,FALSE,0,FALSE,101,"leave-1",500,0.5,1e+05,TRUE,555
10,0,0,0,6.55393276898712,3.77847184441512,9.32939369355912,6.52139021256117,3.74815757779188,9.29462284733045,6.78501052238374,0,6.70470146996732,0,"normal","I",1000,500,0.5,0,0,0,FALSE,0,FALSE,101,"leave-1",500,0.5,1e+05,TRUE,555
10,0,0,0,6.55393276898712,3.77847184441512,9.32939369355912,6.57261647947452,3.79077371858791,9.35445924036113,6.78501052238374,0,6.78806902288812,0,"normal","I",1000,500,0.5,0,0,0,FALSE,0,FALSE,101,"leave-1",500,0.5,1e+05,TRUE,555
10,0,0,0,6.55393276898712,3.77847184441512,9.32939369355912,6.53005530627003,3.74443721729208,9.31567339524798,6.78501052238374,0,6.77700608585427,0,"normal","I",1000,500,0.5,0,0,0,FALSE,0,FALSE,101,"leave-1",500,0.5,1e+05,TRUE,555
10,0,0,0,6.55393276898712,3.77847184441512,9.32939369355912,6.73482746336292,3.94921812351966,9.52043680320618,6.78501052238374,0,6.8793567227387,0,"normal","I",1000,500,0.5,0,0,0,FALSE,0,FALSE,101,"leave-1",500,0.5,1e+05,TRUE,555
10,0,0,0,6.55393276898712,3.77847184441512,9.32939369355912,6.46077894365048,3.68796569302071,9.23359219428026,6.78501052238374,0,6.69543459108755,0,"normal","I",1000,500,0.5,0,0,0,FALSE,0,FALSE,101,"leave-1",500,0.5,1e+05,TRUE,555
10,0,0,0,6.55393276898712,3.77847184441512,9.32939369355912,6.50223200503043,3.71896104698737,9.2855029630735,6.78501052238374,0,6.75581635635094,0,"normal","I",1000,500,0.5,0,0,0,FALSE,0,FALSE,101,"leave-1",500,0.5,1e+05,TRUE,555
10,0,0,0,6.55393276898712,3.77847184441512,9.32939369355912,6.49156815834406,3.70936759551452,9.27376872117361,6.78501052238374,0,6.70601688363154,0,"normal","I",1000,500,0.5,0,0,0,FALSE,0,FALSE,101,"leave-1",500,0.5,1e+05,TRUE,555
10,0,0,0,6.55393276898712,3.77847184441512,9.32939369355912,6.57381030411717,3.84709526264048,9.30052534559385,6.78501052238374,0,6.67147193893054,0,"normal","I",1000,500,0.5,0,0,0,FALSE,0,FALSE,101,"leave-1",500,0.5,1e+05,TRUE,555
10,0,0,0,6.55393276898712,3.77847184441512,9.32939369355912,6.52785188418151,3.75018693731017,9.30551683105285,6.78501052238374,0,6.75013576153607,0,"normal","I",1000,500,0.5,0,0,0,FALSE,0,FALSE,101,"leave-1",500,0.5,1e+05,TRUE,555
10,0,0,0,6.55393276898712,3.77847184441512,9.32939369355912,6.32869200114325,3.5532185584185,9.10416544386801,6.78501052238374,0,6.56379913218488,0,"normal","I",1000,500,0.5,0,0,0,FALSE,0,FALSE,101,"leave-1",500,0.5,1e+05,TRUE,555
10,0,0,0,6.55393276898712,3.77847184441512,9.32939369355912,6.52474071084099,3.74243460314846,9.30704681853353,6.78501052238374,0,6.77642088664905,0,"normal","I",1000,500,0.5,0,0,0,FALSE,0,FALSE,101,"leave-1",500,0.5,1e+05,TRUE,555
10,0,0,0,6.55393276898712,3.77847184441512,9.32939369355912,6.57036716711043,3.78926417643456,9.35147015778629,6.78501052238374,0,6.83848561723543,0,"normal","I",1000,500,0.5,0,0,0,FALSE,0,FALSE,101,"leave-1",500,0.5,1e+05,TRUE,555
10,0,0,0,6.55393276898712,3.77847184441512,9.32939369355912,6.54666500056887,3.76144030690793,9.33188969422982,6.78501052238374,0,6.7880997489457,0,"normal","I",1000,500,0.5,0,0,0,FALSE,0,FALSE,101,"leave-1",500,0.5,1e+05,TRUE,555
10,0,0,0,6.55393276898712,3.77847184441512,9.32939369355912,6.53090044060393,3.74508042803877,9.31672045316909,6.78501052238374,0,6.77841924045854,0,"normal","I",1000,500,0.5,0,0,0,FALSE,0,FALSE,101,"leave-1",500,0.5,1e+05,TRUE,555
10,0,0,0,6.55393276898712,3.77847184441512,9.32939369355912,6.55426292304064,3.76960953827424,9.33891630780704,6.78501052238374,0,6.79890431895962,0,"normal","I",1000,500,0.5,0,0,0,FALSE,0,FALSE,101,"leave-1",500,0.5,1e+05,TRUE,555
10,0,0,0,6.55393276898712,3.77847184441512,9.32939369355912,6.5372339162092,3.75175715956805,9.32271067285035,6.78501052238374,0,6.78239240508851,0,"normal","I",1000,500,0.5,0,0,0,FALSE,0,FALSE,101,"leave-1",500,0.5,1e+05,TRUE,555
10,0,0,0,6.55393276898712,3.77847184441512,9.32939369355912,6.60312210852679,3.81831604962754,9.38792816742603,6.78501052238374,0,6.82348903215039,0,"normal","I",1000,500,0.5,0,0,0,FALSE,0,FALSE,101,"leave-1",500,0.5,1e+05,TRUE,555
10,0,0,0,6.55393276898712,3.77847184441512,9.32939369355912,6.4813047528848,3.7012566551538,9.2613528506158,6.78501052238374,0,6.74002119292247,0,"normal","I",1000,500,0.5,0,0,0,FALSE,0,FALSE,101,"leave-1",500,0.5,1e+05,TRUE,555
10,0,0,0,6.55393276898712,3.77847184441512,9.32939369355912,6.47254315360914,3.69629871414834,9.24878759306994,6.78501052238374,0,6.74265743509771,0,"normal","I",1000,500,0.5,0,0,0,FALSE,0,FALSE,101,"leave-1",500,0.5,1e+05,TRUE,555
10,0,0,0,6.55393276898712,3.77847184441512,9.32939369355912,6.54569670301203,3.76089769591039,9.33049571011366,6.78501052238374,0,6.78309358941312,0,"normal","I",1000,500,0.5,0,0,0,FALSE,0,FALSE,101,"leave-1",500,0.5,1e+05,TRUE,555
10,0,0,0,6.55393276898712,3.77847184441512,9.32939369355912,6.4912910898953,3.70824153659604,9.27434064319456,6.78501052238374,0,6.77911200245296,0,"normal","I",1000,500,0.5,0,0,0,FALSE,0,FALSE,101,"leave-1",500,0.5,1e+05,TRUE,555
10,0,0,0,6.55393276898712,3.77847184441512,9.32939369355912,6.55072091271391,3.76580907229476,9.33563275313307,6.78501052238374,0,6.79181544308751,0,"normal","I",1000,500,0.5,0,0,0,FALSE,0,FALSE,101,"leave-1",500,0.5,1e+05,TRUE,555
10,0,0,0,6.55393276898712,3.77847184441512,9.32939369355912,6.52560265150967,3.7422541910848,9.30895111193454,6.78501052238374,0,6.75413589511827,0,"normal","I",1000,500,0.5,0,0,0,FALSE,0,FALSE,101,"leave-1",500,0.5,1e+05,TRUE,555
10,0,0,0,6.55393276898712,3.77847184441512,9.32939369355912,6.51689757295629,3.73177782409709,9.30201732181548,6.78501052238374,0,6.78604267722885,0,"normal","I",1000,500,0.5,0,0,0,FALSE,0,FALSE,101,"leave-1",500,0.5,1e+05,TRUE,555
10,0,0,0,6.55393276898712,3.77847184441512,9.32939369355912,6.43397569724139,3.65892523210921,9.20902616237358,6.78501052238374,0,6.69428569555292,0,"normal","I",1000,500,0.5,0,0,0,FALSE,0,FALSE,101,"leave-1",500,0.5,1e+05,TRUE,555
10,0,0,0,6.55393276898712,3.77847184441512,9.32939369355912,6.56275164672186,3.77816539341779,9.34733790002593,6.78501052238374,0,6.80543030911713,0,"normal","I",1000,500,0.5,0,0,0,FALSE,0,FALSE,101,"leave-1",500,0.5,1e+05,TRUE,555
10,0,0,0,6.55393276898712,3.77847184441512,9.32939369355912,6.99794618561762,4.22000185074506,9.77589052049019,6.78501052238374,0,7.14262944319026,0,"normal","I",1000,500,0.5,0,0,0,FALSE,0,FALSE,101,"leave-1",500,0.5,1e+05,TRUE,555
10,0,0,0,6.55393276898712,3.77847184441512,9.32939369355912,6.53448446322039,3.74972442362179,9.31924450281899,6.78501052238374,0,6.76744922031944,0,"normal","I",1000,500,0.5,0,0,0,FALSE,0,FALSE,101,"leave-1",500,0.5,1e+05,TRUE,555
10,0,0,0,6.55393276898712,3.77847184441512,9.32939369355912,6.55423065109654,3.77512379047511,9.33333751171797,6.78501052238374,0,6.776642158802,0,"normal","I",1000,500,0.5,0,0,0,FALSE,0,FALSE,101,"leave-1",500,0.5,1e+05,TRUE,555
10,0,0,0,6.55393276898712,3.77847184441512,9.32939369355912,6.54673270957044,3.76219615033526,9.33126926880561,6.78501052238374,0,6.78489917529834,0,"normal","I",1000,500,0.5,0,0,0,FALSE,0,FALSE,101,"leave-1",500,0.5,1e+05,TRUE,555
10,0,0,0,6.55393276898712,3.77847184441512,9.32939369355912,6.42539202175108,3.64746629055946,9.2033177529427,6.78501052238374,0,6.68493448026615,0,"normal","I",1000,500,0.5,0,0,0,FALSE,0,FALSE,101,"leave-1",500,0.5,1e+05,TRUE,555
10,0,0,0,6.55393276898712,3.77847184441512,9.32939369355912,6.54153986337482,3.75677767425808,9.32630205249156,6.78501052238374,0,6.78660952603702,0,"normal","I",1000,500,0.5,0,0,0,FALSE,0,FALSE,101,"leave-1",500,0.5,1e+05,TRUE,555
10,0,0,0,6.55393276898712,3.77847184441512,9.32939369355912,6.53664253198283,3.75273140432996,9.32055365963571,6.78501052238374,0,6.75962080871115,0,"normal","I",1000,500,0.5,0,0,0,FALSE,0,FALSE,101,"leave-1",500,0.5,1e+05,TRUE,555
10,0,0,0,6.55393276898712,3.77847184441512,9.32939369355912,6.59029833632363,3.80933426111579,9.37126241153146,6.78501052238374,0,6.83764704228638,0,"normal","I",1000,500,0.5,0,0,0,FALSE,0,FALSE,101,"leave-1",500,0.5,1e+05,TRUE,555
10,0,0,0,6.55393276898712,3.77847184441512,9.32939369355912,6.4880237652501,3.7077009788421,9.26834655165811,6.78501052238374,0,6.71360923225581,0,"normal","I",1000,500,0.5,0,0,0,FALSE,0,FALSE,101,"leave-1",500,0.5,1e+05,TRUE,555
10,0,0,0,6.55393276898712,3.77847184441512,9.32939369355912,6.55762977036726,3.77576921021116,9.33949033052336,6.78501052238374,0,6.79221315281029,0,"normal","I",1000,500,0.5,0,0,0,FALSE,0,FALSE,101,"leave-1",500,0.5,1e+05,TRUE,555
10,0,0,0,6.55393276898712,3.77847184441512,9.32939369355912,6.65315958322907,3.86819742511476,9.43812174134337,6.78501052238374,0,6.83512612229052,0,"normal","I",1000,500,0.5,0,0,0,FALSE,0,FALSE,101,"leave-1",500,0.5,1e+05,TRUE,555
10,0,0,0,6.55393276898712,3.77847184441512,9.32939369355912,6.54100157430739,3.76324881100506,9.31875433760972,6.78501052238374,0,6.7301090479719,0,"normal","I",1000,500,0.5,0,0,0,FALSE,0,FALSE,101,"leave-1",500,0.5,1e+05,TRUE,555
10,0,0,0,6.55393276898712,3.77847184441512,9.32939369355912,7.10606717612192,4.34850990869973,9.86362444354411,6.78501052238374,0,7.1705016205696,0,"normal","I",1000,500,0.5,0,0,0,FALSE,0,FALSE,101,"leave-1",500,0.5,1e+05,TRUE,555
10,0,0,0,6.55393276898712,3.77847184441512,9.32939369355912,6.41317634305165,3.65282961985037,9.17352306625294,6.78501052238374,0,6.63794254781199,0,"normal","I",1000,500,0.5,0,0,0,FALSE,0,FALSE,101,"leave-1",500,0.5,1e+05,TRUE,555
10,0,0,0,6.55393276898712,3.77847184441512,9.32939369355912,6.63578710298925,3.85206183804091,9.4195123679376,6.78501052238374,0,6.8553999645557,0,"normal","I",1000,500,0.5,0,0,0,FALSE,0,FALSE,101,"leave-1",500,0.5,1e+05,TRUE,555
10,0,0,0,6.55393276898712,3.77847184441512,9.32939369355912,7.03423222272193,4.26268597288799,9.80577847255588,6.78501052238374,0,7.10757306949376,0,"normal","I",1000,500,0.5,0,0,0,FALSE,0,FALSE,101,"leave-1",500,0.5,1e+05,TRUE,555
10,0,0,0,6.55393276898712,3.77847184441512,9.32939369355912,6.58158812147379,3.79647440526067,9.3667018376869,6.78501052238374,0,6.83108365589546,0,"normal","I",1000,500,0.5,0,0,0,FALSE,0,FALSE,101,"leave-1",500,0.5,1e+05,TRUE,555
10,0,0,0,6.55393276898712,3.77847184441512,9.32939369355912,6.37312310857977,3.59583871867719,9.15040749848235,6.78501052238374,0,6.62495922145188,0,"normal","I",1000,500,0.5,0,0,0,FALSE,0,FALSE,101,"leave-1",500,0.5,1e+05,TRUE,555
10,0,0,0,6.55393276898712,3.77847184441512,9.32939369355912,6.66413878984195,3.91017534278681,9.4181022368971,6.78501052238374,0,6.83976024421853,0,"normal","I",1000,500,0.5,0,0,0,FALSE,0,FALSE,101,"leave-1",500,0.5,1e+05,TRUE,555
10,0,0,0,6.55393276898712,3.77847184441512,9.32939369355912,6.56897492191394,3.78375675240868,9.3541930914192,6.78501052238374,0,6.80904458077785,0,"normal","I",1000,500,0.5,0,0,0,FALSE,0,FALSE,101,"leave-1",500,0.5,1e+05,TRUE,555
10,0,0,0,6.55393276898712,3.77847184441512,9.32939369355912,6.29397760158774,3.52314073863788,9.06481446453761,6.78501052238374,0,6.56028537095214,0,"normal","I",1000,500,0.5,0,0,0,FALSE,0,FALSE,101,"leave-1",500,0.5,1e+05,TRUE,555
10,0,0,0,6.55393276898712,3.77847184441512,9.32939369355912,6.50741633556606,3.72614787828933,9.28868479284278,6.78501052238374,0,6.7431798025743,0,"normal","I",1000,500,0.5,0,0,0,FALSE,0,FALSE,101,"leave-1",500,0.5,1e+05,TRUE,555
10,0,0,0,6.55393276898712,3.77847184441512,9.32939369355912,6.54997332550561,3.76478185897928,9.33516479203193,6.78501052238374,0,6.78824629648293,0,"normal","I",1000,500,0.5,0,0,0,FALSE,0,FALSE,101,"leave-1",500,0.5,1e+05,TRUE,555
10,0,0,0,6.55393276898712,3.77847184441512,9.32939369355912,6.42889616287921,3.65024414932509,9.20754817643333,6.78501052238374,0,6.67298060835557,0,"normal","I",1000,500,0.5,0,0,0,FALSE,0,FALSE,101,"leave-1",500,0.5,1e+05,TRUE,555
10,0,0,0,6.55393276898712,3.77847184441512,9.32939369355912,6.53660933647105,3.753391226388,9.3198274465541,6.78501052238374,0,6.79632888026641,0,"normal","I",1000,500,0.5,0,0,0,FALSE,0,FALSE,101,"leave-1",500,0.5,1e+05,TRUE,555
10,0,0,0,6.55393276898712,3.77847184441512,9.32939369355912,6.54055208132236,3.7562049137675,9.32489924887723,6.78501052238374,0,6.76959213014177,0,"normal","I",1000,500,0.5,0,0,0,FALSE,0,FALSE,101,"leave-1",500,0.5,1e+05,TRUE,555
10,0,0,0,6.55393276898712,3.77847184441512,9.32939369355912,6.54748238606425,3.77145242753067,9.32351234459783,6.78501052238374,0,6.74149213794176,0,"normal","I",1000,500,0.5,0,0,0,FALSE,0,FALSE,101,"leave-1",500,0.5,1e+05,TRUE,555
10,0,0,0,6.55393276898712,3.77847184441512,9.32939369355912,6.52871727640376,3.74331514145129,9.31411941135624,6.78501052238374,0,6.78199561037305,0,"normal","I",1000,500,0.5,0,0,0,FALSE,0,FALSE,101,"leave-1",500,0.5,1e+05,TRUE,555
10,0,0,0,6.55393276898712,3.77847184441512,9.32939369355912,6.64048548403488,3.8566850817848,9.42428588628496,6.78501052238374,0,6.85442436924116,0,"normal","I",1000,500,0.5,0,0,0,FALSE,0,FALSE,101,"leave-1",500,0.5,1e+05,TRUE,555
10,0,0,0,6.55393276898712,3.77847184441512,9.32939369355912,6.52688822086801,3.7426100467433,9.31116639499272,6.78501052238374,0,6.76570319010041,0,"normal","I",1000,500,0.5,0,0,0,FALSE,0,FALSE,101,"leave-1",500,0.5,1e+05,TRUE,555
10,0,0,0,6.55393276898712,3.77847184441512,9.32939369355912,6.47238955889417,3.69506510538454,9.24971401240379,6.78501052238374,0,6.7028952142417,0,"normal","I",1000,500,0.5,0,0,0,FALSE,0,FALSE,101,"leave-1",500,0.5,1e+05,TRUE,555
10,0,0,0,6.55393276898712,3.77847184441512,9.32939369355912,6.46887636025798,3.69092690666864,9.24682581384732,6.78501052238374,0,6.74297259717292,0,"normal","I",1000,500,0.5,0,0,0,FALSE,0,FALSE,101,"leave-1",500,0.5,1e+05,TRUE,555
10,0,0,0,6.55393276898712,3.77847184441512,9.32939369355912,6.51922396692326,3.73420944366129,9.30423849018524,6.78501052238374,0,6.78598499703955,0,"normal","I",1000,500,0.5,0,0,0,FALSE,0,FALSE,101,"leave-1",500,0.5,1e+05,TRUE,555
10,0,0,0,6.55393276898712,3.77847184441512,9.32939369355912,6.53669093841737,3.75174178736115,9.32164008947359,6.78501052238374,0,6.77852490354619,0,"normal","I",1000,500,0.5,0,0,0,FALSE,0,FALSE,101,"leave-1",500,0.5,1e+05,TRUE,555
