"var_main_effect","var_inter_effect","cov_main_inter_effect","var_total_effect","EigenPrism_main","EigenPrism_CI1","EigenPrism_CI2","sub_EigenPrism_main","sub_EigenPrism_CI1","sub_EigenPrism_CI2","GCTA_main","GCTA_inter","prop_main","prop_inter","sub_GCTA_main","sub_GCTA_inter","sub_prop_main","sub_prop_inter","x_dist","structure","p","n","main_fixed_var","main_random_var","inter_fixed_var","inter_random_var","decor","interact","combine","pro","n_sub","inter_std","sigma_main_approx","i"
97.7024344610317,0,0,97.7024344610317,100.735677829036,42.9739745002634,158.497381157808,100.760393405405,42.993320994545,158.527465816264,100.151377306055,0,104.235166572576,0,100.169713688666,0,104.214552856411,0,"chi","I",33,528,0.5,0,0,0,FALSE,0,FALSE,101,528,TRUE,0.00250735144056588,27
97.7024344610317,0,0,97.7024344610317,100.735677829036,42.9739745002634,158.497381157808,100.597071863795,43.5780100349025,157.616133692687,100.151377306055,0,104.235166572576,0,99.9791077139379,0,102.663815520318,0,"chi","I",33,528,0.5,0,0,0,FALSE,0,FALSE,101,528,TRUE,0.00250735144056588,27
97.7024344610317,0,0,97.7024344610317,100.735677829036,42.9739745002634,158.497381157808,100.851333594951,42.9801215718422,158.722545618059,100.151377306055,0,104.235166572576,0,100.260954985491,0,104.428418960543,0,"chi","I",33,528,0.5,0,0,0,FALSE,0,FALSE,101,528,TRUE,0.00250735144056588,27
97.7024344610317,0,0,97.7024344610317,100.735677829036,42.9739745002634,158.497381157808,100.882692732529,43.0148816491923,158.750503815866,100.151377306055,0,104.235166572576,0,100.292235865229,0,104.436161360822,0,"chi","I",33,528,0.5,0,0,0,FALSE,0,FALSE,101,528,TRUE,0.00250735144056588,27
97.7024344610317,0,0,97.7024344610317,100.735677829036,42.9739745002634,158.497381157808,100.85423819646,42.9908783142502,158.717598078669,100.151377306055,0,104.235166572576,0,100.269577348088,0,104.498546632596,0,"chi","I",33,528,0.5,0,0,0,FALSE,0,FALSE,101,528,TRUE,0.00250735144056588,27
97.7024344610317,0,0,97.7024344610317,100.735677829036,42.9739745002634,158.497381157808,99.8107965172799,42.4052347758172,157.216358258742,100.151377306055,0,104.235166572576,0,99.2297214840891,0,103.482756493228,0,"chi","I",33,528,0.5,0,0,0,FALSE,0,FALSE,101,528,TRUE,0.00250735144056588,27
97.7024344610317,0,0,97.7024344610317,100.735677829036,42.9739745002634,158.497381157808,100.646033970372,42.9303897273297,158.361678213414,100.151377306055,0,104.235166572576,0,100.058483107206,0,104.166540711619,0,"chi","I",33,528,0.5,0,0,0,FALSE,0,FALSE,101,528,TRUE,0.00250735144056588,27
97.7024344610317,0,0,97.7024344610317,100.735677829036,42.9739745002634,158.497381157808,100.821767475563,42.9504942340069,158.693040717118,100.151377306055,0,104.235166572576,0,100.231306866797,0,104.429492707183,0,"chi","I",33,528,0.5,0,0,0,FALSE,0,FALSE,101,528,TRUE,0.00250735144056588,27
97.7024344610317,0,0,97.7024344610317,100.735677829036,42.9739745002634,158.497381157808,100.868954034324,43.0030649342673,158.734843134381,100.151377306055,0,104.235166572576,0,100.281926975041,0,104.416751905362,0,"chi","I",33,528,0.5,0,0,0,FALSE,0,FALSE,101,528,TRUE,0.00250735144056588,27
97.7024344610317,0,0,97.7024344610317,100.735677829036,42.9739745002634,158.497381157808,100.825684404157,42.95701867562,158.694350132695,100.151377306055,0,104.235166572576,0,100.236413464528,0,104.427361451142,0,"chi","I",33,528,0.5,0,0,0,FALSE,0,FALSE,101,528,TRUE,0.00250735144056588,27
97.7024344610317,0,0,97.7024344610317,100.735677829036,42.9739745002634,158.497381157808,100.737302322265,42.9734589989195,158.501145645611,100.151377306055,0,104.235166572576,0,100.146046957315,0,104.219059073487,0,"chi","I",33,528,0.5,0,0,0,FALSE,0,FALSE,101,528,TRUE,0.00250735144056588,27
97.7024344610317,0,0,97.7024344610317,100.735677829036,42.9739745002634,158.497381157808,100.15168351117,42.8838216768074,157.419545345533,100.151377306055,0,104.235166572576,0,99.5525905091146,0,103.229154318199,0,"chi","I",33,528,0.5,0,0,0,FALSE,0,FALSE,101,528,TRUE,0.00250735144056588,27
97.7024344610317,0,0,97.7024344610317,100.735677829036,42.9739745002634,158.497381157808,100.798926687883,42.9451850594668,158.652668316299,100.151377306055,0,104.235166572576,0,100.228335267216,0,104.606186662671,0,"chi","I",33,528,0.5,0,0,0,FALSE,0,FALSE,101,528,TRUE,0.00250735144056588,27
97.7024344610317,0,0,97.7024344610317,100.735677829036,42.9739745002634,158.497381157808,101.187493883995,43.3314986874334,159.043489080556,100.151377306055,0,104.235166572576,0,100.60992983806,0,104.541851773543,0,"chi","I",33,528,0.5,0,0,0,FALSE,0,FALSE,101,528,TRUE,0.00250735144056588,27
97.7024344610317,0,0,97.7024344610317,100.735677829036,42.9739745002634,158.497381157808,100.82469077421,43.0033700665633,158.646011481857,100.151377306055,0,104.235166572576,0,100.236633992244,0,104.341578081333,0,"chi","I",33,528,0.5,0,0,0,FALSE,0,FALSE,101,528,TRUE,0.00250735144056588,27
97.7024344610317,0,0,97.7024344610317,100.735677829036,42.9739745002634,158.497381157808,100.826902252115,42.9893255520196,158.664478952211,100.151377306055,0,104.235166572576,0,100.236152835267,0,104.365642962053,0,"chi","I",33,528,0.5,0,0,0,FALSE,0,FALSE,101,528,TRUE,0.00250735144056588,27
97.7024344610317,0,0,97.7024344610317,100.735677829036,42.9739745002634,158.497381157808,100.820827634997,43.0126082657091,158.629047004286,100.151377306055,0,104.235166572576,0,100.231587738859,0,104.331619152822,0,"chi","I",33,528,0.5,0,0,0,FALSE,0,FALSE,101,528,TRUE,0.00250735144056588,27
97.7024344610317,0,0,97.7024344610317,100.735677829036,42.9739745002634,158.497381157808,100.819564261197,43.0004832479201,158.638645274474,100.151377306055,0,104.235166572576,0,100.238162630665,0,104.449157419299,0,"chi","I",33,528,0.5,0,0,0,FALSE,0,FALSE,101,528,TRUE,0.00250735144056588,27
97.7024344610317,0,0,97.7024344610317,100.735677829036,42.9739745002634,158.497381157808,100.797900390146,42.9584762102601,158.637324570033,100.151377306055,0,104.235166572576,0,100.208884398348,0,104.395231386639,0,"chi","I",33,528,0.5,0,0,0,FALSE,0,FALSE,101,528,TRUE,0.00250735144056588,27
97.7024344610317,0,0,97.7024344610317,100.735677829036,42.9739745002634,158.497381157808,100.749595045725,42.9385021932462,158.560687898205,100.151377306055,0,104.235166572576,0,100.162356964297,0,104.326632115229,0,"chi","I",33,528,0.5,0,0,0,FALSE,0,FALSE,101,528,TRUE,0.00250735144056588,27
97.7024344610317,0,0,97.7024344610317,100.735677829036,42.9739745002634,158.497381157808,100.765937780005,42.9413045645903,158.59057099542,100.151377306055,0,104.235166572576,0,100.179990798726,0,104.377783383338,0,"chi","I",33,528,0.5,0,0,0,FALSE,0,FALSE,101,528,TRUE,0.00250735144056588,27
97.7024344610317,0,0,97.7024344610317,100.735677829036,42.9739745002634,158.497381157808,100.829952083438,42.9761409092139,158.683763257662,100.151377306055,0,104.235166572576,0,100.238496039482,0,104.400920382657,0,"chi","I",33,528,0.5,0,0,0,FALSE,0,FALSE,101,528,TRUE,0.00250735144056588,27
97.7024344610317,0,0,97.7024344610317,100.735677829036,42.9739745002634,158.497381157808,100.735202249948,43.0549226928485,158.415481807048,100.151377306055,0,104.235166572576,0,100.140337500609,0,104.033550716214,0,"chi","I",33,528,0.5,0,0,0,FALSE,0,FALSE,101,528,TRUE,0.00250735144056588,27
97.7024344610317,0,0,97.7024344610317,100.735677829036,42.9739745002634,158.497381157808,100.859821463385,43.1650460542461,158.554596872525,100.151377306055,0,104.235166572576,0,100.26136923,0,104.065672724601,0,"chi","I",33,528,0.5,0,0,0,FALSE,0,FALSE,101,528,TRUE,0.00250735144056588,27
97.7024344610317,0,0,97.7024344610317,100.735677829036,42.9739745002634,158.497381157808,100.735385969947,42.8997111078789,158.571060832015,100.151377306055,0,104.235166572576,0,100.146289751329,0,104.359588527257,0,"chi","I",33,528,0.5,0,0,0,FALSE,0,FALSE,101,528,TRUE,0.00250735144056588,27
97.7024344610317,0,0,97.7024344610317,100.735677829036,42.9739745002634,158.497381157808,100.849220753595,43.0592497941807,158.639191713008,100.151377306055,0,104.235166572576,0,100.25810524335,0,104.259644973541,0,"chi","I",33,528,0.5,0,0,0,FALSE,0,FALSE,101,528,TRUE,0.00250735144056588,27
97.7024344610317,0,0,97.7024344610317,100.735677829036,42.9739745002634,158.497381157808,100.788128973075,42.9814583515142,158.594799594636,100.151377306055,0,104.235166572576,0,100.196103943797,0,104.300206204058,0,"chi","I",33,528,0.5,0,0,0,FALSE,0,FALSE,101,528,TRUE,0.00250735144056588,27
97.7024344610317,0,0,97.7024344610317,100.735677829036,42.9739745002634,158.497381157808,100.604424197851,42.738811768688,158.470036627014,100.151377306055,0,104.235166572576,0,100.020619460813,0,104.425340186156,0,"chi","I",33,528,0.5,0,0,0,FALSE,0,FALSE,101,528,TRUE,0.00250735144056588,27
97.7024344610317,0,0,97.7024344610317,100.735677829036,42.9739745002634,158.497381157808,100.618574869095,42.7766558322186,158.460493905971,100.151377306055,0,104.235166572576,0,100.029170963179,0,104.368817272403,0,"chi","I",33,528,0.5,0,0,0,FALSE,0,FALSE,101,528,TRUE,0.00250735144056588,27
97.7024344610317,0,0,97.7024344610317,100.735677829036,42.9739745002634,158.497381157808,100.900489512175,43.0367975838892,158.76418144046,100.151377306055,0,104.235166572576,0,100.30979269924,0,104.429656619468,0,"chi","I",33,528,0.5,0,0,0,FALSE,0,FALSE,101,528,TRUE,0.00250735144056588,27
97.7024344610317,0,0,97.7024344610317,100.735677829036,42.9739745002634,158.497381157808,100.746241218191,42.9485780263825,158.54390441,100.151377306055,0,104.235166572576,0,100.160649949653,0,104.336991987756,0,"chi","I",33,528,0.5,0,0,0,FALSE,0,FALSE,101,528,TRUE,0.00250735144056588,27
97.7024344610317,0,0,97.7024344610317,100.735677829036,42.9739745002634,158.497381157808,100.757761806099,43.0142185922106,158.501305019987,100.151377306055,0,104.235166572576,0,100.164842573885,0,104.183255494517,0,"chi","I",33,528,0.5,0,0,0,FALSE,0,FALSE,101,528,TRUE,0.00250735144056588,27
97.7024344610317,0,0,97.7024344610317,100.735677829036,42.9739745002634,158.497381157808,100.422767379469,42.9763490879956,157.869185670942,100.151377306055,0,104.235166572576,0,99.8289113065077,0,103.556468766352,0,"chi","I",33,528,0.5,0,0,0,FALSE,0,FALSE,101,528,TRUE,0.00250735144056588,27
97.7024344610317,0,0,97.7024344610317,100.735677829036,42.9739745002634,158.497381157808,100.900922038793,43.0415628961318,158.760281181454,100.151377306055,0,104.235166572576,0,100.311125365084,0,104.421549884781,0,"chi","I",33,528,0.5,0,0,0,FALSE,0,FALSE,101,528,TRUE,0.00250735144056588,27
97.7024344610317,0,0,97.7024344610317,100.735677829036,42.9739745002634,158.497381157808,100.846300558528,42.9943489791131,158.698252137943,100.151377306055,0,104.235166572576,0,100.255611767329,0,104.445868713132,0,"chi","I",33,528,0.5,0,0,0,FALSE,0,FALSE,101,528,TRUE,0.00250735144056588,27
97.7024344610317,0,0,97.7024344610317,100.735677829036,42.9739745002634,158.497381157808,99.1496549703737,41.5528759446605,156.746433996087,100.151377306055,0,104.235166572576,0,98.5864030894519,0,103.955470659451,0,"chi","I",33,528,0.5,0,0,0,FALSE,0,FALSE,101,528,TRUE,0.00250735144056588,27
97.7024344610317,0,0,97.7024344610317,100.735677829036,42.9739745002634,158.497381157808,173.625399597894,113.889695862477,233.361103333311,100.151377306055,0,104.235166572576,0,98.62496468428,0,101.664491671719,0,"chi","I",33,528,0.5,0,0,0,FALSE,0,FALSE,101,528,TRUE,0.00250735144056588,27
97.7024344610317,0,0,97.7024344610317,100.735677829036,42.9739745002634,158.497381157808,100.82449545448,42.9683752261354,158.680615682824,100.151377306055,0,104.235166572576,0,100.239856160408,0,104.449358781633,0,"chi","I",33,528,0.5,0,0,0,FALSE,0,FALSE,101,528,TRUE,0.00250735144056588,27
97.7024344610317,0,0,97.7024344610317,100.735677829036,42.9739745002634,158.497381157808,100.996798587422,43.1338683059966,158.859728868848,100.151377306055,0,104.235166572576,0,100.402165542765,0,104.430389227046,0,"chi","I",33,528,0.5,0,0,0,FALSE,0,FALSE,101,528,TRUE,0.00250735144056588,27
97.7024344610317,0,0,97.7024344610317,100.735677829036,42.9739745002634,158.497381157808,100.730705673298,43.0071510970837,158.454260249513,100.151377306055,0,104.235166572576,0,100.146223261016,0,104.159589822521,0,"chi","I",33,528,0.5,0,0,0,FALSE,0,FALSE,101,528,TRUE,0.00250735144056588,27
97.7024344610317,0,0,97.7024344610317,100.735677829036,42.9739745002634,158.497381157808,100.588844428329,42.9085510478652,158.269137808792,100.151377306055,0,104.235166572576,0,99.9960310090634,0,104.058181201874,0,"chi","I",33,528,0.5,0,0,0,FALSE,0,FALSE,101,528,TRUE,0.00250735144056588,27
97.7024344610317,0,0,97.7024344610317,100.735677829036,42.9739745002634,158.497381157808,100.848080580063,43.1771496351648,158.519011524961,100.151377306055,0,104.235166572576,0,100.268885234913,0,104.235094809083,0,"chi","I",33,528,0.5,0,0,0,FALSE,0,FALSE,101,528,TRUE,0.00250735144056588,27
97.7024344610317,0,0,97.7024344610317,100.735677829036,42.9739745002634,158.497381157808,101.00432462825,43.1362846608405,158.872364595659,100.151377306055,0,104.235166572576,0,100.419175880991,0,104.500157554352,0,"chi","I",33,528,0.5,0,0,0,FALSE,0,FALSE,101,528,TRUE,0.00250735144056588,27
97.7024344610317,0,0,97.7024344610317,100.735677829036,42.9739745002634,158.497381157808,100.680135278874,42.9354459638778,158.42482459387,100.151377306055,0,104.235166572576,0,100.094217883171,0,104.204180842274,0,"chi","I",33,528,0.5,0,0,0,FALSE,0,FALSE,101,528,TRUE,0.00250735144056588,27
97.7024344610317,0,0,97.7024344610317,100.735677829036,42.9739745002634,158.497381157808,100.793901710009,42.9459287535522,158.641874666466,100.151377306055,0,104.235166572576,0,100.205731704545,0,104.413490749868,0,"chi","I",33,528,0.5,0,0,0,FALSE,0,FALSE,101,528,TRUE,0.00250735144056588,27
97.7024344610317,0,0,97.7024344610317,100.735677829036,42.9739745002634,158.497381157808,100.831014802686,42.9689489576915,158.693080647681,100.151377306055,0,104.235166572576,0,100.241446922612,0,104.41944123395,0,"chi","I",33,528,0.5,0,0,0,FALSE,0,FALSE,101,528,TRUE,0.00250735144056588,27
97.7024344610317,0,0,97.7024344610317,100.735677829036,42.9739745002634,158.497381157808,100.637661770652,43.1272250268356,158.148098514469,100.151377306055,0,104.235166572576,0,100.037548710388,0,103.679746633236,0,"chi","I",33,528,0.5,0,0,0,FALSE,0,FALSE,101,528,TRUE,0.00250735144056588,27
97.7024344610317,0,0,97.7024344610317,100.735677829036,42.9739745002634,158.497381157808,100.870893707201,43.0039473503137,158.737840064087,100.151377306055,0,104.235166572576,0,100.286955468257,0,104.47395565143,0,"chi","I",33,528,0.5,0,0,0,FALSE,0,FALSE,101,528,TRUE,0.00250735144056588,27
97.7024344610317,0,0,97.7024344610317,100.735677829036,42.9739745002634,158.497381157808,100.690160532345,42.9866430175051,158.393678047185,100.151377306055,0,104.235166572576,0,100.09983051579,0,104.111389517336,0,"chi","I",33,528,0.5,0,0,0,FALSE,0,FALSE,101,528,TRUE,0.00250735144056588,27
97.7024344610317,0,0,97.7024344610317,100.735677829036,42.9739745002634,158.497381157808,99.6797867598909,42.0626158415466,157.296957678235,100.151377306055,0,104.235166572576,0,99.1033084706349,0,103.940327930439,0,"chi","I",33,528,0.5,0,0,0,FALSE,0,FALSE,101,528,TRUE,0.00250735144056588,27
97.7024344610317,0,0,97.7024344610317,100.735677829036,42.9739745002634,158.497381157808,100.857110206863,42.9922501099794,158.721970303747,100.151377306055,0,104.235166572576,0,100.268669028441,0,104.41890935286,0,"chi","I",33,528,0.5,0,0,0,FALSE,0,FALSE,101,528,TRUE,0.00250735144056588,27
97.7024344610317,0,0,97.7024344610317,100.735677829036,42.9739745002634,158.497381157808,100.360390292119,42.7774181536473,157.943362430592,100.151377306055,0,104.235166572576,0,99.7742997943879,0,103.83145723056,0,"chi","I",33,528,0.5,0,0,0,FALSE,0,FALSE,101,528,TRUE,0.00250735144056588,27
97.7024344610317,0,0,97.7024344610317,100.735677829036,42.9739745002634,158.497381157808,100.818960541931,42.9608343055915,158.67708677827,100.151377306055,0,104.235166572576,0,100.230526441819,0,104.419497563657,0,"chi","I",33,528,0.5,0,0,0,FALSE,0,FALSE,101,528,TRUE,0.00250735144056588,27
97.7024344610317,0,0,97.7024344610317,100.735677829036,42.9739745002634,158.497381157808,100.758133321391,42.9911530528977,158.525113589885,100.151377306055,0,104.235166572576,0,100.166943075001,0,104.214447231926,0,"chi","I",33,528,0.5,0,0,0,FALSE,0,FALSE,101,528,TRUE,0.00250735144056588,27
97.7024344610317,0,0,97.7024344610317,100.735677829036,42.9739745002634,158.497381157808,100.601951861903,42.8797771494318,158.324126574374,100.151377306055,0,104.235166572576,0,100.012836478077,0,104.163423220165,0,"chi","I",33,528,0.5,0,0,0,FALSE,0,FALSE,101,528,TRUE,0.00250735144056588,27
97.7024344610317,0,0,97.7024344610317,100.735677829036,42.9739745002634,158.497381157808,100.702668189934,42.8916150168039,158.513721363064,100.151377306055,0,104.235166572576,0,100.119613464837,0,104.320226911696,0,"chi","I",33,528,0.5,0,0,0,FALSE,0,FALSE,101,528,TRUE,0.00250735144056588,27
97.7024344610317,0,0,97.7024344610317,100.735677829036,42.9739745002634,158.497381157808,100.985633659453,43.154485456855,158.816781862052,100.151377306055,0,104.235166572576,0,100.394044732334,0,104.379840105077,0,"chi","I",33,528,0.5,0,0,0,FALSE,0,FALSE,101,528,TRUE,0.00250735144056588,27
97.7024344610317,0,0,97.7024344610317,100.735677829036,42.9739745002634,158.497381157808,100.848529218918,42.9810151706304,158.716043267206,100.151377306055,0,104.235166572576,0,100.261897112861,0,104.479367466938,0,"chi","I",33,528,0.5,0,0,0,FALSE,0,FALSE,101,528,TRUE,0.00250735144056588,27
97.7024344610317,0,0,97.7024344610317,100.735677829036,42.9739745002634,158.497381157808,100.884781814479,43.0324162852464,158.737147343711,100.151377306055,0,104.235166572576,0,100.294500166792,0,104.422051581109,0,"chi","I",33,528,0.5,0,0,0,FALSE,0,FALSE,101,528,TRUE,0.00250735144056588,27
97.7024344610317,0,0,97.7024344610317,100.735677829036,42.9739745002634,158.497381157808,100.828492639228,42.9992565250766,158.65772875338,100.151377306055,0,104.235166572576,0,100.237070429478,0,104.352299318342,0,"chi","I",33,528,0.5,0,0,0,FALSE,0,FALSE,101,528,TRUE,0.00250735144056588,27
97.7024344610317,0,0,97.7024344610317,100.735677829036,42.9739745002634,158.497381157808,100.593704640948,43.2895037092652,157.897905572631,100.151377306055,0,104.235166572576,0,99.9830103305456,0,103.264350435478,0,"chi","I",33,528,0.5,0,0,0,FALSE,0,FALSE,101,528,TRUE,0.00250735144056588,27
97.7024344610317,0,0,97.7024344610317,100.735677829036,42.9739745002634,158.497381157808,100.791474761604,42.9201837808387,158.662765742368,100.151377306055,0,104.235166572576,0,100.203038955684,0,104.430170673941,0,"chi","I",33,528,0.5,0,0,0,FALSE,0,FALSE,101,528,TRUE,0.00250735144056588,27
97.7024344610317,0,0,97.7024344610317,100.735677829036,42.9739745002634,158.497381157808,100.755424431129,42.9335193332841,158.577329528975,100.151377306055,0,104.235166572576,0,100.165306645932,0,104.340183263811,0,"chi","I",33,528,0.5,0,0,0,FALSE,0,FALSE,101,528,TRUE,0.00250735144056588,27
97.7024344610317,0,0,97.7024344610317,100.735677829036,42.9739745002634,158.497381157808,100.609890857024,42.9196634180284,158.300118296019,100.151377306055,0,104.235166572576,0,100.018577472474,0,104.089606255315,0,"chi","I",33,528,0.5,0,0,0,FALSE,0,FALSE,101,528,TRUE,0.00250735144056588,27
97.7024344610317,0,0,97.7024344610317,100.735677829036,42.9739745002634,158.497381157808,100.979471479935,43.1325024502242,158.826440509647,100.151377306055,0,104.235166572576,0,100.391820481085,0,104.472676021318,0,"chi","I",33,528,0.5,0,0,0,FALSE,0,FALSE,101,528,TRUE,0.00250735144056588,27
97.7024344610317,0,0,97.7024344610317,100.735677829036,42.9739745002634,158.497381157808,100.776952844108,42.9870920742911,158.566813613926,100.151377306055,0,104.235166572576,0,100.189835662563,0,104.296371796338,0,"chi","I",33,528,0.5,0,0,0,FALSE,0,FALSE,101,528,TRUE,0.00250735144056588,27
97.7024344610317,0,0,97.7024344610317,100.735677829036,42.9739745002634,158.497381157808,100.746447605587,42.8783194560348,158.614575755139,100.151377306055,0,104.235166572576,0,100.156523450846,0,104.421642922574,0,"chi","I",33,528,0.5,0,0,0,FALSE,0,FALSE,101,528,TRUE,0.00250735144056588,27
97.7024344610317,0,0,97.7024344610317,100.735677829036,42.9739745002634,158.497381157808,100.950380848669,43.0984049321556,158.802356765181,100.151377306055,0,104.235166572576,0,100.366261204778,0,104.493335768053,0,"chi","I",33,528,0.5,0,0,0,FALSE,0,FALSE,101,528,TRUE,0.00250735144056588,27
97.7024344610317,0,0,97.7024344610317,100.735677829036,42.9739745002634,158.497381157808,100.781916715551,42.9391204043004,158.624713026801,100.151377306055,0,104.235166572576,0,100.19323544645,0,104.380449964781,0,"chi","I",33,528,0.5,0,0,0,FALSE,0,FALSE,101,528,TRUE,0.00250735144056588,27
97.7024344610317,0,0,97.7024344610317,100.735677829036,42.9739745002634,158.497381157808,100.786960236089,42.9734950056922,158.600425466487,100.151377306055,0,104.235166572576,0,100.201115391878,0,104.385337396082,0,"chi","I",33,528,0.5,0,0,0,FALSE,0,FALSE,101,528,TRUE,0.00250735144056588,27
97.7024344610317,0,0,97.7024344610317,100.735677829036,42.9739745002634,158.497381157808,99.8918804887936,42.6303170517346,157.153443925853,100.151377306055,0,104.235166572576,0,99.2997477688754,0,103.231577580329,0,"chi","I",33,528,0.5,0,0,0,FALSE,0,FALSE,101,528,TRUE,0.00250735144056588,27
97.7024344610317,0,0,97.7024344610317,100.735677829036,42.9739745002634,158.497381157808,100.970270750063,43.107640392382,158.832901107745,100.151377306055,0,104.235166572576,0,100.380229399119,0,104.448841608575,0,"chi","I",33,528,0.5,0,0,0,FALSE,0,FALSE,101,528,TRUE,0.00250735144056588,27
97.7024344610317,0,0,97.7024344610317,100.735677829036,42.9739745002634,158.497381157808,100.764202642454,42.9501485423932,158.578256742515,100.151377306055,0,104.235166572576,0,100.17209579172,0,104.322314410479,0,"chi","I",33,528,0.5,0,0,0,FALSE,0,FALSE,101,528,TRUE,0.00250735144056588,27
97.7024344610317,0,0,97.7024344610317,100.735677829036,42.9739745002634,158.497381157808,100.819157463954,43.0320159551629,158.606298972745,100.151377306055,0,104.235166572576,0,100.226361685413,0,104.25326636131,0,"chi","I",33,528,0.5,0,0,0,FALSE,0,FALSE,101,528,TRUE,0.00250735144056588,27
97.7024344610317,0,0,97.7024344610317,100.735677829036,42.9739745002634,158.497381157808,100.86263216908,42.9946419389329,158.730622399226,100.151377306055,0,104.235166572576,0,100.271895000355,0,104.426051078357,0,"chi","I",33,528,0.5,0,0,0,FALSE,0,FALSE,101,528,TRUE,0.00250735144056588,27
97.7024344610317,0,0,97.7024344610317,100.735677829036,42.9739745002634,158.497381157808,100.859570766533,43.2393148410734,158.479826691992,100.151377306055,0,104.235166572576,0,100.270385658543,0,103.908749935878,0,"chi","I",33,528,0.5,0,0,0,FALSE,0,FALSE,101,528,TRUE,0.00250735144056588,27
97.7024344610317,0,0,97.7024344610317,100.735677829036,42.9739745002634,158.497381157808,100.901975039473,43.0341772142975,158.769772864648,100.151377306055,0,104.235166572576,0,100.314031850796,0,104.423508197162,0,"chi","I",33,528,0.5,0,0,0,FALSE,0,FALSE,101,528,TRUE,0.00250735144056588,27
97.7024344610317,0,0,97.7024344610317,100.735677829036,42.9739745002634,158.497381157808,100.868092911514,43.0262040867713,158.709981736257,100.151377306055,0,104.235166572576,0,100.279365222367,0,104.375390080102,0,"chi","I",33,528,0.5,0,0,0,FALSE,0,FALSE,101,528,TRUE,0.00250735144056588,27
97.7024344610317,0,0,97.7024344610317,100.735677829036,42.9739745002634,158.497381157808,100.801423179849,42.9392715110212,158.663574848676,100.151377306055,0,104.235166572576,0,100.214961582655,0,104.411018941498,0,"chi","I",33,528,0.5,0,0,0,FALSE,0,FALSE,101,528,TRUE,0.00250735144056588,27
97.7024344610317,0,0,97.7024344610317,100.735677829036,42.9739745002634,158.497381157808,100.877154268223,43.00938072222,158.744927814226,100.151377306055,0,104.235166572576,0,100.289186056855,0,104.462733465263,0,"chi","I",33,528,0.5,0,0,0,FALSE,0,FALSE,101,528,TRUE,0.00250735144056588,27
97.7024344610317,0,0,97.7024344610317,100.735677829036,42.9739745002634,158.497381157808,100.88816346313,43.0187424184894,158.757584507771,100.151377306055,0,104.235166572576,0,100.302408318819,0,104.450366616231,0,"chi","I",33,528,0.5,0,0,0,FALSE,0,FALSE,101,528,TRUE,0.00250735144056588,27
97.7024344610317,0,0,97.7024344610317,100.735677829036,42.9739745002634,158.497381157808,100.898495008893,43.0286237345101,158.768366283276,100.151377306055,0,104.235166572576,0,100.307623171202,0,104.434397467142,0,"chi","I",33,528,0.5,0,0,0,FALSE,0,FALSE,101,528,TRUE,0.00250735144056588,27
97.7024344610317,0,0,97.7024344610317,100.735677829036,42.9739745002634,158.497381157808,100.590604498856,42.8397078661963,158.341501131516,100.151377306055,0,104.235166572576,0,100.001365745585,0,104.205545540363,0,"chi","I",33,528,0.5,0,0,0,FALSE,0,FALSE,101,528,TRUE,0.00250735144056588,27
97.7024344610317,0,0,97.7024344610317,100.735677829036,42.9739745002634,158.497381157808,100.702879576561,42.8650370755559,158.540722077567,100.151377306055,0,104.235166572576,0,100.119493601865,0,104.361530823949,0,"chi","I",33,528,0.5,0,0,0,FALSE,0,FALSE,101,528,TRUE,0.00250735144056588,27
97.7024344610317,0,0,97.7024344610317,100.735677829036,42.9739745002634,158.497381157808,100.922628201325,43.0745279373306,158.770728465319,100.151377306055,0,104.235166572576,0,100.343436075884,0,104.556211975476,0,"chi","I",33,528,0.5,0,0,0,FALSE,0,FALSE,101,528,TRUE,0.00250735144056588,27
97.7024344610317,0,0,97.7024344610317,100.735677829036,42.9739745002634,158.497381157808,100.614200740041,42.9236528532521,158.30474862683,100.151377306055,0,104.235166572576,0,100.026791162727,0,104.138493341736,0,"chi","I",33,528,0.5,0,0,0,FALSE,0,FALSE,101,528,TRUE,0.00250735144056588,27
97.7024344610317,0,0,97.7024344610317,100.735677829036,42.9739745002634,158.497381157808,99.955416133752,42.3543495701412,157.556482697363,100.151377306055,0,104.235166572576,0,99.4103748815881,0,103.983954665145,0,"chi","I",33,528,0.5,0,0,0,FALSE,0,FALSE,101,528,TRUE,0.00250735144056588,27
97.7024344610317,0,0,97.7024344610317,100.735677829036,42.9739745002634,158.497381157808,100.655236610713,42.7839407319694,158.526532489457,100.151377306055,0,104.235166572576,0,100.06928706825,0,104.433955855433,0,"chi","I",33,528,0.5,0,0,0,FALSE,0,FALSE,101,528,TRUE,0.00250735144056588,27
97.7024344610317,0,0,97.7024344610317,100.735677829036,42.9739745002634,158.497381157808,100.88930252614,43.0228978371941,158.755707215087,100.151377306055,0,104.235166572576,0,100.302292547056,0,104.418036950274,0,"chi","I",33,528,0.5,0,0,0,FALSE,0,FALSE,101,528,TRUE,0.00250735144056588,27
97.7024344610317,0,0,97.7024344610317,100.735677829036,42.9739745002634,158.497381157808,100.862170700514,43.0057484438168,158.718592957212,100.151377306055,0,104.235166572576,0,100.280287227419,0,104.405773603462,0,"chi","I",33,528,0.5,0,0,0,FALSE,0,FALSE,101,528,TRUE,0.00250735144056588,27
97.7024344610317,0,0,97.7024344610317,100.735677829036,42.9739745002634,158.497381157808,100.676733685651,42.8080382540427,158.545429117259,100.151377306055,0,104.235166572576,0,100.090794407194,0,104.443749490507,0,"chi","I",33,528,0.5,0,0,0,FALSE,0,FALSE,101,528,TRUE,0.00250735144056588,27
97.7024344610317,0,0,97.7024344610317,100.735677829036,42.9739745002634,158.497381157808,100.846583190327,43.0668865199947,158.62627986066,100.151377306055,0,104.235166572576,0,100.255148681325,0,104.249869286979,0,"chi","I",33,528,0.5,0,0,0,FALSE,0,FALSE,101,528,TRUE,0.00250735144056588,27
97.7024344610317,0,0,97.7024344610317,100.735677829036,42.9739745002634,158.497381157808,100.742174026051,43.0041250399123,158.48022301219,100.151377306055,0,104.235166572576,0,100.147298440397,0,104.156884081003,0,"chi","I",33,528,0.5,0,0,0,FALSE,0,FALSE,101,528,TRUE,0.00250735144056588,27
97.7024344610317,0,0,97.7024344610317,100.735677829036,42.9739745002634,158.497381157808,101.13103926559,43.4009775778711,158.861100953309,100.151377306055,0,104.235166572576,0,100.535483047279,0,104.21172136555,0,"chi","I",33,528,0.5,0,0,0,FALSE,0,FALSE,101,528,TRUE,0.00250735144056588,27
97.7024344610317,0,0,97.7024344610317,100.735677829036,42.9739745002634,158.497381157808,100.452803443751,43.1024018980842,157.803204989419,100.151377306055,0,104.235166572576,0,99.8492279927496,0,103.426047265471,0,"chi","I",33,528,0.5,0,0,0,FALSE,0,FALSE,101,528,TRUE,0.00250735144056588,27
97.7024344610317,0,0,97.7024344610317,100.735677829036,42.9739745002634,158.497381157808,100.824870679443,43.0030691767144,158.646672182172,100.151377306055,0,104.235166572576,0,100.232775261549,0,104.340983963763,0,"chi","I",33,528,0.5,0,0,0,FALSE,0,FALSE,101,528,TRUE,0.00250735144056588,27
97.7024344610317,0,0,97.7024344610317,100.735677829036,42.9739745002634,158.497381157808,101.043109670112,43.2312480862389,158.854971253986,100.151377306055,0,104.235166572576,0,100.445767521114,0,104.325446193284,0,"chi","I",33,528,0.5,0,0,0,FALSE,0,FALSE,101,528,TRUE,0.00250735144056588,27
97.7024344610317,0,0,97.7024344610317,100.735677829036,42.9739745002634,158.497381157808,100.831356255693,43.011355748391,158.651356762994,100.151377306055,0,104.235166572576,0,100.240359945474,0,104.322596279816,0,"chi","I",33,528,0.5,0,0,0,FALSE,0,FALSE,101,528,TRUE,0.00250735144056588,27
97.7024344610317,0,0,97.7024344610317,100.735677829036,42.9739745002634,158.497381157808,100.876189420732,43.0060820255061,158.746296815958,100.151377306055,0,104.235166572576,0,100.284738993226,0,104.427294017921,0,"chi","I",33,528,0.5,0,0,0,FALSE,0,FALSE,101,528,TRUE,0.00250735144056588,27
97.7024344610317,0,0,97.7024344610317,100.735677829036,42.9739745002634,158.497381157808,100.85168428735,42.9987970087664,158.704571565934,100.151377306055,0,104.235166572576,0,100.262939464109,0,104.396122361664,0,"chi","I",33,528,0.5,0,0,0,FALSE,0,FALSE,101,528,TRUE,0.00250735144056588,27
97.7024344610317,0,0,97.7024344610317,100.735677829036,42.9739745002634,158.497381157808,100.853433135038,43.0023328396892,158.704533430386,100.151377306055,0,104.235166572576,0,100.265921274179,0,104.389383194816,0,"chi","I",33,528,0.5,0,0,0,FALSE,0,FALSE,101,528,TRUE,0.00250735144056588,27
97.7024344610317,0,0,97.7024344610317,100.735677829036,42.9739745002634,158.497381157808,100.734065609827,43.0482694113546,158.4198618083,100.151377306055,0,104.235166572576,0,100.149082120807,0,104.196058784332,0,"chi","I",33,528,0.5,0,0,0,FALSE,0,FALSE,101,528,TRUE,0.00250735144056588,27
97.7024344610317,0,0,97.7024344610317,100.735677829036,42.9739745002634,158.497381157808,100.908134832832,43.1547878197493,158.661481845915,100.151377306055,0,104.235166572576,0,100.313549816609,0,104.190927798872,0,"chi","I",33,528,0.5,0,0,0,FALSE,0,FALSE,101,528,TRUE,0.00250735144056588,27
97.7024344610317,0,0,97.7024344610317,100.735677829036,42.9739745002634,158.497381157808,100.848509000057,42.9783328184472,158.718685181667,100.151377306055,0,104.235166572576,0,100.261411995769,0,104.441353089987,0,"chi","I",33,528,0.5,0,0,0,FALSE,0,FALSE,101,528,TRUE,0.00250735144056588,27
97.7024344610317,0,0,97.7024344610317,100.735677829036,42.9739745002634,158.497381157808,100.905493708841,43.1040808539541,158.706906563729,100.151377306055,0,104.235166572576,0,100.318308378477,0,104.358315831396,0,"chi","I",33,528,0.5,0,0,0,FALSE,0,FALSE,101,528,TRUE,0.00250735144056588,27
97.7024344610317,0,0,97.7024344610317,100.735677829036,42.9739745002634,158.497381157808,100.749617214104,42.9905329687915,158.508701459417,100.151377306055,0,104.235166572576,0,100.159868713129,0,104.197015288485,0,"chi","I",33,528,0.5,0,0,0,FALSE,0,FALSE,101,528,TRUE,0.00250735144056588,27
97.7024344610317,0,0,97.7024344610317,100.735677829036,42.9739745002634,158.497381157808,100.962155400069,43.3576681107545,158.566642689384,100.151377306055,0,104.235166572576,0,100.357849272371,0,103.889836185033,0,"chi","I",33,528,0.5,0,0,0,FALSE,0,FALSE,101,528,TRUE,0.00250735144056588,27
97.7024344610317,0,0,97.7024344610317,100.735677829036,42.9739745002634,158.497381157808,100.907570675014,43.0988916152097,158.716249734818,100.151377306055,0,104.235166572576,0,100.311203599931,0,104.312755240573,0,"chi","I",33,528,0.5,0,0,0,FALSE,0,FALSE,101,528,TRUE,0.00250735144056588,27
97.7024344610317,0,0,97.7024344610317,100.735677829036,42.9739745002634,158.497381157808,100.945960608416,43.077905953554,158.814015263277,100.151377306055,0,104.235166572576,0,100.359087527329,0,104.485475059066,0,"chi","I",33,528,0.5,0,0,0,FALSE,0,FALSE,101,528,TRUE,0.00250735144056588,27
97.7024344610317,0,0,97.7024344610317,100.735677829036,42.9739745002634,158.497381157808,100.871070509974,43.0171409503438,158.725000069605,100.151377306055,0,104.235166572576,0,100.287110885095,0,104.507783975959,0,"chi","I",33,528,0.5,0,0,0,FALSE,0,FALSE,101,528,TRUE,0.00250735144056588,27
97.7024344610317,0,0,97.7024344610317,100.735677829036,42.9739745002634,158.497381157808,100.922446908665,43.0869436534283,158.757950163901,100.151377306055,0,104.235166572576,0,100.333808725083,0,104.41084710577,0,"chi","I",33,528,0.5,0,0,0,FALSE,0,FALSE,101,528,TRUE,0.00250735144056588,27
97.7024344610317,0,0,97.7024344610317,100.735677829036,42.9739745002634,158.497381157808,100.85436061012,43.0409202284387,158.6678009918,100.151377306055,0,104.235166572576,0,100.264620981287,0,104.31113535571,0,"chi","I",33,528,0.5,0,0,0,FALSE,0,FALSE,101,528,TRUE,0.00250735144056588,27
97.7024344610317,0,0,97.7024344610317,100.735677829036,42.9739745002634,158.497381157808,100.568964279836,43.0344546599723,158.1034738997,100.151377306055,0,104.235166572576,0,99.9680377403526,0,103.740381423795,0,"chi","I",33,528,0.5,0,0,0,FALSE,0,FALSE,101,528,TRUE,0.00250735144056588,27
97.7024344610317,0,0,97.7024344610317,100.735677829036,42.9739745002634,158.497381157808,100.688219412605,42.9223625133489,158.454076311861,100.151377306055,0,104.235166572576,0,100.102059763841,0,104.284696563424,0,"chi","I",33,528,0.5,0,0,0,FALSE,0,FALSE,101,528,TRUE,0.00250735144056588,27
97.7024344610317,0,0,97.7024344610317,100.735677829036,42.9739745002634,158.497381157808,100.824888766952,42.9697197127392,158.680057821164,100.151377306055,0,104.235166572576,0,100.239567128575,0,104.397485406507,0,"chi","I",33,528,0.5,0,0,0,FALSE,0,FALSE,101,528,TRUE,0.00250735144056588,27
97.7024344610317,0,0,97.7024344610317,100.735677829036,42.9739745002634,158.497381157808,100.840350451853,42.9691606298257,158.711540273881,100.151377306055,0,104.235166572576,0,100.250828035578,0,104.428219952135,0,"chi","I",33,528,0.5,0,0,0,FALSE,0,FALSE,101,528,TRUE,0.00250735144056588,27
97.7024344610317,0,0,97.7024344610317,100.735677829036,42.9739745002634,158.497381157808,100.894601613437,43.0241662244163,158.765037002459,100.151377306055,0,104.235166572576,0,100.303238960508,0,104.434334740364,0,"chi","I",33,528,0.5,0,0,0,FALSE,0,FALSE,101,528,TRUE,0.00250735144056588,27
97.7024344610317,0,0,97.7024344610317,100.735677829036,42.9739745002634,158.497381157808,100.845890937654,42.9746342008633,158.717147674444,100.151377306055,0,104.235166572576,0,100.255649890609,0,104.446948876783,0,"chi","I",33,528,0.5,0,0,0,FALSE,0,FALSE,101,528,TRUE,0.00250735144056588,27
97.7024344610317,0,0,97.7024344610317,100.735677829036,42.9739745002634,158.497381157808,100.860104699913,42.9938457730492,158.726363626777,100.151377306055,0,104.235166572576,0,100.268910733846,0,104.422320618516,0,"chi","I",33,528,0.5,0,0,0,FALSE,0,FALSE,101,528,TRUE,0.00250735144056588,27
97.7024344610317,0,0,97.7024344610317,100.735677829036,42.9739745002634,158.497381157808,100.751560252128,42.9400564632108,158.563064041046,100.151377306055,0,104.235166572576,0,100.163097786137,0,104.306575994255,0,"chi","I",33,528,0.5,0,0,0,FALSE,0,FALSE,101,528,TRUE,0.00250735144056588,27
97.7024344610317,0,0,97.7024344610317,100.735677829036,42.9739745002634,158.497381157808,100.765374922572,43.0018705535885,158.528879291555,100.151377306055,0,104.235166572576,0,100.172454001211,0,104.220123967723,0,"chi","I",33,528,0.5,0,0,0,FALSE,0,FALSE,101,528,TRUE,0.00250735144056588,27
97.7024344610317,0,0,97.7024344610317,100.735677829036,42.9739745002634,158.497381157808,78.8796920358305,38.0827868310283,119.676597240633,100.151377306055,0,104.235166572576,0,100.295317351899,0,104.421210446548,0,"chi","I",33,528,0.5,0,0,0,FALSE,0,FALSE,101,528,TRUE,0.00250735144056588,27
97.7024344610317,0,0,97.7024344610317,100.735677829036,42.9739745002634,158.497381157808,100.812846929566,42.9995276247889,158.626166234342,100.151377306055,0,104.235166572576,0,100.22039006569,0,104.307830246104,0,"chi","I",33,528,0.5,0,0,0,FALSE,0,FALSE,101,528,TRUE,0.00250735144056588,27
97.7024344610317,0,0,97.7024344610317,100.735677829036,42.9739745002634,158.497381157808,100.70256064925,42.8371688760286,158.567952422472,100.151377306055,0,104.235166572576,0,100.118730832304,0,104.491646702668,0,"chi","I",33,528,0.5,0,0,0,FALSE,0,FALSE,101,528,TRUE,0.00250735144056588,27
97.7024344610317,0,0,97.7024344610317,100.735677829036,42.9739745002634,158.497381157808,100.859581656264,43.0338501883784,158.68531312415,100.151377306055,0,104.235166572576,0,100.28049932222,0,104.368409156115,0,"chi","I",33,528,0.5,0,0,0,FALSE,0,FALSE,101,528,TRUE,0.00250735144056588,27
97.7024344610317,0,0,97.7024344610317,100.735677829036,42.9739745002634,158.497381157808,100.869438011192,43.0025621920066,158.736313830378,100.151377306055,0,104.235166572576,0,100.278477084388,0,104.427444132851,0,"chi","I",33,528,0.5,0,0,0,FALSE,0,FALSE,101,528,TRUE,0.00250735144056588,27
97.7024344610317,0,0,97.7024344610317,100.735677829036,42.9739745002634,158.497381157808,100.745564935845,42.941369327001,158.549760544688,100.151377306055,0,104.235166572576,0,100.160541809202,0,104.325371084817,0,"chi","I",33,528,0.5,0,0,0,FALSE,0,FALSE,101,528,TRUE,0.00250735144056588,27
97.7024344610317,0,0,97.7024344610317,100.735677829036,42.9739745002634,158.497381157808,100.572640342133,42.7888585976385,158.356422086628,100.151377306055,0,104.235166572576,0,99.9892331825179,0,104.253785229182,0,"chi","I",33,528,0.5,0,0,0,FALSE,0,FALSE,101,528,TRUE,0.00250735144056588,27
97.7024344610317,0,0,97.7024344610317,100.735677829036,42.9739745002634,158.497381157808,101.184985066762,43.3262559139139,159.043714219609,100.151377306055,0,104.235166572576,0,100.605527480428,0,104.594824453931,0,"chi","I",33,528,0.5,0,0,0,FALSE,0,FALSE,101,528,TRUE,0.00250735144056588,27
97.7024344610317,0,0,97.7024344610317,100.735677829036,42.9739745002634,158.497381157808,100.848991339997,43.0098421084048,158.68814057159,100.151377306055,0,104.235166572576,0,100.259910107234,0,104.398040139785,0,"chi","I",33,528,0.5,0,0,0,FALSE,0,FALSE,101,528,TRUE,0.00250735144056588,27
97.7024344610317,0,0,97.7024344610317,100.735677829036,42.9739745002634,158.497381157808,100.894568540913,43.0309023635336,158.758234718292,100.151377306055,0,104.235166572576,0,100.303914351169,0,104.431679744509,0,"chi","I",33,528,0.5,0,0,0,FALSE,0,FALSE,101,528,TRUE,0.00250735144056588,27
97.7024344610317,0,0,97.7024344610317,100.735677829036,42.9739745002634,158.497381157808,100.810589187274,42.9863020957452,158.634876278802,100.151377306055,0,104.235166572576,0,100.222059753517,0,104.338730125998,0,"chi","I",33,528,0.5,0,0,0,FALSE,0,FALSE,101,528,TRUE,0.00250735144056588,27
97.7024344610317,0,0,97.7024344610317,100.735677829036,42.9739745002634,158.497381157808,100.842393109614,42.9711135580135,158.713672661215,100.151377306055,0,104.235166572576,0,100.250463027009,0,104.429488127733,0,"chi","I",33,528,0.5,0,0,0,FALSE,0,FALSE,101,528,TRUE,0.00250735144056588,27
97.7024344610317,0,0,97.7024344610317,100.735677829036,42.9739745002634,158.497381157808,100.877352575516,43.0075524323781,158.747152718654,100.151377306055,0,104.235166572576,0,100.287082492782,0,104.432741598256,0,"chi","I",33,528,0.5,0,0,0,FALSE,0,FALSE,101,528,TRUE,0.00250735144056588,27
97.7024344610317,0,0,97.7024344610317,100.735677829036,42.9739745002634,158.497381157808,100.841385548795,42.9711233812318,158.711647716358,100.151377306055,0,104.235166572576,0,100.250974782978,0,104.426526288766,0,"chi","I",33,528,0.5,0,0,0,FALSE,0,FALSE,101,528,TRUE,0.00250735144056588,27
97.7024344610317,0,0,97.7024344610317,100.735677829036,42.9739745002634,158.497381157808,100.830132554194,42.9602829273131,158.699982181075,100.151377306055,0,104.235166572576,0,100.244039643413,0,104.427349186784,0,"chi","I",33,528,0.5,0,0,0,FALSE,0,FALSE,101,528,TRUE,0.00250735144056588,27
97.7024344610317,0,0,97.7024344610317,100.735677829036,42.9739745002634,158.497381157808,100.289131987126,42.4742064441866,158.104057530064,100.151377306055,0,104.235166572576,0,99.7075869473587,0,104.330704795486,0,"chi","I",33,528,0.5,0,0,0,FALSE,0,FALSE,101,528,TRUE,0.00250735144056588,27
97.7024344610317,0,0,97.7024344610317,100.735677829036,42.9739745002634,158.497381157808,100.860247847033,42.9975271204259,158.722968573639,100.151377306055,0,104.235166572576,0,100.270267038287,0,104.426086072748,0,"chi","I",33,528,0.5,0,0,0,FALSE,0,FALSE,101,528,TRUE,0.00250735144056588,27
97.7024344610317,0,0,97.7024344610317,100.735677829036,42.9739745002634,158.497381157808,100.786679677668,42.9223853828776,158.650973972458,100.151377306055,0,104.235166572576,0,100.19978407518,0,104.429345160701,0,"chi","I",33,528,0.5,0,0,0,FALSE,0,FALSE,101,528,TRUE,0.00250735144056588,27
97.7024344610317,0,0,97.7024344610317,100.735677829036,42.9739745002634,158.497381157808,100.65043735033,42.7793437327189,158.521530967941,100.151377306055,0,104.235166572576,0,100.080649213534,0,104.531157990196,0,"chi","I",33,528,0.5,0,0,0,FALSE,0,FALSE,101,528,TRUE,0.00250735144056588,27
97.7024344610317,0,0,97.7024344610317,100.735677829036,42.9739745002634,158.497381157808,100.614840427068,42.8799941618006,158.349686692335,100.151377306055,0,104.235166572576,0,100.02641526131,0,104.150121437625,0,"chi","I",33,528,0.5,0,0,0,FALSE,0,FALSE,101,528,TRUE,0.00250735144056588,27
97.7024344610317,0,0,97.7024344610317,100.735677829036,42.9739745002634,158.497381157808,100.979437597883,43.3391219654669,158.619753230298,100.151377306055,0,104.235166572576,0,100.378684246982,0,103.959156648937,0,"chi","I",33,528,0.5,0,0,0,FALSE,0,FALSE,101,528,TRUE,0.00250735144056588,27
97.7024344610317,0,0,97.7024344610317,100.735677829036,42.9739745002634,158.497381157808,100.618524867466,42.767592114957,158.469457619976,100.151377306055,0,104.235166572576,0,100.03027829867,0,104.386060196828,0,"chi","I",33,528,0.5,0,0,0,FALSE,0,FALSE,101,528,TRUE,0.00250735144056588,27
97.7024344610317,0,0,97.7024344610317,100.735677829036,42.9739745002634,158.497381157808,100.8660828953,42.9981210791188,158.734044711482,100.151377306055,0,104.235166572576,0,100.275547997424,0,104.423086817025,0,"chi","I",33,528,0.5,0,0,0,FALSE,0,FALSE,101,528,TRUE,0.00250735144056588,27
97.7024344610317,0,0,97.7024344610317,100.735677829036,42.9739745002634,158.497381157808,100.660979247909,43.0889322013659,158.233026294452,100.151377306055,0,104.235166572576,0,100.061892705402,0,103.818786040559,0,"chi","I",33,528,0.5,0,0,0,FALSE,0,FALSE,101,528,TRUE,0.00250735144056588,27
97.7024344610317,0,0,97.7024344610317,100.735677829036,42.9739745002634,158.497381157808,100.763730163384,42.9331084404441,158.594351886323,100.151377306055,0,104.235166572576,0,100.175256013333,0,104.376590344094,0,"chi","I",33,528,0.5,0,0,0,FALSE,0,FALSE,101,528,TRUE,0.00250735144056588,27
97.7024344610317,0,0,97.7024344610317,100.735677829036,42.9739745002634,158.497381157808,100.799045841017,42.9453234280875,158.652768253947,100.151377306055,0,104.235166572576,0,100.208979734147,0,104.399313824429,0,"chi","I",33,528,0.5,0,0,0,FALSE,0,FALSE,101,528,TRUE,0.00250735144056588,27
97.7024344610317,0,0,97.7024344610317,100.735677829036,42.9739745002634,158.497381157808,99.9950241269113,42.5231557626723,157.46689249115,100.151377306055,0,104.235166572576,0,99.4191990828883,0,103.786899341241,0,"chi","I",33,528,0.5,0,0,0,FALSE,0,FALSE,101,528,TRUE,0.00250735144056588,27
97.7024344610317,0,0,97.7024344610317,100.735677829036,42.9739745002634,158.497381157808,100.961935914048,43.2075107082457,158.71636111985,100.151377306055,0,104.235166572576,0,100.36917221512,0,104.226858574883,0,"chi","I",33,528,0.5,0,0,0,FALSE,0,FALSE,101,528,TRUE,0.00250735144056588,27
97.7024344610317,0,0,97.7024344610317,100.735677829036,42.9739745002634,158.497381157808,100.832995460987,43.0027783193437,158.66321260263,100.151377306055,0,104.235166572576,0,100.243365812056,0,104.353963906505,0,"chi","I",33,528,0.5,0,0,0,FALSE,0,FALSE,101,528,TRUE,0.00250735144056588,27
97.7024344610317,0,0,97.7024344610317,100.735677829036,42.9739745002634,158.497381157808,100.899266673233,43.0373162673023,158.761217079164,100.151377306055,0,104.235166572576,0,100.309077751342,0,104.430343643101,0,"chi","I",33,528,0.5,0,0,0,FALSE,0,FALSE,101,528,TRUE,0.00250735144056588,27
97.7024344610317,0,0,97.7024344610317,100.735677829036,42.9739745002634,158.497381157808,100.865660147223,42.9964889519847,158.73483134246,100.151377306055,0,104.235166572576,0,100.279125060735,0,104.427839848486,0,"chi","I",33,528,0.5,0,0,0,FALSE,0,FALSE,101,528,TRUE,0.00250735144056588,27
97.7024344610317,0,0,97.7024344610317,100.735677829036,42.9739745002634,158.497381157808,100.821043291905,43.0972112213534,158.544875362457,100.151377306055,0,104.235166572576,0,100.227300864195,0,104.140284125967,0,"chi","I",33,528,0.5,0,0,0,FALSE,0,FALSE,101,528,TRUE,0.00250735144056588,27
97.7024344610317,0,0,97.7024344610317,100.735677829036,42.9739745002634,158.497381157808,100.796696844042,42.9768147770088,158.616578911076,100.151377306055,0,104.235166572576,0,100.207053789915,0,104.351356122918,0,"chi","I",33,528,0.5,0,0,0,FALSE,0,FALSE,101,528,TRUE,0.00250735144056588,27
97.7024344610317,0,0,97.7024344610317,100.735677829036,42.9739745002634,158.497381157808,100.780452345787,42.9119627883889,158.648941903185,100.151377306055,0,104.235166572576,0,100.189945100883,0,104.423418458074,0,"chi","I",33,528,0.5,0,0,0,FALSE,0,FALSE,101,528,TRUE,0.00250735144056588,27
97.7024344610317,0,0,97.7024344610317,100.735677829036,42.9739745002634,158.497381157808,100.922693654749,43.117188262397,158.7281990471,100.151377306055,0,104.235166572576,0,100.334864237733,0,104.334678979225,0,"chi","I",33,528,0.5,0,0,0,FALSE,0,FALSE,101,528,TRUE,0.00250735144056588,27
97.7024344610317,0,0,97.7024344610317,100.735677829036,42.9739745002634,158.497381157808,100.872780880907,43.0035729829264,158.741988778888,100.151377306055,0,104.235166572576,0,100.285567216142,0,104.458485052471,0,"chi","I",33,528,0.5,0,0,0,FALSE,0,FALSE,101,528,TRUE,0.00250735144056588,27
97.7024344610317,0,0,97.7024344610317,100.735677829036,42.9739745002634,158.497381157808,101.204022378996,43.3385105151695,159.069534242823,100.151377306055,0,104.235166572576,0,100.611816937171,0,104.507960101039,0,"chi","I",33,528,0.5,0,0,0,FALSE,0,FALSE,101,528,TRUE,0.00250735144056588,27
97.7024344610317,0,0,97.7024344610317,100.735677829036,42.9739745002634,158.497381157808,100.753901163797,42.9075485207094,158.600253806884,100.151377306055,0,104.235166572576,0,100.169272713719,0,104.426653820875,0,"chi","I",33,528,0.5,0,0,0,FALSE,0,FALSE,101,528,TRUE,0.00250735144056588,27
97.7024344610317,0,0,97.7024344610317,100.735677829036,42.9739745002634,158.497381157808,100.884325881354,43.0346729712185,158.733978791489,100.151377306055,0,104.235166572576,0,100.296433501995,0,104.413966249854,0,"chi","I",33,528,0.5,0,0,0,FALSE,0,FALSE,101,528,TRUE,0.00250735144056588,27
97.7024344610317,0,0,97.7024344610317,100.735677829036,42.9739745002634,158.497381157808,101.199013318589,43.3286712329782,159.0693554042,100.151377306055,0,104.235166572576,0,100.614411350713,0,104.59288403339,0,"chi","I",33,528,0.5,0,0,0,FALSE,0,FALSE,101,528,TRUE,0.00250735144056588,27
97.7024344610317,0,0,97.7024344610317,100.735677829036,42.9739745002634,158.497381157808,100.950140770602,43.0790812525553,158.821200288648,100.151377306055,0,104.235166572576,0,100.36408330889,0,104.503176414099,0,"chi","I",33,528,0.5,0,0,0,FALSE,0,FALSE,101,528,TRUE,0.00250735144056588,27
97.7024344610317,0,0,97.7024344610317,100.735677829036,42.9739745002634,158.497381157808,100.843817241821,43.0022116699786,158.685422813663,100.151377306055,0,104.235166572576,0,100.254515259696,0,104.371317866102,0,"chi","I",33,528,0.5,0,0,0,FALSE,0,FALSE,101,528,TRUE,0.00250735144056588,27
97.7024344610317,0,0,97.7024344610317,100.735677829036,42.9739745002634,158.497381157808,100.559426460701,43.1799011673796,157.938951754022,100.151377306055,0,104.235166572576,0,99.9443675080646,0,103.407375995832,0,"chi","I",33,528,0.5,0,0,0,FALSE,0,FALSE,101,528,TRUE,0.00250735144056588,27
97.7024344610317,0,0,97.7024344610317,100.735677829036,42.9739745002634,158.497381157808,100.199773958967,42.8790376676848,157.52051025025,100.151377306055,0,104.235166572576,0,99.6189384660141,0,103.564133745476,0,"chi","I",33,528,0.5,0,0,0,FALSE,0,FALSE,101,528,TRUE,0.00250735144056588,27
97.7024344610317,0,0,97.7024344610317,100.735677829036,42.9739745002634,158.497381157808,100.401757687661,43.0984954597235,157.705019915599,100.151377306055,0,104.235166572576,0,99.8104908756624,0,103.27667174275,0,"chi","I",33,528,0.5,0,0,0,FALSE,0,FALSE,101,528,TRUE,0.00250735144056588,27
97.7024344610317,0,0,97.7024344610317,100.735677829036,42.9739745002634,158.497381157808,100.761136001104,42.9025136067405,158.619758395468,100.151377306055,0,104.235166572576,0,100.177759878298,0,104.468631421596,0,"chi","I",33,528,0.5,0,0,0,FALSE,0,FALSE,101,528,TRUE,0.00250735144056588,27
97.7024344610317,0,0,97.7024344610317,100.735677829036,42.9739745002634,158.497381157808,100.904568437633,43.121749015067,158.687387860198,100.151377306055,0,104.235166572576,0,100.308395403667,0,104.245243299791,0,"chi","I",33,528,0.5,0,0,0,FALSE,0,FALSE,101,528,TRUE,0.00250735144056588,27
97.7024344610317,0,0,97.7024344610317,100.735677829036,42.9739745002634,158.497381157808,100.848192022215,43.1020336042827,158.594350440148,100.151377306055,0,104.235166572576,0,100.251272263994,0,104.174284243071,0,"chi","I",33,528,0.5,0,0,0,FALSE,0,FALSE,101,528,TRUE,0.00250735144056588,27
97.7024344610317,0,0,97.7024344610317,100.735677829036,42.9739745002634,158.497381157808,100.882814062639,43.0186993334252,158.746928791853,100.151377306055,0,104.235166572576,0,100.292058581066,0,104.419747926813,0,"chi","I",33,528,0.5,0,0,0,FALSE,0,FALSE,101,528,TRUE,0.00250735144056588,27
97.7024344610317,0,0,97.7024344610317,100.735677829036,42.9739745002634,158.497381157808,100.373319643286,42.9733411554664,157.773298131106,100.151377306055,0,104.235166572576,0,99.7764358865522,0,103.53932675489,0,"chi","I",33,528,0.5,0,0,0,FALSE,0,FALSE,101,528,TRUE,0.00250735144056588,27
97.7024344610317,0,0,97.7024344610317,100.735677829036,42.9739745002634,158.497381157808,100.822117959234,42.9967120427178,158.647523875751,100.151377306055,0,104.235166572576,0,100.231270166618,0,104.336650592398,0,"chi","I",33,528,0.5,0,0,0,FALSE,0,FALSE,101,528,TRUE,0.00250735144056588,27
97.7024344610317,0,0,97.7024344610317,100.735677829036,42.9739745002634,158.497381157808,100.898024830559,43.0287842728744,158.767265388244,100.151377306055,0,104.235166572576,0,100.310607949896,0,104.47423347401,0,"chi","I",33,528,0.5,0,0,0,FALSE,0,FALSE,101,528,TRUE,0.00250735144056588,27
97.7024344610317,0,0,97.7024344610317,100.735677829036,42.9739745002634,158.497381157808,100.775000405276,42.9036933324977,158.646307478053,100.151377306055,0,104.235166572576,0,100.188475113216,0,104.432372966271,0,"chi","I",33,528,0.5,0,0,0,FALSE,0,FALSE,101,528,TRUE,0.00250735144056588,27
97.7024344610317,0,0,97.7024344610317,100.735677829036,42.9739745002634,158.497381157808,100.677279877611,42.8266291766454,158.527930578576,100.151377306055,0,104.235166572576,0,100.088770229202,0,104.40291957697,0,"chi","I",33,528,0.5,0,0,0,FALSE,0,FALSE,101,528,TRUE,0.00250735144056588,27
97.7024344610317,0,0,97.7024344610317,100.735677829036,42.9739745002634,158.497381157808,100.795680084503,42.9533517485181,158.638008420487,100.151377306055,0,104.235166572576,0,100.206348971013,0,104.395678894189,0,"chi","I",33,528,0.5,0,0,0,FALSE,0,FALSE,101,528,TRUE,0.00250735144056588,27
97.7024344610317,0,0,97.7024344610317,100.735677829036,42.9739745002634,158.497381157808,99.5654150057332,42.335981308964,156.794848702502,100.151377306055,0,104.235166572576,0,98.9746803270378,0,103.107202549217,0,"chi","I",33,528,0.5,0,0,0,FALSE,0,FALSE,101,528,TRUE,0.00250735144056588,27
97.7024344610317,0,0,97.7024344610317,100.735677829036,42.9739745002634,158.497381157808,100.794200592866,42.9452762773329,158.643124908399,100.151377306055,0,104.235166572576,0,100.211915705368,0,104.420573264363,0,"chi","I",33,528,0.5,0,0,0,FALSE,0,FALSE,101,528,TRUE,0.00250735144056588,27
97.7024344610317,0,0,97.7024344610317,100.735677829036,42.9739745002634,158.497381157808,100.78141914981,43.093658388483,158.469179911137,100.151377306055,0,104.235166572576,0,100.185548492907,0,104.047167238586,0,"chi","I",33,528,0.5,0,0,0,FALSE,0,FALSE,101,528,TRUE,0.00250735144056588,27
97.7024344610317,0,0,97.7024344610317,100.735677829036,42.9739745002634,158.497381157808,100.687963523244,42.8361572360737,158.539769810414,100.151377306055,0,104.235166572576,0,100.102039835046,0,104.401518434795,0,"chi","I",33,528,0.5,0,0,0,FALSE,0,FALSE,101,528,TRUE,0.00250735144056588,27
97.7024344610317,0,0,97.7024344610317,100.735677829036,42.9739745002634,158.497381157808,100.921159361167,43.0648700869722,158.777448635362,100.151377306055,0,104.235166572576,0,100.328887692551,0,104.402461489257,0,"chi","I",33,528,0.5,0,0,0,FALSE,0,FALSE,101,528,TRUE,0.00250735144056588,27
97.7024344610317,0,0,97.7024344610317,100.735677829036,42.9739745002634,158.497381157808,100.741784540992,42.9170477044707,158.566521377514,100.151377306055,0,104.235166572576,0,100.153426155755,0,104.363027950489,0,"chi","I",33,528,0.5,0,0,0,FALSE,0,FALSE,101,528,TRUE,0.00250735144056588,27
97.7024344610317,0,0,97.7024344610317,100.735677829036,42.9739745002634,158.497381157808,100.869904329581,43.0051216574913,158.73468700167,100.151377306055,0,104.235166572576,0,100.280855856228,0,104.434688027806,0,"chi","I",33,528,0.5,0,0,0,FALSE,0,FALSE,101,528,TRUE,0.00250735144056588,27
97.7024344610317,0,0,97.7024344610317,100.735677829036,42.9739745002634,158.497381157808,101.153436227862,43.2881515178938,159.01872093783,100.151377306055,0,104.235166572576,0,100.57330965937,0,104.579332536095,0,"chi","I",33,528,0.5,0,0,0,FALSE,0,FALSE,101,528,TRUE,0.00250735144056588,27
97.7024344610317,0,0,97.7024344610317,100.735677829036,42.9739745002634,158.497381157808,100.554479842471,42.9186309498811,158.19032873506,100.151377306055,0,104.235166572576,0,99.9657447036671,0,103.999938304572,0,"chi","I",33,528,0.5,0,0,0,FALSE,0,FALSE,101,528,TRUE,0.00250735144056588,27
97.7024344610317,0,0,97.7024344610317,100.735677829036,42.9739745002634,158.497381157808,100.688771319951,42.8237242032938,158.553818436608,100.151377306055,0,104.235166572576,0,100.103520712578,0,104.426236834986,0,"chi","I",33,528,0.5,0,0,0,FALSE,0,FALSE,101,528,TRUE,0.00250735144056588,27
97.7024344610317,0,0,97.7024344610317,100.735677829036,42.9739745002634,158.497381157808,100.555862416813,42.8838770184237,158.227847815201,100.151377306055,0,104.235166572576,0,99.9671882564623,0,104.10020714003,0,"chi","I",33,528,0.5,0,0,0,FALSE,0,FALSE,101,528,TRUE,0.00250735144056588,27
97.7024344610317,0,0,97.7024344610317,100.735677829036,42.9739745002634,158.497381157808,100.76730810807,43.0533431459717,158.481273070168,100.151377306055,0,104.235166572576,0,100.176862098315,0,104.116682873822,0,"chi","I",33,528,0.5,0,0,0,FALSE,0,FALSE,101,528,TRUE,0.00250735144056588,27
97.7024344610317,0,0,97.7024344610317,100.735677829036,42.9739745002634,158.497381157808,100.670066914364,42.8017058236631,158.538428005065,100.151377306055,0,104.235166572576,0,100.080737876007,0,104.423345828449,0,"chi","I",33,528,0.5,0,0,0,FALSE,0,FALSE,101,528,TRUE,0.00250735144056588,27
97.7024344610317,0,0,97.7024344610317,100.735677829036,42.9739745002634,158.497381157808,100.873097211501,43.0022359207074,158.743958502295,100.151377306055,0,104.235166572576,0,100.280632445944,0,104.433866450279,0,"chi","I",33,528,0.5,0,0,0,FALSE,0,FALSE,101,528,TRUE,0.00250735144056588,27
97.7024344610317,0,0,97.7024344610317,100.735677829036,42.9739745002634,158.497381157808,100.707718020929,42.8599669241888,158.555469117669,100.151377306055,0,104.235166572576,0,100.118011500254,0,104.3807585861,0,"chi","I",33,528,0.5,0,0,0,FALSE,0,FALSE,101,528,TRUE,0.00250735144056588,27
97.7024344610317,0,0,97.7024344610317,100.735677829036,42.9739745002634,158.497381157808,100.862604697869,42.9952254947623,158.729983900976,100.151377306055,0,104.235166572576,0,100.271814856616,0,104.419803137163,0,"chi","I",33,528,0.5,0,0,0,FALSE,0,FALSE,101,528,TRUE,0.00250735144056588,27
97.7024344610317,0,0,97.7024344610317,100.735677829036,42.9739745002634,158.497381157808,100.85075484011,43.0154654169787,158.686044263241,100.151377306055,0,104.235166572576,0,100.261140424068,0,104.354043651939,0,"chi","I",33,528,0.5,0,0,0,FALSE,0,FALSE,101,528,TRUE,0.00250735144056588,27
97.7024344610317,0,0,97.7024344610317,100.735677829036,42.9739745002634,158.497381157808,100.722541105737,42.9548129909955,158.490269220478,100.151377306055,0,104.235166572576,0,100.129768460844,0,104.218307886526,0,"chi","I",33,528,0.5,0,0,0,FALSE,0,FALSE,101,528,TRUE,0.00250735144056588,27
97.7024344610317,0,0,97.7024344610317,100.735677829036,42.9739745002634,158.497381157808,100.84571528274,42.9860918527832,158.705338712696,100.151377306055,0,104.235166572576,0,100.255314111526,0,104.410050081987,0,"chi","I",33,528,0.5,0,0,0,FALSE,0,FALSE,101,528,TRUE,0.00250735144056588,27
97.7024344610317,0,0,97.7024344610317,100.735677829036,42.9739745002634,158.497381157808,100.60202531585,42.7326582079513,158.471392423749,100.151377306055,0,104.235166572576,0,100.022138240141,0,104.486863031706,0,"chi","I",33,528,0.5,0,0,0,FALSE,0,FALSE,101,528,TRUE,0.00250735144056588,27
97.7024344610317,0,0,97.7024344610317,100.735677829036,42.9739745002634,158.497381157808,100.704678343764,43.0777579749357,158.331598712592,100.151377306055,0,104.235166572576,0,100.108982581017,0,103.941217974833,0,"chi","I",33,528,0.5,0,0,0,FALSE,0,FALSE,101,528,TRUE,0.00250735144056588,27
97.7024344610317,0,0,97.7024344610317,100.735677829036,42.9739745002634,158.497381157808,101.068898815248,43.215778692003,158.922018938494,100.151377306055,0,104.235166572576,0,100.47901788451,0,104.454067996068,0,"chi","I",33,528,0.5,0,0,0,FALSE,0,FALSE,101,528,TRUE,0.00250735144056588,27
97.7024344610317,0,0,97.7024344610317,100.735677829036,42.9739745002634,158.497381157808,100.194596271367,42.8924162847626,157.496776257971,100.151377306055,0,104.235166572576,0,99.5955525926201,0,103.295212797715,0,"chi","I",33,528,0.5,0,0,0,FALSE,0,FALSE,101,528,TRUE,0.00250735144056588,27
97.7024344610317,0,0,97.7024344610317,100.735677829036,42.9739745002634,158.497381157808,100.8067350376,42.9543059181445,158.659164157055,100.151377306055,0,104.235166572576,0,100.22239498491,0,104.471928372834,0,"chi","I",33,528,0.5,0,0,0,FALSE,0,FALSE,101,528,TRUE,0.00250735144056588,27
97.7024344610317,0,0,97.7024344610317,100.735677829036,42.9739745002634,158.497381157808,100.979107894018,43.108109012749,158.850106775287,100.151377306055,0,104.235166572576,0,100.387550847051,0,104.460925321193,0,"chi","I",33,528,0.5,0,0,0,FALSE,0,FALSE,101,528,TRUE,0.00250735144056588,27
97.7024344610317,0,0,97.7024344610317,100.735677829036,42.9739745002634,158.497381157808,101.050424411793,43.317460742036,158.78338808155,100.151377306055,0,104.235166572576,0,100.451481865836,0,104.167158553608,0,"chi","I",33,528,0.5,0,0,0,FALSE,0,FALSE,101,528,TRUE,0.00250735144056588,27
97.7024344610317,0,0,97.7024344610317,100.735677829036,42.9739745002634,158.497381157808,100.783742115622,43.0285451493973,158.538939081847,100.151377306055,0,104.235166572576,0,100.191495590761,0,104.194419456266,0,"chi","I",33,528,0.5,0,0,0,FALSE,0,FALSE,101,528,TRUE,0.00250735144056588,27
97.7024344610317,0,0,97.7024344610317,100.735677829036,42.9739745002634,158.497381157808,100.48789024487,42.7673480380454,158.208432451695,100.151377306055,0,104.235166572576,0,99.9154381423069,0,104.147052976623,0,"chi","I",33,528,0.5,0,0,0,FALSE,0,FALSE,101,528,TRUE,0.00250735144056588,27
97.7024344610317,0,0,97.7024344610317,100.735677829036,42.9739745002634,158.497381157808,100.859673365616,43.0353513599315,158.683995371301,100.151377306055,0,104.235166572576,0,100.26756687651,0,104.346560660907,0,"chi","I",33,528,0.5,0,0,0,FALSE,0,FALSE,101,528,TRUE,0.00250735144056588,27
97.7024344610317,0,0,97.7024344610317,100.735677829036,42.9739745002634,158.497381157808,100.611793628409,42.8169920189857,158.406595237832,100.151377306055,0,104.235166572576,0,100.029645289932,0,104.371200743577,0,"chi","I",33,528,0.5,0,0,0,FALSE,0,FALSE,101,528,TRUE,0.00250735144056588,27
97.7024344610317,0,0,97.7024344610317,100.735677829036,42.9739745002634,158.497381157808,100.875501146238,43.0054737189694,158.745528573507,100.151377306055,0,104.235166572576,0,100.287079037485,0,104.450449766869,0,"chi","I",33,528,0.5,0,0,0,FALSE,0,FALSE,101,528,TRUE,0.00250735144056588,27
97.7024344610317,0,0,97.7024344610317,100.735677829036,42.9739745002634,158.497381157808,100.818286449981,42.9782885678906,158.658284332071,100.151377306055,0,104.235166572576,0,100.226814695961,0,104.369119343303,0,"chi","I",33,528,0.5,0,0,0,FALSE,0,FALSE,101,528,TRUE,0.00250735144056588,27
97.7024344610317,0,0,97.7024344610317,100.735677829036,42.9739745002634,158.497381157808,100.929841069402,43.0791982923905,158.780483846414,100.151377306055,0,104.235166572576,0,100.336662226517,0,104.399365312626,0,"chi","I",33,528,0.5,0,0,0,FALSE,0,FALSE,101,528,TRUE,0.00250735144056588,27
97.7024344610317,0,0,97.7024344610317,100.735677829036,42.9739745002634,158.497381157808,100.824912533489,42.9729454033181,158.676879663659,100.151377306055,0,104.235166572576,0,100.237048898658,0,104.404100053611,0,"chi","I",33,528,0.5,0,0,0,FALSE,0,FALSE,101,528,TRUE,0.00250735144056588,27
97.7024344610317,0,0,97.7024344610317,100.735677829036,42.9739745002634,158.497381157808,100.905287066824,43.0590869395896,158.751487194059,100.151377306055,0,104.235166572576,0,100.313448973997,0,104.38032136276,0,"chi","I",33,528,0.5,0,0,0,FALSE,0,FALSE,101,528,TRUE,0.00250735144056588,27
97.7024344610317,0,0,97.7024344610317,100.735677829036,42.9739745002634,158.497381157808,100.843822743148,43.0362274564387,158.651418029857,100.151377306055,0,104.235166572576,0,100.261732881311,0,104.318311297184,0,"chi","I",33,528,0.5,0,0,0,FALSE,0,FALSE,101,528,TRUE,0.00250735144056588,27
97.7024344610317,0,0,97.7024344610317,100.735677829036,42.9739745002634,158.497381157808,100.883526555163,43.0697516741573,158.697301436168,100.151377306055,0,104.235166572576,0,100.292060810233,0,104.330185549197,0,"chi","I",33,528,0.5,0,0,0,FALSE,0,FALSE,101,528,TRUE,0.00250735144056588,27
97.7024344610317,0,0,97.7024344610317,100.735677829036,42.9739745002634,158.497381157808,958.715456511859,704.634811219086,1212.79610180463,100.151377306055,0,104.235166572576,0,100.138109680007,0,104.022324251458,0,"chi","I",33,528,0.5,0,0,0,FALSE,0,FALSE,101,528,TRUE,0.00250735144056588,27
97.7024344610317,0,0,97.7024344610317,100.735677829036,42.9739745002634,158.497381157808,100.847134859058,42.9889337053489,158.705336012768,100.151377306055,0,104.235166572576,0,100.256135850575,0,104.40134961473,0,"chi","I",33,528,0.5,0,0,0,FALSE,0,FALSE,101,528,TRUE,0.00250735144056588,27
97.7024344610317,0,0,97.7024344610317,100.735677829036,42.9739745002634,158.497381157808,100.733006180319,42.9564058727634,158.509606487875,100.151377306055,0,104.235166572576,0,100.14499744624,0,104.273647486997,0,"chi","I",33,528,0.5,0,0,0,FALSE,0,FALSE,101,528,TRUE,0.00250735144056588,27
97.7024344610317,0,0,97.7024344610317,100.735677829036,42.9739745002634,158.497381157808,100.882455599068,43.0165890633476,158.748322134789,100.151377306055,0,104.235166572576,0,100.295700170549,0,104.469263344103,0,"chi","I",33,528,0.5,0,0,0,FALSE,0,FALSE,101,528,TRUE,0.00250735144056588,27
97.7024344610317,0,0,97.7024344610317,100.735677829036,42.9739745002634,158.497381157808,100.613567098804,42.9772478990407,158.249886298568,100.151377306055,0,104.235166572576,0,100.019147377158,0,103.949307684653,0,"chi","I",33,528,0.5,0,0,0,FALSE,0,FALSE,101,528,TRUE,0.00250735144056588,27
97.7024344610317,0,0,97.7024344610317,100.735677829036,42.9739745002634,158.497381157808,100.814635904952,42.9543547686068,158.674917041298,100.151377306055,0,104.235166572576,0,100.226099870668,0,104.430439611001,0,"chi","I",33,528,0.5,0,0,0,FALSE,0,FALSE,101,528,TRUE,0.00250735144056588,27
97.7024344610317,0,0,97.7024344610317,100.735677829036,42.9739745002634,158.497381157808,100.299963123273,42.7326624835808,157.867263762966,100.151377306055,0,104.235166572576,0,99.7096068592312,0,103.86308374756,0,"chi","I",33,528,0.5,0,0,0,FALSE,0,FALSE,101,528,TRUE,0.00250735144056588,27
97.7024344610317,0,0,97.7024344610317,100.735677829036,42.9739745002634,158.497381157808,100.2618517538,43.2132881625398,157.31041534506,100.151377306055,0,104.235166572576,0,99.6562195924022,0,102.769473489039,0,"chi","I",33,528,0.5,0,0,0,FALSE,0,FALSE,101,528,TRUE,0.00250735144056588,27
97.7024344610317,0,0,97.7024344610317,100.735677829036,42.9739745002634,158.497381157808,100.873719381308,43.0055171715063,158.74192159111,100.151377306055,0,104.235166572576,0,100.282756913363,0,104.428690329078,0,"chi","I",33,528,0.5,0,0,0,FALSE,0,FALSE,101,528,TRUE,0.00250735144056588,27
97.7024344610317,0,0,97.7024344610317,100.735677829036,42.9739745002634,158.497381157808,100.800647621282,42.9533167636146,158.64797847895,100.151377306055,0,104.235166572576,0,100.211211721211,0,104.388042014292,0,"chi","I",33,528,0.5,0,0,0,FALSE,0,FALSE,101,528,TRUE,0.00250735144056588,27
97.7024344610317,0,0,97.7024344610317,100.735677829036,42.9739745002634,158.497381157808,100.906542693981,43.1999576293294,158.613127758632,100.151377306055,0,104.235166572576,0,100.306510620366,0,104.089198430645,0,"chi","I",33,528,0.5,0,0,0,FALSE,0,FALSE,101,528,TRUE,0.00250735144056588,27
97.7024344610317,0,0,97.7024344610317,100.735677829036,42.9739745002634,158.497381157808,100.818997076764,43.042945149325,158.595049004204,100.151377306055,0,104.235166572576,0,100.226462559183,0,104.235523297368,0,"chi","I",33,528,0.5,0,0,0,FALSE,0,FALSE,101,528,TRUE,0.00250735144056588,27
97.7024344610317,0,0,97.7024344610317,100.735677829036,42.9739745002634,158.497381157808,100.756291605407,42.9039926253147,158.608590585499,100.151377306055,0,104.235166572576,0,100.166219561086,0,104.389345791467,0,"chi","I",33,528,0.5,0,0,0,FALSE,0,FALSE,101,528,TRUE,0.00250735144056588,27
97.7024344610317,0,0,97.7024344610317,100.735677829036,42.9739745002634,158.497381157808,99.6067353491761,42.4570169158588,156.756453782493,100.151377306055,0,104.235166572576,0,99.0057246538572,0,102.974291443794,0,"chi","I",33,528,0.5,0,0,0,FALSE,0,FALSE,101,528,TRUE,0.00250735144056588,27
97.7024344610317,0,0,97.7024344610317,100.735677829036,42.9739745002634,158.497381157808,100.648652138724,42.7829037049564,158.514400572491,100.151377306055,0,104.235166572576,0,100.064782513051,0,104.465362197856,0,"chi","I",33,528,0.5,0,0,0,FALSE,0,FALSE,101,528,TRUE,0.00250735144056588,27
97.7024344610317,0,0,97.7024344610317,100.735677829036,42.9739745002634,158.497381157808,100.932766243401,43.0622266262143,158.803305860588,100.151377306055,0,104.235166572576,0,100.349056859926,0,104.523118222621,0,"chi","I",33,528,0.5,0,0,0,FALSE,0,FALSE,101,528,TRUE,0.00250735144056588,27
97.7024344610317,0,0,97.7024344610317,100.735677829036,42.9739745002634,158.497381157808,100.823724292356,42.9707392293405,158.676709355371,100.151377306055,0,104.235166572576,0,100.233652514889,0,104.400005115385,0,"chi","I",33,528,0.5,0,0,0,FALSE,0,FALSE,101,528,TRUE,0.00250735144056588,27
97.7024344610317,0,0,97.7024344610317,100.735677829036,42.9739745002634,158.497381157808,100.635940228249,42.8783610639715,158.393519392526,100.151377306055,0,104.235166572576,0,100.048527351029,0,104.254931196615,0,"chi","I",33,528,0.5,0,0,0,FALSE,0,FALSE,101,528,TRUE,0.00250735144056588,27
97.7024344610317,0,0,97.7024344610317,100.735677829036,42.9739745002634,158.497381157808,100.956186601843,43.1743475303133,158.738025673372,100.151377306055,0,104.235166572576,0,100.360433393757,0,104.266526009279,0,"chi","I",33,528,0.5,0,0,0,FALSE,0,FALSE,101,528,TRUE,0.00250735144056588,27
97.7024344610317,0,0,97.7024344610317,100.735677829036,42.9739745002634,158.497381157808,100.581040622528,42.9544732626118,158.207607982445,100.151377306055,0,104.235166572576,0,99.9878833612079,0,103.921980265258,0,"chi","I",33,528,0.5,0,0,0,FALSE,0,FALSE,101,528,TRUE,0.00250735144056588,27
97.7024344610317,0,0,97.7024344610317,100.735677829036,42.9739745002634,158.497381157808,100.81661721395,43.0123472646736,158.620887163227,100.151377306055,0,104.235166572576,0,100.22775995209,0,104.295390223122,0,"chi","I",33,528,0.5,0,0,0,FALSE,0,FALSE,101,528,TRUE,0.00250735144056588,27
97.7024344610317,0,0,97.7024344610317,100.735677829036,42.9739745002634,158.497381157808,100.813136702784,43.0153689029478,158.610904502621,100.151377306055,0,104.235166572576,0,100.220639759293,0,104.280421791738,0,"chi","I",33,528,0.5,0,0,0,FALSE,0,FALSE,101,528,TRUE,0.00250735144056588,27
97.7024344610317,0,0,97.7024344610317,100.735677829036,42.9739745002634,158.497381157808,100.662624663493,43.069862774311,158.255386552675,100.151377306055,0,104.235166572576,0,100.058711938942,0,103.856909714705,0,"chi","I",33,528,0.5,0,0,0,FALSE,0,FALSE,101,528,TRUE,0.00250735144056588,27
97.7024344610317,0,0,97.7024344610317,100.735677829036,42.9739745002634,158.497381157808,100.930843040042,43.0628746383002,158.798811441784,100.151377306055,0,104.235166572576,0,100.342892506482,0,104.479305535994,0,"chi","I",33,528,0.5,0,0,0,FALSE,0,FALSE,101,528,TRUE,0.00250735144056588,27
97.7024344610317,0,0,97.7024344610317,100.735677829036,42.9739745002634,158.497381157808,101.000544151653,43.1313642109882,158.869724092317,100.151377306055,0,104.235166572576,0,100.413350876421,0,104.497735124483,0,"chi","I",33,528,0.5,0,0,0,FALSE,0,FALSE,101,528,TRUE,0.00250735144056588,27
97.7024344610317,0,0,97.7024344610317,100.735677829036,42.9739745002634,158.497381157808,100.877873688562,43.0421301093665,158.713617267757,100.151377306055,0,104.235166572576,0,100.28529452861,0,104.371350227645,0,"chi","I",33,528,0.5,0,0,0,FALSE,0,FALSE,101,528,TRUE,0.00250735144056588,27
97.7024344610317,0,0,97.7024344610317,100.735677829036,42.9739745002634,158.497381157808,100.641293530621,42.7720729648876,158.510514096355,100.151377306055,0,104.235166572576,0,100.055018965879,0,104.428494342179,0,"chi","I",33,528,0.5,0,0,0,FALSE,0,FALSE,101,528,TRUE,0.00250735144056588,27
97.7024344610317,0,0,97.7024344610317,100.735677829036,42.9739745002634,158.497381157808,100.727750289296,43.0507388245933,158.404761753998,100.151377306055,0,104.235166572576,0,100.132942867029,0,104.035063100514,0,"chi","I",33,528,0.5,0,0,0,FALSE,0,FALSE,101,528,TRUE,0.00250735144056588,27
97.7024344610317,0,0,97.7024344610317,100.735677829036,42.9739745002634,158.497381157808,100.726904766338,42.9099463523217,158.543863180354,100.151377306055,0,104.235166572576,0,100.13707697817,0,104.332733624962,0,"chi","I",33,528,0.5,0,0,0,FALSE,0,FALSE,101,528,TRUE,0.00250735144056588,27
97.7024344610317,0,0,97.7024344610317,100.735677829036,42.9739745002634,158.497381157808,100.566875778211,42.8967358335561,158.237015722866,100.151377306055,0,104.235166572576,0,99.9733269418248,0,104.013391658278,0,"chi","I",33,528,0.5,0,0,0,FALSE,0,FALSE,101,528,TRUE,0.00250735144056588,27
97.7024344610317,0,0,97.7024344610317,100.735677829036,42.9739745002634,158.497381157808,100.750027110055,42.9048443173285,158.595209902782,100.151377306055,0,104.235166572576,0,100.15889009227,0,104.375738888898,0,"chi","I",33,528,0.5,0,0,0,FALSE,0,FALSE,101,528,TRUE,0.00250735144056588,27
97.7024344610317,0,0,97.7024344610317,100.735677829036,42.9739745002634,158.497381157808,100.640390524529,42.9001760269929,158.380605022064,100.151377306055,0,104.235166572576,0,100.057404809336,0,104.179671232692,0,"chi","I",33,528,0.5,0,0,0,FALSE,0,FALSE,101,528,TRUE,0.00250735144056588,27
97.7024344610317,0,0,97.7024344610317,100.735677829036,42.9739745002634,158.497381157808,100.816519377931,43.0022395736844,158.630799182178,100.151377306055,0,104.235166572576,0,100.226870206052,0,104.311902968715,0,"chi","I",33,528,0.5,0,0,0,FALSE,0,FALSE,101,528,TRUE,0.00250735144056588,27
97.7024344610317,0,0,97.7024344610317,100.735677829036,42.9739745002634,158.497381157808,100.856991062975,43.0391547835169,158.674827342434,100.151377306055,0,104.235166572576,0,100.266278467639,0,104.319324209034,0,"chi","I",33,528,0.5,0,0,0,FALSE,0,FALSE,101,528,TRUE,0.00250735144056588,27
97.7024344610317,0,0,97.7024344610317,100.735677829036,42.9739745002634,158.497381157808,100.547654207223,42.7752307830886,158.320077631357,100.151377306055,0,104.235166572576,0,99.9610527923974,0,104.279655900065,0,"chi","I",33,528,0.5,0,0,0,FALSE,0,FALSE,101,528,TRUE,0.00250735144056588,27
97.7024344610317,0,0,97.7024344610317,100.735677829036,42.9739745002634,158.497381157808,100.885838195549,43.0146255507868,158.75705084031,100.151377306055,0,104.235166572576,0,100.295701500245,0,104.430945578147,0,"chi","I",33,528,0.5,0,0,0,FALSE,0,FALSE,101,528,TRUE,0.00250735144056588,27
97.7024344610317,0,0,97.7024344610317,100.735677829036,42.9739745002634,158.497381157808,100.769215597055,42.9310935037673,158.607337690344,100.151377306055,0,104.235166572576,0,100.177463275443,0,104.361425184316,0,"chi","I",33,528,0.5,0,0,0,FALSE,0,FALSE,101,528,TRUE,0.00250735144056588,27
97.7024344610317,0,0,97.7024344610317,100.735677829036,42.9739745002634,158.497381157808,100.78510351581,42.9138501704595,158.65635686116,100.151377306055,0,104.235166572576,0,100.195890632942,0,104.432343181454,0,"chi","I",33,528,0.5,0,0,0,FALSE,0,FALSE,101,528,TRUE,0.00250735144056588,27
97.7024344610317,0,0,97.7024344610317,100.735677829036,42.9739745002634,158.497381157808,100.785871844577,42.9286145462262,158.643129142928,100.151377306055,0,104.235166572576,0,100.194783607788,0,104.403797266174,0,"chi","I",33,528,0.5,0,0,0,FALSE,0,FALSE,101,528,TRUE,0.00250735144056588,27
97.7024344610317,0,0,97.7024344610317,100.735677829036,42.9739745002634,158.497381157808,100.743568988309,43.234967565084,158.252170411535,100.151377306055,0,104.235166572576,0,100.136127265929,0,103.675685915158,0,"chi","I",33,528,0.5,0,0,0,FALSE,0,FALSE,101,528,TRUE,0.00250735144056588,27
97.7024344610317,0,0,97.7024344610317,100.735677829036,42.9739745002634,158.497381157808,100.906183266295,43.0401053699177,158.772261162672,100.151377306055,0,104.235166572576,0,100.315072042799,0,104.424813525173,0,"chi","I",33,528,0.5,0,0,0,FALSE,0,FALSE,101,528,TRUE,0.00250735144056588,27
97.7024344610317,0,0,97.7024344610317,100.735677829036,42.9739745002634,158.497381157808,100.205657754381,42.4864146217243,157.924900887038,100.151377306055,0,104.235166572576,0,99.6184340270623,0,104.11422992985,0,"chi","I",33,528,0.5,0,0,0,FALSE,0,FALSE,101,528,TRUE,0.00250735144056588,27
97.7024344610317,0,0,97.7024344610317,100.735677829036,42.9739745002634,158.497381157808,100.765876527377,42.9080646082918,158.623688446462,100.151377306055,0,104.235166572576,0,100.177714847444,0,104.407468345507,0,"chi","I",33,528,0.5,0,0,0,FALSE,0,FALSE,101,528,TRUE,0.00250735144056588,27
97.7024344610317,0,0,97.7024344610317,100.735677829036,42.9739745002634,158.497381157808,100.871606798463,43.0080312171867,158.735182379739,100.151377306055,0,104.235166572576,0,100.283433617444,0,104.414048403821,0,"chi","I",33,528,0.5,0,0,0,FALSE,0,FALSE,101,528,TRUE,0.00250735144056588,27
97.7024344610317,0,0,97.7024344610317,100.735677829036,42.9739745002634,158.497381157808,100.022622846591,42.7035286697695,157.341717023412,100.151377306055,0,104.235166572576,0,99.4312457929929,0,103.365751803136,0,"chi","I",33,528,0.5,0,0,0,FALSE,0,FALSE,101,528,TRUE,0.00250735144056588,27
97.7024344610317,0,0,97.7024344610317,100.735677829036,42.9739745002634,158.497381157808,100.703267126524,42.9703612175149,158.436173035533,100.151377306055,0,104.235166572576,0,100.123478500623,0,104.267596181119,0,"chi","I",33,528,0.5,0,0,0,FALSE,0,FALSE,101,528,TRUE,0.00250735144056588,27
97.7024344610317,0,0,97.7024344610317,100.735677829036,42.9739745002634,158.497381157808,100.475444891598,42.8754260655487,158.075463717648,100.151377306055,0,104.235166572576,0,99.8810225555442,0,103.886181066944,0,"chi","I",33,528,0.5,0,0,0,FALSE,0,FALSE,101,528,TRUE,0.00250735144056588,27
97.7024344610317,0,0,97.7024344610317,100.735677829036,42.9739745002634,158.497381157808,100.696813697224,43.0199186153319,158.373708779116,100.151377306055,0,104.235166572576,0,100.111457343674,0,104.054039673043,0,"chi","I",33,528,0.5,0,0,0,FALSE,0,FALSE,101,528,TRUE,0.00250735144056588,27
97.7024344610317,0,0,97.7024344610317,100.735677829036,42.9739745002634,158.497381157808,1192.27395464071,939.731543467469,1444.81636581395,100.151377306055,0,104.235166572576,0,100.122330526689,0,104.301910239639,0,"chi","I",33,528,0.5,0,0,0,FALSE,0,FALSE,101,528,TRUE,0.00250735144056588,27
97.7024344610317,0,0,97.7024344610317,100.735677829036,42.9739745002634,158.497381157808,98.2915403544282,41.9161734607473,154.666907248109,100.151377306055,0,104.235166572576,0,100.23758102717,0,104.391277393951,0,"chi","I",33,528,0.5,0,0,0,FALSE,0,FALSE,101,528,TRUE,0.00250735144056588,27
97.7024344610317,0,0,97.7024344610317,100.735677829036,42.9739745002634,158.497381157808,100.957160688908,43.0981852164143,158.816136161402,100.151377306055,0,104.235166572576,0,100.365239976808,0,104.429269162571,0,"chi","I",33,528,0.5,0,0,0,FALSE,0,FALSE,101,528,TRUE,0.00250735144056588,27
97.7024344610317,0,0,97.7024344610317,100.735677829036,42.9739745002634,158.497381157808,100.763386760579,42.9683556158178,158.558417905341,100.151377306055,0,104.235166572576,0,100.17714316149,0,104.353521675009,0,"chi","I",33,528,0.5,0,0,0,FALSE,0,FALSE,101,528,TRUE,0.00250735144056588,27
97.7024344610317,0,0,97.7024344610317,100.735677829036,42.9739745002634,158.497381157808,100.865047343555,42.9937732673213,158.736321419788,100.151377306055,0,104.235166572576,0,100.275221333574,0,104.433006099288,0,"chi","I",33,528,0.5,0,0,0,FALSE,0,FALSE,101,528,TRUE,0.00250735144056588,27
97.7024344610317,0,0,97.7024344610317,100.735677829036,42.9739745002634,158.497381157808,100.842340834047,42.9891401266891,158.695541541405,100.151377306055,0,104.235166572576,0,100.254294860334,0,104.415341286172,0,"chi","I",33,528,0.5,0,0,0,FALSE,0,FALSE,101,528,TRUE,0.00250735144056588,27
97.7024344610317,0,0,97.7024344610317,100.735677829036,42.9739745002634,158.497381157808,100.948049091313,43.1183093032721,158.777788879355,100.151377306055,0,104.235166572576,0,100.363890822984,0,104.368344788081,0,"chi","I",33,528,0.5,0,0,0,FALSE,0,FALSE,101,528,TRUE,0.00250735144056588,27
97.7024344610317,0,0,97.7024344610317,100.735677829036,42.9739745002634,158.497381157808,100.681821507798,42.8363734030451,158.527269612552,100.151377306055,0,104.235166572576,0,100.091378382873,0,104.385293653188,0,"chi","I",33,528,0.5,0,0,0,FALSE,0,FALSE,101,528,TRUE,0.00250735144056588,27
97.7024344610317,0,0,97.7024344610317,100.735677829036,42.9739745002634,158.497381157808,100.799432948714,42.984721887821,158.614144009607,100.151377306055,0,104.235166572576,0,100.212289271488,0,104.381319935227,0,"chi","I",33,528,0.5,0,0,0,FALSE,0,FALSE,101,528,TRUE,0.00250735144056588,27
97.7024344610317,0,0,97.7024344610317,100.735677829036,42.9739745002634,158.497381157808,100.667686708442,42.9531996676449,158.382173749238,100.151377306055,0,104.235166572576,0,100.079692579236,0,104.169851859149,0,"chi","I",33,528,0.5,0,0,0,FALSE,0,FALSE,101,528,TRUE,0.00250735144056588,27
97.7024344610317,0,0,97.7024344610317,100.735677829036,42.9739745002634,158.497381157808,98.2019699235425,41.6823266610188,154.721613186066,100.151377306055,0,104.235166572576,0,97.6125893105922,0,101.629688505225,0,"chi","I",33,528,0.5,0,0,0,FALSE,0,FALSE,101,528,TRUE,0.00250735144056588,27
97.7024344610317,0,0,97.7024344610317,100.735677829036,42.9739745002634,158.497381157808,100.698303506866,42.8457144005623,158.550892613169,100.151377306055,0,104.235166572576,0,100.109351388852,0,104.392119698116,0,"chi","I",33,528,0.5,0,0,0,FALSE,0,FALSE,101,528,TRUE,0.00250735144056588,27
97.7024344610317,0,0,97.7024344610317,100.735677829036,42.9739745002634,158.497381157808,100.323372129533,42.4550362256676,158.191708033397,100.151377306055,0,104.235166572576,0,99.7463166155024,0,104.469614246755,0,"chi","I",33,528,0.5,0,0,0,FALSE,0,FALSE,101,528,TRUE,0.00250735144056588,27
97.7024344610317,0,0,97.7024344610317,100.735677829036,42.9739745002634,158.497381157808,100.847314170184,42.97628270074,158.718345639627,100.151377306055,0,104.235166572576,0,100.259042754441,0,104.42761975169,0,"chi","I",33,528,0.5,0,0,0,FALSE,0,FALSE,101,528,TRUE,0.00250735144056588,27
97.7024344610317,0,0,97.7024344610317,100.735677829036,42.9739745002634,158.497381157808,100.674711883877,43.019129376606,158.330294391147,100.151377306055,0,104.235166572576,0,100.085827853991,0,104.008368723406,0,"chi","I",33,528,0.5,0,0,0,FALSE,0,FALSE,101,528,TRUE,0.00250735144056588,27
97.7024344610317,0,0,97.7024344610317,100.735677829036,42.9739745002634,158.497381157808,100.869468548507,43.0388525115376,158.700084585477,100.151377306055,0,104.235166572576,0,100.279241188443,0,104.365493942973,0,"chi","I",33,528,0.5,0,0,0,FALSE,0,FALSE,101,528,TRUE,0.00250735144056588,27
97.7024344610317,0,0,97.7024344610317,100.735677829036,42.9739745002634,158.497381157808,100.907432311319,43.0455382490143,158.769326373624,100.151377306055,0,104.235166572576,0,100.317876651983,0,104.42875338322,0,"chi","I",33,528,0.5,0,0,0,FALSE,0,FALSE,101,528,TRUE,0.00250735144056588,27
97.7024344610317,0,0,97.7024344610317,100.735677829036,42.9739745002634,158.497381157808,100.84241943648,42.991929158325,158.692909714634,100.151377306055,0,104.235166572576,0,100.253121172075,0,104.403680303274,0,"chi","I",33,528,0.5,0,0,0,FALSE,0,FALSE,101,528,TRUE,0.00250735144056588,27
97.7024344610317,0,0,97.7024344610317,100.735677829036,42.9739745002634,158.497381157808,100.920874396031,43.073307497464,158.768441294599,100.151377306055,0,104.235166572576,0,100.330145214341,0,104.39929883694,0,"chi","I",33,528,0.5,0,0,0,FALSE,0,FALSE,101,528,TRUE,0.00250735144056588,27
97.7024344610317,0,0,97.7024344610317,100.735677829036,42.9739745002634,158.497381157808,100.535355955348,42.9295383163533,158.141173594343,100.151377306055,0,104.235166572576,0,99.9381021993085,0,103.876220660247,0,"chi","I",33,528,0.5,0,0,0,FALSE,0,FALSE,101,528,TRUE,0.00250735144056588,27
97.7024344610317,0,0,97.7024344610317,100.735677829036,42.9739745002634,158.497381157808,100.625510133036,42.7745929055556,158.476427360517,100.151377306055,0,104.235166572576,0,100.044067230027,0,104.407446325155,0,"chi","I",33,528,0.5,0,0,0,FALSE,0,FALSE,101,528,TRUE,0.00250735144056588,27
97.7024344610317,0,0,97.7024344610317,100.735677829036,42.9739745002634,158.497381157808,100.838514053657,43.0228589501597,158.654169157155,100.151377306055,0,104.235166572576,0,100.247230758396,0,104.338749037567,0,"chi","I",33,528,0.5,0,0,0,FALSE,0,FALSE,101,528,TRUE,0.00250735144056588,27
97.7024344610317,0,0,97.7024344610317,100.735677829036,42.9739745002634,158.497381157808,100.850564991123,43.051385595408,158.649744386838,100.151377306055,0,104.235166572576,0,100.257876977505,0,104.281275627168,0,"chi","I",33,528,0.5,0,0,0,FALSE,0,FALSE,101,528,TRUE,0.00250735144056588,27
97.7024344610317,0,0,97.7024344610317,100.735677829036,42.9739745002634,158.497381157808,100.882416501977,43.1459240160675,158.618908987886,100.151377306055,0,104.235166572576,0,100.290789827309,0,104.161628241596,0,"chi","I",33,528,0.5,0,0,0,FALSE,0,FALSE,101,528,TRUE,0.00250735144056588,27
97.7024344610317,0,0,97.7024344610317,100.735677829036,42.9739745002634,158.497381157808,100.872763617392,43.0389297712025,158.706597463582,100.151377306055,0,104.235166572576,0,100.281079622803,0,104.366295388272,0,"chi","I",33,528,0.5,0,0,0,FALSE,0,FALSE,101,528,TRUE,0.00250735144056588,27
97.7024344610317,0,0,97.7024344610317,100.735677829036,42.9739745002634,158.497381157808,100.114040130269,43.0891446932047,157.138935567333,100.151377306055,0,104.235166572576,0,99.5119874273551,0,102.784667853175,0,"chi","I",33,528,0.5,0,0,0,FALSE,0,FALSE,101,528,TRUE,0.00250735144056588,27
97.7024344610317,0,0,97.7024344610317,100.735677829036,42.9739745002634,158.497381157808,100.85252522066,43.0055639662251,158.699486475094,100.151377306055,0,104.235166572576,0,100.260753485952,0,104.383316603428,0,"chi","I",33,528,0.5,0,0,0,FALSE,0,FALSE,101,528,TRUE,0.00250735144056588,27
97.7024344610317,0,0,97.7024344610317,100.735677829036,42.9739745002634,158.497381157808,100.820945366641,42.981256926305,158.660633806977,100.151377306055,0,104.235166572576,0,100.23025168988,0,104.371652567639,0,"chi","I",33,528,0.5,0,0,0,FALSE,0,FALSE,101,528,TRUE,0.00250735144056588,27
97.7024344610317,0,0,97.7024344610317,100.735677829036,42.9739745002634,158.497381157808,100.811047198738,43.024573716997,158.597520680479,100.151377306055,0,104.235166572576,0,100.224824408847,0,104.313050638622,0,"chi","I",33,528,0.5,0,0,0,FALSE,0,FALSE,101,528,TRUE,0.00250735144056588,27
97.7024344610317,0,0,97.7024344610317,100.735677829036,42.9739745002634,158.497381157808,101.06903161109,43.2006756152468,158.937387606933,100.151377306055,0,104.235166572576,0,100.489294132141,0,104.57384597295,0,"chi","I",33,528,0.5,0,0,0,FALSE,0,FALSE,101,528,TRUE,0.00250735144056588,27
97.7024344610317,0,0,97.7024344610317,100.735677829036,42.9739745002634,158.497381157808,100.802755027362,42.9317145008697,158.673795553855,100.151377306055,0,104.235166572576,0,100.218794655157,0,104.485074853015,0,"chi","I",33,528,0.5,0,0,0,FALSE,0,FALSE,101,528,TRUE,0.00250735144056588,27
97.7024344610317,0,0,97.7024344610317,100.735677829036,42.9739745002634,158.497381157808,100.782876711315,42.9411327202266,158.624620702404,100.151377306055,0,104.235166572576,0,100.193385819272,0,104.369360181783,0,"chi","I",33,528,0.5,0,0,0,FALSE,0,FALSE,101,528,TRUE,0.00250735144056588,27
97.7024344610317,0,0,97.7024344610317,100.735677829036,42.9739745002634,158.497381157808,100.618059856998,42.7500214542946,158.4860982597,100.151377306055,0,104.235166572576,0,100.030963713332,0,104.42332659316,0,"chi","I",33,528,0.5,0,0,0,FALSE,0,FALSE,101,528,TRUE,0.00250735144056588,27
97.7024344610317,0,0,97.7024344610317,100.735677829036,42.9739745002634,158.497381157808,100.888949093588,43.0189829050785,158.758915282097,100.151377306055,0,104.235166572576,0,100.301459592735,0,104.431120889289,0,"chi","I",33,528,0.5,0,0,0,FALSE,0,FALSE,101,528,TRUE,0.00250735144056588,27
97.7024344610317,0,0,97.7024344610317,100.735677829036,42.9739745002634,158.497381157808,100.947497752026,43.1449510709631,158.750044433089,100.151377306055,0,104.235166572576,0,100.367736103239,0,104.427490880889,0,"chi","I",33,528,0.5,0,0,0,FALSE,0,FALSE,101,528,TRUE,0.00250735144056588,27
97.7024344610317,0,0,97.7024344610317,100.735677829036,42.9739745002634,158.497381157808,100.769577388298,42.9954069387533,158.543747837843,100.151377306055,0,104.235166572576,0,100.181235658597,0,104.233426875052,0,"chi","I",33,528,0.5,0,0,0,FALSE,0,FALSE,101,528,TRUE,0.00250735144056588,27
97.7024344610317,0,0,97.7024344610317,100.735677829036,42.9739745002634,158.497381157808,100.855086490614,42.9853996175491,158.724773363679,100.151377306055,0,104.235166572576,0,100.267491838931,0,104.438397120701,0,"chi","I",33,528,0.5,0,0,0,FALSE,0,FALSE,101,528,TRUE,0.00250735144056588,27
97.7024344610317,0,0,97.7024344610317,100.735677829036,42.9739745002634,158.497381157808,100.369972260499,42.8086352099806,157.931309311018,100.151377306055,0,104.235166572576,0,99.7714185489288,0,103.794309333847,0,"chi","I",33,528,0.5,0,0,0,FALSE,0,FALSE,101,528,TRUE,0.00250735144056588,27
97.7024344610317,0,0,97.7024344610317,100.735677829036,42.9739745002634,158.497381157808,100.824176910435,42.9723182552954,158.676035565574,100.151377306055,0,104.235166572576,0,100.230297227353,0,104.387684207975,0,"chi","I",33,528,0.5,0,0,0,FALSE,0,FALSE,101,528,TRUE,0.00250735144056588,27
97.7024344610317,0,0,97.7024344610317,100.735677829036,42.9739745002634,158.497381157808,100.526745878255,42.8069298327019,158.246561923807,100.151377306055,0,104.235166572576,0,99.9322822735152,0,104.115825379742,0,"chi","I",33,528,0.5,0,0,0,FALSE,0,FALSE,101,528,TRUE,0.00250735144056588,27
97.7024344610317,0,0,97.7024344610317,100.735677829036,42.9739745002634,158.497381157808,100.859427042508,42.9898626376023,158.728991447413,100.151377306055,0,104.235166572576,0,100.27092873316,0,104.424526942738,0,"chi","I",33,528,0.5,0,0,0,FALSE,0,FALSE,101,528,TRUE,0.00250735144056588,27
97.7024344610317,0,0,97.7024344610317,100.735677829036,42.9739745002634,158.497381157808,100.84816910602,43.0672908219409,158.6290473901,100.151377306055,0,104.235166572576,0,100.261043972884,0,104.299917200199,0,"chi","I",33,528,0.5,0,0,0,FALSE,0,FALSE,101,528,TRUE,0.00250735144056588,27
97.7024344610317,0,0,97.7024344610317,100.735677829036,42.9739745002634,158.497381157808,100.671734399833,42.8564800071616,158.486988792504,100.151377306055,0,104.235166572576,0,100.08126801014,0,104.321521595951,0,"chi","I",33,528,0.5,0,0,0,FALSE,0,FALSE,101,528,TRUE,0.00250735144056588,27
97.7024344610317,0,0,97.7024344610317,100.735677829036,42.9739745002634,158.497381157808,100.717989476924,42.8506939770899,158.585284976759,100.151377306055,0,104.235166572576,0,100.139146032285,0,104.489621479171,0,"chi","I",33,528,0.5,0,0,0,FALSE,0,FALSE,101,528,TRUE,0.00250735144056588,27
97.7024344610317,0,0,97.7024344610317,100.735677829036,42.9739745002634,158.497381157808,100.566759370665,42.9239264727672,158.209592268564,100.151377306055,0,104.235166572576,0,99.9780880890041,0,103.96143356496,0,"chi","I",33,528,0.5,0,0,0,FALSE,0,FALSE,101,528,TRUE,0.00250735144056588,27
97.7024344610317,0,0,97.7024344610317,100.735677829036,42.9739745002634,158.497381157808,100.853388396213,43.0130597056425,158.693717086784,100.151377306055,0,104.235166572576,0,100.267131728771,0,104.384961836017,0,"chi","I",33,528,0.5,0,0,0,FALSE,0,FALSE,101,528,TRUE,0.00250735144056588,27
97.7024344610317,0,0,97.7024344610317,100.735677829036,42.9739745002634,158.497381157808,100.747326296693,42.9190703856683,158.575582207718,100.151377306055,0,104.235166572576,0,100.155584236125,0,104.349750673956,0,"chi","I",33,528,0.5,0,0,0,FALSE,0,FALSE,101,528,TRUE,0.00250735144056588,27
97.7024344610317,0,0,97.7024344610317,100.735677829036,42.9739745002634,158.497381157808,100.80941101322,42.9531570183599,158.665665008079,100.151377306055,0,104.235166572576,0,100.221824982067,0,104.41164334224,0,"chi","I",33,528,0.5,0,0,0,FALSE,0,FALSE,101,528,TRUE,0.00250735144056588,27
97.7024344610317,0,0,97.7024344610317,100.735677829036,42.9739745002634,158.497381157808,100.545362336617,42.9133905375696,158.177334135665,100.151377306055,0,104.235166572576,0,99.9692913311013,0,104.195279667304,0,"chi","I",33,528,0.5,0,0,0,FALSE,0,FALSE,101,528,TRUE,0.00250735144056588,27
97.7024344610317,0,0,97.7024344610317,100.735677829036,42.9739745002634,158.497381157808,100.851965869375,43.0289091867673,158.675022551983,100.151377306055,0,104.235166572576,0,100.262590113831,0,104.334306815531,0,"chi","I",33,528,0.5,0,0,0,FALSE,0,FALSE,101,528,TRUE,0.00250735144056588,27
97.7024344610317,0,0,97.7024344610317,100.735677829036,42.9739745002634,158.497381157808,100.950714971661,43.085572563615,158.815857379707,100.151377306055,0,104.235166572576,0,100.373002387367,0,104.553323174072,0,"chi","I",33,528,0.5,0,0,0,FALSE,0,FALSE,101,528,TRUE,0.00250735144056588,27
97.7024344610317,0,0,97.7024344610317,100.735677829036,42.9739745002634,158.497381157808,100.398056837,42.639857508691,158.156256165309,100.151377306055,0,104.235166572576,0,99.8146545853436,0,104.257143342412,0,"chi","I",33,528,0.5,0,0,0,FALSE,0,FALSE,101,528,TRUE,0.00250735144056588,27
97.7024344610317,0,0,97.7024344610317,100.735677829036,42.9739745002634,158.497381157808,100.752968422738,43.2977817842354,158.208155061242,100.151377306055,0,104.235166572576,0,100.15932820849,0,103.569641824632,0,"chi","I",33,528,0.5,0,0,0,FALSE,0,FALSE,101,528,TRUE,0.00250735144056588,27
97.7024344610317,0,0,97.7024344610317,100.735677829036,42.9739745002634,158.497381157808,100.565011741103,42.8665862099008,158.263437272305,100.151377306055,0,104.235166572576,0,99.9697285386612,0,104.074567242274,0,"chi","I",33,528,0.5,0,0,0,FALSE,0,FALSE,101,528,TRUE,0.00250735144056588,27
97.7024344610317,0,0,97.7024344610317,100.735677829036,42.9739745002634,158.497381157808,100.791749658039,42.9515167378011,158.631982578278,100.151377306055,0,104.235166572576,0,100.200599951677,0,104.3635495071,0,"chi","I",33,528,0.5,0,0,0,FALSE,0,FALSE,101,528,TRUE,0.00250735144056588,27
97.7024344610317,0,0,97.7024344610317,100.735677829036,42.9739745002634,158.497381157808,101.201343754982,43.3663664245673,159.036321085397,100.151377306055,0,104.235166572576,0,100.616646502444,0,104.522210534954,0,"chi","I",33,528,0.5,0,0,0,FALSE,0,FALSE,101,528,TRUE,0.00250735144056588,27
97.7024344610317,0,0,97.7024344610317,100.735677829036,42.9739745002634,158.497381157808,100.783083890681,42.960270522813,158.605897258549,100.151377306055,0,104.235166572576,0,100.201283931472,0,104.450090250494,0,"chi","I",33,528,0.5,0,0,0,FALSE,0,FALSE,101,528,TRUE,0.00250735144056588,27
97.7024344610317,0,0,97.7024344610317,100.735677829036,42.9739745002634,158.497381157808,100.848497052765,42.9991788136892,158.69781529184,100.151377306055,0,104.235166572576,0,100.262826013402,0,104.391057814188,0,"chi","I",33,528,0.5,0,0,0,FALSE,0,FALSE,101,528,TRUE,0.00250735144056588,27
97.7024344610317,0,0,97.7024344610317,100.735677829036,42.9739745002634,158.497381157808,100.183588950525,42.3677150805965,157.999462820454,100.151377306055,0,104.235166572576,0,99.6036232451297,0,104.325278744932,0,"chi","I",33,528,0.5,0,0,0,FALSE,0,FALSE,101,528,TRUE,0.00250735144056588,27
97.7024344610317,0,0,97.7024344610317,100.735677829036,42.9739745002634,158.497381157808,100.88005207957,43.0299511193106,158.730153039829,100.151377306055,0,104.235166572576,0,100.290524177905,0,104.425888496526,0,"chi","I",33,528,0.5,0,0,0,FALSE,0,FALSE,101,528,TRUE,0.00250735144056588,27
97.7024344610317,0,0,97.7024344610317,100.735677829036,42.9739745002634,158.497381157808,100.874527090276,43.0450715907692,158.703982589782,100.151377306055,0,104.235166572576,0,100.283497638911,0,104.341127256417,0,"chi","I",33,528,0.5,0,0,0,FALSE,0,FALSE,101,528,TRUE,0.00250735144056588,27
97.7024344610317,0,0,97.7024344610317,100.735677829036,42.9739745002634,158.497381157808,100.75514001629,42.9072242987445,158.603055733835,100.151377306055,0,104.235166572576,0,100.17251742684,0,104.405187140201,0,"chi","I",33,528,0.5,0,0,0,FALSE,0,FALSE,101,528,TRUE,0.00250735144056588,27
97.7024344610317,0,0,97.7024344610317,100.735677829036,42.9739745002634,158.497381157808,100.359644022115,42.9704914789276,157.748796565302,100.151377306055,0,104.235166572576,0,100.175294044464,0,104.429322639786,0,"chi","I",33,528,0.5,0,0,0,FALSE,0,FALSE,101,528,TRUE,0.00250735144056588,27
97.7024344610317,0,0,97.7024344610317,100.735677829036,42.9739745002634,158.497381157808,100.869057983846,43.0251793085722,158.712936659119,100.151377306055,0,104.235166572576,0,100.27807618614,0,104.372082271958,0,"chi","I",33,528,0.5,0,0,0,FALSE,0,FALSE,101,528,TRUE,0.00250735144056588,27
97.7024344610317,0,0,97.7024344610317,100.735677829036,42.9739745002634,158.497381157808,100.748321905018,43.0338366074909,158.462807202546,100.151377306055,0,104.235166572576,0,100.156597921536,0,104.122002223779,0,"chi","I",33,528,0.5,0,0,0,FALSE,0,FALSE,101,528,TRUE,0.00250735144056588,27
97.7024344610317,0,0,97.7024344610317,100.735677829036,42.9739745002634,158.497381157808,99.6638178488735,43.4597626236742,155.867873074073,100.151377306055,0,104.235166572576,0,99.0305921253203,0,100.970604261636,0,"chi","I",33,528,0.5,0,0,0,FALSE,0,FALSE,101,528,TRUE,0.00250735144056588,27
97.7024344610317,0,0,97.7024344610317,100.735677829036,42.9739745002634,158.497381157808,100.853176764524,43.0006222544705,158.705731274577,100.151377306055,0,104.235166572576,0,100.273623363808,0,104.501172101206,0,"chi","I",33,528,0.5,0,0,0,FALSE,0,FALSE,101,528,TRUE,0.00250735144056588,27
97.7024344610317,0,0,97.7024344610317,100.735677829036,42.9739745002634,158.497381157808,100.894726046475,43.0811045161324,158.708347576817,100.151377306055,0,104.235166572576,0,100.30506013514,0,104.370643060709,0,"chi","I",33,528,0.5,0,0,0,FALSE,0,FALSE,101,528,TRUE,0.00250735144056588,27
97.7024344610317,0,0,97.7024344610317,100.735677829036,42.9739745002634,158.497381157808,100.361423644542,42.9139619797163,157.808885309368,100.151377306055,0,104.235166572576,0,99.780791743981,0,103.781896161225,0,"chi","I",33,528,0.5,0,0,0,FALSE,0,FALSE,101,528,TRUE,0.00250735144056588,27
97.7024344610317,0,0,97.7024344610317,100.735677829036,42.9739745002634,158.497381157808,100.903511267403,43.1239070716327,158.683115463173,100.151377306055,0,104.235166572576,0,100.308239673432,0,104.238414298668,0,"chi","I",33,528,0.5,0,0,0,FALSE,0,FALSE,101,528,TRUE,0.00250735144056588,27
97.7024344610317,0,0,97.7024344610317,100.735677829036,42.9739745002634,158.497381157808,100.839192063802,42.9967056778122,158.681678449793,100.151377306055,0,104.235166572576,0,100.248728279501,0,104.377483060971,0,"chi","I",33,528,0.5,0,0,0,FALSE,0,FALSE,101,528,TRUE,0.00250735144056588,27
97.7024344610317,0,0,97.7024344610317,100.735677829036,42.9739745002634,158.497381157808,100.88048179474,43.0157222036746,158.745241385805,100.151377306055,0,104.235166572576,0,100.29005786219,0,104.414563594546,0,"chi","I",33,528,0.5,0,0,0,FALSE,0,FALSE,101,528,TRUE,0.00250735144056588,27
97.7024344610317,0,0,97.7024344610317,100.735677829036,42.9739745002634,158.497381157808,99.5880154621313,42.4075673330321,156.76846359123,100.151377306055,0,104.235166572576,0,98.991581199732,0,103.050616147742,0,"chi","I",33,528,0.5,0,0,0,FALSE,0,FALSE,101,528,TRUE,0.00250735144056588,27
97.7024344610317,0,0,97.7024344610317,100.735677829036,42.9739745002634,158.497381157808,100.727781779389,42.875353341437,158.580210217341,100.151377306055,0,104.235166572576,0,100.142628037595,0,104.415324667147,0,"chi","I",33,528,0.5,0,0,0,FALSE,0,FALSE,101,528,TRUE,0.00250735144056588,27
97.7024344610317,0,0,97.7024344610317,100.735677829036,42.9739745002634,158.497381157808,100.94915262333,43.2337570957362,158.664548150923,100.151377306055,0,104.235166572576,0,100.356345338442,0,104.210089239642,0,"chi","I",33,528,0.5,0,0,0,FALSE,0,FALSE,101,528,TRUE,0.00250735144056588,27
97.7024344610317,0,0,97.7024344610317,100.735677829036,42.9739745002634,158.497381157808,100.859339122749,43.0493385739972,158.6693396715,100.151377306055,0,104.235166572576,0,100.265280360517,0,104.310615867096,0,"chi","I",33,528,0.5,0,0,0,FALSE,0,FALSE,101,528,TRUE,0.00250735144056588,27
97.7024344610317,0,0,97.7024344610317,100.735677829036,42.9739745002634,158.497381157808,100.435614614014,42.885922977487,157.985306250542,100.151377306055,0,104.235166572576,0,99.8448100065574,0,103.832878940714,0,"chi","I",33,528,0.5,0,0,0,FALSE,0,FALSE,101,528,TRUE,0.00250735144056588,27
97.7024344610317,0,0,97.7024344610317,100.735677829036,42.9739745002634,158.497381157808,100.892191232564,43.0276998131266,158.756682652002,100.151377306055,0,104.235166572576,0,100.304153124639,0,104.426734443727,0,"chi","I",33,528,0.5,0,0,0,FALSE,0,FALSE,101,528,TRUE,0.00250735144056588,27
97.7024344610317,0,0,97.7024344610317,100.735677829036,42.9739745002634,158.497381157808,100.931105865574,43.0818022877999,158.780409443348,100.151377306055,0,104.235166572576,0,100.339025767207,0,104.400255556833,0,"chi","I",33,528,0.5,0,0,0,FALSE,0,FALSE,101,528,TRUE,0.00250735144056588,27
97.7024344610317,0,0,97.7024344610317,100.735677829036,42.9739745002634,158.497381157808,100.726422376136,42.919964624687,158.532880127584,100.151377306055,0,104.235166572576,0,100.135823980154,0,104.317626524433,0,"chi","I",33,528,0.5,0,0,0,FALSE,0,FALSE,101,528,TRUE,0.00250735144056588,27
97.7024344610317,0,0,97.7024344610317,100.735677829036,42.9739745002634,158.497381157808,100.772351042325,42.9778981514262,158.566803933225,100.151377306055,0,104.235166572576,0,100.183111902967,0,104.285423692679,0,"chi","I",33,528,0.5,0,0,0,FALSE,0,FALSE,101,528,TRUE,0.00250735144056588,27
97.7024344610317,0,0,97.7024344610317,100.735677829036,42.9739745002634,158.497381157808,100.74233705207,42.9403788222978,158.544295281841,100.151377306055,0,104.235166572576,0,100.150652837916,0,104.297216920096,0,"chi","I",33,528,0.5,0,0,0,FALSE,0,FALSE,101,528,TRUE,0.00250735144056588,27
97.7024344610317,0,0,97.7024344610317,100.735677829036,42.9739745002634,158.497381157808,100.706345896944,42.8380483212911,158.574643472597,100.151377306055,0,104.235166572576,0,100.118854012447,0,104.438097775064,0,"chi","I",33,528,0.5,0,0,0,FALSE,0,FALSE,101,528,TRUE,0.00250735144056588,27
97.7024344610317,0,0,97.7024344610317,100.735677829036,42.9739745002634,158.497381157808,100.698296725415,42.8541943109085,158.542399139922,100.151377306055,0,104.235166572576,0,100.108284416342,0,104.397027833687,0,"chi","I",33,528,0.5,0,0,0,FALSE,0,FALSE,101,528,TRUE,0.00250735144056588,27
97.7024344610317,0,0,97.7024344610317,100.735677829036,42.9739745002634,158.497381157808,99.9481047085122,42.7757242561501,157.120485160874,100.151377306055,0,104.235166572576,0,99.3495684315499,0,103.051602374747,0,"chi","I",33,528,0.5,0,0,0,FALSE,0,FALSE,101,528,TRUE,0.00250735144056588,27
97.7024344610317,0,0,97.7024344610317,100.735677829036,42.9739745002634,158.497381157808,100.734846122687,42.8736660668363,158.596026178538,100.151377306055,0,104.235166572576,0,100.147402693515,0,104.436395040194,0,"chi","I",33,528,0.5,0,0,0,FALSE,0,FALSE,101,528,TRUE,0.00250735144056588,27
97.7024344610317,0,0,97.7024344610317,100.735677829036,42.9739745002634,158.497381157808,100.899045970109,43.0744130353895,158.723678904828,100.151377306055,0,104.235166572576,0,100.317775369823,0,104.471929293626,0,"chi","I",33,528,0.5,0,0,0,FALSE,0,FALSE,101,528,TRUE,0.00250735144056588,27
97.7024344610317,0,0,97.7024344610317,100.735677829036,42.9739745002634,158.497381157808,100.930219434109,43.1319595462327,158.728479321985,100.151377306055,0,104.235166572576,0,100.357190668351,0,104.486697792718,0,"chi","I",33,528,0.5,0,0,0,FALSE,0,FALSE,101,528,TRUE,0.00250735144056588,27
97.7024344610317,0,0,97.7024344610317,100.735677829036,42.9739745002634,158.497381157808,100.547501888893,42.7549163534384,158.340087424348,100.151377306055,0,104.235166572576,0,99.9596522286875,0,104.288025223677,0,"chi","I",33,528,0.5,0,0,0,FALSE,0,FALSE,101,528,TRUE,0.00250735144056588,27
97.7024344610317,0,0,97.7024344610317,100.735677829036,42.9739745002634,158.497381157808,100.832172850218,42.9992371963053,158.66510850413,100.151377306055,0,104.235166572576,0,100.240871207811,0,104.349667996402,0,"chi","I",33,528,0.5,0,0,0,FALSE,0,FALSE,101,528,TRUE,0.00250735144056588,27
97.7024344610317,0,0,97.7024344610317,100.735677829036,42.9739745002634,158.497381157808,100.882264237017,43.0424716545972,158.722056819438,100.151377306055,0,104.235166572576,0,100.290669056011,0,104.36401373022,0,"chi","I",33,528,0.5,0,0,0,FALSE,0,FALSE,101,528,TRUE,0.00250735144056588,27
97.7024344610317,0,0,97.7024344610317,100.735677829036,42.9739745002634,158.497381157808,100.855873901633,43.0001019968181,158.711645806448,100.151377306055,0,104.235166572576,0,100.262929817306,0,104.403621928642,0,"chi","I",33,528,0.5,0,0,0,FALSE,0,FALSE,101,528,TRUE,0.00250735144056588,27
97.7024344610317,0,0,97.7024344610317,100.735677829036,42.9739745002634,158.497381157808,100.869804292604,43.0017340777203,158.737874507488,100.151377306055,0,104.235166572576,0,100.287335885428,0,104.527452818441,0,"chi","I",33,528,0.5,0,0,0,FALSE,0,FALSE,101,528,TRUE,0.00250735144056588,27
97.7024344610317,0,0,97.7024344610317,100.735677829036,42.9739745002634,158.497381157808,100.837390951834,42.966795750869,158.707986152799,100.151377306055,0,104.235166572576,0,100.245810329166,0,104.429302269318,0,"chi","I",33,528,0.5,0,0,0,FALSE,0,FALSE,101,528,TRUE,0.00250735144056588,27
97.7024344610317,0,0,97.7024344610317,100.735677829036,42.9739745002634,158.497381157808,100.885668439423,43.0224290094419,158.748907869405,100.151377306055,0,104.235166572576,0,100.294331284585,0,104.412185932914,0,"chi","I",33,528,0.5,0,0,0,FALSE,0,FALSE,101,528,TRUE,0.00250735144056588,27
97.7024344610317,0,0,97.7024344610317,100.735677829036,42.9739745002634,158.497381157808,100.455810662535,42.6157213911254,158.295899933946,100.151377306055,0,104.235166572576,0,99.870778640505,0,104.377277820938,0,"chi","I",33,528,0.5,0,0,0,FALSE,0,FALSE,101,528,TRUE,0.00250735144056588,27
97.7024344610317,0,0,97.7024344610317,100.735677829036,42.9739745002634,158.497381157808,100.941852662043,43.0714134892497,158.812291834837,100.151377306055,0,104.235166572576,0,100.35027684807,0,104.441381951551,0,"chi","I",33,528,0.5,0,0,0,FALSE,0,FALSE,101,528,TRUE,0.00250735144056588,27
97.7024344610317,0,0,97.7024344610317,100.735677829036,42.9739745002634,158.497381157808,100.847198842077,43.3237431835941,158.370654500561,100.151377306055,0,104.235166572576,0,100.242079097519,0,103.708334421999,0,"chi","I",33,528,0.5,0,0,0,FALSE,0,FALSE,101,528,TRUE,0.00250735144056588,27
97.7024344610317,0,0,97.7024344610317,100.735677829036,42.9739745002634,158.497381157808,99.9390410949122,42.106982242432,157.771099947392,100.151377306055,0,104.235166572576,0,99.37321399544,0,104.396672609598,0,"chi","I",33,528,0.5,0,0,0,FALSE,0,FALSE,101,528,TRUE,0.00250735144056588,27
97.7024344610317,0,0,97.7024344610317,100.735677829036,42.9739745002634,158.497381157808,100.850453126414,42.9805552936945,158.720350959133,100.151377306055,0,104.235166572576,0,100.261173108397,0,104.428414882623,0,"chi","I",33,528,0.5,0,0,0,FALSE,0,FALSE,101,528,TRUE,0.00250735144056588,27
97.7024344610317,0,0,97.7024344610317,100.735677829036,42.9739745002634,158.497381157808,100.843196517434,43.0219034537391,158.664489581129,100.151377306055,0,104.235166572576,0,100.250221449525,0,104.327395734288,0,"chi","I",33,528,0.5,0,0,0,FALSE,0,FALSE,101,528,TRUE,0.00250735144056588,27
97.7024344610317,0,0,97.7024344610317,100.735677829036,42.9739745002634,158.497381157808,100.873132168584,43.0018246205866,158.744439716582,100.151377306055,0,104.235166572576,0,100.283190822638,0,104.461587719499,0,"chi","I",33,528,0.5,0,0,0,FALSE,0,FALSE,101,528,TRUE,0.00250735144056588,27
97.7024344610317,0,0,97.7024344610317,100.735677829036,42.9739745002634,158.497381157808,100.960591536972,43.0898909183559,158.831292155588,100.151377306055,0,104.235166572576,0,100.375832131336,0,104.520137516115,0,"chi","I",33,528,0.5,0,0,0,FALSE,0,FALSE,101,528,TRUE,0.00250735144056588,27
97.7024344610317,0,0,97.7024344610317,100.735677829036,42.9739745002634,158.497381157808,100.866734302465,43.0078897415688,158.725578863361,100.151377306055,0,104.235166572576,0,100.275800891399,0,104.404707486647,0,"chi","I",33,528,0.5,0,0,0,FALSE,0,FALSE,101,528,TRUE,0.00250735144056588,27
97.7024344610317,0,0,97.7024344610317,100.735677829036,42.9739745002634,158.497381157808,100.993508463879,43.1483843057982,158.838632621961,100.151377306055,0,104.235166572576,0,100.402063711404,0,104.411950390168,0,"chi","I",33,528,0.5,0,0,0,FALSE,0,FALSE,101,528,TRUE,0.00250735144056588,27
97.7024344610317,0,0,97.7024344610317,100.735677829036,42.9739745002634,158.497381157808,100.857960698101,43.0551795909578,158.660741805244,100.151377306055,0,104.235166572576,0,100.268827824717,0,104.342106987857,0,"chi","I",33,528,0.5,0,0,0,FALSE,0,FALSE,101,528,TRUE,0.00250735144056588,27
97.7024344610317,0,0,97.7024344610317,100.735677829036,42.9739745002634,158.497381157808,100.954066473199,43.1256690907173,158.782463855681,100.151377306055,0,104.235166572576,0,100.369453802411,0,104.429386541436,0,"chi","I",33,528,0.5,0,0,0,FALSE,0,FALSE,101,528,TRUE,0.00250735144056588,27
97.7024344610317,0,0,97.7024344610317,100.735677829036,42.9739745002634,158.497381157808,101.085171951913,43.2851452483155,158.88519865551,100.151377306055,0,104.235166572576,0,100.493096444399,0,104.331777900847,0,"chi","I",33,528,0.5,0,0,0,FALSE,0,FALSE,101,528,TRUE,0.00250735144056588,27
97.7024344610317,0,0,97.7024344610317,100.735677829036,42.9739745002634,158.497381157808,100.843335108592,42.9724023745837,158.714267842601,100.151377306055,0,104.235166572576,0,100.261939692175,0,104.429622250182,0,"chi","I",33,528,0.5,0,0,0,FALSE,0,FALSE,101,528,TRUE,0.00250735144056588,27
97.7024344610317,0,0,97.7024344610317,100.735677829036,42.9739745002634,158.497381157808,99.9198299302392,42.8908546113477,156.948805249131,100.151377306055,0,104.235166572576,0,99.3192377040706,0,102.703855252931,0,"chi","I",33,528,0.5,0,0,0,FALSE,0,FALSE,101,528,TRUE,0.00250735144056588,27
97.7024344610317,0,0,97.7024344610317,100.735677829036,42.9739745002634,158.497381157808,100.741768556571,42.8819091716799,158.601627941462,100.151377306055,0,104.235166572576,0,100.155384409335,0,104.447190922051,0,"chi","I",33,528,0.5,0,0,0,FALSE,0,FALSE,101,528,TRUE,0.00250735144056588,27
97.7024344610317,0,0,97.7024344610317,100.735677829036,42.9739745002634,158.497381157808,100.81443402797,42.964855488972,158.664012566967,100.151377306055,0,104.235166572576,0,100.226797947086,0,104.435205106957,0,"chi","I",33,528,0.5,0,0,0,FALSE,0,FALSE,101,528,TRUE,0.00250735144056588,27
97.7024344610317,0,0,97.7024344610317,100.735677829036,42.9739745002634,158.497381157808,100.727330021947,42.9632566259743,158.491403417919,100.151377306055,0,104.235166572576,0,100.141101943025,0,104.289330666003,0,"chi","I",33,528,0.5,0,0,0,FALSE,0,FALSE,101,528,TRUE,0.00250735144056588,27
97.7024344610317,0,0,97.7024344610317,100.735677829036,42.9739745002634,158.497381157808,100.861241230065,43.0204780470856,158.702004413043,100.151377306055,0,104.235166572576,0,100.269922486841,0,104.367691218357,0,"chi","I",33,528,0.5,0,0,0,FALSE,0,FALSE,101,528,TRUE,0.00250735144056588,27
97.7024344610317,0,0,97.7024344610317,100.735677829036,42.9739745002634,158.497381157808,100.774785900051,43.0407911503432,158.508780649758,100.151377306055,0,104.235166572576,0,100.183595884048,0,104.156916074096,0,"chi","I",33,528,0.5,0,0,0,FALSE,0,FALSE,101,528,TRUE,0.00250735144056588,27
97.7024344610317,0,0,97.7024344610317,100.735677829036,42.9739745002634,158.497381157808,100.947287304371,43.1128432009525,158.781731407789,100.151377306055,0,104.235166572576,0,100.364723341845,0,104.469401332895,0,"chi","I",33,528,0.5,0,0,0,FALSE,0,FALSE,101,528,TRUE,0.00250735144056588,27
97.7024344610317,0,0,97.7024344610317,100.735677829036,42.9739745002634,158.497381157808,99.8136770038115,42.3052569813201,157.322097026303,100.151377306055,0,104.235166572576,0,99.2297003480555,0,103.684431561153,0,"chi","I",33,528,0.5,0,0,0,FALSE,0,FALSE,101,528,TRUE,0.00250735144056588,27
97.7024344610317,0,0,97.7024344610317,100.735677829036,42.9739745002634,158.497381157808,100.367833451107,42.7480002739571,157.987666628257,100.151377306055,0,104.235166572576,0,99.7821812298527,0,103.914556522019,0,"chi","I",33,528,0.5,0,0,0,FALSE,0,FALSE,101,528,TRUE,0.00250735144056588,27
97.7024344610317,0,0,97.7024344610317,100.735677829036,42.9739745002634,158.497381157808,100.361796448218,42.8283929568705,157.895199939565,100.151377306055,0,104.235166572576,0,99.7735055874572,0,103.743159696495,0,"chi","I",33,528,0.5,0,0,0,FALSE,0,FALSE,101,528,TRUE,0.00250735144056588,27
97.7024344610317,0,0,97.7024344610317,100.735677829036,42.9739745002634,158.497381157808,100.568044230051,42.7807876636372,158.355300796465,100.151377306055,0,104.235166572576,0,99.9762661491466,0,104.25510213366,0,"chi","I",33,528,0.5,0,0,0,FALSE,0,FALSE,101,528,TRUE,0.00250735144056588,27
97.7024344610317,0,0,97.7024344610317,100.735677829036,42.9739745002634,158.497381157808,103.822509133111,45.978399350318,161.666618915904,100.151377306055,0,104.235166572576,0,100.206833676062,0,104.41960554787,0,"chi","I",33,528,0.5,0,0,0,FALSE,0,FALSE,101,528,TRUE,0.00250735144056588,27
97.7024344610317,0,0,97.7024344610317,100.735677829036,42.9739745002634,158.497381157808,100.9534614463,43.141306585444,158.765616307155,100.151377306055,0,104.235166572576,0,100.358658833533,0,104.319012321874,0,"chi","I",33,528,0.5,0,0,0,FALSE,0,FALSE,101,528,TRUE,0.00250735144056588,27
97.7024344610317,0,0,97.7024344610317,100.735677829036,42.9739745002634,158.497381157808,100.84945037397,43.0090421655474,158.689858582393,100.151377306055,0,104.235166572576,0,100.259221172488,0,104.393288459596,0,"chi","I",33,528,0.5,0,0,0,FALSE,0,FALSE,101,528,TRUE,0.00250735144056588,27
97.7024344610317,0,0,97.7024344610317,100.735677829036,42.9739745002634,158.497381157808,100.812156251023,42.9951919934046,158.629120508642,100.151377306055,0,104.235166572576,0,100.226649804035,0,104.391054574145,0,"chi","I",33,528,0.5,0,0,0,FALSE,0,FALSE,101,528,TRUE,0.00250735144056588,27
97.7024344610317,0,0,97.7024344610317,100.735677829036,42.9739745002634,158.497381157808,100.844822694744,43.0409516041579,158.64869378533,100.151377306055,0,104.235166572576,0,100.252856642973,0,104.293190943043,0,"chi","I",33,528,0.5,0,0,0,FALSE,0,FALSE,101,528,TRUE,0.00250735144056588,27
97.7024344610317,0,0,97.7024344610317,100.735677829036,42.9739745002634,158.497381157808,100.762356221621,42.9548171366449,158.569895306596,100.151377306055,0,104.235166572576,0,100.176183746196,0,104.371950720442,0,"chi","I",33,528,0.5,0,0,0,FALSE,0,FALSE,101,528,TRUE,0.00250735144056588,27
97.7024344610317,0,0,97.7024344610317,100.735677829036,42.9739745002634,158.497381157808,99.6742147791715,42.3908103083742,156.957619249969,100.151377306055,0,104.235166572576,0,99.0799702897533,0,103.220121019519,0,"chi","I",33,528,0.5,0,0,0,FALSE,0,FALSE,101,528,TRUE,0.00250735144056588,27
97.7024344610317,0,0,97.7024344610317,100.735677829036,42.9739745002634,158.497381157808,100.83767924952,42.9664890858827,158.708869413158,100.151377306055,0,104.235166572576,0,100.24770829221,0,104.445519676455,0,"chi","I",33,528,0.5,0,0,0,FALSE,0,FALSE,101,528,TRUE,0.00250735144056588,27
97.7024344610317,0,0,97.7024344610317,100.735677829036,42.9739745002634,158.497381157808,100.905544030344,43.0694603185369,158.741627742151,100.151377306055,0,104.235166572576,0,100.320415588696,0,104.411279988394,0,"chi","I",33,528,0.5,0,0,0,FALSE,0,FALSE,101,528,TRUE,0.00250735144056588,27
97.7024344610317,0,0,97.7024344610317,100.735677829036,42.9739745002634,158.497381157808,100.879938237492,43.010455119931,158.749421355052,100.151377306055,0,104.235166572576,0,100.289295241422,0,104.42974166975,0,"chi","I",33,528,0.5,0,0,0,FALSE,0,FALSE,101,528,TRUE,0.00250735144056588,27
97.7024344610317,0,0,97.7024344610317,100.735677829036,42.9739745002634,158.497381157808,100.713606344631,43.0354748641271,158.391737825134,100.151377306055,0,104.235166572576,0,100.117019704695,0,104.03901538356,0,"chi","I",33,528,0.5,0,0,0,FALSE,0,FALSE,101,528,TRUE,0.00250735144056588,27
97.7024344610317,0,0,97.7024344610317,100.735677829036,42.9739745002634,158.497381157808,100.791264205068,43.3258132770433,158.256715133093,100.151377306055,0,104.235166572576,0,100.186448316047,0,103.586568629151,0,"chi","I",33,528,0.5,0,0,0,FALSE,0,FALSE,101,528,TRUE,0.00250735144056588,27
97.7024344610317,0,0,97.7024344610317,100.735677829036,42.9739745002634,158.497381157808,100.919507635508,43.0533828507605,158.785632420255,100.151377306055,0,104.235166572576,0,100.330466722258,0,104.427562065624,0,"chi","I",33,528,0.5,0,0,0,FALSE,0,FALSE,101,528,TRUE,0.00250735144056588,27
97.7024344610317,0,0,97.7024344610317,100.735677829036,42.9739745002634,158.497381157808,100.691101776445,43.0219603062896,158.360243246599,100.151377306055,0,104.235166572576,0,100.099132354519,0,104.037247511956,0,"chi","I",33,528,0.5,0,0,0,FALSE,0,FALSE,101,528,TRUE,0.00250735144056588,27
97.7024344610317,0,0,97.7024344610317,100.735677829036,42.9739745002634,158.497381157808,100.700424566892,42.9507632461175,158.450085887666,100.151377306055,0,104.235166572576,0,100.115118148744,0,104.197319973039,0,"chi","I",33,528,0.5,0,0,0,FALSE,0,FALSE,101,528,TRUE,0.00250735144056588,27
97.7024344610317,0,0,97.7024344610317,100.735677829036,42.9739745002634,158.497381157808,100.873716467644,43.0136510124645,158.733781922823,100.151377306055,0,104.235166572576,0,100.281723309103,0,104.414057729356,0,"chi","I",33,528,0.5,0,0,0,FALSE,0,FALSE,101,528,TRUE,0.00250735144056588,27
97.7024344610317,0,0,97.7024344610317,100.735677829036,42.9739745002634,158.497381157808,100.59601104334,42.9789498484083,158.213072238272,100.151377306055,0,104.235166572576,0,100.000488106511,0,103.925884683664,0,"chi","I",33,528,0.5,0,0,0,FALSE,0,FALSE,101,528,TRUE,0.00250735144056588,27
97.7024344610317,0,0,97.7024344610317,100.735677829036,42.9739745002634,158.497381157808,100.893913063616,43.20966318682,158.578162940412,100.151377306055,0,104.235166572576,0,100.295547448229,0,104.050853479307,0,"chi","I",33,528,0.5,0,0,0,FALSE,0,FALSE,101,528,TRUE,0.00250735144056588,27
97.7024344610317,0,0,97.7024344610317,100.735677829036,42.9739745002634,158.497381157808,100.405350153284,42.8756914297622,157.935008876806,100.151377306055,0,104.235166572576,0,99.8281403881425,0,103.976834436509,0,"chi","I",33,528,0.5,0,0,0,FALSE,0,FALSE,101,528,TRUE,0.00250735144056588,27
97.7024344610317,0,0,97.7024344610317,100.735677829036,42.9739745002634,158.497381157808,94.8999183713474,40.5958125053236,149.204024237371,100.151377306055,0,104.235166572576,0,100.157970105695,0,104.237078825349,0,"chi","I",33,528,0.5,0,0,0,FALSE,0,FALSE,101,528,TRUE,0.00250735144056588,27
97.7024344610317,0,0,97.7024344610317,100.735677829036,42.9739745002634,158.497381157808,100.873286108371,43.0025643557691,158.744007860974,100.151377306055,0,104.235166572576,0,100.281992427533,0,104.435521566396,0,"chi","I",33,528,0.5,0,0,0,FALSE,0,FALSE,101,528,TRUE,0.00250735144056588,27
97.7024344610317,0,0,97.7024344610317,100.735677829036,42.9739745002634,158.497381157808,100.864472532491,43.0126715328837,158.716273532098,100.151377306055,0,104.235166572576,0,100.268680516719,0,104.38896016924,0,"chi","I",33,528,0.5,0,0,0,FALSE,0,FALSE,101,528,TRUE,0.00250735144056588,27
97.7024344610317,0,0,97.7024344610317,100.735677829036,42.9739745002634,158.497381157808,100.549546712888,42.8988518306622,158.200241595114,100.151377306055,0,104.235166572576,0,99.9579447632134,0,104.020928738192,0,"chi","I",33,528,0.5,0,0,0,FALSE,0,FALSE,101,528,TRUE,0.00250735144056588,27
97.7024344610317,0,0,97.7024344610317,100.735677829036,42.9739745002634,158.497381157808,100.894801713795,43.0240617272184,158.765541700371,100.151377306055,0,104.235166572576,0,100.31039377293,0,104.478595220614,0,"chi","I",33,528,0.5,0,0,0,FALSE,0,FALSE,101,528,TRUE,0.00250735144056588,27
97.7024344610317,0,0,97.7024344610317,100.735677829036,42.9739745002634,158.497381157808,100.918130421663,43.264098258962,158.572162584363,100.151377306055,0,104.235166572576,0,100.320602144853,0,103.991285448085,0,"chi","I",33,528,0.5,0,0,0,FALSE,0,FALSE,101,528,TRUE,0.00250735144056588,27
97.7024344610317,0,0,97.7024344610317,100.735677829036,42.9739745002634,158.497381157808,99.381722373069,42.0027311651602,156.760713580978,100.151377306055,0,104.235166572576,0,98.8018406722793,0,103.499556625415,0,"chi","I",33,528,0.5,0,0,0,FALSE,0,FALSE,101,528,TRUE,0.00250735144056588,27
97.7024344610317,0,0,97.7024344610317,100.735677829036,42.9739745002634,158.497381157808,100.670319950798,42.825305964108,158.515333937489,100.151377306055,0,104.235166572576,0,100.078604173577,0,104.390420585578,0,"chi","I",33,528,0.5,0,0,0,FALSE,0,FALSE,101,528,TRUE,0.00250735144056588,27
97.7024344610317,0,0,97.7024344610317,100.735677829036,42.9739745002634,158.497381157808,100.711820358661,42.8663179008366,158.557322816486,100.151377306055,0,104.235166572576,0,100.119717254504,0,104.375050883526,0,"chi","I",33,528,0.5,0,0,0,FALSE,0,FALSE,101,528,TRUE,0.00250735144056588,27
97.7024344610317,0,0,97.7024344610317,100.735677829036,42.9739745002634,158.497381157808,100.679509584298,42.8108169285924,158.548202240003,100.151377306055,0,104.235166572576,0,100.090619207879,0,104.436141346612,0,"chi","I",33,528,0.5,0,0,0,FALSE,0,FALSE,101,528,TRUE,0.00250735144056588,27
97.7024344610317,0,0,97.7024344610317,100.735677829036,42.9739745002634,158.497381157808,100.892899242965,43.0261483551109,158.75965013082,100.151377306055,0,104.235166572576,0,100.30313594501,0,104.424743208182,0,"chi","I",33,528,0.5,0,0,0,FALSE,0,FALSE,101,528,TRUE,0.00250735144056588,27
97.7024344610317,0,0,97.7024344610317,100.735677829036,42.9739745002634,158.497381157808,100.834802277416,42.9733637554462,158.696240799386,100.151377306055,0,104.235166572576,0,100.245078264858,0,104.419630084376,0,"chi","I",33,528,0.5,0,0,0,FALSE,0,FALSE,101,528,TRUE,0.00250735144056588,27
97.7024344610317,0,0,97.7024344610317,100.735677829036,42.9739745002634,158.497381157808,100.912247869954,43.0619143943197,158.762581345589,100.151377306055,0,104.235166572576,0,100.325090705902,0,104.409446947939,0,"chi","I",33,528,0.5,0,0,0,FALSE,0,FALSE,101,528,TRUE,0.00250735144056588,27
97.7024344610317,0,0,97.7024344610317,100.735677829036,42.9739745002634,158.497381157808,100.713798291121,42.978667124958,158.448929457284,100.151377306055,0,104.235166572576,0,100.131809926725,0,104.170029141817,0,"chi","I",33,528,0.5,0,0,0,FALSE,0,FALSE,101,528,TRUE,0.00250735144056588,27
97.7024344610317,0,0,97.7024344610317,100.735677829036,42.9739745002634,158.497381157808,100.74118953181,42.9832943109249,158.499084752695,100.151377306055,0,104.235166572576,0,100.148479189003,0,104.193767972093,0,"chi","I",33,528,0.5,0,0,0,FALSE,0,FALSE,101,528,TRUE,0.00250735144056588,27
97.7024344610317,0,0,97.7024344610317,100.735677829036,42.9739745002634,158.497381157808,100.855033935925,43.0381555719626,158.671912299888,100.151377306055,0,104.235166572576,0,100.258029239344,0,104.315661733985,0,"chi","I",33,528,0.5,0,0,0,FALSE,0,FALSE,101,528,TRUE,0.00250735144056588,27
97.7024344610317,0,0,97.7024344610317,100.735677829036,42.9739745002634,158.497381157808,100.734265834366,42.9226968550761,158.545834813655,100.151377306055,0,104.235166572576,0,100.144411701053,0,104.319100067993,0,"chi","I",33,528,0.5,0,0,0,FALSE,0,FALSE,101,528,TRUE,0.00250735144056588,27
97.7024344610317,0,0,97.7024344610317,100.735677829036,42.9739745002634,158.497381157808,100.584174088464,42.9674536319433,158.200894544985,100.151377306055,0,104.235166572576,0,99.9968922212125,0,104.023376938807,0,"chi","I",33,528,0.5,0,0,0,FALSE,0,FALSE,101,528,TRUE,0.00250735144056588,27
97.7024344610317,0,0,97.7024344610317,100.735677829036,42.9739745002634,158.497381157808,100.845665984024,42.9774010915039,158.713930876543,100.151377306055,0,104.235166572576,0,100.263986372781,0,104.426977816637,0,"chi","I",33,528,0.5,0,0,0,FALSE,0,FALSE,101,528,TRUE,0.00250735144056588,27
97.7024344610317,0,0,97.7024344610317,100.735677829036,42.9739745002634,158.497381157808,100.874509421905,43.004390853066,158.744627990745,100.151377306055,0,104.235166572576,0,100.283203441788,0,104.431616979972,0,"chi","I",33,528,0.5,0,0,0,FALSE,0,FALSE,101,528,TRUE,0.00250735144056588,27
97.7024344610317,0,0,97.7024344610317,100.735677829036,42.9739745002634,158.497381157808,100.828851937249,43.0178805398349,158.639823334662,100.151377306055,0,104.235166572576,0,100.239402510782,0,104.304722460444,0,"chi","I",33,528,0.5,0,0,0,FALSE,0,FALSE,101,528,TRUE,0.00250735144056588,27
97.7024344610317,0,0,97.7024344610317,100.735677829036,42.9739745002634,158.497381157808,100.603154781598,42.8571162367519,158.349193326445,100.151377306055,0,104.235166572576,0,100.016645774323,0,104.171351164822,0,"chi","I",33,528,0.5,0,0,0,FALSE,0,FALSE,101,528,TRUE,0.00250735144056588,27
97.7024344610317,0,0,97.7024344610317,100.735677829036,42.9739745002634,158.497381157808,101.164545510918,43.3331958816216,158.995895140214,100.151377306055,0,104.235166572576,0,100.563739140459,0,104.400018502798,0,"chi","I",33,528,0.5,0,0,0,FALSE,0,FALSE,101,528,TRUE,0.00250735144056588,27
97.7024344610317,0,0,97.7024344610317,100.735677829036,42.9739745002634,158.497381157808,100.751235535193,43.0180015185052,158.48446955188,100.151377306055,0,104.235166572576,0,100.158729626831,0,104.151179516972,0,"chi","I",33,528,0.5,0,0,0,FALSE,0,FALSE,101,528,TRUE,0.00250735144056588,27
97.7024344610317,0,0,97.7024344610317,100.735677829036,42.9739745002634,158.497381157808,100.841786970952,43.0145048290979,158.669069112806,100.151377306055,0,104.235166572576,0,100.252347303121,0,104.336662494013,0,"chi","I",33,528,0.5,0,0,0,FALSE,0,FALSE,101,528,TRUE,0.00250735144056588,27
97.7024344610317,0,0,97.7024344610317,100.735677829036,42.9739745002634,158.497381157808,100.75363079665,42.9159569851054,158.591304608195,100.151377306055,0,104.235166572576,0,100.166053880377,0,104.358457861568,0,"chi","I",33,528,0.5,0,0,0,FALSE,0,FALSE,101,528,TRUE,0.00250735144056588,27
97.7024344610317,0,0,97.7024344610317,100.735677829036,42.9739745002634,158.497381157808,100.905778970194,43.0377982798498,158.773759660537,100.151377306055,0,104.235166572576,0,100.316007971361,0,104.444916499254,0,"chi","I",33,528,0.5,0,0,0,FALSE,0,FALSE,101,528,TRUE,0.00250735144056588,27
97.7024344610317,0,0,97.7024344610317,100.735677829036,42.9739745002634,158.497381157808,100.810547046928,42.9892403591221,158.631853734734,100.151377306055,0,104.235166572576,0,100.219731743721,0,104.335957852741,0,"chi","I",33,528,0.5,0,0,0,FALSE,0,FALSE,101,528,TRUE,0.00250735144056588,27
97.7024344610317,0,0,97.7024344610317,100.735677829036,42.9739745002634,158.497381157808,100.842570886601,43.0329165987666,158.652225174435,100.151377306055,0,104.235166572576,0,100.251105707978,0,104.300767020768,0,"chi","I",33,528,0.5,0,0,0,FALSE,0,FALSE,101,528,TRUE,0.00250735144056588,27
97.7024344610317,0,0,97.7024344610317,100.735677829036,42.9739745002634,158.497381157808,100.892790938976,43.022003777892,158.76357810006,100.151377306055,0,104.235166572576,0,100.307639516408,0,104.436888035789,0,"chi","I",33,528,0.5,0,0,0,FALSE,0,FALSE,101,528,TRUE,0.00250735144056588,27
97.7024344610317,0,0,97.7024344610317,100.735677829036,42.9739745002634,158.497381157808,100.837510264772,43.0064711373381,158.668549392206,100.151377306055,0,104.235166572576,0,100.247425434037,0,104.349396840784,0,"chi","I",33,528,0.5,0,0,0,FALSE,0,FALSE,101,528,TRUE,0.00250735144056588,27
97.7024344610317,0,0,97.7024344610317,100.735677829036,42.9739745002634,158.497381157808,100.866926694249,43.0069567533103,158.726896635188,100.151377306055,0,104.235166572576,0,100.276437280905,0,104.408845837699,0,"chi","I",33,528,0.5,0,0,0,FALSE,0,FALSE,101,528,TRUE,0.00250735144056588,27
97.7024344610317,0,0,97.7024344610317,100.735677829036,42.9739745002634,158.497381157808,100.533876167769,42.9118719741373,158.1558803614,100.151377306055,0,104.235166572576,0,99.9427905326739,0,103.920370437309,0,"chi","I",33,528,0.5,0,0,0,FALSE,0,FALSE,101,528,TRUE,0.00250735144056588,27
97.7024344610317,0,0,97.7024344610317,100.735677829036,42.9739745002634,158.497381157808,100.827769995998,43.0305111616346,158.625028830362,100.151377306055,0,104.235166572576,0,100.235029778069,0,104.280371718145,0,"chi","I",33,528,0.5,0,0,0,FALSE,0,FALSE,101,528,TRUE,0.00250735144056588,27
97.7024344610317,0,0,97.7024344610317,100.735677829036,42.9739745002634,158.497381157808,101.022720252575,43.1572959942832,158.888144510867,100.151377306055,0,104.235166572576,0,100.43667564411,0,104.509510496352,0,"chi","I",33,528,0.5,0,0,0,FALSE,0,FALSE,101,528,TRUE,0.00250735144056588,27
97.7024344610317,0,0,97.7024344610317,100.735677829036,42.9739745002634,158.497381157808,100.787664249288,43.0368640545535,158.538464444023,100.151377306055,0,104.235166572576,0,100.19869509299,0,104.181390345115,0,"chi","I",33,528,0.5,0,0,0,FALSE,0,FALSE,101,528,TRUE,0.00250735144056588,27
97.7024344610317,0,0,97.7024344610317,100.735677829036,42.9739745002634,158.497381157808,100.87146143856,43.0159568614867,158.726966015633,100.151377306055,0,104.235166572576,0,100.285101895784,0,104.40699258093,0,"chi","I",33,528,0.5,0,0,0,FALSE,0,FALSE,101,528,TRUE,0.00250735144056588,27
97.7024344610317,0,0,97.7024344610317,100.735677829036,42.9739745002634,158.497381157808,100.423942700371,42.9002529545776,157.947632446165,100.151377306055,0,104.235166572576,0,99.8340334143183,0,103.815869287411,0,"chi","I",33,528,0.5,0,0,0,FALSE,0,FALSE,101,528,TRUE,0.00250735144056588,27
97.7024344610317,0,0,97.7024344610317,100.735677829036,42.9739745002634,158.497381157808,100.475214278232,42.9710205433687,157.979408013096,100.151377306055,0,104.235166572576,0,99.8805851813122,0,103.682562593449,0,"chi","I",33,528,0.5,0,0,0,FALSE,0,FALSE,101,528,TRUE,0.00250735144056588,27
97.7024344610317,0,0,97.7024344610317,100.735677829036,42.9739745002634,158.497381157808,100.56382425368,42.7721769732754,158.355471534085,100.151377306055,0,104.235166572576,0,99.9744107502472,0,104.277389145873,0,"chi","I",33,528,0.5,0,0,0,FALSE,0,FALSE,101,528,TRUE,0.00250735144056588,27
97.7024344610317,0,0,97.7024344610317,100.735677829036,42.9739745002634,158.497381157808,100.768918445237,42.9236657844769,158.614171105997,100.151377306055,0,104.235166572576,0,100.180156202777,0,104.383355219487,0,"chi","I",33,528,0.5,0,0,0,FALSE,0,FALSE,101,528,TRUE,0.00250735144056588,27
97.7024344610317,0,0,97.7024344610317,100.735677829036,42.9739745002634,158.497381157808,100.797211009299,42.9535215829669,158.640900435632,100.151377306055,0,104.235166572576,0,100.206733561508,0,104.379571266002,0,"chi","I",33,528,0.5,0,0,0,FALSE,0,FALSE,101,528,TRUE,0.00250735144056588,27
97.7024344610317,0,0,97.7024344610317,100.735677829036,42.9739745002634,158.497381157808,100.686930822722,42.8344819252191,158.539379720224,100.151377306055,0,104.235166572576,0,100.098579668119,0,104.389652033116,0,"chi","I",33,528,0.5,0,0,0,FALSE,0,FALSE,101,528,TRUE,0.00250735144056588,27
97.7024344610317,0,0,97.7024344610317,100.735677829036,42.9739745002634,158.497381157808,100.362646314961,43.0829652418873,157.642327388035,100.151377306055,0,104.235166572576,0,99.7624322190175,0,103.209926071932,0,"chi","I",33,528,0.5,0,0,0,FALSE,0,FALSE,101,528,TRUE,0.00250735144056588,27
97.7024344610317,0,0,97.7024344610317,100.735677829036,42.9739745002634,158.497381157808,100.777450815178,42.9094568996816,158.645444730674,100.151377306055,0,104.235166572576,0,100.189833908185,0,104.435993109901,0,"chi","I",33,528,0.5,0,0,0,FALSE,0,FALSE,101,528,TRUE,0.00250735144056588,27
97.7024344610317,0,0,97.7024344610317,100.735677829036,42.9739745002634,158.497381157808,99.1142979948649,42.1050596403499,156.12353634938,100.151377306055,0,104.235166572576,0,98.5262161422791,0,102.709354086164,0,"chi","I",33,528,0.5,0,0,0,FALSE,0,FALSE,101,528,TRUE,0.00250735144056588,27
97.7024344610317,0,0,97.7024344610317,100.735677829036,42.9739745002634,158.497381157808,101.017249139763,43.1798294981527,158.854668781374,100.151377306055,0,104.235166572576,0,100.440968412912,0,104.550140838315,0,"chi","I",33,528,0.5,0,0,0,FALSE,0,FALSE,101,528,TRUE,0.00250735144056588,27
97.7024344610317,0,0,97.7024344610317,100.735677829036,42.9739745002634,158.497381157808,101.046064733875,43.1840221088684,158.908107358881,100.151377306055,0,104.235166572576,0,100.452081839921,0,104.455754786838,0,"chi","I",33,528,0.5,0,0,0,FALSE,0,FALSE,101,528,TRUE,0.00250735144056588,27
97.7024344610317,0,0,97.7024344610317,100.735677829036,42.9739745002634,158.497381157808,100.794666505168,42.9277977546631,158.661535255673,100.151377306055,0,104.235166572576,0,100.206075965337,0,104.430518315742,0,"chi","I",33,528,0.5,0,0,0,FALSE,0,FALSE,101,528,TRUE,0.00250735144056588,27
97.7024344610317,0,0,97.7024344610317,100.735677829036,42.9739745002634,158.497381157808,100.820759417554,42.9535903542335,158.687928480874,100.151377306055,0,104.235166572576,0,100.232479428843,0,104.427217832487,0,"chi","I",33,528,0.5,0,0,0,FALSE,0,FALSE,101,528,TRUE,0.00250735144056588,27
97.7024344610317,0,0,97.7024344610317,100.735677829036,42.9739745002634,158.497381157808,100.858904421673,43.0696431330248,158.648165710322,100.151377306055,0,104.235166572576,0,100.264873963538,0,104.258545549679,0,"chi","I",33,528,0.5,0,0,0,FALSE,0,FALSE,101,528,TRUE,0.00250735144056588,27
97.7024344610317,0,0,97.7024344610317,100.735677829036,42.9739745002634,158.497381157808,100.508622919556,42.791612596105,158.225633243007,100.151377306055,0,104.235166572576,0,99.9193243685426,0,104.117994295911,0,"chi","I",33,528,0.5,0,0,0,FALSE,0,FALSE,101,528,TRUE,0.00250735144056588,27
97.7024344610317,0,0,97.7024344610317,100.735677829036,42.9739745002634,158.497381157808,100.933097015017,43.0852010470349,158.780992982999,100.151377306055,0,104.235166572576,0,100.350819949613,0,104.386320281134,0,"chi","I",33,528,0.5,0,0,0,FALSE,0,FALSE,101,528,TRUE,0.00250735144056588,27
97.7024344610317,0,0,97.7024344610317,100.735677829036,42.9739745002634,158.497381157808,100.956212881815,43.085391634242,158.827034129388,100.151377306055,0,104.235166572576,0,100.366652865271,0,104.460647748467,0,"chi","I",33,528,0.5,0,0,0,FALSE,0,FALSE,101,528,TRUE,0.00250735144056588,27
97.7024344610317,0,0,97.7024344610317,100.735677829036,42.9739745002634,158.497381157808,100.573132478851,42.9758633546688,158.170401603034,100.151377306055,0,104.235166572576,0,99.9841038370126,0,103.923159568077,0,"chi","I",33,528,0.5,0,0,0,FALSE,0,FALSE,101,528,TRUE,0.00250735144056588,27
97.7024344610317,0,0,97.7024344610317,100.735677829036,42.9739745002634,158.497381157808,100.870104295561,43.0342935618564,158.705915029265,100.151377306055,0,104.235166572576,0,100.288065957645,0,104.458311278975,0,"chi","I",33,528,0.5,0,0,0,FALSE,0,FALSE,101,528,TRUE,0.00250735144056588,27
97.7024344610317,0,0,97.7024344610317,100.735677829036,42.9739745002634,158.497381157808,100.900491336042,43.0292195823865,158.771763089697,100.151377306055,0,104.235166572576,0,100.308841430583,0,104.437094484736,0,"chi","I",33,528,0.5,0,0,0,FALSE,0,FALSE,101,528,TRUE,0.00250735144056588,27
97.7024344610317,0,0,97.7024344610317,100.735677829036,42.9739745002634,158.497381157808,100.755925830106,42.8885631208676,158.623288539344,100.151377306055,0,104.235166572576,0,100.170938713089,0,104.430366985858,0,"chi","I",33,528,0.5,0,0,0,FALSE,0,FALSE,101,528,TRUE,0.00250735144056588,27
97.7024344610317,0,0,97.7024344610317,100.735677829036,42.9739745002634,158.497381157808,100.931928984518,43.06096384428,158.802894124755,100.151377306055,0,104.235166572576,0,100.339120042668,0,104.45181779694,0,"chi","I",33,528,0.5,0,0,0,FALSE,0,FALSE,101,528,TRUE,0.00250735144056588,27
97.7024344610317,0,0,97.7024344610317,100.735677829036,42.9739745002634,158.497381157808,100.520951743922,42.6731408375349,158.368762650308,100.151377306055,0,104.235166572576,0,99.9340029605056,0,104.383732768414,0,"chi","I",33,528,0.5,0,0,0,FALSE,0,FALSE,101,528,TRUE,0.00250735144056588,27
97.7024344610317,0,0,97.7024344610317,100.735677829036,42.9739745002634,158.497381157808,100.788635071928,42.9240288124676,158.653241331389,100.151377306055,0,104.235166572576,0,100.199469712564,0,104.433836700519,0,"chi","I",33,528,0.5,0,0,0,FALSE,0,FALSE,101,528,TRUE,0.00250735144056588,27
97.7024344610317,0,0,97.7024344610317,100.735677829036,42.9739745002634,158.497381157808,100.619229933417,43.2584423559987,157.980017510835,100.151377306055,0,104.235166572576,0,100.006028168382,0,103.372331583529,0,"chi","I",33,528,0.5,0,0,0,FALSE,0,FALSE,101,528,TRUE,0.00250735144056588,27
97.7024344610317,0,0,97.7024344610317,100.735677829036,42.9739745002634,158.497381157808,99.88810232807,43.2611413517329,156.515063304407,100.151377306055,0,104.235166572576,0,99.2794702483447,0,101.883771455162,0,"chi","I",33,528,0.5,0,0,0,FALSE,0,FALSE,101,528,TRUE,0.00250735144056588,27
97.7024344610317,0,0,97.7024344610317,100.735677829036,42.9739745002634,158.497381157808,101.349674236669,43.4787759846127,159.220572488725,100.151377306055,0,104.235166572576,0,100.761550529173,0,104.606110653784,0,"chi","I",33,528,0.5,0,0,0,FALSE,0,FALSE,101,528,TRUE,0.00250735144056588,27
97.7024344610317,0,0,97.7024344610317,100.735677829036,42.9739745002634,158.497381157808,100.875856722665,43.0048892242513,158.746824221078,100.151377306055,0,104.235166572576,0,100.284213820691,0,104.427859787545,0,"chi","I",33,528,0.5,0,0,0,FALSE,0,FALSE,101,528,TRUE,0.00250735144056588,27
97.7024344610317,0,0,97.7024344610317,100.735677829036,42.9739745002634,158.497381157808,100.625872891361,43.0428174367572,158.208928345965,100.151377306055,0,104.235166572576,0,100.031947508324,0,103.838395117176,0,"chi","I",33,528,0.5,0,0,0,FALSE,0,FALSE,101,528,TRUE,0.00250735144056588,27
97.7024344610317,0,0,97.7024344610317,100.735677829036,42.9739745002634,158.497381157808,100.752511156317,43.0053841672565,158.499638145378,100.151377306055,0,104.235166572576,0,100.159857760907,0,104.173820945985,0,"chi","I",33,528,0.5,0,0,0,FALSE,0,FALSE,101,528,TRUE,0.00250735144056588,27
97.7024344610317,0,0,97.7024344610317,100.735677829036,42.9739745002634,158.497381157808,100.676036616125,42.8229759272675,158.529097304983,100.151377306055,0,104.235166572576,0,100.090604735348,0,104.418986936402,0,"chi","I",33,528,0.5,0,0,0,FALSE,0,FALSE,101,528,TRUE,0.00250735144056588,27
97.7024344610317,0,0,97.7024344610317,100.735677829036,42.9739745002634,158.497381157808,101.001985926188,43.188732555602,158.815239296774,100.151377306055,0,104.235166572576,0,100.408199597185,0,104.331794639903,0,"chi","I",33,528,0.5,0,0,0,FALSE,0,FALSE,101,528,TRUE,0.00250735144056588,27
97.7024344610317,0,0,97.7024344610317,100.735677829036,42.9739745002634,158.497381157808,101.015840631684,43.354281128907,158.677400134461,100.151377306055,0,104.235166572576,0,100.423909327569,0,104.103810257646,0,"chi","I",33,528,0.5,0,0,0,FALSE,0,FALSE,101,528,TRUE,0.00250735144056588,27
97.7024344610317,0,0,97.7024344610317,100.735677829036,42.9739745002634,158.497381157808,100.884559147649,43.0166690565317,158.752449238766,100.151377306055,0,104.235166572576,0,100.294217268893,0,104.451691069655,0,"chi","I",33,528,0.5,0,0,0,FALSE,0,FALSE,101,528,TRUE,0.00250735144056588,27
97.7024344610317,0,0,97.7024344610317,100.735677829036,42.9739745002634,158.497381157808,100.759503049393,42.9831669329491,158.535839165837,100.151377306055,0,104.235166572576,0,100.17607080645,0,104.350768021451,0,"chi","I",33,528,0.5,0,0,0,FALSE,0,FALSE,101,528,TRUE,0.00250735144056588,27
97.7024344610317,0,0,97.7024344610317,100.735677829036,42.9739745002634,158.497381157808,100.808954048415,42.9489651139269,158.668942982903,100.151377306055,0,104.235166572576,0,100.220051902463,0,104.432776304768,0,"chi","I",33,528,0.5,0,0,0,FALSE,0,FALSE,101,528,TRUE,0.00250735144056588,27
97.7024344610317,0,0,97.7024344610317,100.735677829036,42.9739745002634,158.497381157808,100.660426567081,43.1023154555351,158.218537678627,100.151377306055,0,104.235166572576,0,100.06460129241,0,103.778303191533,0,"chi","I",33,528,0.5,0,0,0,FALSE,0,FALSE,101,528,TRUE,0.00250735144056588,27
97.7024344610317,0,0,97.7024344610317,100.735677829036,42.9739745002634,158.497381157808,100.853201921416,42.9995905615093,158.706813281322,100.151377306055,0,104.235166572576,0,100.262054700328,0,104.40260117853,0,"chi","I",33,528,0.5,0,0,0,FALSE,0,FALSE,101,528,TRUE,0.00250735144056588,27
97.7024344610317,0,0,97.7024344610317,100.735677829036,42.9739745002634,158.497381157808,100.883417422191,43.0121239333114,158.75471091107,100.151377306055,0,104.235166572576,0,100.29316581887,0,104.445224111548,0,"chi","I",33,528,0.5,0,0,0,FALSE,0,FALSE,101,528,TRUE,0.00250735144056588,27
97.7024344610317,0,0,97.7024344610317,100.735677829036,42.9739745002634,158.497381157808,100.833820650429,42.9676223643242,158.700018936533,100.151377306055,0,104.235166572576,0,100.251655162003,0,104.521940186227,0,"chi","I",33,528,0.5,0,0,0,FALSE,0,FALSE,101,528,TRUE,0.00250735144056588,27
97.7024344610317,0,0,97.7024344610317,100.735677829036,42.9739745002634,158.497381157808,100.89071239768,43.0284673481051,158.752957447255,100.151377306055,0,104.235166572576,0,100.298911377495,0,104.413950021015,0,"chi","I",33,528,0.5,0,0,0,FALSE,0,FALSE,101,528,TRUE,0.00250735144056588,27
97.7024344610317,0,0,97.7024344610317,100.735677829036,42.9739745002634,158.497381157808,100.770740380352,42.9674967159764,158.573984044728,100.151377306055,0,104.235166572576,0,100.179162564504,0,104.298847581441,0,"chi","I",33,528,0.5,0,0,0,FALSE,0,FALSE,101,528,TRUE,0.00250735144056588,27
97.7024344610317,0,0,97.7024344610317,100.735677829036,42.9739745002634,158.497381157808,100.750565526569,42.9831402439708,158.517990809168,100.151377306055,0,104.235166572576,0,100.154613369372,0,104.221261209218,0,"chi","I",33,528,0.5,0,0,0,FALSE,0,FALSE,101,528,TRUE,0.00250735144056588,27
97.7024344610317,0,0,97.7024344610317,100.735677829036,42.9739745002634,158.497381157808,100.620955611685,43.1031146937684,158.138796529602,100.151377306055,0,104.235166572576,0,100.01921110097,0,103.698069947019,0,"chi","I",33,528,0.5,0,0,0,FALSE,0,FALSE,101,528,TRUE,0.00250735144056588,27
97.7024344610317,0,0,97.7024344610317,100.735677829036,42.9739745002634,158.497381157808,100.898154941169,43.026887759557,158.76942212278,100.151377306055,0,104.235166572576,0,100.307221960762,0,104.443746719102,0,"chi","I",33,528,0.5,0,0,0,FALSE,0,FALSE,101,528,TRUE,0.00250735144056588,27
97.7024344610317,0,0,97.7024344610317,100.735677829036,42.9739745002634,158.497381157808,100.67744339235,42.9644277601215,158.390459024579,100.151377306055,0,104.235166572576,0,100.093322869038,0,104.101582888095,0,"chi","I",33,528,0.5,0,0,0,FALSE,0,FALSE,101,528,TRUE,0.00250735144056588,27
97.7024344610317,0,0,97.7024344610317,100.735677829036,42.9739745002634,158.497381157808,100.480378353308,42.7634576032713,158.197299103344,100.151377306055,0,104.235166572576,0,99.9066381776058,0,104.241675145747,0,"chi","I",33,528,0.5,0,0,0,FALSE,0,FALSE,101,528,TRUE,0.00250735144056588,27
97.7024344610317,0,0,97.7024344610317,100.735677829036,42.9739745002634,158.497381157808,100.069072814941,42.5881030932267,157.550042536655,100.151377306055,0,104.235166572576,0,99.486470821329,0,103.72399614305,0,"chi","I",33,528,0.5,0,0,0,FALSE,0,FALSE,101,528,TRUE,0.00250735144056588,27
97.7024344610317,0,0,97.7024344610317,100.735677829036,42.9739745002634,158.497381157808,100.825762805958,43.026360559581,158.625165052334,100.151377306055,0,104.235166572576,0,100.23322260405,0,104.29027288609,0,"chi","I",33,528,0.5,0,0,0,FALSE,0,FALSE,101,528,TRUE,0.00250735144056588,27
97.7024344610317,0,0,97.7024344610317,100.735677829036,42.9739745002634,158.497381157808,100.850776165234,43.0107191429912,158.690833187476,100.151377306055,0,104.235166572576,0,100.25953294542,0,104.364289983195,0,"chi","I",33,528,0.5,0,0,0,FALSE,0,FALSE,101,528,TRUE,0.00250735144056588,27
97.7024344610317,0,0,97.7024344610317,100.735677829036,42.9739745002634,158.497381157808,100.565105611226,43.0348568259529,158.095354396499,100.151377306055,0,104.235166572576,0,99.9717706512459,0,103.79743380992,0,"chi","I",33,528,0.5,0,0,0,FALSE,0,FALSE,101,528,TRUE,0.00250735144056588,27
97.7024344610317,0,0,97.7024344610317,100.735677829036,42.9739745002634,158.497381157808,100.940378215756,43.1181955338672,158.762560897646,100.151377306055,0,104.235166572576,0,100.354138906003,0,104.391934976865,0,"chi","I",33,528,0.5,0,0,0,FALSE,0,FALSE,101,528,TRUE,0.00250735144056588,27
97.7024344610317,0,0,97.7024344610317,100.735677829036,42.9739745002634,158.497381157808,100.973911700549,43.2156732083451,158.732150192753,100.151377306055,0,104.235166572576,0,100.378020789851,0,104.250228046407,0,"chi","I",33,528,0.5,0,0,0,FALSE,0,FALSE,101,528,TRUE,0.00250735144056588,27
97.7024344610317,0,0,97.7024344610317,100.735677829036,42.9739745002634,158.497381157808,100.737200914489,42.9237024413844,158.550699387594,100.151377306055,0,104.235166572576,0,100.146780344651,0,104.31779912837,0,"chi","I",33,528,0.5,0,0,0,FALSE,0,FALSE,101,528,TRUE,0.00250735144056588,27
97.7024344610317,0,0,97.7024344610317,100.735677829036,42.9739745002634,158.497381157808,100.786023433255,43.0530533906236,158.518993475885,100.151377306055,0,104.235166572576,0,100.207785831734,0,104.178813378535,0,"chi","I",33,528,0.5,0,0,0,FALSE,0,FALSE,101,528,TRUE,0.00250735144056588,27
97.7024344610317,0,0,97.7024344610317,100.735677829036,42.9739745002634,158.497381157808,101.047239399429,43.1976894994507,158.896789299407,100.151377306055,0,104.235166572576,0,100.464618484998,0,104.445813215637,0,"chi","I",33,528,0.5,0,0,0,FALSE,0,FALSE,101,528,TRUE,0.00250735144056588,27
97.7024344610317,0,0,97.7024344610317,100.735677829036,42.9739745002634,158.497381157808,100.945787855186,43.0825281160357,158.809047594336,100.151377306055,0,104.235166572576,0,100.354639382733,0,104.428183679654,0,"chi","I",33,528,0.5,0,0,0,FALSE,0,FALSE,101,528,TRUE,0.00250735144056588,27
97.7024344610317,0,0,97.7024344610317,100.735677829036,42.9739745002634,158.497381157808,100.637509811918,42.7662347812079,158.508784842629,100.151377306055,0,104.235166572576,0,100.054558969095,0,104.435089440036,0,"chi","I",33,528,0.5,0,0,0,FALSE,0,FALSE,101,528,TRUE,0.00250735144056588,27
97.7024344610317,0,0,97.7024344610317,100.735677829036,42.9739745002634,158.497381157808,100.853915608464,42.9907146018426,158.717116615086,100.151377306055,0,104.235166572576,0,100.263943456928,0,104.413089499375,0,"chi","I",33,528,0.5,0,0,0,FALSE,0,FALSE,101,528,TRUE,0.00250735144056588,27
97.7024344610317,0,0,97.7024344610317,100.735677829036,42.9739745002634,158.497381157808,100.895216934926,43.0239205071045,158.766513362748,100.151377306055,0,104.235166572576,0,100.312252518469,0,104.437251629966,0,"chi","I",33,528,0.5,0,0,0,FALSE,0,FALSE,101,528,TRUE,0.00250735144056588,27
97.7024344610317,0,0,97.7024344610317,100.735677829036,42.9739745002634,158.497381157808,101.012476080808,43.1833827477793,158.841569413838,100.151377306055,0,104.235166572576,0,100.419650169503,0,104.365521111806,0,"chi","I",33,528,0.5,0,0,0,FALSE,0,FALSE,101,528,TRUE,0.00250735144056588,27
97.7024344610317,0,0,97.7024344610317,100.735677829036,42.9739745002634,158.497381157808,100.669060284707,42.8002084800243,158.53791208939,100.151377306055,0,104.235166572576,0,100.081100848242,0,104.435094577177,0,"chi","I",33,528,0.5,0,0,0,FALSE,0,FALSE,101,528,TRUE,0.00250735144056588,27
97.7024344610317,0,0,97.7024344610317,100.735677829036,42.9739745002634,158.497381157808,100.794846899795,42.9786869212797,158.611006878309,100.151377306055,0,104.235166572576,0,100.205572628941,0,104.338070662658,0,"chi","I",33,528,0.5,0,0,0,FALSE,0,FALSE,101,528,TRUE,0.00250735144056588,27
97.7024344610317,0,0,97.7024344610317,100.735677829036,42.9739745002634,158.497381157808,100.810148314925,42.9546353387996,158.665661291051,100.151377306055,0,104.235166572576,0,100.220590872459,0,104.417274085102,0,"chi","I",33,528,0.5,0,0,0,FALSE,0,FALSE,101,528,TRUE,0.00250735144056588,27
97.7024344610317,0,0,97.7024344610317,100.735677829036,42.9739745002634,158.497381157808,99.9489307653863,42.9697146971473,156.928146833625,100.151377306055,0,104.235166572576,0,99.3364750375214,0,102.598459888718,0,"chi","I",33,528,0.5,0,0,0,FALSE,0,FALSE,101,528,TRUE,0.00250735144056588,27
97.7024344610317,0,0,97.7024344610317,100.735677829036,42.9739745002634,158.497381157808,100.63093137877,42.8829027320576,158.378960025483,100.151377306055,0,104.235166572576,0,100.042819060473,0,104.245935946611,0,"chi","I",33,528,0.5,0,0,0,FALSE,0,FALSE,101,528,TRUE,0.00250735144056588,27
97.7024344610317,0,0,97.7024344610317,100.735677829036,42.9739745002634,158.497381157808,101.352942835142,43.527908112184,159.1779775581,100.151377306055,0,104.235166572576,0,100.758494942255,0,104.468318912832,0,"chi","I",33,528,0.5,0,0,0,FALSE,0,FALSE,101,528,TRUE,0.00250735144056588,27
97.7024344610317,0,0,97.7024344610317,100.735677829036,42.9739745002634,158.497381157808,100.829290716799,42.9598215346895,158.698759898909,100.151377306055,0,104.235166572576,0,100.240052552263,0,104.438796062094,0,"chi","I",33,528,0.5,0,0,0,FALSE,0,FALSE,101,528,TRUE,0.00250735144056588,27
97.7024344610317,0,0,97.7024344610317,100.735677829036,42.9739745002634,158.497381157808,100.757284448491,43.0617262274587,158.452842669524,100.151377306055,0,104.235166572576,0,100.16223133271,0,104.076584436623,0,"chi","I",33,528,0.5,0,0,0,FALSE,0,FALSE,101,528,TRUE,0.00250735144056588,27
97.7024344610317,0,0,97.7024344610317,100.735677829036,42.9739745002634,158.497381157808,100.704082764264,43.1947956814398,158.213369847088,100.151377306055,0,104.235166572576,0,100.097644611534,0,103.690926860955,0,"chi","I",33,528,0.5,0,0,0,FALSE,0,FALSE,101,528,TRUE,0.00250735144056588,27
97.7024344610317,0,0,97.7024344610317,100.735677829036,42.9739745002634,158.497381157808,100.885423245273,43.0684598460447,158.702386644501,100.151377306055,0,104.235166572576,0,100.295347213804,0,104.358082827987,0,"chi","I",33,528,0.5,0,0,0,FALSE,0,FALSE,101,528,TRUE,0.00250735144056588,27
97.7024344610317,0,0,97.7024344610317,100.735677829036,42.9739745002634,158.497381157808,100.830202647392,42.9881615348393,158.672243759945,100.151377306055,0,104.235166572576,0,100.245536218116,0,104.37127264896,0,"chi","I",33,528,0.5,0,0,0,FALSE,0,FALSE,101,528,TRUE,0.00250735144056588,27
97.7024344610317,0,0,97.7024344610317,100.735677829036,42.9739745002634,158.497381157808,100.739345692188,42.9249692077997,158.553722176576,100.151377306055,0,104.235166572576,0,100.148127964115,0,104.335458483351,0,"chi","I",33,528,0.5,0,0,0,FALSE,0,FALSE,101,528,TRUE,0.00250735144056588,27
97.7024344610317,0,0,97.7024344610317,100.735677829036,42.9739745002634,158.497381157808,100.936862503913,43.0841776972482,158.789547310578,100.151377306055,0,104.235166572576,0,100.345913808407,0,104.393020979874,0,"chi","I",33,528,0.5,0,0,0,FALSE,0,FALSE,101,528,TRUE,0.00250735144056588,27
97.7024344610317,0,0,97.7024344610317,100.735677829036,42.9739745002634,158.497381157808,100.705248341423,42.9784352885802,158.432061394266,100.151377306055,0,104.235166572576,0,100.114694261776,0,104.143994361526,0,"chi","I",33,528,0.5,0,0,0,FALSE,0,FALSE,101,528,TRUE,0.00250735144056588,27
97.7024344610317,0,0,97.7024344610317,100.735677829036,42.9739745002634,158.497381157808,100.783368061061,43.0495361289006,158.517199993221,100.151377306055,0,104.235166572576,0,100.195387534881,0,104.230898289973,0,"chi","I",33,528,0.5,0,0,0,FALSE,0,FALSE,101,528,TRUE,0.00250735144056588,27
97.7024344610317,0,0,97.7024344610317,100.735677829036,42.9739745002634,158.497381157808,100.766678761611,42.9742474990227,158.559110024199,100.151377306055,0,104.235166572576,0,100.187601881919,0,104.435575874618,0,"chi","I",33,528,0.5,0,0,0,FALSE,0,FALSE,101,528,TRUE,0.00250735144056588,27
97.7024344610317,0,0,97.7024344610317,100.735677829036,42.9739745002634,158.497381157808,100.819974974278,43.0054911038013,158.634458844755,100.151377306055,0,104.235166572576,0,100.22812637556,0,104.313583243391,0,"chi","I",33,528,0.5,0,0,0,FALSE,0,FALSE,101,528,TRUE,0.00250735144056588,27
97.7024344610317,0,0,97.7024344610317,100.735677829036,42.9739745002634,158.497381157808,669.486286776745,467.715420980594,871.257152572896,100.151377306055,0,104.235166572576,0,100.209766549513,0,104.31834906748,0,"chi","I",33,528,0.5,0,0,0,FALSE,0,FALSE,101,528,TRUE,0.00250735144056588,27
97.7024344610317,0,0,97.7024344610317,100.735677829036,42.9739745002634,158.497381157808,100.790994007455,42.9281131967486,158.653874818162,100.151377306055,0,104.235166572576,0,100.201421146843,0,104.413216671517,0,"chi","I",33,528,0.5,0,0,0,FALSE,0,FALSE,101,528,TRUE,0.00250735144056588,27
97.7024344610317,0,0,97.7024344610317,100.735677829036,42.9739745002634,158.497381157808,100.939919612678,43.1523274611054,158.72751176425,100.151377306055,0,104.235166572576,0,100.3419399453,0,104.273021673507,0,"chi","I",33,528,0.5,0,0,0,FALSE,0,FALSE,101,528,TRUE,0.00250735144056588,27
97.7024344610317,0,0,97.7024344610317,100.735677829036,42.9739745002634,158.497381157808,100.81945495254,42.9649373519866,158.673972553093,100.151377306055,0,104.235166572576,0,100.23917293073,0,104.442190819376,0,"chi","I",33,528,0.5,0,0,0,FALSE,0,FALSE,101,528,TRUE,0.00250735144056588,27
97.7024344610317,0,0,97.7024344610317,100.735677829036,42.9739745002634,158.497381157808,100.982869700751,43.2188768396287,158.746862561873,100.151377306055,0,104.235166572576,0,100.400159750027,0,104.240723231351,0,"chi","I",33,528,0.5,0,0,0,FALSE,0,FALSE,101,528,TRUE,0.00250735144056588,27
97.7024344610317,0,0,97.7024344610317,100.735677829036,42.9739745002634,158.497381157808,100.845429616884,42.9741640530128,158.716695180755,100.151377306055,0,104.235166572576,0,100.262477261214,0,104.430100843633,0,"chi","I",33,528,0.5,0,0,0,FALSE,0,FALSE,101,528,TRUE,0.00250735144056588,27
97.7024344610317,0,0,97.7024344610317,100.735677829036,42.9739745002634,158.497381157808,100.791024797919,42.9570085573436,158.625041038494,100.151377306055,0,104.235166572576,0,100.216600605765,0,104.354292758359,0,"chi","I",33,528,0.5,0,0,0,FALSE,0,FALSE,101,528,TRUE,0.00250735144056588,27
97.7024344610317,0,0,97.7024344610317,100.735677829036,42.9739745002634,158.497381157808,100.708782806715,42.8405186174098,158.577046996021,100.151377306055,0,104.235166572576,0,100.128124743212,0,104.482508057956,0,"chi","I",33,528,0.5,0,0,0,FALSE,0,FALSE,101,528,TRUE,0.00250735144056588,27
97.7024344610317,0,0,97.7024344610317,100.735677829036,42.9739745002634,158.497381157808,100.831537902857,42.9603820988057,158.702693706908,100.151377306055,0,104.235166572576,0,100.252911727813,0,104.498439898158,0,"chi","I",33,528,0.5,0,0,0,FALSE,0,FALSE,101,528,TRUE,0.00250735144056588,27
97.7024344610317,0,0,97.7024344610317,100.735677829036,42.9739745002634,158.497381157808,100.679375844526,43.3386047333557,158.020146955697,100.151377306055,0,104.235166572576,0,100.07501891048,0,103.325780645627,0,"chi","I",33,528,0.5,0,0,0,FALSE,0,FALSE,101,528,TRUE,0.00250735144056588,27
97.7024344610317,0,0,97.7024344610317,100.735677829036,42.9739745002634,158.497381157808,100.848431751743,42.9790733398129,158.717790163673,100.151377306055,0,104.235166572576,0,100.259412597205,0,104.440926677603,0,"chi","I",33,528,0.5,0,0,0,FALSE,0,FALSE,101,528,TRUE,0.00250735144056588,27
97.7024344610317,0,0,97.7024344610317,100.735677829036,42.9739745002634,158.497381157808,100.853149162886,42.9969599187587,158.709338407013,100.151377306055,0,104.235166572576,0,100.266441679377,0,104.398414430272,0,"chi","I",33,528,0.5,0,0,0,FALSE,0,FALSE,101,528,TRUE,0.00250735144056588,27
97.7024344610317,0,0,97.7024344610317,100.735677829036,42.9739745002634,158.497381157808,100.829002772024,42.9632912126266,158.694714331421,100.151377306055,0,104.235166572576,0,100.241356318478,0,104.419346432704,0,"chi","I",33,528,0.5,0,0,0,FALSE,0,FALSE,101,528,TRUE,0.00250735144056588,27
