"var_main_effect","var_inter_effect","cov_main_inter_effect","var_total_effect","EigenPrism_main","EigenPrism_CI1","EigenPrism_CI2","sub_EigenPrism_main","sub_EigenPrism_CI1","sub_EigenPrism_CI2","GCTA_main","GCTA_inter","sub_GCTA_main","sub_GCTA_inter","x_dist","structure","p","n","main_fixed_var","main_random_var","inter_fixed_var","inter_random_var","decor","interact","combine","pro","bs","n_sub","rho_e","emp_n","inter_std","i"
10,0,0,0,10.3995680237624,7.37023641584607,13.4288996316787,8.15482526143268,-8.62536733323481,24.9350178561002,10.3931746919901,0,6.52722140517324,0,"normal","I",1000,500,0.5,0,0,0,FALSE,0,FALSE,0.1,"leave-d",500,0.5,1e+05,TRUE,717
10,0,0,0,10.3995680237624,7.37023641584607,13.4288996316787,5.14553158105115,-13.7256281739279,24.0166913360302,10.3931746919901,0,0,0,"normal","I",1000,500,0.5,0,0,0,FALSE,0,FALSE,0.1,"leave-d",500,0.5,1e+05,TRUE,717
10,0,0,0,10.3995680237624,7.37023641584607,13.4288996316787,16.9252300955753,-4.74937651403406,38.5998367051846,10.3931746919901,0,11.7717934570525,0,"normal","I",1000,500,0.5,0,0,0,FALSE,0,FALSE,0.1,"leave-d",500,0.5,1e+05,TRUE,717
10,0,0,0,10.3995680237624,7.37023641584607,13.4288996316787,-9.33377447067745,-26.9310044517012,8.2634555103463,10.3931746919901,0,0,0,"normal","I",1000,500,0.5,0,0,0,FALSE,0,FALSE,0.1,"leave-d",500,0.5,1e+05,TRUE,717
10,0,0,0,10.3995680237624,7.37023641584607,13.4288996316787,10.143431566945,-15.5066954018972,35.7935585357872,10.3931746919901,0,3.05326315885079,0,"normal","I",1000,500,0.5,0,0,0,FALSE,0,FALSE,0.1,"leave-d",500,0.5,1e+05,TRUE,717
10,0,0,0,10.3995680237624,7.37023641584607,13.4288996316787,7.83116360312723,-15.2274365519122,30.8897637581667,10.3931746919901,0,1.56214158268802,0,"normal","I",1000,500,0.5,0,0,0,FALSE,0,FALSE,0.1,"leave-d",500,0.5,1e+05,TRUE,717
10,0,0,0,10.3995680237624,7.37023641584607,13.4288996316787,8.54490762741071,-11.7537179212366,28.8435331760581,10.3931746919901,0,2.61181485824007,0,"normal","I",1000,500,0.5,0,0,0,FALSE,0,FALSE,0.1,"leave-d",500,0.5,1e+05,TRUE,717
10,0,0,0,10.3995680237624,7.37023641584607,13.4288996316787,1.33184124809089,-16.7490322406261,19.4127147368079,10.3931746919901,0,0,0,"normal","I",1000,500,0.5,0,0,0,FALSE,0,FALSE,0.1,"leave-d",500,0.5,1e+05,TRUE,717
10,0,0,0,10.3995680237624,7.37023641584607,13.4288996316787,16.2016151438673,-6.12954847598721,38.5327787637217,10.3931746919901,0,16.7113301784611,0,"normal","I",1000,500,0.5,0,0,0,FALSE,0,FALSE,0.1,"leave-d",500,0.5,1e+05,TRUE,717
10,0,0,0,10.3995680237624,7.37023641584607,13.4288996316787,30.7923821343525,9.89755690846097,51.6872073602441,10.3931746919901,0,20.9195750090958,0,"normal","I",1000,500,0.5,0,0,0,FALSE,0,FALSE,0.1,"leave-d",500,0.5,1e+05,TRUE,717
10,0,0,0,10.3995680237624,7.37023641584607,13.4288996316787,12.2446837528863,-13.7192261453297,38.2085936511023,10.3931746919901,0,9.14496436862027,0,"normal","I",1000,500,0.5,0,0,0,FALSE,0,FALSE,0.1,"leave-d",500,0.5,1e+05,TRUE,717
10,0,0,0,10.3995680237624,7.37023641584607,13.4288996316787,5.68230075637912,-15.5430153841293,26.9076168968876,10.3931746919901,0,0,0,"normal","I",1000,500,0.5,0,0,0,FALSE,0,FALSE,0.1,"leave-d",500,0.5,1e+05,TRUE,717
10,0,0,0,10.3995680237624,7.37023641584607,13.4288996316787,7.80456008019124,-15.3760127551448,30.9851329155273,10.3931746919901,0,1.76889815827364,0,"normal","I",1000,500,0.5,0,0,0,FALSE,0,FALSE,0.1,"leave-d",500,0.5,1e+05,TRUE,717
10,0,0,0,10.3995680237624,7.37023641584607,13.4288996316787,-4.68819986727911,-28.2530831295978,18.8766833950396,10.3931746919901,0,0,0,"normal","I",1000,500,0.5,0,0,0,FALSE,0,FALSE,0.1,"leave-d",500,0.5,1e+05,TRUE,717
10,0,0,0,10.3995680237624,7.37023641584607,13.4288996316787,2.72526105049387,-16.3355853267594,21.7861074277472,10.3931746919901,0,0,0,"normal","I",1000,500,0.5,0,0,0,FALSE,0,FALSE,0.1,"leave-d",500,0.5,1e+05,TRUE,717
10,0,0,0,10.3995680237624,7.37023641584607,13.4288996316787,23.0836132711672,4.77974742820726,41.3874791141271,10.3931746919901,0,19.074171008276,0,"normal","I",1000,500,0.5,0,0,0,FALSE,0,FALSE,0.1,"leave-d",500,0.5,1e+05,TRUE,717
10,0,0,0,10.3995680237624,7.37023641584607,13.4288996316787,27.0635900371602,1.21555432846739,52.911625745853,10.3931746919901,0,26.669915656977,0,"normal","I",1000,500,0.5,0,0,0,FALSE,0,FALSE,0.1,"leave-d",500,0.5,1e+05,TRUE,717
10,0,0,0,10.3995680237624,7.37023641584607,13.4288996316787,32.3519611020026,6.28793199160325,58.415990212402,10.3931746919901,0,26.6809902240471,0,"normal","I",1000,500,0.5,0,0,0,FALSE,0,FALSE,0.1,"leave-d",500,0.5,1e+05,TRUE,717
10,0,0,0,10.3995680237624,7.37023641584607,13.4288996316787,-2.38905077292715,-24.5073211450173,19.729219599163,10.3931746919901,0,0,0,"normal","I",1000,500,0.5,0,0,0,FALSE,0,FALSE,0.1,"leave-d",500,0.5,1e+05,TRUE,717
10,0,0,0,10.3995680237624,7.37023641584607,13.4288996316787,0.757045078526599,-18.0820640830604,19.5961542401136,10.3931746919901,0,0,0,"normal","I",1000,500,0.5,0,0,0,FALSE,0,FALSE,0.1,"leave-d",500,0.5,1e+05,TRUE,717
10,0,0,0,10.3995680237624,7.37023641584607,13.4288996316787,7.76223233087237,-16.8495354793403,32.374000141085,10.3931746919901,0,0.289268199897971,0,"normal","I",1000,500,0.5,0,0,0,FALSE,0,FALSE,0.1,"leave-d",500,0.5,1e+05,TRUE,717
10,0,0,0,10.3995680237624,7.37023641584607,13.4288996316787,10.115869066477,-8.87051886834445,29.1022570012985,10.3931746919901,0,7.01408424235481,0,"normal","I",1000,500,0.5,0,0,0,FALSE,0,FALSE,0.1,"leave-d",500,0.5,1e+05,TRUE,717
10,0,0,0,10.3995680237624,7.37023641584607,13.4288996316787,35.8087624208166,11.8045815576594,59.8129432839737,10.3931746919901,0,25.1276029413921,0,"normal","I",1000,500,0.5,0,0,0,FALSE,0,FALSE,0.1,"leave-d",500,0.5,1e+05,TRUE,717
10,0,0,0,10.3995680237624,7.37023641584607,13.4288996316787,20.4000404398689,5.34564160937692,35.4544392703609,10.3931746919901,0,12.5103152011024,0,"normal","I",1000,500,0.5,0,0,0,FALSE,0,FALSE,0.1,"leave-d",500,0.5,1e+05,TRUE,717
10,0,0,0,10.3995680237624,7.37023641584607,13.4288996316787,14.3777601600929,-9.56150640606456,38.3170267262503,10.3931746919901,0,19.1085738675883,0,"normal","I",1000,500,0.5,0,0,0,FALSE,0,FALSE,0.1,"leave-d",500,0.5,1e+05,TRUE,717
10,0,0,0,10.3995680237624,7.37023641584607,13.4288996316787,7.03415041571851,-16.2763057694038,30.3446066008408,10.3931746919901,0,0.0863829338044724,0,"normal","I",1000,500,0.5,0,0,0,FALSE,0,FALSE,0.1,"leave-d",500,0.5,1e+05,TRUE,717
10,0,0,0,10.3995680237624,7.37023641584607,13.4288996316787,-5.45330774436467,-23.883563225581,12.9769477368517,10.3931746919901,0,0,0,"normal","I",1000,500,0.5,0,0,0,FALSE,0,FALSE,0.1,"leave-d",500,0.5,1e+05,TRUE,717
10,0,0,0,10.3995680237624,7.37023641584607,13.4288996316787,6.19382050427108,-18.3488608010074,30.7365018095496,10.3931746919901,0,0,0,"normal","I",1000,500,0.5,0,0,0,FALSE,0,FALSE,0.1,"leave-d",500,0.5,1e+05,TRUE,717
10,0,0,0,10.3995680237624,7.37023641584607,13.4288996316787,14.8277377358913,-8.07709917163236,37.732574643415,10.3931746919901,0,9.88276084586603,0,"normal","I",1000,500,0.5,0,0,0,FALSE,0,FALSE,0.1,"leave-d",500,0.5,1e+05,TRUE,717
10,0,0,0,10.3995680237624,7.37023641584607,13.4288996316787,31.053247900441,9.55838102157169,52.5481147793103,10.3931746919901,0,21.8525756333196,0,"normal","I",1000,500,0.5,0,0,0,FALSE,0,FALSE,0.1,"leave-d",500,0.5,1e+05,TRUE,717
10,0,0,0,10.3995680237624,7.37023641584607,13.4288996316787,30.0498338835022,8.91936640355791,51.1803013634466,10.3931746919901,0,21.2582149432401,0,"normal","I",1000,500,0.5,0,0,0,FALSE,0,FALSE,0.1,"leave-d",500,0.5,1e+05,TRUE,717
10,0,0,0,10.3995680237624,7.37023641584607,13.4288996316787,3.60752514172239,-13.3911865190529,20.6062368024977,10.3931746919901,0,0,0,"normal","I",1000,500,0.5,0,0,0,FALSE,0,FALSE,0.1,"leave-d",500,0.5,1e+05,TRUE,717
10,0,0,0,10.3995680237624,7.37023641584607,13.4288996316787,-14.7218949555551,-37.3345722055781,7.89078229446783,10.3931746919901,0,0,0,"normal","I",1000,500,0.5,0,0,0,FALSE,0,FALSE,0.1,"leave-d",500,0.5,1e+05,TRUE,717
10,0,0,0,10.3995680237624,7.37023641584607,13.4288996316787,7.34404780788751,-17.9644753743965,32.6525709901715,10.3931746919901,0,0,0,"normal","I",1000,500,0.5,0,0,0,FALSE,0,FALSE,0.1,"leave-d",500,0.5,1e+05,TRUE,717
10,0,0,0,10.3995680237624,7.37023641584607,13.4288996316787,11.9820429297634,-12.0579382210325,36.0220240805593,10.3931746919901,0,7.20094980041404,0,"normal","I",1000,500,0.5,0,0,0,FALSE,0,FALSE,0.1,"leave-d",500,0.5,1e+05,TRUE,717
10,0,0,0,10.3995680237624,7.37023641584607,13.4288996316787,1.56785334687045,-17.9003890063222,21.0360957000631,10.3931746919901,0,0,0,"normal","I",1000,500,0.5,0,0,0,FALSE,0,FALSE,0.1,"leave-d",500,0.5,1e+05,TRUE,717
10,0,0,0,10.3995680237624,7.37023641584607,13.4288996316787,29.4292209516638,6.35275884850537,52.5056830548222,10.3931746919901,0,22.3348544358221,0,"normal","I",1000,500,0.5,0,0,0,FALSE,0,FALSE,0.1,"leave-d",500,0.5,1e+05,TRUE,717
10,0,0,0,10.3995680237624,7.37023641584607,13.4288996316787,16.6293091981179,-4.23516376255993,37.4937821587956,10.3931746919901,0,19.1466234490821,0,"normal","I",1000,500,0.5,0,0,0,FALSE,0,FALSE,0.1,"leave-d",500,0.5,1e+05,TRUE,717
10,0,0,0,10.3995680237624,7.37023641584607,13.4288996316787,13.5225828225841,-9.40817039702107,36.4533360421892,10.3931746919901,0,6.95482086904258,0,"normal","I",1000,500,0.5,0,0,0,FALSE,0,FALSE,0.1,"leave-d",500,0.5,1e+05,TRUE,717
10,0,0,0,10.3995680237624,7.37023641584607,13.4288996316787,8.68139496910028,-11.0298844299085,28.3926743681091,10.3931746919901,0,4.26378249275521,0,"normal","I",1000,500,0.5,0,0,0,FALSE,0,FALSE,0.1,"leave-d",500,0.5,1e+05,TRUE,717
10,0,0,0,10.3995680237624,7.37023641584607,13.4288996316787,22.8875488587741,1.25144636006827,44.5236513574799,10.3931746919901,0,21.7716455261954,0,"normal","I",1000,500,0.5,0,0,0,FALSE,0,FALSE,0.1,"leave-d",500,0.5,1e+05,TRUE,717
10,0,0,0,10.3995680237624,7.37023641584607,13.4288996316787,16.7674880417035,5.06304598782122,28.4719300955858,10.3931746919901,0,11.4783564409069,0,"normal","I",1000,500,0.5,0,0,0,FALSE,0,FALSE,0.1,"leave-d",500,0.5,1e+05,TRUE,717
10,0,0,0,10.3995680237624,7.37023641584607,13.4288996316787,19.5346132150684,-1.50338601354908,40.5726124436859,10.3931746919901,0,11.9891821286763,0,"normal","I",1000,500,0.5,0,0,0,FALSE,0,FALSE,0.1,"leave-d",500,0.5,1e+05,TRUE,717
10,0,0,0,10.3995680237624,7.37023641584607,13.4288996316787,17.2248163283105,-5.14860307227707,39.5982357288981,10.3931746919901,0,11.2422594634402,0,"normal","I",1000,500,0.5,0,0,0,FALSE,0,FALSE,0.1,"leave-d",500,0.5,1e+05,TRUE,717
10,0,0,0,10.3995680237624,7.37023641584607,13.4288996316787,34.3635492211629,14.8965676168784,53.8305308254474,10.3931746919901,0,19.4787915520094,0,"normal","I",1000,500,0.5,0,0,0,FALSE,0,FALSE,0.1,"leave-d",500,0.5,1e+05,TRUE,717
10,0,0,0,10.3995680237624,7.37023641584607,13.4288996316787,-2.86635553632359,-21.1198636642044,15.3871525915572,10.3931746919901,0,0,0,"normal","I",1000,500,0.5,0,0,0,FALSE,0,FALSE,0.1,"leave-d",500,0.5,1e+05,TRUE,717
10,0,0,0,10.3995680237624,7.37023641584607,13.4288996316787,17.5047125271279,-1.0837979453623,36.0932229996181,10.3931746919901,0,11.1475474754456,0,"normal","I",1000,500,0.5,0,0,0,FALSE,0,FALSE,0.1,"leave-d",500,0.5,1e+05,TRUE,717
10,0,0,0,10.3995680237624,7.37023641584607,13.4288996316787,10.5126058961216,-8.83545052617586,29.8606623184191,10.3931746919901,0,9.84423622069268,0,"normal","I",1000,500,0.5,0,0,0,FALSE,0,FALSE,0.1,"leave-d",500,0.5,1e+05,TRUE,717
10,0,0,0,10.3995680237624,7.37023641584607,13.4288996316787,0.588681529013711,-16.2029986184736,17.3803616765011,10.3931746919901,0,0,0,"normal","I",1000,500,0.5,0,0,0,FALSE,0,FALSE,0.1,"leave-d",500,0.5,1e+05,TRUE,717
10,0,0,0,10.3995680237624,7.37023641584607,13.4288996316787,2.77169751820127,-17.1553065085964,22.6987015449989,10.3931746919901,0,0,0,"normal","I",1000,500,0.5,0,0,0,FALSE,0,FALSE,0.1,"leave-d",500,0.5,1e+05,TRUE,717
10,0,0,0,10.3995680237624,7.37023641584607,13.4288996316787,-41.1975940687291,-68.6006904663874,-13.7944976710707,10.3931746919901,0,0,0,"normal","I",1000,500,0.5,0,0,0,FALSE,0,FALSE,0.1,"leave-d",500,0.5,1e+05,TRUE,717
10,0,0,0,10.3995680237624,7.37023641584607,13.4288996316787,15.5820904932194,-8.92499620430509,40.089177190744,10.3931746919901,0,25.3400105663571,0,"normal","I",1000,500,0.5,0,0,0,FALSE,0,FALSE,0.1,"leave-d",500,0.5,1e+05,TRUE,717
10,0,0,0,10.3995680237624,7.37023641584607,13.4288996316787,24.1986168324368,6.11967153685395,42.2775621280197,10.3931746919901,0,17.5892591502598,0,"normal","I",1000,500,0.5,0,0,0,FALSE,0,FALSE,0.1,"leave-d",500,0.5,1e+05,TRUE,717
10,0,0,0,10.3995680237624,7.37023641584607,13.4288996316787,23.0035027474815,-4.55323065710364,50.5602361520666,10.3931746919901,0,15.2201939201952,0,"normal","I",1000,500,0.5,0,0,0,FALSE,0,FALSE,0.1,"leave-d",500,0.5,1e+05,TRUE,717
10,0,0,0,10.3995680237624,7.37023641584607,13.4288996316787,21.1135951756588,2.07136961513638,40.1558207361813,10.3931746919901,0,18.8391868474885,0,"normal","I",1000,500,0.5,0,0,0,FALSE,0,FALSE,0.1,"leave-d",500,0.5,1e+05,TRUE,717
10,0,0,0,10.3995680237624,7.37023641584607,13.4288996316787,-2.55993341066666,-24.5931704567572,19.4733036354239,10.3931746919901,0,0,0,"normal","I",1000,500,0.5,0,0,0,FALSE,0,FALSE,0.1,"leave-d",500,0.5,1e+05,TRUE,717
10,0,0,0,10.3995680237624,7.37023641584607,13.4288996316787,4.92370455068224,-20.7935361005922,30.6409452019566,10.3931746919901,0,0,0,"normal","I",1000,500,0.5,0,0,0,FALSE,0,FALSE,0.1,"leave-d",500,0.5,1e+05,TRUE,717
10,0,0,0,10.3995680237624,7.37023641584607,13.4288996316787,28.2143684546738,10.5203068550348,45.9084300543127,10.3931746919901,0,17.8322238777333,0,"normal","I",1000,500,0.5,0,0,0,FALSE,0,FALSE,0.1,"leave-d",500,0.5,1e+05,TRUE,717
10,0,0,0,10.3995680237624,7.37023641584607,13.4288996316787,21.9252508133769,1.55898185900775,42.2915197677461,10.3931746919901,0,20.2961376616115,0,"normal","I",1000,500,0.5,0,0,0,FALSE,0,FALSE,0.1,"leave-d",500,0.5,1e+05,TRUE,717
10,0,0,0,10.3995680237624,7.37023641584607,13.4288996316787,3.75745664979953,-11.8421927447427,19.3571060443418,10.3931746919901,0,0,0,"normal","I",1000,500,0.5,0,0,0,FALSE,0,FALSE,0.1,"leave-d",500,0.5,1e+05,TRUE,717
10,0,0,0,10.3995680237624,7.37023641584607,13.4288996316787,6.79265019872454,-13.9561407168025,27.5414411142516,10.3931746919901,0,0.672034037141025,0,"normal","I",1000,500,0.5,0,0,0,FALSE,0,FALSE,0.1,"leave-d",500,0.5,1e+05,TRUE,717
10,0,0,0,10.3995680237624,7.37023641584607,13.4288996316787,16.6929644618026,-2.91764700402144,36.3035759276266,10.3931746919901,0,11.4866873435207,0,"normal","I",1000,500,0.5,0,0,0,FALSE,0,FALSE,0.1,"leave-d",500,0.5,1e+05,TRUE,717
10,0,0,0,10.3995680237624,7.37023641584607,13.4288996316787,20.7148336172707,1.76326571494555,39.6664015195958,10.3931746919901,0,20.2951773533819,0,"normal","I",1000,500,0.5,0,0,0,FALSE,0,FALSE,0.1,"leave-d",500,0.5,1e+05,TRUE,717
10,0,0,0,10.3995680237624,7.37023641584607,13.4288996316787,10.8608023741878,-8.49774877727208,30.2193535256476,10.3931746919901,0,7.04300131088926,0,"normal","I",1000,500,0.5,0,0,0,FALSE,0,FALSE,0.1,"leave-d",500,0.5,1e+05,TRUE,717
10,0,0,0,10.3995680237624,7.37023641584607,13.4288996316787,2.95288083622994,-13.5096914248228,19.4154530972827,10.3931746919901,0,0,0,"normal","I",1000,500,0.5,0,0,0,FALSE,0,FALSE,0.1,"leave-d",500,0.5,1e+05,TRUE,717
10,0,0,0,10.3995680237624,7.37023641584607,13.4288996316787,5.77803506212276,-12.0997235576836,23.6557936819291,10.3931746919901,0,0.644559619369039,0,"normal","I",1000,500,0.5,0,0,0,FALSE,0,FALSE,0.1,"leave-d",500,0.5,1e+05,TRUE,717
10,0,0,0,10.3995680237624,7.37023641584607,13.4288996316787,18.6799727555059,5.17681061499062,32.1831348960212,10.3931746919901,0,13.4097118861841,0,"normal","I",1000,500,0.5,0,0,0,FALSE,0,FALSE,0.1,"leave-d",500,0.5,1e+05,TRUE,717
10,0,0,0,10.3995680237624,7.37023641584607,13.4288996316787,29.117709226339,5.1007834154495,53.1346350372285,10.3931746919901,0,24.3440192556504,0,"normal","I",1000,500,0.5,0,0,0,FALSE,0,FALSE,0.1,"leave-d",500,0.5,1e+05,TRUE,717
10,0,0,0,10.3995680237624,7.37023641584607,13.4288996316787,16.728396219331,-4.94073643619164,38.3975288748537,10.3931746919901,0,12.9418883895372,0,"normal","I",1000,500,0.5,0,0,0,FALSE,0,FALSE,0.1,"leave-d",500,0.5,1e+05,TRUE,717
10,0,0,0,10.3995680237624,7.37023641584607,13.4288996316787,39.751639373073,13.1060645374664,66.3972142086797,10.3931746919901,0,26.0833846384693,0,"normal","I",1000,500,0.5,0,0,0,FALSE,0,FALSE,0.1,"leave-d",500,0.5,1e+05,TRUE,717
10,0,0,0,10.3995680237624,7.37023641584607,13.4288996316787,20.4740100036051,-7.53060987106573,48.4786298782758,10.3931746919901,0,20.461698583574,0,"normal","I",1000,500,0.5,0,0,0,FALSE,0,FALSE,0.1,"leave-d",500,0.5,1e+05,TRUE,717
10,0,0,0,10.3995680237624,7.37023641584607,13.4288996316787,38.4958903528863,16.6652434393886,60.326537266384,10.3931746919901,0,21.7520235102912,0,"normal","I",1000,500,0.5,0,0,0,FALSE,0,FALSE,0.1,"leave-d",500,0.5,1e+05,TRUE,717
10,0,0,0,10.3995680237624,7.37023641584607,13.4288996316787,-19.7679560410069,-37.4482317617702,-2.08768032024365,10.3931746919901,0,0,0,"normal","I",1000,500,0.5,0,0,0,FALSE,0,FALSE,0.1,"leave-d",500,0.5,1e+05,TRUE,717
10,0,0,0,10.3995680237624,7.37023641584607,13.4288996316787,2.31634715745754,-13.4892340360422,18.1219283509573,10.3931746919901,0,0,0,"normal","I",1000,500,0.5,0,0,0,FALSE,0,FALSE,0.1,"leave-d",500,0.5,1e+05,TRUE,717
10,0,0,0,10.3995680237624,7.37023641584607,13.4288996316787,10.7739301125804,-4.4487075609448,25.9965677861057,10.3931746919901,0,9.35863299861567,0,"normal","I",1000,500,0.5,0,0,0,FALSE,0,FALSE,0.1,"leave-d",500,0.5,1e+05,TRUE,717
10,0,0,0,10.3995680237624,7.37023641584607,13.4288996316787,-2.11077787836313,-23.0042732302917,18.7827174735654,10.3931746919901,0,0,0,"normal","I",1000,500,0.5,0,0,0,FALSE,0,FALSE,0.1,"leave-d",500,0.5,1e+05,TRUE,717
10,0,0,0,10.3995680237624,7.37023641584607,13.4288996316787,35.1733273343362,10.5939158473435,59.7527388213289,10.3931746919901,0,24.9319321601285,0,"normal","I",1000,500,0.5,0,0,0,FALSE,0,FALSE,0.1,"leave-d",500,0.5,1e+05,TRUE,717
10,0,0,0,10.3995680237624,7.37023641584607,13.4288996316787,40.0360775062619,14.9254928419201,65.1466621706036,10.3931746919901,0,24.3028052206954,0,"normal","I",1000,500,0.5,0,0,0,FALSE,0,FALSE,0.1,"leave-d",500,0.5,1e+05,TRUE,717
10,0,0,0,10.3995680237624,7.37023641584607,13.4288996316787,39.8261534019882,16.6568609671645,62.995445836812,10.3931746919901,0,22.6318763951916,0,"normal","I",1000,500,0.5,0,0,0,FALSE,0,FALSE,0.1,"leave-d",500,0.5,1e+05,TRUE,717
10,0,0,0,10.3995680237624,7.37023641584607,13.4288996316787,-2.16363578569917,-19.8870753698821,15.5598037984838,10.3931746919901,0,0,0,"normal","I",1000,500,0.5,0,0,0,FALSE,0,FALSE,0.1,"leave-d",500,0.5,1e+05,TRUE,717
10,0,0,0,10.3995680237624,7.37023641584607,13.4288996316787,10.3158056075363,-9.19168136767484,29.8232925827475,10.3931746919901,0,6.49485302143593,0,"normal","I",1000,500,0.5,0,0,0,FALSE,0,FALSE,0.1,"leave-d",500,0.5,1e+05,TRUE,717
10,0,0,0,10.3995680237624,7.37023641584607,13.4288996316787,7.20098906186759,-11.0875681658825,25.4895462896177,10.3931746919901,0,1.90478904980824,0,"normal","I",1000,500,0.5,0,0,0,FALSE,0,FALSE,0.1,"leave-d",500,0.5,1e+05,TRUE,717
10,0,0,0,10.3995680237624,7.37023641584607,13.4288996316787,-4.21854471358732,-21.5023962460625,13.0653068188879,10.3931746919901,0,0,0,"normal","I",1000,500,0.5,0,0,0,FALSE,0,FALSE,0.1,"leave-d",500,0.5,1e+05,TRUE,717
10,0,0,0,10.3995680237624,7.37023641584607,13.4288996316787,-9.94438712457849,-31.6911228129153,11.8023485637583,10.3931746919901,0,0,0,"normal","I",1000,500,0.5,0,0,0,FALSE,0,FALSE,0.1,"leave-d",500,0.5,1e+05,TRUE,717
10,0,0,0,10.3995680237624,7.37023641584607,13.4288996316787,-1.64704499946713,-22.1333862760973,18.839296277163,10.3931746919901,0,0,0,"normal","I",1000,500,0.5,0,0,0,FALSE,0,FALSE,0.1,"leave-d",500,0.5,1e+05,TRUE,717
10,0,0,0,10.3995680237624,7.37023641584607,13.4288996316787,13.6940967095564,-4.95551726386479,32.3437106829775,10.3931746919901,0,12.6193032814918,0,"normal","I",1000,500,0.5,0,0,0,FALSE,0,FALSE,0.1,"leave-d",500,0.5,1e+05,TRUE,717
10,0,0,0,10.3995680237624,7.37023641584607,13.4288996316787,7.47580891348755,-11.5296337359327,26.4812515629078,10.3931746919901,0,3.30695054928147,0,"normal","I",1000,500,0.5,0,0,0,FALSE,0,FALSE,0.1,"leave-d",500,0.5,1e+05,TRUE,717
10,0,0,0,10.3995680237624,7.37023641584607,13.4288996316787,39.6520254834132,13.3026173980242,66.0014335688022,10.3931746919901,0,26.1165633051371,0,"normal","I",1000,500,0.5,0,0,0,FALSE,0,FALSE,0.1,"leave-d",500,0.5,1e+05,TRUE,717
10,0,0,0,10.3995680237624,7.37023641584607,13.4288996316787,9.5007263770935,-8.87003682984605,27.8714895840331,10.3931746919901,0,5.21407648361903,0,"normal","I",1000,500,0.5,0,0,0,FALSE,0,FALSE,0.1,"leave-d",500,0.5,1e+05,TRUE,717
10,0,0,0,10.3995680237624,7.37023641584607,13.4288996316787,-9.78503524390842,-32.1869769742073,12.6169064863905,10.3931746919901,0,0,0,"normal","I",1000,500,0.5,0,0,0,FALSE,0,FALSE,0.1,"leave-d",500,0.5,1e+05,TRUE,717
10,0,0,0,10.3995680237624,7.37023641584607,13.4288996316787,-4.8565511921284,-26.3132893624153,16.6001869781585,10.3931746919901,0,0,0,"normal","I",1000,500,0.5,0,0,0,FALSE,0,FALSE,0.1,"leave-d",500,0.5,1e+05,TRUE,717
10,0,0,0,10.3995680237624,7.37023641584607,13.4288996316787,-10.7203223888241,-32.7614998628668,11.3208550852185,10.3931746919901,0,0,0,"normal","I",1000,500,0.5,0,0,0,FALSE,0,FALSE,0.1,"leave-d",500,0.5,1e+05,TRUE,717
10,0,0,0,10.3995680237624,7.37023641584607,13.4288996316787,-2.66530471221413,-20.9829497767763,15.6523403523481,10.3931746919901,0,0,0,"normal","I",1000,500,0.5,0,0,0,FALSE,0,FALSE,0.1,"leave-d",500,0.5,1e+05,TRUE,717
10,0,0,0,10.3995680237624,7.37023641584607,13.4288996316787,14.5149022578827,-10.7665033543635,39.7963078701289,10.3931746919901,0,8.15925761983179,0,"normal","I",1000,500,0.5,0,0,0,FALSE,0,FALSE,0.1,"leave-d",500,0.5,1e+05,TRUE,717
10,0,0,0,10.3995680237624,7.37023641584607,13.4288996316787,-7.67025553400879,-28.7591947533688,13.4186836853513,10.3931746919901,0,0,0,"normal","I",1000,500,0.5,0,0,0,FALSE,0,FALSE,0.1,"leave-d",500,0.5,1e+05,TRUE,717
10,0,0,0,10.3995680237624,7.37023641584607,13.4288996316787,12.4818528197258,-4.50284679228491,29.4665524317366,10.3931746919901,0,10.4933306474441,0,"normal","I",1000,500,0.5,0,0,0,FALSE,0,FALSE,0.1,"leave-d",500,0.5,1e+05,TRUE,717
10,0,0,0,10.3995680237624,7.37023641584607,13.4288996316787,-0.521373927224227,-18.0906011450881,17.0478532906397,10.3931746919901,0,0,0,"normal","I",1000,500,0.5,0,0,0,FALSE,0,FALSE,0.1,"leave-d",500,0.5,1e+05,TRUE,717
10,0,0,0,10.3995680237624,7.37023641584607,13.4288996316787,17.9275746122318,-1.5200118062769,37.3751610307404,10.3931746919901,0,18.7976472519285,0,"normal","I",1000,500,0.5,0,0,0,FALSE,0,FALSE,0.1,"leave-d",500,0.5,1e+05,TRUE,717
10,0,0,0,10.3995680237624,7.37023641584607,13.4288996316787,24.6386864632253,4.13951690432566,45.1378560221249,10.3931746919901,0,20.9465921602211,0,"normal","I",1000,500,0.5,0,0,0,FALSE,0,FALSE,0.1,"leave-d",500,0.5,1e+05,TRUE,717
10,0,0,0,10.3995680237624,7.37023641584607,13.4288996316787,16.3307166737254,-2.64519800025485,35.3066313477057,10.3931746919901,0,16.9862473722618,0,"normal","I",1000,500,0.5,0,0,0,FALSE,0,FALSE,0.1,"leave-d",500,0.5,1e+05,TRUE,717
10,0,0,0,10.3995680237624,7.37023641584607,13.4288996316787,18.9650461892245,-1.38570613977687,39.3157985182258,10.3931746919901,0,17.7108948094522,0,"normal","I",1000,500,0.5,0,0,0,FALSE,0,FALSE,0.1,"leave-d",500,0.5,1e+05,TRUE,717
10,0,0,0,10.3995680237624,7.37023641584607,13.4288996316787,24.4983371170164,-0.0237736197414229,49.0204478537743,10.3931746919901,0,24.8504412729075,0,"normal","I",1000,500,0.5,0,0,0,FALSE,0,FALSE,0.1,"leave-d",500,0.5,1e+05,TRUE,717
10,0,0,0,10.3995680237624,7.37023641584607,13.4288996316787,9.09482490259861,-15.466454909601,33.6561047147983,10.3931746919901,0,2.07655837791352,0,"normal","I",1000,500,0.5,0,0,0,FALSE,0,FALSE,0.1,"leave-d",500,0.5,1e+05,TRUE,717
10,0,0,0,10.3995680237624,7.37023641584607,13.4288996316787,-0.512514936472188,-20.3907084561989,19.3656785832546,10.3931746919901,0,0,0,"normal","I",1000,500,0.5,0,0,0,FALSE,0,FALSE,0.1,"leave-d",500,0.5,1e+05,TRUE,717
10,0,0,0,10.3995680237624,7.37023641584607,13.4288996316787,38.0532905549524,22.753162718212,53.3534183916928,10.3931746919901,0,14.7250204277644,0,"normal","I",1000,500,0.5,0,0,0,FALSE,0,FALSE,0.1,"leave-d",500,0.5,1e+05,TRUE,717
10,0,0,0,10.3995680237624,7.37023641584607,13.4288996316787,28.3638926206748,5.68170839498392,51.0460768463658,10.3931746919901,0,22.547738975616,0,"normal","I",1000,500,0.5,0,0,0,FALSE,0,FALSE,0.1,"leave-d",500,0.5,1e+05,TRUE,717
10,0,0,0,10.3995680237624,7.37023641584607,13.4288996316787,16.4490854239607,1.87759087802411,31.0205799698972,10.3931746919901,0,14.5473939633602,0,"normal","I",1000,500,0.5,0,0,0,FALSE,0,FALSE,0.1,"leave-d",500,0.5,1e+05,TRUE,717
10,0,0,0,10.3995680237624,7.37023641584607,13.4288996316787,10.0508194542479,-7.37434036587389,27.4759792743698,10.3931746919901,0,11.104738467913,0,"normal","I",1000,500,0.5,0,0,0,FALSE,0,FALSE,0.1,"leave-d",500,0.5,1e+05,TRUE,717
10,0,0,0,10.3995680237624,7.37023641584607,13.4288996316787,1.28936934353266,-19.0311059185134,21.6098446055787,10.3931746919901,0,0,0,"normal","I",1000,500,0.5,0,0,0,FALSE,0,FALSE,0.1,"leave-d",500,0.5,1e+05,TRUE,717
10,0,0,0,10.3995680237624,7.37023641584607,13.4288996316787,33.2753968275807,9.11449418012988,57.4362994750315,10.3931746919901,0,24.9082587149159,0,"normal","I",1000,500,0.5,0,0,0,FALSE,0,FALSE,0.1,"leave-d",500,0.5,1e+05,TRUE,717
10,0,0,0,10.3995680237624,7.37023641584607,13.4288996316787,9.47816642176558,-10.8837693274544,29.8401021709856,10.3931746919901,0,4.07545492698482,0,"normal","I",1000,500,0.5,0,0,0,FALSE,0,FALSE,0.1,"leave-d",500,0.5,1e+05,TRUE,717
10,0,0,0,10.3995680237624,7.37023641584607,13.4288996316787,-3.99347853743049,-20.186794205175,12.199837130314,10.3931746919901,0,0,0,"normal","I",1000,500,0.5,0,0,0,FALSE,0,FALSE,0.1,"leave-d",500,0.5,1e+05,TRUE,717
10,0,0,0,10.3995680237624,7.37023641584607,13.4288996316787,29.6250033955915,6.65612659978986,52.5938801913931,10.3931746919901,0,23.3113961305256,0,"normal","I",1000,500,0.5,0,0,0,FALSE,0,FALSE,0.1,"leave-d",500,0.5,1e+05,TRUE,717
10,0,0,0,10.3995680237624,7.37023641584607,13.4288996316787,-0.122153564548602,-15.9972609166732,15.752953787576,10.3931746919901,0,0,0,"normal","I",1000,500,0.5,0,0,0,FALSE,0,FALSE,0.1,"leave-d",500,0.5,1e+05,TRUE,717
10,0,0,0,10.3995680237624,7.37023641584607,13.4288996316787,5.87970177487658,-17.131895076241,28.8912986259942,10.3931746919901,0,0,0,"normal","I",1000,500,0.5,0,0,0,FALSE,0,FALSE,0.1,"leave-d",500,0.5,1e+05,TRUE,717
10,0,0,0,10.3995680237624,7.37023641584607,13.4288996316787,33.3786183647578,15.3817917960695,51.3754449334462,10.3931746919901,0,17.7774803288924,0,"normal","I",1000,500,0.5,0,0,0,FALSE,0,FALSE,0.1,"leave-d",500,0.5,1e+05,TRUE,717
10,0,0,0,10.3995680237624,7.37023641584607,13.4288996316787,1.54484884897608,-24.5660301145761,27.6557278125283,10.3931746919901,0,0,0,"normal","I",1000,500,0.5,0,0,0,FALSE,0,FALSE,0.1,"leave-d",500,0.5,1e+05,TRUE,717
10,0,0,0,10.3995680237624,7.37023641584607,13.4288996316787,8.24238618280828,-12.1059662495072,28.5907386151237,10.3931746919901,0,2.61667341093639,0,"normal","I",1000,500,0.5,0,0,0,FALSE,0,FALSE,0.1,"leave-d",500,0.5,1e+05,TRUE,717
10,0,0,0,10.3995680237624,7.37023641584607,13.4288996316787,12.7274604338093,-4.53591753993314,29.9908384075518,10.3931746919901,0,10.9536841045098,0,"normal","I",1000,500,0.5,0,0,0,FALSE,0,FALSE,0.1,"leave-d",500,0.5,1e+05,TRUE,717
10,0,0,0,10.3995680237624,7.37023641584607,13.4288996316787,16.8382592789031,-5.79779393698942,39.4743124947956,10.3931746919901,0,15.9142365300482,0,"normal","I",1000,500,0.5,0,0,0,FALSE,0,FALSE,0.1,"leave-d",500,0.5,1e+05,TRUE,717
10,0,0,0,10.3995680237624,7.37023641584607,13.4288996316787,20.0496218856183,-1.39677021103171,41.4960139822683,10.3931746919901,0,22.5730170473631,0,"normal","I",1000,500,0.5,0,0,0,FALSE,0,FALSE,0.1,"leave-d",500,0.5,1e+05,TRUE,717
10,0,0,0,10.3995680237624,7.37023641584607,13.4288996316787,5.81176734091131,-13.0464205982263,24.6699552800489,10.3931746919901,0,0.319935101990093,0,"normal","I",1000,500,0.5,0,0,0,FALSE,0,FALSE,0.1,"leave-d",500,0.5,1e+05,TRUE,717
10,0,0,0,10.3995680237624,7.37023641584607,13.4288996316787,24.4350417583063,4.73715210617278,44.1329314104397,10.3931746919901,0,19.4686266788538,0,"normal","I",1000,500,0.5,0,0,0,FALSE,0,FALSE,0.1,"leave-d",500,0.5,1e+05,TRUE,717
10,0,0,0,10.3995680237624,7.37023641584607,13.4288996316787,17.443158868234,-11.2747496595697,46.1610673960377,10.3931746919901,0,13.5904812000585,0,"normal","I",1000,500,0.5,0,0,0,FALSE,0,FALSE,0.1,"leave-d",500,0.5,1e+05,TRUE,717
10,0,0,0,10.3995680237624,7.37023641584607,13.4288996316787,23.2878346123569,6.68717428170989,39.8884949430039,10.3931746919901,0,16.9780281256486,0,"normal","I",1000,500,0.5,0,0,0,FALSE,0,FALSE,0.1,"leave-d",500,0.5,1e+05,TRUE,717
10,0,0,0,10.3995680237624,7.37023641584607,13.4288996316787,-1.13485344016407,-34.2307131132722,31.961006232944,10.3931746919901,0,0,0,"normal","I",1000,500,0.5,0,0,0,FALSE,0,FALSE,0.1,"leave-d",500,0.5,1e+05,TRUE,717
10,0,0,0,10.3995680237624,7.37023641584607,13.4288996316787,6.42969715849976,-17.1930507470118,30.0524450640114,10.3931746919901,0,0,0,"normal","I",1000,500,0.5,0,0,0,FALSE,0,FALSE,0.1,"leave-d",500,0.5,1e+05,TRUE,717
10,0,0,0,10.3995680237624,7.37023641584607,13.4288996316787,21.1324661104401,6.64292442940499,35.6220077914753,10.3931746919901,0,14.610682654552,0,"normal","I",1000,500,0.5,0,0,0,FALSE,0,FALSE,0.1,"leave-d",500,0.5,1e+05,TRUE,717
10,0,0,0,10.3995680237624,7.37023641584607,13.4288996316787,-14.5281289651242,-31.974421207236,2.91816327698757,10.3931746919901,0,0,0,"normal","I",1000,500,0.5,0,0,0,FALSE,0,FALSE,0.1,"leave-d",500,0.5,1e+05,TRUE,717
10,0,0,0,10.3995680237624,7.37023641584607,13.4288996316787,3.27359643640189,-12.0513078593948,18.5985007321985,10.3931746919901,0,0,0,"normal","I",1000,500,0.5,0,0,0,FALSE,0,FALSE,0.1,"leave-d",500,0.5,1e+05,TRUE,717
10,0,0,0,10.3995680237624,7.37023641584607,13.4288996316787,0.581755086706723,-20.0109120704706,21.1744222438841,10.3931746919901,0,0,0,"normal","I",1000,500,0.5,0,0,0,FALSE,0,FALSE,0.1,"leave-d",500,0.5,1e+05,TRUE,717
10,0,0,0,10.3995680237624,7.37023641584607,13.4288996316787,14.6967259328884,-10.285704283464,39.6791561492408,10.3931746919901,0,6.96550968517836,0,"normal","I",1000,500,0.5,0,0,0,FALSE,0,FALSE,0.1,"leave-d",500,0.5,1e+05,TRUE,717
10,0,0,0,10.3995680237624,7.37023641584607,13.4288996316787,10.7977022581097,-5.33840230468963,26.933806820909,10.3931746919901,0,9.67241899733375,0,"normal","I",1000,500,0.5,0,0,0,FALSE,0,FALSE,0.1,"leave-d",500,0.5,1e+05,TRUE,717
10,0,0,0,10.3995680237624,7.37023641584607,13.4288996316787,-1.52075861773526,-18.8071429919226,15.7656257564521,10.3931746919901,0,0,0,"normal","I",1000,500,0.5,0,0,0,FALSE,0,FALSE,0.1,"leave-d",500,0.5,1e+05,TRUE,717
10,0,0,0,10.3995680237624,7.37023641584607,13.4288996316787,24.9272661345608,6.32867451409803,43.5258577550235,10.3931746919901,0,19.1501911185347,0,"normal","I",1000,500,0.5,0,0,0,FALSE,0,FALSE,0.1,"leave-d",500,0.5,1e+05,TRUE,717
10,0,0,0,10.3995680237624,7.37023641584607,13.4288996316787,3.71043836901286,-9.9299914167711,17.3508681547968,10.3931746919901,0,0,0,"normal","I",1000,500,0.5,0,0,0,FALSE,0,FALSE,0.1,"leave-d",500,0.5,1e+05,TRUE,717
10,0,0,0,10.3995680237624,7.37023641584607,13.4288996316787,3.63139870890417,-20.333377577648,27.5961749954564,10.3931746919901,0,0,0,"normal","I",1000,500,0.5,0,0,0,FALSE,0,FALSE,0.1,"leave-d",500,0.5,1e+05,TRUE,717
10,0,0,0,10.3995680237624,7.37023641584607,13.4288996316787,1.04608436821817,-19.2022803104962,21.2944490469326,10.3931746919901,0,0,0,"normal","I",1000,500,0.5,0,0,0,FALSE,0,FALSE,0.1,"leave-d",500,0.5,1e+05,TRUE,717
10,0,0,0,10.3995680237624,7.37023641584607,13.4288996316787,0.535432484195502,-13.6652078697998,14.7360728381908,10.3931746919901,0,0,0,"normal","I",1000,500,0.5,0,0,0,FALSE,0,FALSE,0.1,"leave-d",500,0.5,1e+05,TRUE,717
10,0,0,0,10.3995680237624,7.37023641584607,13.4288996316787,-3.62196381961022,-21.4264288596776,14.1825012204571,10.3931746919901,0,0,0,"normal","I",1000,500,0.5,0,0,0,FALSE,0,FALSE,0.1,"leave-d",500,0.5,1e+05,TRUE,717
10,0,0,0,10.3995680237624,7.37023641584607,13.4288996316787,1.90383500571955,-17.2283440441258,21.0360140555649,10.3931746919901,0,0,0,"normal","I",1000,500,0.5,0,0,0,FALSE,0,FALSE,0.1,"leave-d",500,0.5,1e+05,TRUE,717
10,0,0,0,10.3995680237624,7.37023641584607,13.4288996316787,46.7792868557136,23.1287123481826,70.4298613632445,10.3931746919901,0,22.4485223517913,0,"normal","I",1000,500,0.5,0,0,0,FALSE,0,FALSE,0.1,"leave-d",500,0.5,1e+05,TRUE,717
10,0,0,0,10.3995680237624,7.37023641584607,13.4288996316787,-11.2988306537593,-26.2887510011033,3.69108969358482,10.3931746919901,0,0,0,"normal","I",1000,500,0.5,0,0,0,FALSE,0,FALSE,0.1,"leave-d",500,0.5,1e+05,TRUE,717
10,0,0,0,10.3995680237624,7.37023641584607,13.4288996316787,10.2514790166894,-13.9443535115918,34.4473115449705,10.3931746919901,0,3.98629456835399,0,"normal","I",1000,500,0.5,0,0,0,FALSE,0,FALSE,0.1,"leave-d",500,0.5,1e+05,TRUE,717
10,0,0,0,10.3995680237624,7.37023641584607,13.4288996316787,9.00620892060438,-18.7041994547844,36.7166172959931,10.3931746919901,0,0.703161116475919,0,"normal","I",1000,500,0.5,0,0,0,FALSE,0,FALSE,0.1,"leave-d",500,0.5,1e+05,TRUE,717
10,0,0,0,10.3995680237624,7.37023641584607,13.4288996316787,4.64267167523448,-14.0496115457959,23.3349548962649,10.3931746919901,0,0,0,"normal","I",1000,500,0.5,0,0,0,FALSE,0,FALSE,0.1,"leave-d",500,0.5,1e+05,TRUE,717
10,0,0,0,10.3995680237624,7.37023641584607,13.4288996316787,0.989951147750691,-23.844865653053,25.8247679485544,10.3931746919901,0,0,0,"normal","I",1000,500,0.5,0,0,0,FALSE,0,FALSE,0.1,"leave-d",500,0.5,1e+05,TRUE,717
10,0,0,0,10.3995680237624,7.37023641584607,13.4288996316787,27.5499042765821,11.6180423035507,43.4817662496135,10.3931746919901,0,15.6409030426628,0,"normal","I",1000,500,0.5,0,0,0,FALSE,0,FALSE,0.1,"leave-d",500,0.5,1e+05,TRUE,717
10,0,0,0,10.3995680237624,7.37023641584607,13.4288996316787,21.1345375319768,3.5637028949764,38.7053721689771,10.3931746919901,0,18.0121058473799,0,"normal","I",1000,500,0.5,0,0,0,FALSE,0,FALSE,0.1,"leave-d",500,0.5,1e+05,TRUE,717
10,0,0,0,10.3995680237624,7.37023641584607,13.4288996316787,28.9208339827874,4.60999062460323,53.2316773409717,10.3931746919901,0,21.7847316143657,0,"normal","I",1000,500,0.5,0,0,0,FALSE,0,FALSE,0.1,"leave-d",500,0.5,1e+05,TRUE,717
10,0,0,0,10.3995680237624,7.37023641584607,13.4288996316787,6.6175824036725,-11.6383766593072,24.8735414666522,10.3931746919901,0,1.07939459757934,0,"normal","I",1000,500,0.5,0,0,0,FALSE,0,FALSE,0.1,"leave-d",500,0.5,1e+05,TRUE,717
10,0,0,0,10.3995680237624,7.37023641584607,13.4288996316787,4.58875627343894,-15.3848077719118,24.5623203187897,10.3931746919901,0,0,0,"normal","I",1000,500,0.5,0,0,0,FALSE,0,FALSE,0.1,"leave-d",500,0.5,1e+05,TRUE,717
10,0,0,0,10.3995680237624,7.37023641584607,13.4288996316787,6.01422961788843,-22.7232212724378,34.7516805082147,10.3931746919901,0,0,0,"normal","I",1000,500,0.5,0,0,0,FALSE,0,FALSE,0.1,"leave-d",500,0.5,1e+05,TRUE,717
10,0,0,0,10.3995680237624,7.37023641584607,13.4288996316787,11.7869865902788,-8.73408757167506,32.3080607522327,10.3931746919901,0,11.6454562641161,0,"normal","I",1000,500,0.5,0,0,0,FALSE,0,FALSE,0.1,"leave-d",500,0.5,1e+05,TRUE,717
10,0,0,0,10.3995680237624,7.37023641584607,13.4288996316787,30.2063100316772,8.58700525994379,51.8256148034107,10.3931746919901,0,21.6394006928472,0,"normal","I",1000,500,0.5,0,0,0,FALSE,0,FALSE,0.1,"leave-d",500,0.5,1e+05,TRUE,717
10,0,0,0,10.3995680237624,7.37023641584607,13.4288996316787,2.62011867943203,-18.4625217685263,23.7027591273904,10.3931746919901,0,0,0,"normal","I",1000,500,0.5,0,0,0,FALSE,0,FALSE,0.1,"leave-d",500,0.5,1e+05,TRUE,717
10,0,0,0,10.3995680237624,7.37023641584607,13.4288996316787,21.5994552973598,3.67689036145646,39.5220202332632,10.3931746919901,0,18.3726160971391,0,"normal","I",1000,500,0.5,0,0,0,FALSE,0,FALSE,0.1,"leave-d",500,0.5,1e+05,TRUE,717
10,0,0,0,10.3995680237624,7.37023641584607,13.4288996316787,12.22349763327,-7.15666657219367,31.6036618387336,10.3931746919901,0,12.9108777672275,0,"normal","I",1000,500,0.5,0,0,0,FALSE,0,FALSE,0.1,"leave-d",500,0.5,1e+05,TRUE,717
10,0,0,0,10.3995680237624,7.37023641584607,13.4288996316787,-0.792248808389067,-21.8185005289563,20.2340029121782,10.3931746919901,0,0,0,"normal","I",1000,500,0.5,0,0,0,FALSE,0,FALSE,0.1,"leave-d",500,0.5,1e+05,TRUE,717
10,0,0,0,10.3995680237624,7.37023641584607,13.4288996316787,21.1790349713578,4.66530070830703,37.6927692344085,10.3931746919901,0,16.5156015520896,0,"normal","I",1000,500,0.5,0,0,0,FALSE,0,FALSE,0.1,"leave-d",500,0.5,1e+05,TRUE,717
10,0,0,0,10.3995680237624,7.37023641584607,13.4288996316787,7.11446723440529,-9.84149749909286,24.0704319679034,10.3931746919901,0,3.79012005504308,0,"normal","I",1000,500,0.5,0,0,0,FALSE,0,FALSE,0.1,"leave-d",500,0.5,1e+05,TRUE,717
10,0,0,0,10.3995680237624,7.37023641584607,13.4288996316787,58.8029890508993,37.4724447064583,80.1335333953402,10.3931746919901,0,19.7694788227127,0,"normal","I",1000,500,0.5,0,0,0,FALSE,0,FALSE,0.1,"leave-d",500,0.5,1e+05,TRUE,717
10,0,0,0,10.3995680237624,7.37023641584607,13.4288996316787,30.3888448221077,13.3477778738023,47.4299117704131,10.3931746919901,0,17.1320079055032,0,"normal","I",1000,500,0.5,0,0,0,FALSE,0,FALSE,0.1,"leave-d",500,0.5,1e+05,TRUE,717
10,0,0,0,10.3995680237624,7.37023641584607,13.4288996316787,4.09942670097043,-10.5213430209462,18.720196422887,10.3931746919901,0,0,0,"normal","I",1000,500,0.5,0,0,0,FALSE,0,FALSE,0.1,"leave-d",500,0.5,1e+05,TRUE,717
10,0,0,0,10.3995680237624,7.37023641584607,13.4288996316787,4.37983181321136,-15.515977015573,24.2756406419957,10.3931746919901,0,0,0,"normal","I",1000,500,0.5,0,0,0,FALSE,0,FALSE,0.1,"leave-d",500,0.5,1e+05,TRUE,717
10,0,0,0,10.3995680237624,7.37023641584607,13.4288996316787,22.5139488287657,-1.46974514611613,46.4976428036474,10.3931746919901,0,23.6715496882546,0,"normal","I",1000,500,0.5,0,0,0,FALSE,0,FALSE,0.1,"leave-d",500,0.5,1e+05,TRUE,717
10,0,0,0,10.3995680237624,7.37023641584607,13.4288996316787,-0.530277790588911,-14.6343544828301,13.5737989016522,10.3931746919901,0,0,0,"normal","I",1000,500,0.5,0,0,0,FALSE,0,FALSE,0.1,"leave-d",500,0.5,1e+05,TRUE,717
10,0,0,0,10.3995680237624,7.37023641584607,13.4288996316787,27.0818186053411,6.90994001835615,47.253697192326,10.3931746919901,0,19.3710713217176,0,"normal","I",1000,500,0.5,0,0,0,FALSE,0,FALSE,0.1,"leave-d",500,0.5,1e+05,TRUE,717
10,0,0,0,10.3995680237624,7.37023641584607,13.4288996316787,-7.41897112384032,-25.3088725251797,10.470930277499,10.3931746919901,0,0,0,"normal","I",1000,500,0.5,0,0,0,FALSE,0,FALSE,0.1,"leave-d",500,0.5,1e+05,TRUE,717
10,0,0,0,10.3995680237624,7.37023641584607,13.4288996316787,17.7569670644647,-2.19050142076514,37.7044355496945,10.3931746919901,0,20.0329883528741,0,"normal","I",1000,500,0.5,0,0,0,FALSE,0,FALSE,0.1,"leave-d",500,0.5,1e+05,TRUE,717
10,0,0,0,10.3995680237624,7.37023641584607,13.4288996316787,20.4804685065076,0.611408218442442,40.3495287945727,10.3931746919901,0,19.9782818931223,0,"normal","I",1000,500,0.5,0,0,0,FALSE,0,FALSE,0.1,"leave-d",500,0.5,1e+05,TRUE,717
10,0,0,0,10.3995680237624,7.37023641584607,13.4288996316787,28.0698042070778,7.61137748695863,48.528230927197,10.3931746919901,0,19.5997947552667,0,"normal","I",1000,500,0.5,0,0,0,FALSE,0,FALSE,0.1,"leave-d",500,0.5,1e+05,TRUE,717
10,0,0,0,10.3995680237624,7.37023641584607,13.4288996316787,10.0081118310787,-20.1767080241454,40.1929316863029,10.3931746919901,0,1.96194486319967,0,"normal","I",1000,500,0.5,0,0,0,FALSE,0,FALSE,0.1,"leave-d",500,0.5,1e+05,TRUE,717
10,0,0,0,10.3995680237624,7.37023641584607,13.4288996316787,47.4794766969998,22.0742781273987,72.8846752666009,10.3931746919901,0,24.9623016443304,0,"normal","I",1000,500,0.5,0,0,0,FALSE,0,FALSE,0.1,"leave-d",500,0.5,1e+05,TRUE,717
10,0,0,0,10.3995680237624,7.37023641584607,13.4288996316787,4.3734786700021,-17.9022318526524,26.6491891926566,10.3931746919901,0,0,0,"normal","I",1000,500,0.5,0,0,0,FALSE,0,FALSE,0.1,"leave-d",500,0.5,1e+05,TRUE,717
10,0,0,0,10.3995680237624,7.37023641584607,13.4288996316787,11.5035107367156,-5.29011415680852,28.2971356302396,10.3931746919901,0,5.58255278566738,0,"normal","I",1000,500,0.5,0,0,0,FALSE,0,FALSE,0.1,"leave-d",500,0.5,1e+05,TRUE,717
10,0,0,0,10.3995680237624,7.37023641584607,13.4288996316787,18.7824832030225,1.04672257618654,36.5182438298585,10.3931746919901,0,16.3078142466288,0,"normal","I",1000,500,0.5,0,0,0,FALSE,0,FALSE,0.1,"leave-d",500,0.5,1e+05,TRUE,717
10,0,0,0,10.3995680237624,7.37023641584607,13.4288996316787,3.41557839383128,-13.6129062663469,20.4440630540095,10.3931746919901,0,0,0,"normal","I",1000,500,0.5,0,0,0,FALSE,0,FALSE,0.1,"leave-d",500,0.5,1e+05,TRUE,717
10,0,0,0,10.3995680237624,7.37023641584607,13.4288996316787,36.1918642012613,16.1678929174688,56.2158354850537,10.3931746919901,0,20.1536629740722,0,"normal","I",1000,500,0.5,0,0,0,FALSE,0,FALSE,0.1,"leave-d",500,0.5,1e+05,TRUE,717
10,0,0,0,10.3995680237624,7.37023641584607,13.4288996316787,17.7010716937476,-0.199077084786236,35.6012204722815,10.3931746919901,0,11.4897801772144,0,"normal","I",1000,500,0.5,0,0,0,FALSE,0,FALSE,0.1,"leave-d",500,0.5,1e+05,TRUE,717
10,0,0,0,10.3995680237624,7.37023641584607,13.4288996316787,10.1836339332151,-8.28008560095369,28.6473534673839,10.3931746919901,0,7.17455245077133,0,"normal","I",1000,500,0.5,0,0,0,FALSE,0,FALSE,0.1,"leave-d",500,0.5,1e+05,TRUE,717
10,0,0,0,10.3995680237624,7.37023641584607,13.4288996316787,18.0423082861063,-1.30614535823406,37.3907619304467,10.3931746919901,0,19.9038076357878,0,"normal","I",1000,500,0.5,0,0,0,FALSE,0,FALSE,0.1,"leave-d",500,0.5,1e+05,TRUE,717
10,0,0,0,10.3995680237624,7.37023641584607,13.4288996316787,11.9200575113238,-6.32949553730491,30.1696105599525,10.3931746919901,0,9.76638736763529,0,"normal","I",1000,500,0.5,0,0,0,FALSE,0,FALSE,0.1,"leave-d",500,0.5,1e+05,TRUE,717
10,0,0,0,10.3995680237624,7.37023641584607,13.4288996316787,25.7821965324111,7.97701722200597,43.5873758428162,10.3931746919901,0,17.7477847384093,0,"normal","I",1000,500,0.5,0,0,0,FALSE,0,FALSE,0.1,"leave-d",500,0.5,1e+05,TRUE,717
10,0,0,0,10.3995680237624,7.37023641584607,13.4288996316787,27.4600877218807,5.4332428413287,49.4869326024326,10.3931746919901,0,22.4356983076274,0,"normal","I",1000,500,0.5,0,0,0,FALSE,0,FALSE,0.1,"leave-d",500,0.5,1e+05,TRUE,717
10,0,0,0,10.3995680237624,7.37023641584607,13.4288996316787,5.16046235414549,-16.9237616496622,27.2446863579532,10.3931746919901,0,0,0,"normal","I",1000,500,0.5,0,0,0,FALSE,0,FALSE,0.1,"leave-d",500,0.5,1e+05,TRUE,717
10,0,0,0,10.3995680237624,7.37023641584607,13.4288996316787,23.9315112124486,5.88596711075966,41.9770553141376,10.3931746919901,0,18.3396998600026,0,"normal","I",1000,500,0.5,0,0,0,FALSE,0,FALSE,0.1,"leave-d",500,0.5,1e+05,TRUE,717
10,0,0,0,10.3995680237624,7.37023641584607,13.4288996316787,37.7043985090263,13.2807681659922,62.1280288520604,10.3931746919901,0,23.7483111240067,0,"normal","I",1000,500,0.5,0,0,0,FALSE,0,FALSE,0.1,"leave-d",500,0.5,1e+05,TRUE,717
10,0,0,0,10.3995680237624,7.37023641584607,13.4288996316787,27.0847354776764,2.66363555366444,51.5058354016883,10.3931746919901,0,21.2863166348846,0,"normal","I",1000,500,0.5,0,0,0,FALSE,0,FALSE,0.1,"leave-d",500,0.5,1e+05,TRUE,717
10,0,0,0,10.3995680237624,7.37023641584607,13.4288996316787,17.4898262789714,-0.182789049999258,35.1624416079422,10.3931746919901,0,15.5568968482112,0,"normal","I",1000,500,0.5,0,0,0,FALSE,0,FALSE,0.1,"leave-d",500,0.5,1e+05,TRUE,717
10,0,0,0,10.3995680237624,7.37023641584607,13.4288996316787,8.9832406888323,-13.6298686457038,31.5963500233684,10.3931746919901,0,1.88594143229275,0,"normal","I",1000,500,0.5,0,0,0,FALSE,0,FALSE,0.1,"leave-d",500,0.5,1e+05,TRUE,717
10,0,0,0,10.3995680237624,7.37023641584607,13.4288996316787,-1.97828723521666,-21.7347229870255,17.7781485165922,10.3931746919901,0,0,0,"normal","I",1000,500,0.5,0,0,0,FALSE,0,FALSE,0.1,"leave-d",500,0.5,1e+05,TRUE,717
10,0,0,0,10.3995680237624,7.37023641584607,13.4288996316787,7.39391427528395,-10.2721771125166,25.0600056630845,10.3931746919901,0,3.75479360222504,0,"normal","I",1000,500,0.5,0,0,0,FALSE,0,FALSE,0.1,"leave-d",500,0.5,1e+05,TRUE,717
10,0,0,0,10.3995680237624,7.37023641584607,13.4288996316787,16.1303016226773,-8.27771643013654,40.5383196754911,10.3931746919901,0,10.2421945439122,0,"normal","I",1000,500,0.5,0,0,0,FALSE,0,FALSE,0.1,"leave-d",500,0.5,1e+05,TRUE,717
10,0,0,0,10.3995680237624,7.37023641584607,13.4288996316787,25.0061009654691,0.471583342911035,49.5406185880271,10.3931746919901,0,22.3617079173313,0,"normal","I",1000,500,0.5,0,0,0,FALSE,0,FALSE,0.1,"leave-d",500,0.5,1e+05,TRUE,717
10,0,0,0,10.3995680237624,7.37023641584607,13.4288996316787,13.9671642520145,-4.83124215183069,32.7655706558598,10.3931746919901,0,13.0914618346147,0,"normal","I",1000,500,0.5,0,0,0,FALSE,0,FALSE,0.1,"leave-d",500,0.5,1e+05,TRUE,717
10,0,0,0,10.3995680237624,7.37023641584607,13.4288996316787,10.402016156781,-11.0124473088283,31.8164796223903,10.3931746919901,0,7.50393058423047,0,"normal","I",1000,500,0.5,0,0,0,FALSE,0,FALSE,0.1,"leave-d",500,0.5,1e+05,TRUE,717
10,0,0,0,10.3995680237624,7.37023641584607,13.4288996316787,-7.58208316313076,-24.6420370545841,9.47787072832254,10.3931746919901,0,0,0,"normal","I",1000,500,0.5,0,0,0,FALSE,0,FALSE,0.1,"leave-d",500,0.5,1e+05,TRUE,717
10,0,0,0,10.3995680237624,7.37023641584607,13.4288996316787,0.527524023749878,-16.7337248721202,17.78877291962,10.3931746919901,0,0,0,"normal","I",1000,500,0.5,0,0,0,FALSE,0,FALSE,0.1,"leave-d",500,0.5,1e+05,TRUE,717
10,0,0,0,10.3995680237624,7.37023641584607,13.4288996316787,14.7567543480518,-5.85297763809204,35.3664863341956,10.3931746919901,0,15.8128313080114,0,"normal","I",1000,500,0.5,0,0,0,FALSE,0,FALSE,0.1,"leave-d",500,0.5,1e+05,TRUE,717
10,0,0,0,10.3995680237624,7.37023641584607,13.4288996316787,30.95263164451,6.35412344075128,55.5511398482687,10.3931746919901,0,24.6742980632989,0,"normal","I",1000,500,0.5,0,0,0,FALSE,0,FALSE,0.1,"leave-d",500,0.5,1e+05,TRUE,717
10,0,0,0,10.3995680237624,7.37023641584607,13.4288996316787,-2.1319279680971,-29.6994750682433,25.4356191320491,10.3931746919901,0,0,0,"normal","I",1000,500,0.5,0,0,0,FALSE,0,FALSE,0.1,"leave-d",500,0.5,1e+05,TRUE,717
10,0,0,0,10.3995680237624,7.37023641584607,13.4288996316787,3.26375270165196,-15.1960260544575,21.7235314577614,10.3931746919901,0,0,0,"normal","I",1000,500,0.5,0,0,0,FALSE,0,FALSE,0.1,"leave-d",500,0.5,1e+05,TRUE,717
10,0,0,0,10.3995680237624,7.37023641584607,13.4288996316787,10.1735878303552,-4.56529242745256,24.9124680881629,10.3931746919901,0,5.63918389776163,0,"normal","I",1000,500,0.5,0,0,0,FALSE,0,FALSE,0.1,"leave-d",500,0.5,1e+05,TRUE,717
10,0,0,0,10.3995680237624,7.37023641584607,13.4288996316787,19.9180229185453,-7.60058210383075,47.4366279409213,10.3931746919901,0,28.8080514467207,0,"normal","I",1000,500,0.5,0,0,0,FALSE,0,FALSE,0.1,"leave-d",500,0.5,1e+05,TRUE,717
10,0,0,0,10.3995680237624,7.37023641584607,13.4288996316787,13.5409297301037,-5.67630671544768,32.758166175655,10.3931746919901,0,10.1888018137831,0,"normal","I",1000,500,0.5,0,0,0,FALSE,0,FALSE,0.1,"leave-d",500,0.5,1e+05,TRUE,717
10,0,0,0,10.3995680237624,7.37023641584607,13.4288996316787,-0.621758071974731,-18.1477630788679,16.9042469349185,10.3931746919901,0,0,0,"normal","I",1000,500,0.5,0,0,0,FALSE,0,FALSE,0.1,"leave-d",500,0.5,1e+05,TRUE,717
10,0,0,0,10.3995680237624,7.37023641584607,13.4288996316787,23.4567243374294,-0.566909466236552,47.4803581410953,10.3931746919901,0,24.8807989555135,0,"normal","I",1000,500,0.5,0,0,0,FALSE,0,FALSE,0.1,"leave-d",500,0.5,1e+05,TRUE,717
10,0,0,0,10.3995680237624,7.37023641584607,13.4288996316787,23.3588817161654,-0.810902860350502,47.5286662926812,10.3931746919901,0,25.3424708069431,0,"normal","I",1000,500,0.5,0,0,0,FALSE,0,FALSE,0.1,"leave-d",500,0.5,1e+05,TRUE,717
10,0,0,0,10.3995680237624,7.37023641584607,13.4288996316787,7.11347714607216,-7.87386224036743,22.1008165325118,10.3931746919901,0,15.628856941474,0,"normal","I",1000,500,0.5,0,0,0,FALSE,0,FALSE,0.1,"leave-d",500,0.5,1e+05,TRUE,717
10,0,0,0,10.3995680237624,7.37023641584607,13.4288996316787,0.311409482890128,-21.1158466130903,21.7386655788706,10.3931746919901,0,0,0,"normal","I",1000,500,0.5,0,0,0,FALSE,0,FALSE,0.1,"leave-d",500,0.5,1e+05,TRUE,717
10,0,0,0,10.3995680237624,7.37023641584607,13.4288996316787,27.6889398096724,6.53777230828731,48.8401073110575,10.3931746919901,0,21.4273418139814,0,"normal","I",1000,500,0.5,0,0,0,FALSE,0,FALSE,0.1,"leave-d",500,0.5,1e+05,TRUE,717
10,0,0,0,10.3995680237624,7.37023641584607,13.4288996316787,32.782023333765,10.8160933837111,54.7479532838189,10.3931746919901,0,21.8037961298581,0,"normal","I",1000,500,0.5,0,0,0,FALSE,0,FALSE,0.1,"leave-d",500,0.5,1e+05,TRUE,717
10,0,0,0,10.3995680237624,7.37023641584607,13.4288996316787,11.8810315343032,-4.97572946907231,28.7377925376787,10.3931746919901,0,17.1842941723567,0,"normal","I",1000,500,0.5,0,0,0,FALSE,0,FALSE,0.1,"leave-d",500,0.5,1e+05,TRUE,717
10,0,0,0,10.3995680237624,7.37023641584607,13.4288996316787,48.1516657770856,23.3327682816094,72.9705632725619,10.3931746919901,0,24.284838213473,0,"normal","I",1000,500,0.5,0,0,0,FALSE,0,FALSE,0.1,"leave-d",500,0.5,1e+05,TRUE,717
10,0,0,0,10.3995680237624,7.37023641584607,13.4288996316787,-4.66910389681197,-23.2495578647558,13.9113500711319,10.3931746919901,0,0,0,"normal","I",1000,500,0.5,0,0,0,FALSE,0,FALSE,0.1,"leave-d",500,0.5,1e+05,TRUE,717
10,0,0,0,10.3995680237624,7.37023641584607,13.4288996316787,-3.45689056012226,-24.5902730685581,17.6764919483136,10.3931746919901,0,0,0,"normal","I",1000,500,0.5,0,0,0,FALSE,0,FALSE,0.1,"leave-d",500,0.5,1e+05,TRUE,717
10,0,0,0,10.3995680237624,7.37023641584607,13.4288996316787,-6.94348703415366,-35.6169647962085,21.7299907279012,10.3931746919901,0,0,0,"normal","I",1000,500,0.5,0,0,0,FALSE,0,FALSE,0.1,"leave-d",500,0.5,1e+05,TRUE,717
10,0,0,0,10.3995680237624,7.37023641584607,13.4288996316787,27.3486182855451,10.3288631756127,44.3683733954774,10.3931746919901,0,17.0053063818575,0,"normal","I",1000,500,0.5,0,0,0,FALSE,0,FALSE,0.1,"leave-d",500,0.5,1e+05,TRUE,717
10,0,0,0,10.3995680237624,7.37023641584607,13.4288996316787,2.55992705202148,-15.5253698266032,20.6452239306462,10.3931746919901,0,0,0,"normal","I",1000,500,0.5,0,0,0,FALSE,0,FALSE,0.1,"leave-d",500,0.5,1e+05,TRUE,717
10,0,0,0,10.3995680237624,7.37023641584607,13.4288996316787,21.232532419361,-6.48039540183818,48.9454602405602,10.3931746919901,0,16.1268401563627,0,"normal","I",1000,500,0.5,0,0,0,FALSE,0,FALSE,0.1,"leave-d",500,0.5,1e+05,TRUE,717
10,0,0,0,10.3995680237624,7.37023641584607,13.4288996316787,24.9580347587949,13.1405464379245,36.7755230796653,10.3931746919901,0,11.440154584248,0,"normal","I",1000,500,0.5,0,0,0,FALSE,0,FALSE,0.1,"leave-d",500,0.5,1e+05,TRUE,717
10,0,0,0,10.3995680237624,7.37023641584607,13.4288996316787,40.1147279732981,14.3606020561082,65.8688538904879,10.3931746919901,0,25.554609797521,0,"normal","I",1000,500,0.5,0,0,0,FALSE,0,FALSE,0.1,"leave-d",500,0.5,1e+05,TRUE,717
10,0,0,0,10.3995680237624,7.37023641584607,13.4288996316787,-15.6373115945896,-43.937180948601,12.6625577594218,10.3931746919901,0,0,0,"normal","I",1000,500,0.5,0,0,0,FALSE,0,FALSE,0.1,"leave-d",500,0.5,1e+05,TRUE,717
10,0,0,0,10.3995680237624,7.37023641584607,13.4288996316787,31.074196315526,12.3317463245881,49.8166463064639,10.3931746919901,0,18.6506314300417,0,"normal","I",1000,500,0.5,0,0,0,FALSE,0,FALSE,0.1,"leave-d",500,0.5,1e+05,TRUE,717
10,0,0,0,10.3995680237624,7.37023641584607,13.4288996316787,13.2062786613208,-6.02615616912451,32.4387134917661,10.3931746919901,0,5.75466595997056,0,"normal","I",1000,500,0.5,0,0,0,FALSE,0,FALSE,0.1,"leave-d",500,0.5,1e+05,TRUE,717
10,0,0,0,10.3995680237624,7.37023641584607,13.4288996316787,29.7468803321793,3.16399625632586,56.3297644080328,10.3931746919901,0,27.6071169086332,0,"normal","I",1000,500,0.5,0,0,0,FALSE,0,FALSE,0.1,"leave-d",500,0.5,1e+05,TRUE,717
10,0,0,0,10.3995680237624,7.37023641584607,13.4288996316787,4.52331118957787,-21.5632896667709,30.6099120459266,10.3931746919901,0,0,0,"normal","I",1000,500,0.5,0,0,0,FALSE,0,FALSE,0.1,"leave-d",500,0.5,1e+05,TRUE,717
10,0,0,0,10.3995680237624,7.37023641584607,13.4288996316787,10.9322626701304,-9.2035299408924,31.0680552811531,10.3931746919901,0,9.8189790855546,0,"normal","I",1000,500,0.5,0,0,0,FALSE,0,FALSE,0.1,"leave-d",500,0.5,1e+05,TRUE,717
10,0,0,0,10.3995680237624,7.37023641584607,13.4288996316787,7.08111106763435,-6.407993029774,20.5702151650427,10.3931746919901,0,7.76170101696939,0,"normal","I",1000,500,0.5,0,0,0,FALSE,0,FALSE,0.1,"leave-d",500,0.5,1e+05,TRUE,717
10,0,0,0,10.3995680237624,7.37023641584607,13.4288996316787,19.7476321966841,1.95738579899684,37.5378785943713,10.3931746919901,0,17.5187265088237,0,"normal","I",1000,500,0.5,0,0,0,FALSE,0,FALSE,0.1,"leave-d",500,0.5,1e+05,TRUE,717
10,0,0,0,10.3995680237624,7.37023641584607,13.4288996316787,7.91593106198631,-13.1868179666521,29.0186800906247,10.3931746919901,0,1.24635662821615,0,"normal","I",1000,500,0.5,0,0,0,FALSE,0,FALSE,0.1,"leave-d",500,0.5,1e+05,TRUE,717
10,0,0,0,10.3995680237624,7.37023641584607,13.4288996316787,23.9476369659944,-0.27611156878373,48.1713855007725,10.3931746919901,0,15.0297105842654,0,"normal","I",1000,500,0.5,0,0,0,FALSE,0,FALSE,0.1,"leave-d",500,0.5,1e+05,TRUE,717
10,0,0,0,10.3995680237624,7.37023641584607,13.4288996316787,2.92185736063881,-17.4634703185296,23.3071850398073,10.3931746919901,0,0,0,"normal","I",1000,500,0.5,0,0,0,FALSE,0,FALSE,0.1,"leave-d",500,0.5,1e+05,TRUE,717
10,0,0,0,10.3995680237624,7.37023641584607,13.4288996316787,-0.707318943976996,-21.6210644035033,20.2064265155493,10.3931746919901,0,0,0,"normal","I",1000,500,0.5,0,0,0,FALSE,0,FALSE,0.1,"leave-d",500,0.5,1e+05,TRUE,717
10,0,0,0,10.3995680237624,7.37023641584607,13.4288996316787,12.4473203358306,-7.52194187547365,32.4165825471348,10.3931746919901,0,9.23776886545902,0,"normal","I",1000,500,0.5,0,0,0,FALSE,0,FALSE,0.1,"leave-d",500,0.5,1e+05,TRUE,717
10,0,0,0,10.3995680237624,7.37023641584607,13.4288996316787,-4.31534125254308,-29.3666326341715,20.7359501290854,10.3931746919901,0,0,0,"normal","I",1000,500,0.5,0,0,0,FALSE,0,FALSE,0.1,"leave-d",500,0.5,1e+05,TRUE,717
10,0,0,0,10.3995680237624,7.37023641584607,13.4288996316787,13.1618024629316,-3.63186663309483,29.955471558958,10.3931746919901,0,11.8426744519232,0,"normal","I",1000,500,0.5,0,0,0,FALSE,0,FALSE,0.1,"leave-d",500,0.5,1e+05,TRUE,717
10,0,0,0,10.3995680237624,7.37023641584607,13.4288996316787,23.0249059077956,-7.99494950858144,54.0447613241727,10.3931746919901,0,14.7202196091372,0,"normal","I",1000,500,0.5,0,0,0,FALSE,0,FALSE,0.1,"leave-d",500,0.5,1e+05,TRUE,717
10,0,0,0,10.3995680237624,7.37023641584607,13.4288996316787,8.29796613220472,-13.4276106887362,30.0235429531456,10.3931746919901,0,3.66280140873891,0,"normal","I",1000,500,0.5,0,0,0,FALSE,0,FALSE,0.1,"leave-d",500,0.5,1e+05,TRUE,717
10,0,0,0,10.3995680237624,7.37023641584607,13.4288996316787,12.653190700376,-13.0473663154021,38.3537477161541,10.3931746919901,0,6.34134409060059,0,"normal","I",1000,500,0.5,0,0,0,FALSE,0,FALSE,0.1,"leave-d",500,0.5,1e+05,TRUE,717
10,0,0,0,10.3995680237624,7.37023641584607,13.4288996316787,3.87492066428104,-15.8047310900426,23.5545724186047,10.3931746919901,0,0,0,"normal","I",1000,500,0.5,0,0,0,FALSE,0,FALSE,0.1,"leave-d",500,0.5,1e+05,TRUE,717
10,0,0,0,10.3995680237624,7.37023641584607,13.4288996316787,6.20850816847992,-10.6521961827466,23.0692125197064,10.3931746919901,0,1.25585448134727,0,"normal","I",1000,500,0.5,0,0,0,FALSE,0,FALSE,0.1,"leave-d",500,0.5,1e+05,TRUE,717
10,0,0,0,10.3995680237624,7.37023641584607,13.4288996316787,-2.84882695250329,-25.1157942438564,19.4181403388499,10.3931746919901,0,0,0,"normal","I",1000,500,0.5,0,0,0,FALSE,0,FALSE,0.1,"leave-d",500,0.5,1e+05,TRUE,717
10,0,0,0,10.3995680237624,7.37023641584607,13.4288996316787,9.77421621066227,-7.72590140863221,27.2743338299568,10.3931746919901,0,10.8671581057906,0,"normal","I",1000,500,0.5,0,0,0,FALSE,0,FALSE,0.1,"leave-d",500,0.5,1e+05,TRUE,717
10,0,0,0,10.3995680237624,7.37023641584607,13.4288996316787,15.5046766333819,-2.00989465428641,33.0192479210501,10.3931746919901,0,15.7245891406451,0,"normal","I",1000,500,0.5,0,0,0,FALSE,0,FALSE,0.1,"leave-d",500,0.5,1e+05,TRUE,717
10,0,0,0,10.3995680237624,7.37023641584607,13.4288996316787,16.7069347074194,-8.98730227616638,42.4011716910053,10.3931746919901,0,11.8720356370586,0,"normal","I",1000,500,0.5,0,0,0,FALSE,0,FALSE,0.1,"leave-d",500,0.5,1e+05,TRUE,717
10,0,0,0,10.3995680237624,7.37023641584607,13.4288996316787,-20.0134073943349,-43.7429641568029,3.71614936813314,10.3931746919901,0,0,0,"normal","I",1000,500,0.5,0,0,0,FALSE,0,FALSE,0.1,"leave-d",500,0.5,1e+05,TRUE,717
10,0,0,0,10.3995680237624,7.37023641584607,13.4288996316787,4.50558490999897,-12.991439066228,22.0026088862259,10.3931746919901,0,0,0,"normal","I",1000,500,0.5,0,0,0,FALSE,0,FALSE,0.1,"leave-d",500,0.5,1e+05,TRUE,717
10,0,0,0,10.3995680237624,7.37023641584607,13.4288996316787,7.61082866080552,-15.8061636517153,31.0278209733263,10.3931746919901,0,0.971242063992409,0,"normal","I",1000,500,0.5,0,0,0,FALSE,0,FALSE,0.1,"leave-d",500,0.5,1e+05,TRUE,717
10,0,0,0,10.3995680237624,7.37023641584607,13.4288996316787,16.8148415149026,-10.6823301383477,44.3120131681528,10.3931746919901,0,14.1753169475887,0,"normal","I",1000,500,0.5,0,0,0,FALSE,0,FALSE,0.1,"leave-d",500,0.5,1e+05,TRUE,717
10,0,0,0,10.3995680237624,7.37023641584607,13.4288996316787,16.2445066327299,-5.03818275712206,37.5271960225819,10.3931746919901,0,13.8612757102461,0,"normal","I",1000,500,0.5,0,0,0,FALSE,0,FALSE,0.1,"leave-d",500,0.5,1e+05,TRUE,717
10,0,0,0,10.3995680237624,7.37023641584607,13.4288996316787,6.03003080721745,-12.1913902100253,24.2514518244602,10.3931746919901,0,0.742117070300179,0,"normal","I",1000,500,0.5,0,0,0,FALSE,0,FALSE,0.1,"leave-d",500,0.5,1e+05,TRUE,717
10,0,0,0,10.3995680237624,7.37023641584607,13.4288996316787,20.9667637294594,1.98405266670676,39.949474792212,10.3931746919901,0,13.8022289407373,0,"normal","I",1000,500,0.5,0,0,0,FALSE,0,FALSE,0.1,"leave-d",500,0.5,1e+05,TRUE,717
10,0,0,0,10.3995680237624,7.37023641584607,13.4288996316787,27.2399862442258,6.6004176287279,47.8795548597236,10.3931746919901,0,20.5524150479253,0,"normal","I",1000,500,0.5,0,0,0,FALSE,0,FALSE,0.1,"leave-d",500,0.5,1e+05,TRUE,717
10,0,0,0,10.3995680237624,7.37023641584607,13.4288996316787,9.88033140080201,-8.1277119992344,27.8883748008384,10.3931746919901,0,7.63397629538369,0,"normal","I",1000,500,0.5,0,0,0,FALSE,0,FALSE,0.1,"leave-d",500,0.5,1e+05,TRUE,717
10,0,0,0,10.3995680237624,7.37023641584607,13.4288996316787,9.99875404173681,-13.471840684706,33.4693487681796,10.3931746919901,0,4.36917420465764,0,"normal","I",1000,500,0.5,0,0,0,FALSE,0,FALSE,0.1,"leave-d",500,0.5,1e+05,TRUE,717
10,0,0,0,10.3995680237624,7.37023641584607,13.4288996316787,24.1656944113897,0.946344814145931,47.3850440086334,10.3931746919901,0,23.2429128769181,0,"normal","I",1000,500,0.5,0,0,0,FALSE,0,FALSE,0.1,"leave-d",500,0.5,1e+05,TRUE,717
10,0,0,0,10.3995680237624,7.37023641584607,13.4288996316787,29.8951916074362,13.4725456878926,46.3178375269798,10.3931746919901,0,15.6509965618449,0,"normal","I",1000,500,0.5,0,0,0,FALSE,0,FALSE,0.1,"leave-d",500,0.5,1e+05,TRUE,717
10,0,0,0,10.3995680237624,7.37023641584607,13.4288996316787,29.936542764321,5.81351693740783,54.0595685912343,10.3931746919901,0,22.0776095028033,0,"normal","I",1000,500,0.5,0,0,0,FALSE,0,FALSE,0.1,"leave-d",500,0.5,1e+05,TRUE,717
10,0,0,0,10.3995680237624,7.37023641584607,13.4288996316787,22.8063691325672,1.11591982874846,44.496818436386,10.3931746919901,0,22.843092198243,0,"normal","I",1000,500,0.5,0,0,0,FALSE,0,FALSE,0.1,"leave-d",500,0.5,1e+05,TRUE,717
10,0,0,0,10.3995680237624,7.37023641584607,13.4288996316787,12.7021803585241,-13.2735838319377,38.6779445489858,10.3931746919901,0,6.23775139188139,0,"normal","I",1000,500,0.5,0,0,0,FALSE,0,FALSE,0.1,"leave-d",500,0.5,1e+05,TRUE,717
10,0,0,0,10.3995680237624,7.37023641584607,13.4288996316787,6.45553923304126,-13.1217203403628,26.0327988064453,10.3931746919901,0,1.04884089803277,0,"normal","I",1000,500,0.5,0,0,0,FALSE,0,FALSE,0.1,"leave-d",500,0.5,1e+05,TRUE,717
10,0,0,0,10.3995680237624,7.37023641584607,13.4288996316787,27.2414383685922,12.397491371788,42.0853853653963,10.3931746919901,0,14.3363662991141,0,"normal","I",1000,500,0.5,0,0,0,FALSE,0,FALSE,0.1,"leave-d",500,0.5,1e+05,TRUE,717
10,0,0,0,10.3995680237624,7.37023641584607,13.4288996316787,22.0600378393843,-1.85563755072694,45.9757132294956,10.3931746919901,0,20.2992083446566,0,"normal","I",1000,500,0.5,0,0,0,FALSE,0,FALSE,0.1,"leave-d",500,0.5,1e+05,TRUE,717
10,0,0,0,10.3995680237624,7.37023641584607,13.4288996316787,35.0780051075577,4.39735889183172,65.7586513232837,10.3931746919901,0,30.619272999538,0,"normal","I",1000,500,0.5,0,0,0,FALSE,0,FALSE,0.1,"leave-d",500,0.5,1e+05,TRUE,717
10,0,0,0,10.3995680237624,7.37023641584607,13.4288996316787,19.9172705350538,0.734256181454825,39.1002848886527,10.3931746919901,0,19.2921070704423,0,"normal","I",1000,500,0.5,0,0,0,FALSE,0,FALSE,0.1,"leave-d",500,0.5,1e+05,TRUE,717
10,0,0,0,10.3995680237624,7.37023641584607,13.4288996316787,-2.7065749611306,-20.6186945928423,15.2055446705811,10.3931746919901,0,0,0,"normal","I",1000,500,0.5,0,0,0,FALSE,0,FALSE,0.1,"leave-d",500,0.5,1e+05,TRUE,717
10,0,0,0,10.3995680237624,7.37023641584607,13.4288996316787,-8.52471600719775,-28.374335330844,11.3249033164485,10.3931746919901,0,0,0,"normal","I",1000,500,0.5,0,0,0,FALSE,0,FALSE,0.1,"leave-d",500,0.5,1e+05,TRUE,717
10,0,0,0,10.3995680237624,7.37023641584607,13.4288996316787,44.3522000089762,24.1788599853264,64.5255400326261,10.3931746919901,0,19.2158189108635,0,"normal","I",1000,500,0.5,0,0,0,FALSE,0,FALSE,0.1,"leave-d",500,0.5,1e+05,TRUE,717
10,0,0,0,10.3995680237624,7.37023641584607,13.4288996316787,5.68850783311312,-15.1041710589135,26.4811867251397,10.3931746919901,0,0,0,"normal","I",1000,500,0.5,0,0,0,FALSE,0,FALSE,0.1,"leave-d",500,0.5,1e+05,TRUE,717
10,0,0,0,10.3995680237624,7.37023641584607,13.4288996316787,-10.0256968694321,-26.2985671961317,6.24717345726745,10.3931746919901,0,0,0,"normal","I",1000,500,0.5,0,0,0,FALSE,0,FALSE,0.1,"leave-d",500,0.5,1e+05,TRUE,717
10,0,0,0,10.3995680237624,7.37023641584607,13.4288996316787,24.1278524631766,4.30839361321145,43.9473113131417,10.3931746919901,0,20.1247376050468,0,"normal","I",1000,500,0.5,0,0,0,FALSE,0,FALSE,0.1,"leave-d",500,0.5,1e+05,TRUE,717
10,0,0,0,10.3995680237624,7.37023641584607,13.4288996316787,9.92550282021928,-10.3910662279455,30.2420718683841,10.3931746919901,0,3.23114677750984,0,"normal","I",1000,500,0.5,0,0,0,FALSE,0,FALSE,0.1,"leave-d",500,0.5,1e+05,TRUE,717
10,0,0,0,10.3995680237624,7.37023641584607,13.4288996316787,7.65717909310895,-11.1728703259989,26.4872285122168,10.3931746919901,0,2.73515875246543,0,"normal","I",1000,500,0.5,0,0,0,FALSE,0,FALSE,0.1,"leave-d",500,0.5,1e+05,TRUE,717
10,0,0,0,10.3995680237624,7.37023641584607,13.4288996316787,8.70609089516113,-8.51275237861993,25.9249341689422,10.3931746919901,0,5.64736482689404,0,"normal","I",1000,500,0.5,0,0,0,FALSE,0,FALSE,0.1,"leave-d",500,0.5,1e+05,TRUE,717
10,0,0,0,10.3995680237624,7.37023641584607,13.4288996316787,25.1636502616148,2.15373464141974,48.1735658818098,10.3931746919901,0,15.4449452276295,0,"normal","I",1000,500,0.5,0,0,0,FALSE,0,FALSE,0.1,"leave-d",500,0.5,1e+05,TRUE,717
10,0,0,0,10.3995680237624,7.37023641584607,13.4288996316787,39.0867737129816,12.5977346507604,65.5758127752029,10.3931746919901,0,26.6409953702811,0,"normal","I",1000,500,0.5,0,0,0,FALSE,0,FALSE,0.1,"leave-d",500,0.5,1e+05,TRUE,717
10,0,0,0,10.3995680237624,7.37023641584607,13.4288996316787,1.46288851286948,-15.5117329269815,18.4375099527204,10.3931746919901,0,0,0,"normal","I",1000,500,0.5,0,0,0,FALSE,0,FALSE,0.1,"leave-d",500,0.5,1e+05,TRUE,717
10,0,0,0,10.3995680237624,7.37023641584607,13.4288996316787,5.5999684885507,-15.4263156678493,26.6262526449507,10.3931746919901,0,0,0,"normal","I",1000,500,0.5,0,0,0,FALSE,0,FALSE,0.1,"leave-d",500,0.5,1e+05,TRUE,717
10,0,0,0,10.3995680237624,7.37023641584607,13.4288996316787,35.4759257960728,11.7064483411249,59.2454032510208,10.3931746919901,0,23.7841719080119,0,"normal","I",1000,500,0.5,0,0,0,FALSE,0,FALSE,0.1,"leave-d",500,0.5,1e+05,TRUE,717
10,0,0,0,10.3995680237624,7.37023641584607,13.4288996316787,-1.2954050919082,-14.1899841267892,11.5991739429728,10.3931746919901,0,0,0,"normal","I",1000,500,0.5,0,0,0,FALSE,0,FALSE,0.1,"leave-d",500,0.5,1e+05,TRUE,717
10,0,0,0,10.3995680237624,7.37023641584607,13.4288996316787,12.6578754526229,-6.66373924354975,31.9794901487956,10.3931746919901,0,8.4281609050968,0,"normal","I",1000,500,0.5,0,0,0,FALSE,0,FALSE,0.1,"leave-d",500,0.5,1e+05,TRUE,717
10,0,0,0,10.3995680237624,7.37023641584607,13.4288996316787,15.9870170114858,-8.21118881823444,40.185222841206,10.3931746919901,0,7.61980074576186,0,"normal","I",1000,500,0.5,0,0,0,FALSE,0,FALSE,0.1,"leave-d",500,0.5,1e+05,TRUE,717
10,0,0,0,10.3995680237624,7.37023641584607,13.4288996316787,17.0766322062466,-3.85288497932357,38.0061493918167,10.3931746919901,0,21.4435386290385,0,"normal","I",1000,500,0.5,0,0,0,FALSE,0,FALSE,0.1,"leave-d",500,0.5,1e+05,TRUE,717
10,0,0,0,10.3995680237624,7.37023641584607,13.4288996316787,23.9250611127029,8.26898904976587,39.5811331756399,10.3931746919901,0,15.5313543696999,0,"normal","I",1000,500,0.5,0,0,0,FALSE,0,FALSE,0.1,"leave-d",500,0.5,1e+05,TRUE,717
10,0,0,0,10.3995680237624,7.37023641584607,13.4288996316787,16.4263765097087,-6.24344884160427,39.0962018610217,10.3931746919901,0,23.2531028838752,0,"normal","I",1000,500,0.5,0,0,0,FALSE,0,FALSE,0.1,"leave-d",500,0.5,1e+05,TRUE,717
10,0,0,0,10.3995680237624,7.37023641584607,13.4288996316787,4.41649441111174,-19.090277700526,27.9232665227495,10.3931746919901,0,0,0,"normal","I",1000,500,0.5,0,0,0,FALSE,0,FALSE,0.1,"leave-d",500,0.5,1e+05,TRUE,717
10,0,0,0,10.3995680237624,7.37023641584607,13.4288996316787,7.46533827738195,-12.99143249127,27.9221090460339,10.3931746919901,0,3.06779992348932,0,"normal","I",1000,500,0.5,0,0,0,FALSE,0,FALSE,0.1,"leave-d",500,0.5,1e+05,TRUE,717
10,0,0,0,10.3995680237624,7.37023641584607,13.4288996316787,1.43050691579649,-16.8898446526921,19.7508584842851,10.3931746919901,0,0,0,"normal","I",1000,500,0.5,0,0,0,FALSE,0,FALSE,0.1,"leave-d",500,0.5,1e+05,TRUE,717
10,0,0,0,10.3995680237624,7.37023641584607,13.4288996316787,22.1490229030592,2.3715503539907,41.9264954521278,10.3931746919901,0,20.2755656833531,0,"normal","I",1000,500,0.5,0,0,0,FALSE,0,FALSE,0.1,"leave-d",500,0.5,1e+05,TRUE,717
10,0,0,0,10.3995680237624,7.37023641584607,13.4288996316787,-8.57150440270828,-25.1675891576569,8.02458035224033,10.3931746919901,0,0,0,"normal","I",1000,500,0.5,0,0,0,FALSE,0,FALSE,0.1,"leave-d",500,0.5,1e+05,TRUE,717
10,0,0,0,10.3995680237624,7.37023641584607,13.4288996316787,20.5010581233781,3.77975364807303,37.2223625986832,10.3931746919901,0,17.2132471279179,0,"normal","I",1000,500,0.5,0,0,0,FALSE,0,FALSE,0.1,"leave-d",500,0.5,1e+05,TRUE,717
10,0,0,0,10.3995680237624,7.37023641584607,13.4288996316787,-16.8996485923508,-36.5862707215884,2.78697353688668,10.3931746919901,0,0,0,"normal","I",1000,500,0.5,0,0,0,FALSE,0,FALSE,0.1,"leave-d",500,0.5,1e+05,TRUE,717
10,0,0,0,10.3995680237624,7.37023641584607,13.4288996316787,16.2248564835141,-8.26405719042849,40.7137701574567,10.3931746919901,0,11.5391463605078,0,"normal","I",1000,500,0.5,0,0,0,FALSE,0,FALSE,0.1,"leave-d",500,0.5,1e+05,TRUE,717
10,0,0,0,10.3995680237624,7.37023641584607,13.4288996316787,22.7272915735898,3.18130669208403,42.2732764550955,10.3931746919901,0,20.1822187324082,0,"normal","I",1000,500,0.5,0,0,0,FALSE,0,FALSE,0.1,"leave-d",500,0.5,1e+05,TRUE,717
10,0,0,0,10.3995680237624,7.37023641584607,13.4288996316787,50.5878955336909,25.811251794736,75.3645392726458,10.3931746919901,0,23.3235960055363,0,"normal","I",1000,500,0.5,0,0,0,FALSE,0,FALSE,0.1,"leave-d",500,0.5,1e+05,TRUE,717
10,0,0,0,10.3995680237624,7.37023641584607,13.4288996316787,55.7658114489565,27.6235647450652,83.9080581528477,10.3931746919901,0,27.5788804158294,0,"normal","I",1000,500,0.5,0,0,0,FALSE,0,FALSE,0.1,"leave-d",500,0.5,1e+05,TRUE,717
10,0,0,0,10.3995680237624,7.37023641584607,13.4288996316787,13.8163204557214,-4.25019357459153,31.8828344860344,10.3931746919901,0,10.4923625986853,0,"normal","I",1000,500,0.5,0,0,0,FALSE,0,FALSE,0.1,"leave-d",500,0.5,1e+05,TRUE,717
10,0,0,0,10.3995680237624,7.37023641584607,13.4288996316787,26.5344480035253,5.85426819340061,47.21462781365,10.3931746919901,0,20.832399512492,0,"normal","I",1000,500,0.5,0,0,0,FALSE,0,FALSE,0.1,"leave-d",500,0.5,1e+05,TRUE,717
10,0,0,0,10.3995680237624,7.37023641584607,13.4288996316787,18.9481956809401,-8.06408980763318,45.9604811695134,10.3931746919901,0,16.3225069285038,0,"normal","I",1000,500,0.5,0,0,0,FALSE,0,FALSE,0.1,"leave-d",500,0.5,1e+05,TRUE,717
10,0,0,0,10.3995680237624,7.37023641584607,13.4288996316787,8.84590723817612,-9.24656560006688,26.9383800764191,10.3931746919901,0,4.64880380743415,0,"normal","I",1000,500,0.5,0,0,0,FALSE,0,FALSE,0.1,"leave-d",500,0.5,1e+05,TRUE,717
10,0,0,0,10.3995680237624,7.37023641584607,13.4288996316787,4.32533327322128,-11.8552785153486,20.5059450617912,10.3931746919901,0,0,0,"normal","I",1000,500,0.5,0,0,0,FALSE,0,FALSE,0.1,"leave-d",500,0.5,1e+05,TRUE,717
10,0,0,0,10.3995680237624,7.37023641584607,13.4288996316787,9.88591382598877,-12.0065881934572,31.7784158454347,10.3931746919901,0,4.03782834475718,0,"normal","I",1000,500,0.5,0,0,0,FALSE,0,FALSE,0.1,"leave-d",500,0.5,1e+05,TRUE,717
10,0,0,0,10.3995680237624,7.37023641584607,13.4288996316787,5.13240130994532,-18.1609243213921,28.4257269412827,10.3931746919901,0,0,0,"normal","I",1000,500,0.5,0,0,0,FALSE,0,FALSE,0.1,"leave-d",500,0.5,1e+05,TRUE,717
10,0,0,0,10.3995680237624,7.37023641584607,13.4288996316787,-3.28875623209667,-27.9137682934824,21.3362558292891,10.3931746919901,0,0,0,"normal","I",1000,500,0.5,0,0,0,FALSE,0,FALSE,0.1,"leave-d",500,0.5,1e+05,TRUE,717
10,0,0,0,10.3995680237624,7.37023641584607,13.4288996316787,1.48047546259133,-15.3991422007615,18.3600931259441,10.3931746919901,0,0,0,"normal","I",1000,500,0.5,0,0,0,FALSE,0,FALSE,0.1,"leave-d",500,0.5,1e+05,TRUE,717
10,0,0,0,10.3995680237624,7.37023641584607,13.4288996316787,-8.54460304056544,-29.7714486201967,12.6822425390658,10.3931746919901,0,0,0,"normal","I",1000,500,0.5,0,0,0,FALSE,0,FALSE,0.1,"leave-d",500,0.5,1e+05,TRUE,717
10,0,0,0,10.3995680237624,7.37023641584607,13.4288996316787,40.8896093218148,17.6094368297112,64.1697818139185,10.3931746919901,0,23.220840252606,0,"normal","I",1000,500,0.5,0,0,0,FALSE,0,FALSE,0.1,"leave-d",500,0.5,1e+05,TRUE,717
10,0,0,0,10.3995680237624,7.37023641584607,13.4288996316787,37.7482670384772,18.6199010835837,56.8766329933706,10.3931746919901,0,18.6709461792609,0,"normal","I",1000,500,0.5,0,0,0,FALSE,0,FALSE,0.1,"leave-d",500,0.5,1e+05,TRUE,717
10,0,0,0,10.3995680237624,7.37023641584607,13.4288996316787,31.9528897501532,5.05468047668798,58.8510990236185,10.3931746919901,0,27.6228467111079,0,"normal","I",1000,500,0.5,0,0,0,FALSE,0,FALSE,0.1,"leave-d",500,0.5,1e+05,TRUE,717
10,0,0,0,10.3995680237624,7.37023641584607,13.4288996316787,12.2012908142802,-10.2843018307049,34.6868834592654,10.3931746919901,0,6.39528492671581,0,"normal","I",1000,500,0.5,0,0,0,FALSE,0,FALSE,0.1,"leave-d",500,0.5,1e+05,TRUE,717
10,0,0,0,10.3995680237624,7.37023641584607,13.4288996316787,-0.452621794967035,-21.5128863789144,20.6076427889803,10.3931746919901,0,0,0,"normal","I",1000,500,0.5,0,0,0,FALSE,0,FALSE,0.1,"leave-d",500,0.5,1e+05,TRUE,717
10,0,0,0,10.3995680237624,7.37023641584607,13.4288996316787,9.94606823330253,-11.4688911214792,31.3610275880843,10.3931746919901,0,4.42698274724734,0,"normal","I",1000,500,0.5,0,0,0,FALSE,0,FALSE,0.1,"leave-d",500,0.5,1e+05,TRUE,717
10,0,0,0,10.3995680237624,7.37023641584607,13.4288996316787,48.1614890358928,21.5842532780144,74.7387247937713,10.3931746919901,0,26.6194784217513,0,"normal","I",1000,500,0.5,0,0,0,FALSE,0,FALSE,0.1,"leave-d",500,0.5,1e+05,TRUE,717
10,0,0,0,10.3995680237624,7.37023641584607,13.4288996316787,1.94908592311871,-16.906165215503,20.8043370617404,10.3931746919901,0,0,0,"normal","I",1000,500,0.5,0,0,0,FALSE,0,FALSE,0.1,"leave-d",500,0.5,1e+05,TRUE,717
10,0,0,0,10.3995680237624,7.37023641584607,13.4288996316787,19.918964053633,-2.5542879589199,42.3922160661858,10.3931746919901,0,17.2433964278725,0,"normal","I",1000,500,0.5,0,0,0,FALSE,0,FALSE,0.1,"leave-d",500,0.5,1e+05,TRUE,717
10,0,0,0,10.3995680237624,7.37023641584607,13.4288996316787,-7.87203589088805,-25.8804840682744,10.1364122864983,10.3931746919901,0,0,0,"normal","I",1000,500,0.5,0,0,0,FALSE,0,FALSE,0.1,"leave-d",500,0.5,1e+05,TRUE,717
10,0,0,0,10.3995680237624,7.37023641584607,13.4288996316787,5.64917055411734,-17.2186985899358,28.5170396981704,10.3931746919901,0,0,0,"normal","I",1000,500,0.5,0,0,0,FALSE,0,FALSE,0.1,"leave-d",500,0.5,1e+05,TRUE,717
10,0,0,0,10.3995680237624,7.37023641584607,13.4288996316787,13.4776786389895,-3.91271130989768,30.8680685878766,10.3931746919901,0,17.9816778127194,0,"normal","I",1000,500,0.5,0,0,0,FALSE,0,FALSE,0.1,"leave-d",500,0.5,1e+05,TRUE,717
10,0,0,0,10.3995680237624,7.37023641584607,13.4288996316787,-11.6799256728685,-32.666177706824,9.30632636108701,10.3931746919901,0,0,0,"normal","I",1000,500,0.5,0,0,0,FALSE,0,FALSE,0.1,"leave-d",500,0.5,1e+05,TRUE,717
10,0,0,0,10.3995680237624,7.37023641584607,13.4288996316787,3.43017003888369,-14.8177314388231,21.6780715165905,10.3931746919901,0,0,0,"normal","I",1000,500,0.5,0,0,0,FALSE,0,FALSE,0.1,"leave-d",500,0.5,1e+05,TRUE,717
10,0,0,0,10.3995680237624,7.37023641584607,13.4288996316787,-2.40486575595507,-16.8186925948837,12.0089610829735,10.3931746919901,0,0,0,"normal","I",1000,500,0.5,0,0,0,FALSE,0,FALSE,0.1,"leave-d",500,0.5,1e+05,TRUE,717
10,0,0,0,10.3995680237624,7.37023641584607,13.4288996316787,0.806439205221266,-14.2851408507555,15.8980192611981,10.3931746919901,0,0,0,"normal","I",1000,500,0.5,0,0,0,FALSE,0,FALSE,0.1,"leave-d",500,0.5,1e+05,TRUE,717
10,0,0,0,10.3995680237624,7.37023641584607,13.4288996316787,26.29763753472,7.49766088183269,45.0976141876074,10.3931746919901,0,18.8963940172226,0,"normal","I",1000,500,0.5,0,0,0,FALSE,0,FALSE,0.1,"leave-d",500,0.5,1e+05,TRUE,717
10,0,0,0,10.3995680237624,7.37023641584607,13.4288996316787,20.0087732080033,-4.38730172273585,44.4048481387425,10.3931746919901,0,24.9332480681874,0,"normal","I",1000,500,0.5,0,0,0,FALSE,0,FALSE,0.1,"leave-d",500,0.5,1e+05,TRUE,717
10,0,0,0,10.3995680237624,7.37023641584607,13.4288996316787,34.2671828071516,8.73593039738746,59.7984352169156,10.3931746919901,0,25.2484887159052,0,"normal","I",1000,500,0.5,0,0,0,FALSE,0,FALSE,0.1,"leave-d",500,0.5,1e+05,TRUE,717
10,0,0,0,10.3995680237624,7.37023641584607,13.4288996316787,19.1287592425407,-3.65352523499424,41.9110437200756,10.3931746919901,0,23.7550175132171,0,"normal","I",1000,500,0.5,0,0,0,FALSE,0,FALSE,0.1,"leave-d",500,0.5,1e+05,TRUE,717
10,0,0,0,10.3995680237624,7.37023641584607,13.4288996316787,4.02442521666199,-19.5957729245804,27.6446233579044,10.3931746919901,0,0,0,"normal","I",1000,500,0.5,0,0,0,FALSE,0,FALSE,0.1,"leave-d",500,0.5,1e+05,TRUE,717
10,0,0,0,10.3995680237624,7.37023641584607,13.4288996316787,17.7018347083641,-7.05687291431347,42.4605423310417,10.3931746919901,0,20.2506253074787,0,"normal","I",1000,500,0.5,0,0,0,FALSE,0,FALSE,0.1,"leave-d",500,0.5,1e+05,TRUE,717
10,0,0,0,10.3995680237624,7.37023641584607,13.4288996316787,-11.0972107657534,-27.3487721332442,5.1543506017375,10.3931746919901,0,0,0,"normal","I",1000,500,0.5,0,0,0,FALSE,0,FALSE,0.1,"leave-d",500,0.5,1e+05,TRUE,717
10,0,0,0,10.3995680237624,7.37023641584607,13.4288996316787,15.0502226019794,-7.7920270158489,37.8924722198078,10.3931746919901,0,11.5761974153464,0,"normal","I",1000,500,0.5,0,0,0,FALSE,0,FALSE,0.1,"leave-d",500,0.5,1e+05,TRUE,717
10,0,0,0,10.3995680237624,7.37023641584607,13.4288996316787,23.9584334395979,1.67909544337163,46.2377714358242,10.3931746919901,0,22.3154766550744,0,"normal","I",1000,500,0.5,0,0,0,FALSE,0,FALSE,0.1,"leave-d",500,0.5,1e+05,TRUE,717
10,0,0,0,10.3995680237624,7.37023641584607,13.4288996316787,60.9798842076997,34.2840504740182,87.6757179413812,10.3931746919901,0,25.808532048405,0,"normal","I",1000,500,0.5,0,0,0,FALSE,0,FALSE,0.1,"leave-d",500,0.5,1e+05,TRUE,717
10,0,0,0,10.3995680237624,7.37023641584607,13.4288996316787,1.46950034915869,-23.7337451482936,26.672745846611,10.3931746919901,0,0,0,"normal","I",1000,500,0.5,0,0,0,FALSE,0,FALSE,0.1,"leave-d",500,0.5,1e+05,TRUE,717
10,0,0,0,10.3995680237624,7.37023641584607,13.4288996316787,16.7980750018649,-10.7117244066372,44.307874410367,10.3931746919901,0,10.979769754136,0,"normal","I",1000,500,0.5,0,0,0,FALSE,0,FALSE,0.1,"leave-d",500,0.5,1e+05,TRUE,717
10,0,0,0,10.3995680237624,7.37023641584607,13.4288996316787,15.5414038134766,-1.68965695270455,32.7724645796578,10.3931746919901,0,13.7575954332003,0,"normal","I",1000,500,0.5,0,0,0,FALSE,0,FALSE,0.1,"leave-d",500,0.5,1e+05,TRUE,717
10,0,0,0,10.3995680237624,7.37023641584607,13.4288996316787,30.5177626997081,10.1080694894146,50.9274559100017,10.3931746919901,0,20.2864249506992,0,"normal","I",1000,500,0.5,0,0,0,FALSE,0,FALSE,0.1,"leave-d",500,0.5,1e+05,TRUE,717
10,0,0,0,10.3995680237624,7.37023641584607,13.4288996316787,32.346705317126,12.7471686039806,51.9462420302715,10.3931746919901,0,19.2868228414616,0,"normal","I",1000,500,0.5,0,0,0,FALSE,0,FALSE,0.1,"leave-d",500,0.5,1e+05,TRUE,717
10,0,0,0,10.3995680237624,7.37023641584607,13.4288996316787,33.8453975999119,9.23512807261485,58.4556671272089,10.3931746919901,0,24.8315258138623,0,"normal","I",1000,500,0.5,0,0,0,FALSE,0,FALSE,0.1,"leave-d",500,0.5,1e+05,TRUE,717
10,0,0,0,10.3995680237624,7.37023641584607,13.4288996316787,9.36020861807668,-17.300227107488,36.0206443436414,10.3931746919901,0,6.50783718668708,0,"normal","I",1000,500,0.5,0,0,0,FALSE,0,FALSE,0.1,"leave-d",500,0.5,1e+05,TRUE,717
10,0,0,0,10.3995680237624,7.37023641584607,13.4288996316787,13.7751392166512,-7.85869822121952,35.4089766545219,10.3931746919901,0,10.0946748206415,0,"normal","I",1000,500,0.5,0,0,0,FALSE,0,FALSE,0.1,"leave-d",500,0.5,1e+05,TRUE,717
10,0,0,0,10.3995680237624,7.37023641584607,13.4288996316787,10.1309466691403,-9.10480577216598,29.3666991104465,10.3931746919901,0,13.7239908401055,0,"normal","I",1000,500,0.5,0,0,0,FALSE,0,FALSE,0.1,"leave-d",500,0.5,1e+05,TRUE,717
10,0,0,0,10.3995680237624,7.37023641584607,13.4288996316787,0.287054820054964,-29.5361891912381,30.110298831348,10.3931746919901,0,0,0,"normal","I",1000,500,0.5,0,0,0,FALSE,0,FALSE,0.1,"leave-d",500,0.5,1e+05,TRUE,717
10,0,0,0,10.3995680237624,7.37023641584607,13.4288996316787,-9.78497801997669,-29.1727321486029,9.6027761086495,10.3931746919901,0,0,0,"normal","I",1000,500,0.5,0,0,0,FALSE,0,FALSE,0.1,"leave-d",500,0.5,1e+05,TRUE,717
10,0,0,0,10.3995680237624,7.37023641584607,13.4288996316787,-3.35826229225408,-23.9269108985272,17.210386314019,10.3931746919901,0,0,0,"normal","I",1000,500,0.5,0,0,0,FALSE,0,FALSE,0.1,"leave-d",500,0.5,1e+05,TRUE,717
10,0,0,0,10.3995680237624,7.37023641584607,13.4288996316787,18.6205533129178,-1.47049007715276,38.7115967029884,10.3931746919901,0,20.3227893074864,0,"normal","I",1000,500,0.5,0,0,0,FALSE,0,FALSE,0.1,"leave-d",500,0.5,1e+05,TRUE,717
10,0,0,0,10.3995680237624,7.37023641584607,13.4288996316787,3.88477296012029,-20.5288938197104,28.2984397399509,10.3931746919901,0,0,0,"normal","I",1000,500,0.5,0,0,0,FALSE,0,FALSE,0.1,"leave-d",500,0.5,1e+05,TRUE,717
10,0,0,0,10.3995680237624,7.37023641584607,13.4288996316787,14.8663129133796,-5.05994363771333,34.7925694644725,10.3931746919901,0,16.5724929662923,0,"normal","I",1000,500,0.5,0,0,0,FALSE,0,FALSE,0.1,"leave-d",500,0.5,1e+05,TRUE,717
10,0,0,0,10.3995680237624,7.37023641584607,13.4288996316787,16.1226497241662,-2.5443730515194,34.7896724998518,10.3931746919901,0,14.2138886769385,0,"normal","I",1000,500,0.5,0,0,0,FALSE,0,FALSE,0.1,"leave-d",500,0.5,1e+05,TRUE,717
10,0,0,0,10.3995680237624,7.37023641584607,13.4288996316787,16.0792739884597,-0.631342271167039,32.7898902480865,10.3931746919901,0,17.1045222706317,0,"normal","I",1000,500,0.5,0,0,0,FALSE,0,FALSE,0.1,"leave-d",500,0.5,1e+05,TRUE,717
10,0,0,0,10.3995680237624,7.37023641584607,13.4288996316787,50.2197727304526,22.0423840299413,78.397161430964,10.3931746919901,0,28.2452933040806,0,"normal","I",1000,500,0.5,0,0,0,FALSE,0,FALSE,0.1,"leave-d",500,0.5,1e+05,TRUE,717
10,0,0,0,10.3995680237624,7.37023641584607,13.4288996316787,16.3888211255688,-2.09205020241618,34.8696924535538,10.3931746919901,0,11.9654148417571,0,"normal","I",1000,500,0.5,0,0,0,FALSE,0,FALSE,0.1,"leave-d",500,0.5,1e+05,TRUE,717
10,0,0,0,10.3995680237624,7.37023641584607,13.4288996316787,9.22316355290178,-5.84701283062283,24.2933399364264,10.3931746919901,0,5.95484247512927,0,"normal","I",1000,500,0.5,0,0,0,FALSE,0,FALSE,0.1,"leave-d",500,0.5,1e+05,TRUE,717
10,0,0,0,10.3995680237624,7.37023641584607,13.4288996316787,-5.46597591026281,-26.7000161873731,15.7680643668475,10.3931746919901,0,0,0,"normal","I",1000,500,0.5,0,0,0,FALSE,0,FALSE,0.1,"leave-d",500,0.5,1e+05,TRUE,717
10,0,0,0,10.3995680237624,7.37023641584607,13.4288996316787,10.6097757214969,-2.11943439893716,23.3389858419309,10.3931746919901,0,6.86995010808056,0,"normal","I",1000,500,0.5,0,0,0,FALSE,0,FALSE,0.1,"leave-d",500,0.5,1e+05,TRUE,717
10,0,0,0,10.3995680237624,7.37023641584607,13.4288996316787,-5.33311526602241,-21.1275805940602,10.4613500620154,10.3931746919901,0,0,0,"normal","I",1000,500,0.5,0,0,0,FALSE,0,FALSE,0.1,"leave-d",500,0.5,1e+05,TRUE,717
10,0,0,0,10.3995680237624,7.37023641584607,13.4288996316787,-4.4956201233212,-20.9172781712064,11.926037924564,10.3931746919901,0,0,0,"normal","I",1000,500,0.5,0,0,0,FALSE,0,FALSE,0.1,"leave-d",500,0.5,1e+05,TRUE,717
10,0,0,0,10.3995680237624,7.37023641584607,13.4288996316787,24.1465053145655,1.39364019042104,46.89937043871,10.3931746919901,0,20.3915419727936,0,"normal","I",1000,500,0.5,0,0,0,FALSE,0,FALSE,0.1,"leave-d",500,0.5,1e+05,TRUE,717
10,0,0,0,10.3995680237624,7.37023641584607,13.4288996316787,10.1109352172449,-10.0334933735206,30.2553638080104,10.3931746919901,0,7.06460340042011,0,"normal","I",1000,500,0.5,0,0,0,FALSE,0,FALSE,0.1,"leave-d",500,0.5,1e+05,TRUE,717
10,0,0,0,10.3995680237624,7.37023641584607,13.4288996316787,-7.14966480912392,-29.5746515546775,15.2753219364296,10.3931746919901,0,0,0,"normal","I",1000,500,0.5,0,0,0,FALSE,0,FALSE,0.1,"leave-d",500,0.5,1e+05,TRUE,717
10,0,0,0,10.3995680237624,7.37023641584607,13.4288996316787,27.6885911484416,12.0241848778477,43.3529974190355,10.3931746919901,0,15.3333300005398,0,"normal","I",1000,500,0.5,0,0,0,FALSE,0,FALSE,0.1,"leave-d",500,0.5,1e+05,TRUE,717
10,0,0,0,10.3995680237624,7.37023641584607,13.4288996316787,5.37959599982805,-11.670145629078,22.4293376287341,10.3931746919901,0,0.324558314331471,0,"normal","I",1000,500,0.5,0,0,0,FALSE,0,FALSE,0.1,"leave-d",500,0.5,1e+05,TRUE,717
10,0,0,0,10.3995680237624,7.37023641584607,13.4288996316787,24.9405231239772,4.41158774715633,45.469458500798,10.3931746919901,0,19.4618627867618,0,"normal","I",1000,500,0.5,0,0,0,FALSE,0,FALSE,0.1,"leave-d",500,0.5,1e+05,TRUE,717
10,0,0,0,10.3995680237624,7.37023641584607,13.4288996316787,-0.451202105551866,-18.7766761019104,17.8742718908066,10.3931746919901,0,0,0,"normal","I",1000,500,0.5,0,0,0,FALSE,0,FALSE,0.1,"leave-d",500,0.5,1e+05,TRUE,717
10,0,0,0,10.3995680237624,7.37023641584607,13.4288996316787,17.6706106650472,0.121882199668249,35.2193391304262,10.3931746919901,0,18.5600330090322,0,"normal","I",1000,500,0.5,0,0,0,FALSE,0,FALSE,0.1,"leave-d",500,0.5,1e+05,TRUE,717
10,0,0,0,10.3995680237624,7.37023641584607,13.4288996316787,-0.906593424380714,-22.055952161754,20.2427653129926,10.3931746919901,0,0,0,"normal","I",1000,500,0.5,0,0,0,FALSE,0,FALSE,0.1,"leave-d",500,0.5,1e+05,TRUE,717
10,0,0,0,10.3995680237624,7.37023641584607,13.4288996316787,-5.12656490695394,-25.203719249706,14.9505894357981,10.3931746919901,0,0,0,"normal","I",1000,500,0.5,0,0,0,FALSE,0,FALSE,0.1,"leave-d",500,0.5,1e+05,TRUE,717
10,0,0,0,10.3995680237624,7.37023641584607,13.4288996316787,11.607710232755,-10.6643840092433,33.8798044747533,10.3931746919901,0,4.70295269528309,0,"normal","I",1000,500,0.5,0,0,0,FALSE,0,FALSE,0.1,"leave-d",500,0.5,1e+05,TRUE,717
10,0,0,0,10.3995680237624,7.37023641584607,13.4288996316787,23.4543235800896,0.243596526966982,46.6650506332121,10.3931746919901,0,23.5604628318595,0,"normal","I",1000,500,0.5,0,0,0,FALSE,0,FALSE,0.1,"leave-d",500,0.5,1e+05,TRUE,717
10,0,0,0,10.3995680237624,7.37023641584607,13.4288996316787,-6.95227579335708,-25.6717537039899,11.7672021172757,10.3931746919901,0,0,0,"normal","I",1000,500,0.5,0,0,0,FALSE,0,FALSE,0.1,"leave-d",500,0.5,1e+05,TRUE,717
10,0,0,0,10.3995680237624,7.37023641584607,13.4288996316787,NA,NA,NA,10.3931746919901,0,9.33277875177396,0,"normal","I",1000,500,0.5,0,0,0,FALSE,0,FALSE,0.1,"leave-d",500,0.5,1e+05,TRUE,717
10,0,0,0,10.3995680237624,7.37023641584607,13.4288996316787,34.7672138483314,10.9471970002763,58.5872306963866,10.3931746919901,0,23.4202917750405,0,"normal","I",1000,500,0.5,0,0,0,FALSE,0,FALSE,0.1,"leave-d",500,0.5,1e+05,TRUE,717
10,0,0,0,10.3995680237624,7.37023641584607,13.4288996316787,2.85087594455638,-17.3658562078443,23.0676080969571,10.3931746919901,0,0,0,"normal","I",1000,500,0.5,0,0,0,FALSE,0,FALSE,0.1,"leave-d",500,0.5,1e+05,TRUE,717
10,0,0,0,10.3995680237624,7.37023641584607,13.4288996316787,-5.43989087377375,-26.7344735078788,15.8546917603313,10.3931746919901,0,0,0,"normal","I",1000,500,0.5,0,0,0,FALSE,0,FALSE,0.1,"leave-d",500,0.5,1e+05,TRUE,717
10,0,0,0,10.3995680237624,7.37023641584607,13.4288996316787,34.4121492133203,11.1292071530421,57.6950912735985,10.3931746919901,0,22.997196952151,0,"normal","I",1000,500,0.5,0,0,0,FALSE,0,FALSE,0.1,"leave-d",500,0.5,1e+05,TRUE,717
10,0,0,0,10.3995680237624,7.37023641584607,13.4288996316787,32.6709180621911,7.11059211505031,58.2312440093319,10.3931746919901,0,25.7670570703331,0,"normal","I",1000,500,0.5,0,0,0,FALSE,0,FALSE,0.1,"leave-d",500,0.5,1e+05,TRUE,717
10,0,0,0,10.3995680237624,7.37023641584607,13.4288996316787,-0.28934902705548,-14.9575003136274,14.3788022595165,10.3931746919901,0,0,0,"normal","I",1000,500,0.5,0,0,0,FALSE,0,FALSE,0.1,"leave-d",500,0.5,1e+05,TRUE,717
10,0,0,0,10.3995680237624,7.37023641584607,13.4288996316787,-2.39420921678528,-20.0801240868196,15.2917056532491,10.3931746919901,0,0,0,"normal","I",1000,500,0.5,0,0,0,FALSE,0,FALSE,0.1,"leave-d",500,0.5,1e+05,TRUE,717
10,0,0,0,10.3995680237624,7.37023641584607,13.4288996316787,17.3379409081709,-7.02370318436826,41.6995850007101,10.3931746919901,0,10.2730530421892,0,"normal","I",1000,500,0.5,0,0,0,FALSE,0,FALSE,0.1,"leave-d",500,0.5,1e+05,TRUE,717
10,0,0,0,10.3995680237624,7.37023641584607,13.4288996316787,10.5261167091459,-7.39490668823198,28.4471401065238,10.3931746919901,0,7.26218618474483,0,"normal","I",1000,500,0.5,0,0,0,FALSE,0,FALSE,0.1,"leave-d",500,0.5,1e+05,TRUE,717
10,0,0,0,10.3995680237624,7.37023641584607,13.4288996316787,-0.674456078067115,-19.1201066639331,17.7711945077988,10.3931746919901,0,0,0,"normal","I",1000,500,0.5,0,0,0,FALSE,0,FALSE,0.1,"leave-d",500,0.5,1e+05,TRUE,717
10,0,0,0,10.3995680237624,7.37023641584607,13.4288996316787,17.3329109092062,-2.10556837229346,36.7713901907059,10.3931746919901,0,20.4970133205147,0,"normal","I",1000,500,0.5,0,0,0,FALSE,0,FALSE,0.1,"leave-d",500,0.5,1e+05,TRUE,717
10,0,0,0,10.3995680237624,7.37023641584607,13.4288996316787,56.8135162363144,35.6170860010971,78.0099464715317,10.3931746919901,0,20.1344739562542,0,"normal","I",1000,500,0.5,0,0,0,FALSE,0,FALSE,0.1,"leave-d",500,0.5,1e+05,TRUE,717
10,0,0,0,10.3995680237624,7.37023641584607,13.4288996316787,15.6778845235961,-6.22892276319325,37.5846918103854,10.3931746919901,0,17.1042445454021,0,"normal","I",1000,500,0.5,0,0,0,FALSE,0,FALSE,0.1,"leave-d",500,0.5,1e+05,TRUE,717
10,0,0,0,10.3995680237624,7.37023641584607,13.4288996316787,-5.83170812700594,-24.4338846047728,12.770468350761,10.3931746919901,0,0,0,"normal","I",1000,500,0.5,0,0,0,FALSE,0,FALSE,0.1,"leave-d",500,0.5,1e+05,TRUE,717
10,0,0,0,10.3995680237624,7.37023641584607,13.4288996316787,23.2461589248327,-2.03901266292354,48.5313305125889,10.3931746919901,0,25.711878714228,0,"normal","I",1000,500,0.5,0,0,0,FALSE,0,FALSE,0.1,"leave-d",500,0.5,1e+05,TRUE,717
10,0,0,0,10.3995680237624,7.37023641584607,13.4288996316787,31.4680694905827,4.08416041029778,58.8519785708677,10.3931746919901,0,19.7401771385599,0,"normal","I",1000,500,0.5,0,0,0,FALSE,0,FALSE,0.1,"leave-d",500,0.5,1e+05,TRUE,717
10,0,0,0,10.3995680237624,7.37023641584607,13.4288996316787,13.2567386272887,-2.36465647409003,28.8781337286675,10.3931746919901,0,6.89349497909311,0,"normal","I",1000,500,0.5,0,0,0,FALSE,0,FALSE,0.1,"leave-d",500,0.5,1e+05,TRUE,717
10,0,0,0,10.3995680237624,7.37023641584607,13.4288996316787,6.93477108460153,-8.81580974062215,22.6853519098252,10.3931746919901,0,3.92182605001444,0,"normal","I",1000,500,0.5,0,0,0,FALSE,0,FALSE,0.1,"leave-d",500,0.5,1e+05,TRUE,717
10,0,0,0,10.3995680237624,7.37023641584607,13.4288996316787,-4.39293097233885,-24.4855861620269,15.6997242173492,10.3931746919901,0,0,0,"normal","I",1000,500,0.5,0,0,0,FALSE,0,FALSE,0.1,"leave-d",500,0.5,1e+05,TRUE,717
10,0,0,0,10.3995680237624,7.37023641584607,13.4288996316787,41.9854357913992,19.0361444450679,64.9347271377306,10.3931746919901,0,22.5367219343145,0,"normal","I",1000,500,0.5,0,0,0,FALSE,0,FALSE,0.1,"leave-d",500,0.5,1e+05,TRUE,717
10,0,0,0,10.3995680237624,7.37023641584607,13.4288996316787,9.51210401815736,-9.39884421928327,28.423052255598,10.3931746919901,0,5.62098236152489,0,"normal","I",1000,500,0.5,0,0,0,FALSE,0,FALSE,0.1,"leave-d",500,0.5,1e+05,TRUE,717
10,0,0,0,10.3995680237624,7.37023641584607,13.4288996316787,-7.23338784224756,-24.3189360833883,9.85216039889322,10.3931746919901,0,0,0,"normal","I",1000,500,0.5,0,0,0,FALSE,0,FALSE,0.1,"leave-d",500,0.5,1e+05,TRUE,717
10,0,0,0,10.3995680237624,7.37023641584607,13.4288996316787,17.982345528158,3.58484390574803,32.379847150568,10.3931746919901,0,11.4516697344038,0,"normal","I",1000,500,0.5,0,0,0,FALSE,0,FALSE,0.1,"leave-d",500,0.5,1e+05,TRUE,717
10,0,0,0,10.3995680237624,7.37023641584607,13.4288996316787,-9.93474544811934,-27.1835095073104,7.31401861107168,10.3931746919901,0,0,0,"normal","I",1000,500,0.5,0,0,0,FALSE,0,FALSE,0.1,"leave-d",500,0.5,1e+05,TRUE,717
10,0,0,0,10.3995680237624,7.37023641584607,13.4288996316787,29.5172303358222,8.76708592742815,50.2673747442162,10.3931746919901,0,20.1659436561692,0,"normal","I",1000,500,0.5,0,0,0,FALSE,0,FALSE,0.1,"leave-d",500,0.5,1e+05,TRUE,717
10,0,0,0,10.3995680237624,7.37023641584607,13.4288996316787,11.0727938536766,-7.21322178867849,29.3588094960316,10.3931746919901,0,19.3046163358202,0,"normal","I",1000,500,0.5,0,0,0,FALSE,0,FALSE,0.1,"leave-d",500,0.5,1e+05,TRUE,717
10,0,0,0,10.3995680237624,7.37023641584607,13.4288996316787,28.9643022260796,6.63534106264561,51.2932633895136,10.3931746919901,0,22.9223117822083,0,"normal","I",1000,500,0.5,0,0,0,FALSE,0,FALSE,0.1,"leave-d",500,0.5,1e+05,TRUE,717
10,0,0,0,10.3995680237624,7.37023641584607,13.4288996316787,4.03383995067347,-13.1634126024856,21.2310925038326,10.3931746919901,0,0,0,"normal","I",1000,500,0.5,0,0,0,FALSE,0,FALSE,0.1,"leave-d",500,0.5,1e+05,TRUE,717
10,0,0,0,10.3995680237624,7.37023641584607,13.4288996316787,29.0187334328559,5.6029061128709,52.434560752841,10.3931746919901,0,24.0330266715141,0,"normal","I",1000,500,0.5,0,0,0,FALSE,0,FALSE,0.1,"leave-d",500,0.5,1e+05,TRUE,717
10,0,0,0,10.3995680237624,7.37023641584607,13.4288996316787,62.870516803299,40.8928215837089,84.8482120228891,10.3931746919901,0,20.3943689458539,0,"normal","I",1000,500,0.5,0,0,0,FALSE,0,FALSE,0.1,"leave-d",500,0.5,1e+05,TRUE,717
10,0,0,0,10.3995680237624,7.37023641584607,13.4288996316787,2.40751213788226,-17.1162514643846,21.9312757401491,10.3931746919901,0,0,0,"normal","I",1000,500,0.5,0,0,0,FALSE,0,FALSE,0.1,"leave-d",500,0.5,1e+05,TRUE,717
10,0,0,0,10.3995680237624,7.37023641584607,13.4288996316787,24.7434299430439,2.2603640998193,47.2264957862685,10.3931746919901,0,23.0223641267489,0,"normal","I",1000,500,0.5,0,0,0,FALSE,0,FALSE,0.1,"leave-d",500,0.5,1e+05,TRUE,717
10,0,0,0,10.3995680237624,7.37023641584607,13.4288996316787,27.0853898085464,8.11754373265696,46.0532358844359,10.3931746919901,0,18.9152525133156,0,"normal","I",1000,500,0.5,0,0,0,FALSE,0,FALSE,0.1,"leave-d",500,0.5,1e+05,TRUE,717
10,0,0,0,10.3995680237624,7.37023641584607,13.4288996316787,38.8236047636122,15.1267546327614,62.5204548944631,10.3931746919901,0,23.856052118704,0,"normal","I",1000,500,0.5,0,0,0,FALSE,0,FALSE,0.1,"leave-d",500,0.5,1e+05,TRUE,717
10,0,0,0,10.3995680237624,7.37023641584607,13.4288996316787,5.18545636809556,-6.8603881215792,17.2313008577703,10.3931746919901,0,2.69212884898507,0,"normal","I",1000,500,0.5,0,0,0,FALSE,0,FALSE,0.1,"leave-d",500,0.5,1e+05,TRUE,717
10,0,0,0,10.3995680237624,7.37023641584607,13.4288996316787,6.25335546690188,-12.7916881196538,25.2983990534576,10.3931746919901,0,1.00931872284339,0,"normal","I",1000,500,0.5,0,0,0,FALSE,0,FALSE,0.1,"leave-d",500,0.5,1e+05,TRUE,717
10,0,0,0,10.3995680237624,7.37023641584607,13.4288996316787,-1.10321619695561,-16.1870352625224,13.9806028686112,10.3931746919901,0,0,0,"normal","I",1000,500,0.5,0,0,0,FALSE,0,FALSE,0.1,"leave-d",500,0.5,1e+05,TRUE,717
10,0,0,0,10.3995680237624,7.37023641584607,13.4288996316787,22.0013197852546,3.58081370621023,40.421825864299,10.3931746919901,0,18.4417981682724,0,"normal","I",1000,500,0.5,0,0,0,FALSE,0,FALSE,0.1,"leave-d",500,0.5,1e+05,TRUE,717
10,0,0,0,10.3995680237624,7.37023641584607,13.4288996316787,2.80695822548684,-13.3050395430005,18.9189559939742,10.3931746919901,0,0,0,"normal","I",1000,500,0.5,0,0,0,FALSE,0,FALSE,0.1,"leave-d",500,0.5,1e+05,TRUE,717
10,0,0,0,10.3995680237624,7.37023641584607,13.4288996316787,-5.88233173186598,-29.458560903829,17.693897440097,10.3931746919901,0,0,0,"normal","I",1000,500,0.5,0,0,0,FALSE,0,FALSE,0.1,"leave-d",500,0.5,1e+05,TRUE,717
10,0,0,0,10.3995680237624,7.37023641584607,13.4288996316787,23.4627671007192,-3.31233427087771,50.2378684723161,10.3931746919901,0,26.9081729196403,0,"normal","I",1000,500,0.5,0,0,0,FALSE,0,FALSE,0.1,"leave-d",500,0.5,1e+05,TRUE,717
10,0,0,0,10.3995680237624,7.37023641584607,13.4288996316787,-3.40850081421378,-24.1391167786612,17.3221151502337,10.3931746919901,0,0,0,"normal","I",1000,500,0.5,0,0,0,FALSE,0,FALSE,0.1,"leave-d",500,0.5,1e+05,TRUE,717
10,0,0,0,10.3995680237624,7.37023641584607,13.4288996316787,-12.0392376565791,-29.467598866418,5.38912355325972,10.3931746919901,0,0,0,"normal","I",1000,500,0.5,0,0,0,FALSE,0,FALSE,0.1,"leave-d",500,0.5,1e+05,TRUE,717
10,0,0,0,10.3995680237624,7.37023641584607,13.4288996316787,36.4792396212834,7.1675314521752,65.7909477903915,10.3931746919901,0,27.3329527628395,0,"normal","I",1000,500,0.5,0,0,0,FALSE,0,FALSE,0.1,"leave-d",500,0.5,1e+05,TRUE,717
10,0,0,0,10.3995680237624,7.37023641584607,13.4288996316787,10.0021789928088,-5.13749198003729,25.1418499656548,10.3931746919901,0,6.78555582624893,0,"normal","I",1000,500,0.5,0,0,0,FALSE,0,FALSE,0.1,"leave-d",500,0.5,1e+05,TRUE,717
10,0,0,0,10.3995680237624,7.37023641584607,13.4288996316787,0.535816942531486,-20.3375393600163,21.4091732450792,10.3931746919901,0,0,0,"normal","I",1000,500,0.5,0,0,0,FALSE,0,FALSE,0.1,"leave-d",500,0.5,1e+05,TRUE,717
10,0,0,0,10.3995680237624,7.37023641584607,13.4288996316787,50.2180812520379,21.1717609194945,79.2644015845812,10.3931746919901,0,28.6502879793138,0,"normal","I",1000,500,0.5,0,0,0,FALSE,0,FALSE,0.1,"leave-d",500,0.5,1e+05,TRUE,717
10,0,0,0,10.3995680237624,7.37023641584607,13.4288996316787,35.4110974494682,14.0134020545552,56.8087928443811,10.3931746919901,0,20.8138201273148,0,"normal","I",1000,500,0.5,0,0,0,FALSE,0,FALSE,0.1,"leave-d",500,0.5,1e+05,TRUE,717
10,0,0,0,10.3995680237624,7.37023641584607,13.4288996316787,21.1537952977225,0.20058957415084,42.1070010212942,10.3931746919901,0,21.6249294307875,0,"normal","I",1000,500,0.5,0,0,0,FALSE,0,FALSE,0.1,"leave-d",500,0.5,1e+05,TRUE,717
10,0,0,0,10.3995680237624,7.37023641584607,13.4288996316787,5.97880982702506,-14.1109043670367,26.0685240210868,10.3931746919901,0,0,0,"normal","I",1000,500,0.5,0,0,0,FALSE,0,FALSE,0.1,"leave-d",500,0.5,1e+05,TRUE,717
10,0,0,0,10.3995680237624,7.37023641584607,13.4288996316787,11.4746048188978,-12.3145474511548,35.2637570889504,10.3931746919901,0,7.21956241480036,0,"normal","I",1000,500,0.5,0,0,0,FALSE,0,FALSE,0.1,"leave-d",500,0.5,1e+05,TRUE,717
10,0,0,0,10.3995680237624,7.37023641584607,13.4288996316787,33.7255187283316,10.0223515489611,57.4286859077021,10.3931746919901,0,24.0991881130485,0,"normal","I",1000,500,0.5,0,0,0,FALSE,0,FALSE,0.1,"leave-d",500,0.5,1e+05,TRUE,717
10,0,0,0,10.3995680237624,7.37023641584607,13.4288996316787,11.4103475873317,-10.2738900906927,33.0945852653561,10.3931746919901,0,8.7109462242095,0,"normal","I",1000,500,0.5,0,0,0,FALSE,0,FALSE,0.1,"leave-d",500,0.5,1e+05,TRUE,717
10,0,0,0,10.3995680237624,7.37023641584607,13.4288996316787,8.86830651347524,-14.7216722045018,32.4582852314523,10.3931746919901,0,3.02285608537471,0,"normal","I",1000,500,0.5,0,0,0,FALSE,0,FALSE,0.1,"leave-d",500,0.5,1e+05,TRUE,717
10,0,0,0,10.3995680237624,7.37023641584607,13.4288996316787,28.2963693639992,9.42275943947589,47.1699792885225,10.3931746919901,0,19.0087894095388,0,"normal","I",1000,500,0.5,0,0,0,FALSE,0,FALSE,0.1,"leave-d",500,0.5,1e+05,TRUE,717
10,0,0,0,10.3995680237624,7.37023641584607,13.4288996316787,14.0636473210121,-13.9313886767119,42.0586833187362,10.3931746919901,0,8.82065567111003,0,"normal","I",1000,500,0.5,0,0,0,FALSE,0,FALSE,0.1,"leave-d",500,0.5,1e+05,TRUE,717
10,0,0,0,10.3995680237624,7.37023641584607,13.4288996316787,2.22213273515637,-18.8963144099168,23.3405798802296,10.3931746919901,0,0,0,"normal","I",1000,500,0.5,0,0,0,FALSE,0,FALSE,0.1,"leave-d",500,0.5,1e+05,TRUE,717
10,0,0,0,10.3995680237624,7.37023641584607,13.4288996316787,43.2729856934745,19.7565245916766,66.7894467952723,10.3931746919901,0,23.2691371274927,0,"normal","I",1000,500,0.5,0,0,0,FALSE,0,FALSE,0.1,"leave-d",500,0.5,1e+05,TRUE,717
10,0,0,0,10.3995680237624,7.37023641584607,13.4288996316787,1.88602034780719,-14.1613924249653,17.9334331205797,10.3931746919901,0,0,0,"normal","I",1000,500,0.5,0,0,0,FALSE,0,FALSE,0.1,"leave-d",500,0.5,1e+05,TRUE,717
10,0,0,0,10.3995680237624,7.37023641584607,13.4288996316787,11.7984192831829,-10.0915595578556,33.6883981242214,10.3931746919901,0,9.73269530878343,0,"normal","I",1000,500,0.5,0,0,0,FALSE,0,FALSE,0.1,"leave-d",500,0.5,1e+05,TRUE,717
10,0,0,0,10.3995680237624,7.37023641584607,13.4288996316787,15.2500028113359,0.0663441225643133,30.4336615001075,10.3931746919901,0,15.3589052617702,0,"normal","I",1000,500,0.5,0,0,0,FALSE,0,FALSE,0.1,"leave-d",500,0.5,1e+05,TRUE,717
10,0,0,0,10.3995680237624,7.37023641584607,13.4288996316787,-6.24140558402291,-24.0283557616699,11.5455445936241,10.3931746919901,0,0,0,"normal","I",1000,500,0.5,0,0,0,FALSE,0,FALSE,0.1,"leave-d",500,0.5,1e+05,TRUE,717
10,0,0,0,10.3995680237624,7.37023641584607,13.4288996316787,39.5494931698823,16.5149944175693,62.5839919221953,10.3931746919901,0,22.4328155850601,0,"normal","I",1000,500,0.5,0,0,0,FALSE,0,FALSE,0.1,"leave-d",500,0.5,1e+05,TRUE,717
10,0,0,0,10.3995680237624,7.37023641584607,13.4288996316787,28.1792082846383,1.16063270401333,55.1977838652634,10.3931746919901,0,21.2152609682274,0,"normal","I",1000,500,0.5,0,0,0,FALSE,0,FALSE,0.1,"leave-d",500,0.5,1e+05,TRUE,717
10,0,0,0,10.3995680237624,7.37023641584607,13.4288996316787,-5.71768634594976,-18.7719204262987,7.33654773439922,10.3931746919901,0,0,0,"normal","I",1000,500,0.5,0,0,0,FALSE,0,FALSE,0.1,"leave-d",500,0.5,1e+05,TRUE,717
10,0,0,0,10.3995680237624,7.37023641584607,13.4288996316787,-11.9990626072822,-32.4011942570062,8.40306904244185,10.3931746919901,0,0,0,"normal","I",1000,500,0.5,0,0,0,FALSE,0,FALSE,0.1,"leave-d",500,0.5,1e+05,TRUE,717
10,0,0,0,10.3995680237624,7.37023641584607,13.4288996316787,32.7393687010016,4.81625238696757,60.6624850150356,10.3931746919901,0,28.3902471651326,0,"normal","I",1000,500,0.5,0,0,0,FALSE,0,FALSE,0.1,"leave-d",500,0.5,1e+05,TRUE,717
10,0,0,0,10.3995680237624,7.37023641584607,13.4288996316787,23.5058361468744,3.40371024854289,43.607962045206,10.3931746919901,0,17.9143003767341,0,"normal","I",1000,500,0.5,0,0,0,FALSE,0,FALSE,0.1,"leave-d",500,0.5,1e+05,TRUE,717
10,0,0,0,10.3995680237624,7.37023641584607,13.4288996316787,11.049080862434,-12.3294476714111,34.4276093962792,10.3931746919901,0,7.32002494623513,0,"normal","I",1000,500,0.5,0,0,0,FALSE,0,FALSE,0.1,"leave-d",500,0.5,1e+05,TRUE,717
10,0,0,0,10.3995680237624,7.37023641584607,13.4288996316787,20.7423421408267,-2.94161994709993,44.4263042287534,10.3931746919901,0,24.1500109927439,0,"normal","I",1000,500,0.5,0,0,0,FALSE,0,FALSE,0.1,"leave-d",500,0.5,1e+05,TRUE,717
10,0,0,0,10.3995680237624,7.37023641584607,13.4288996316787,12.1982984382842,-7.22243077234569,31.6190276489142,10.3931746919901,0,6.43837326007013,0,"normal","I",1000,500,0.5,0,0,0,FALSE,0,FALSE,0.1,"leave-d",500,0.5,1e+05,TRUE,717
10,0,0,0,10.3995680237624,7.37023641584607,13.4288996316787,4.67884021180427,-13.662128179518,23.0198086031265,10.3931746919901,0,0,0,"normal","I",1000,500,0.5,0,0,0,FALSE,0,FALSE,0.1,"leave-d",500,0.5,1e+05,TRUE,717
10,0,0,0,10.3995680237624,7.37023641584607,13.4288996316787,1.30962384220408,-14.6268020459392,17.2460497303474,10.3931746919901,0,0,0,"normal","I",1000,500,0.5,0,0,0,FALSE,0,FALSE,0.1,"leave-d",500,0.5,1e+05,TRUE,717
10,0,0,0,10.3995680237624,7.37023641584607,13.4288996316787,16.560399098002,-5.57824437626052,38.6990425722646,10.3931746919901,0,13.1536831161687,0,"normal","I",1000,500,0.5,0,0,0,FALSE,0,FALSE,0.1,"leave-d",500,0.5,1e+05,TRUE,717
10,0,0,0,10.3995680237624,7.37023641584607,13.4288996316787,2.61553372071162,-20.9545335465188,26.1856009879421,10.3931746919901,0,0,0,"normal","I",1000,500,0.5,0,0,0,FALSE,0,FALSE,0.1,"leave-d",500,0.5,1e+05,TRUE,717
10,0,0,0,10.3995680237624,7.37023641584607,13.4288996316787,-7.17790979567493,-34.8011038367723,20.4452842454225,10.3931746919901,0,0,0,"normal","I",1000,500,0.5,0,0,0,FALSE,0,FALSE,0.1,"leave-d",500,0.5,1e+05,TRUE,717
10,0,0,0,10.3995680237624,7.37023641584607,13.4288996316787,-8.69325113919885,-29.5690213437313,12.1825190653336,10.3931746919901,0,0,0,"normal","I",1000,500,0.5,0,0,0,FALSE,0,FALSE,0.1,"leave-d",500,0.5,1e+05,TRUE,717
10,0,0,0,10.3995680237624,7.37023641584607,13.4288996316787,15.3942915804597,-0.319802552793576,31.108385713713,10.3931746919901,0,15.3862879106806,0,"normal","I",1000,500,0.5,0,0,0,FALSE,0,FALSE,0.1,"leave-d",500,0.5,1e+05,TRUE,717
10,0,0,0,10.3995680237624,7.37023641584607,13.4288996316787,0.689425557935014,-14.6336488241276,16.0124999399976,10.3931746919901,0,0,0,"normal","I",1000,500,0.5,0,0,0,FALSE,0,FALSE,0.1,"leave-d",500,0.5,1e+05,TRUE,717
10,0,0,0,10.3995680237624,7.37023641584607,13.4288996316787,0.46213925032105,-19.8513102322992,20.7755887329413,10.3931746919901,0,0,0,"normal","I",1000,500,0.5,0,0,0,FALSE,0,FALSE,0.1,"leave-d",500,0.5,1e+05,TRUE,717
10,0,0,0,10.3995680237624,7.37023641584607,13.4288996316787,0.399055129282424,-19.3629457574271,20.1610560159919,10.3931746919901,0,0,0,"normal","I",1000,500,0.5,0,0,0,FALSE,0,FALSE,0.1,"leave-d",500,0.5,1e+05,TRUE,717
10,0,0,0,10.3995680237624,7.37023641584607,13.4288996316787,8.94662213008957,-4.84134104908565,22.7345853092648,10.3931746919901,0,4.71907754694758,0,"normal","I",1000,500,0.5,0,0,0,FALSE,0,FALSE,0.1,"leave-d",500,0.5,1e+05,TRUE,717
10,0,0,0,10.3995680237624,7.37023641584607,13.4288996316787,-3.34389330807246,-15.7714873064276,9.08370069028267,10.3931746919901,0,0,0,"normal","I",1000,500,0.5,0,0,0,FALSE,0,FALSE,0.1,"leave-d",500,0.5,1e+05,TRUE,717
10,0,0,0,10.3995680237624,7.37023641584607,13.4288996316787,11.3548152656379,-7.47628813993619,30.1859186712119,10.3931746919901,0,8.22854497464054,0,"normal","I",1000,500,0.5,0,0,0,FALSE,0,FALSE,0.1,"leave-d",500,0.5,1e+05,TRUE,717
10,0,0,0,10.3995680237624,7.37023641584607,13.4288996316787,8.44334234832287,-14.9497622091377,31.8364469057834,10.3931746919901,0,3.83568884769369,0,"normal","I",1000,500,0.5,0,0,0,FALSE,0,FALSE,0.1,"leave-d",500,0.5,1e+05,TRUE,717
10,0,0,0,10.3995680237624,7.37023641584607,13.4288996316787,29.4934096321319,8.35473210474957,50.6320871595142,10.3931746919901,0,22.0730305796431,0,"normal","I",1000,500,0.5,0,0,0,FALSE,0,FALSE,0.1,"leave-d",500,0.5,1e+05,TRUE,717
10,0,0,0,10.3995680237624,7.37023641584607,13.4288996316787,25.7703229108724,0.875511429011354,50.6651343927334,10.3931746919901,0,26.0480872464833,0,"normal","I",1000,500,0.5,0,0,0,FALSE,0,FALSE,0.1,"leave-d",500,0.5,1e+05,TRUE,717
10,0,0,0,10.3995680237624,7.37023641584607,13.4288996316787,1.07534826820879,-16.5627450328533,18.7134415692709,10.3931746919901,0,0,0,"normal","I",1000,500,0.5,0,0,0,FALSE,0,FALSE,0.1,"leave-d",500,0.5,1e+05,TRUE,717
10,0,0,0,10.3995680237624,7.37023641584607,13.4288996316787,11.7961598430317,-4.16946618625792,27.7617858723214,10.3931746919901,0,9.64295748380315,0,"normal","I",1000,500,0.5,0,0,0,FALSE,0,FALSE,0.1,"leave-d",500,0.5,1e+05,TRUE,717
10,0,0,0,10.3995680237624,7.37023641584607,13.4288996316787,47.0255940838553,24.7710186177663,69.2801695499442,10.3931746919901,0,21.1465680194792,0,"normal","I",1000,500,0.5,0,0,0,FALSE,0,FALSE,0.1,"leave-d",500,0.5,1e+05,TRUE,717
10,0,0,0,10.3995680237624,7.37023641584607,13.4288996316787,5.42898389122966,-8.23765959535373,19.0956273778131,10.3931746919901,0,2.10166627204672,0,"normal","I",1000,500,0.5,0,0,0,FALSE,0,FALSE,0.1,"leave-d",500,0.5,1e+05,TRUE,717
10,0,0,0,10.3995680237624,7.37023641584607,13.4288996316787,-5.36304691397983,-22.2453437054193,11.5192498774597,10.3931746919901,0,0,0,"normal","I",1000,500,0.5,0,0,0,FALSE,0,FALSE,0.1,"leave-d",500,0.5,1e+05,TRUE,717
10,0,0,0,10.3995680237624,7.37023641584607,13.4288996316787,-14.8213761496197,-34.3189917230403,4.67623942380093,10.3931746919901,0,0,0,"normal","I",1000,500,0.5,0,0,0,FALSE,0,FALSE,0.1,"leave-d",500,0.5,1e+05,TRUE,717
10,0,0,0,10.3995680237624,7.37023641584607,13.4288996316787,5.14694856112333,-21.26087600999,31.5547731322366,10.3931746919901,0,0,0,"normal","I",1000,500,0.5,0,0,0,FALSE,0,FALSE,0.1,"leave-d",500,0.5,1e+05,TRUE,717
10,0,0,0,10.3995680237624,7.37023641584607,13.4288996316787,5.22531277411124,-10.9029511476739,21.3535766958964,10.3931746919901,0,0.491411408690924,0,"normal","I",1000,500,0.5,0,0,0,FALSE,0,FALSE,0.1,"leave-d",500,0.5,1e+05,TRUE,717
10,0,0,0,10.3995680237624,7.37023641584607,13.4288996316787,25.7240933294369,5.03520553595272,46.4129811229211,10.3931746919901,0,8.35387314959292,0,"normal","I",1000,500,0.5,0,0,0,FALSE,0,FALSE,0.1,"leave-d",500,0.5,1e+05,TRUE,717
10,0,0,0,10.3995680237624,7.37023641584607,13.4288996316787,-9.45019282212666,-31.7948558629765,12.8944702187231,10.3931746919901,0,0,0,"normal","I",1000,500,0.5,0,0,0,FALSE,0,FALSE,0.1,"leave-d",500,0.5,1e+05,TRUE,717
10,0,0,0,10.3995680237624,7.37023641584607,13.4288996316787,1.83861628960597,-17.9347956196114,21.6120281988233,10.3931746919901,0,0,0,"normal","I",1000,500,0.5,0,0,0,FALSE,0,FALSE,0.1,"leave-d",500,0.5,1e+05,TRUE,717
10,0,0,0,10.3995680237624,7.37023641584607,13.4288996316787,59.4234696636238,33.0042178928095,85.8427214344382,10.3931746919901,0,25.2356335367649,0,"normal","I",1000,500,0.5,0,0,0,FALSE,0,FALSE,0.1,"leave-d",500,0.5,1e+05,TRUE,717
10,0,0,0,10.3995680237624,7.37023641584607,13.4288996316787,16.1953366700961,-3.63952039654086,36.030193736733,10.3931746919901,0,17.8924861412455,0,"normal","I",1000,500,0.5,0,0,0,FALSE,0,FALSE,0.1,"leave-d",500,0.5,1e+05,TRUE,717
10,0,0,0,10.3995680237624,7.37023641584607,13.4288996316787,12.784548255063,-11.8455632460213,37.4146597561474,10.3931746919901,0,15.8427105890119,0,"normal","I",1000,500,0.5,0,0,0,FALSE,0,FALSE,0.1,"leave-d",500,0.5,1e+05,TRUE,717
10,0,0,0,10.3995680237624,7.37023641584607,13.4288996316787,13.7269421959989,-6.38537564793062,33.8392600399283,10.3931746919901,0,8.99704518244463,0,"normal","I",1000,500,0.5,0,0,0,FALSE,0,FALSE,0.1,"leave-d",500,0.5,1e+05,TRUE,717
10,0,0,0,10.3995680237624,7.37023641584607,13.4288996316787,19.0853251814265,-6.80019849474328,44.9708488575963,10.3931746919901,0,15.6705186710518,0,"normal","I",1000,500,0.5,0,0,0,FALSE,0,FALSE,0.1,"leave-d",500,0.5,1e+05,TRUE,717
10,0,0,0,10.3995680237624,7.37023641584607,13.4288996316787,2.9819898875235,-18.9077226778991,24.8717024529461,10.3931746919901,0,0,0,"normal","I",1000,500,0.5,0,0,0,FALSE,0,FALSE,0.1,"leave-d",500,0.5,1e+05,TRUE,717
10,0,0,0,10.3995680237624,7.37023641584607,13.4288996316787,-9.7428242946426,-26.5751762146918,7.08952762540655,10.3931746919901,0,0,0,"normal","I",1000,500,0.5,0,0,0,FALSE,0,FALSE,0.1,"leave-d",500,0.5,1e+05,TRUE,717
10,0,0,0,10.3995680237624,7.37023641584607,13.4288996316787,-22.6892688412939,-44.3528601394991,-1.02567754308864,10.3931746919901,0,0,0,"normal","I",1000,500,0.5,0,0,0,FALSE,0,FALSE,0.1,"leave-d",500,0.5,1e+05,TRUE,717
10,0,0,0,10.3995680237624,7.37023641584607,13.4288996316787,20.4760964470518,3.875777812565,37.0764150815387,10.3931746919901,0,16.531025019687,0,"normal","I",1000,500,0.5,0,0,0,FALSE,0,FALSE,0.1,"leave-d",500,0.5,1e+05,TRUE,717
10,0,0,0,10.3995680237624,7.37023641584607,13.4288996316787,8.35540123491027,-12.5280297808794,29.2388322507,10.3931746919901,0,11.7029718155122,0,"normal","I",1000,500,0.5,0,0,0,FALSE,0,FALSE,0.1,"leave-d",500,0.5,1e+05,TRUE,717
10,0,0,0,10.3995680237624,7.37023641584607,13.4288996316787,4.5785764197972,-18.0636037355345,27.2207565751289,10.3931746919901,0,0,0,"normal","I",1000,500,0.5,0,0,0,FALSE,0,FALSE,0.1,"leave-d",500,0.5,1e+05,TRUE,717
10,0,0,0,10.3995680237624,7.37023641584607,13.4288996316787,11.5894104843312,-13.7983935385927,36.977214507255,10.3931746919901,0,5.24343868872694,0,"normal","I",1000,500,0.5,0,0,0,FALSE,0,FALSE,0.1,"leave-d",500,0.5,1e+05,TRUE,717
10,0,0,0,10.3995680237624,7.37023641584607,13.4288996316787,8.66224479738728,-8.07253312956813,25.3970227243427,10.3931746919901,0,14.8219308797996,0,"normal","I",1000,500,0.5,0,0,0,FALSE,0,FALSE,0.1,"leave-d",500,0.5,1e+05,TRUE,717
10,0,0,0,10.3995680237624,7.37023641584607,13.4288996316787,45.31194581694,17.1520196875956,73.4718719462845,10.3931746919901,0,27.1293092779796,0,"normal","I",1000,500,0.5,0,0,0,FALSE,0,FALSE,0.1,"leave-d",500,0.5,1e+05,TRUE,717
10,0,0,0,10.3995680237624,7.37023641584607,13.4288996316787,0.462430099708549,-17.1792992362237,18.1041594356408,10.3931746919901,0,0,0,"normal","I",1000,500,0.5,0,0,0,FALSE,0,FALSE,0.1,"leave-d",500,0.5,1e+05,TRUE,717
10,0,0,0,10.3995680237624,7.37023641584607,13.4288996316787,-0.623060477146994,-27.3272619969517,26.0811410426577,10.3931746919901,0,0,0,"normal","I",1000,500,0.5,0,0,0,FALSE,0,FALSE,0.1,"leave-d",500,0.5,1e+05,TRUE,717
10,0,0,0,10.3995680237624,7.37023641584607,13.4288996316787,51.1842846876376,24.9818910860427,77.3866782892325,10.3931746919901,0,25.510627531215,0,"normal","I",1000,500,0.5,0,0,0,FALSE,0,FALSE,0.1,"leave-d",500,0.5,1e+05,TRUE,717
10,0,0,0,10.3995680237624,7.37023641584607,13.4288996316787,22.4173506627941,4.28294095412754,40.5517603714606,10.3931746919901,0,18.4820801327869,0,"normal","I",1000,500,0.5,0,0,0,FALSE,0,FALSE,0.1,"leave-d",500,0.5,1e+05,TRUE,717
10,0,0,0,10.3995680237624,7.37023641584607,13.4288996316787,28.1061735319265,3.85320245823164,52.3591446056214,10.3931746919901,0,24.687664198915,0,"normal","I",1000,500,0.5,0,0,0,FALSE,0,FALSE,0.1,"leave-d",500,0.5,1e+05,TRUE,717
10,0,0,0,10.3995680237624,7.37023641584607,13.4288996316787,43.1959192279733,18.3563033038014,68.0355351521453,10.3931746919901,0,24.1871695721492,0,"normal","I",1000,500,0.5,0,0,0,FALSE,0,FALSE,0.1,"leave-d",500,0.5,1e+05,TRUE,717
10,0,0,0,10.3995680237624,7.37023641584607,13.4288996316787,25.2360478430508,2.24564190434954,48.226453781752,10.3931746919901,0,23.7874621055617,0,"normal","I",1000,500,0.5,0,0,0,FALSE,0,FALSE,0.1,"leave-d",500,0.5,1e+05,TRUE,717
10,0,0,0,10.3995680237624,7.37023641584607,13.4288996316787,17.2667136791733,0.196294225508087,34.3371331328386,10.3931746919901,0,14.1430549268557,0,"normal","I",1000,500,0.5,0,0,0,FALSE,0,FALSE,0.1,"leave-d",500,0.5,1e+05,TRUE,717
10,0,0,0,10.3995680237624,7.37023641584607,13.4288996316787,22.7234827036383,-4.52841285356324,49.9753782608399,10.3931746919901,0,15.5672564635805,0,"normal","I",1000,500,0.5,0,0,0,FALSE,0,FALSE,0.1,"leave-d",500,0.5,1e+05,TRUE,717
10,0,0,0,10.3995680237624,7.37023641584607,13.4288996316787,15.4362519458629,-9.06299346671691,39.9354973584428,10.3931746919901,0,20.2929719337163,0,"normal","I",1000,500,0.5,0,0,0,FALSE,0,FALSE,0.1,"leave-d",500,0.5,1e+05,TRUE,717
10,0,0,0,10.3995680237624,7.37023641584607,13.4288996316787,-2.91673697535091,-20.9880589490082,15.1545849983064,10.3931746919901,0,0,0,"normal","I",1000,500,0.5,0,0,0,FALSE,0,FALSE,0.1,"leave-d",500,0.5,1e+05,TRUE,717
10,0,0,0,10.3995680237624,7.37023641584607,13.4288996316787,14.31688214775,-3.81831740330163,32.4520816988016,10.3931746919901,0,6.62438146374956,0,"normal","I",1000,500,0.5,0,0,0,FALSE,0,FALSE,0.1,"leave-d",500,0.5,1e+05,TRUE,717
10,0,0,0,10.3995680237624,7.37023641584607,13.4288996316787,36.0757059512611,16.171403464098,55.9800084384243,10.3931746919901,0,19.8412713905576,0,"normal","I",1000,500,0.5,0,0,0,FALSE,0,FALSE,0.1,"leave-d",500,0.5,1e+05,TRUE,717
10,0,0,0,10.3995680237624,7.37023641584607,13.4288996316787,9.33961088144688,-14.5946756709986,33.2738974338924,10.3931746919901,0,2.03577297835814,0,"normal","I",1000,500,0.5,0,0,0,FALSE,0,FALSE,0.1,"leave-d",500,0.5,1e+05,TRUE,717
10,0,0,0,10.3995680237624,7.37023641584607,13.4288996316787,44.329659271383,21.9134554302309,66.7458631125351,10.3931746919901,0,21.1986091769588,0,"normal","I",1000,500,0.5,0,0,0,FALSE,0,FALSE,0.1,"leave-d",500,0.5,1e+05,TRUE,717
10,0,0,0,10.3995680237624,7.37023641584607,13.4288996316787,29.0669700925717,6.88725321730484,51.2466869678386,10.3931746919901,0,21.703203938692,0,"normal","I",1000,500,0.5,0,0,0,FALSE,0,FALSE,0.1,"leave-d",500,0.5,1e+05,TRUE,717
