"var_main_effect","var_inter_effect","cov_main_inter_effect","var_total_effect","EigenPrism_total","EigenPrism_CI1","EigenPrism_CI2","sub_EigenPrism_total","sub_EigenPrism_CI1","sub_EigenPrism_CI2","GCTA_total","GCTA_inter","prop_total","prop_inter","sub_GCTA_total","sub_GCTA_inter","sub_prop_total","sub_prop_inter","x_dist","structure","p","n","main_fixed_var","main_random_var","inter_fixed_var","inter_random_var","decor","interact","combine","pro","n_sub","inter_std","sigma_main_approx","i"
97.6235073018283,13.6424799507282,-0.175385414843728,110.915216422869,112.72228952818,89.8100685164362,135.634510539924,104.64690863359,73.6679696932503,135.62584757393,114.759900225683,0,0,0,101.342107100627,0,0,0,"chi","I",33,528,0.5,0,0.1,0,FALSE,0,TRUE,0.5,200,TRUE,0.0024794110518174,61
97.6235073018283,13.6424799507282,-0.175385414843728,110.915216422869,112.72228952818,89.8100685164362,135.634510539924,110.438147108441,75.8957584103771,144.980535806504,114.759900225683,0,0,0,110.34161732288,0,270.041815526058,0,"chi","I",33,528,0.5,0,0.1,0,FALSE,0,TRUE,0.5,200,TRUE,0.0024794110518174,61
97.6235073018283,13.6424799507282,-0.175385414843728,110.915216422869,112.72228952818,89.8100685164362,135.634510539924,99.0018171738726,68.0798111374664,129.923823210279,114.759900225683,0,0,0,107.607521194337,0,241.966028917178,0,"chi","I",33,528,0.5,0,0.1,0,FALSE,0,TRUE,0.5,200,TRUE,0.0024794110518174,61
97.6235073018283,13.6424799507282,-0.175385414843728,110.915216422869,112.72228952818,89.8100685164362,135.634510539924,113.226734563882,75.7665328398453,150.686936287918,114.759900225683,0,0,0,115.938104280136,0,295.211281844275,0,"chi","I",33,528,0.5,0,0.1,0,FALSE,0,TRUE,0.5,200,TRUE,0.0024794110518174,61
97.6235073018283,13.6424799507282,-0.175385414843728,110.915216422869,112.72228952818,89.8100685164362,135.634510539924,109.710257667918,77.3645012266721,142.056014109164,114.759900225683,0,0,0,126.999261005837,0,0,0,"chi","I",33,528,0.5,0,0.1,0,FALSE,0,TRUE,0.5,200,TRUE,0.0024794110518174,61
97.6235073018283,13.6424799507282,-0.175385414843728,110.915216422869,112.72228952818,89.8100685164362,135.634510539924,120.570932222361,87.6125164298659,153.529348014855,114.759900225683,0,0,0,121.78540624507,0,256.271117204014,0,"chi","I",33,528,0.5,0,0.1,0,FALSE,0,TRUE,0.5,200,TRUE,0.0024794110518174,61
97.6235073018283,13.6424799507282,-0.175385414843728,110.915216422869,112.72228952818,89.8100685164362,135.634510539924,108.505555392714,75.0771260754395,141.933984709988,114.759900225683,0,0,0,122.062798013411,0,0,0,"chi","I",33,528,0.5,0,0.1,0,FALSE,0,TRUE,0.5,200,TRUE,0.0024794110518174,61
97.6235073018283,13.6424799507282,-0.175385414843728,110.915216422869,112.72228952818,89.8100685164362,135.634510539924,102.453630411212,70.976979335621,133.930281486804,114.759900225683,0,0,0,100.746476812215,0,0,0,"chi","I",33,528,0.5,0,0.1,0,FALSE,0,TRUE,0.5,200,TRUE,0.0024794110518174,61
97.6235073018283,13.6424799507282,-0.175385414843728,110.915216422869,112.72228952818,89.8100685164362,135.634510539924,114.581382571957,80.407237327445,148.755527816469,114.759900225683,0,0,0,119.312259745921,0,268.440060234022,0,"chi","I",33,528,0.5,0,0.1,0,FALSE,0,TRUE,0.5,200,TRUE,0.0024794110518174,61
97.6235073018283,13.6424799507282,-0.175385414843728,110.915216422869,112.72228952818,89.8100685164362,135.634510539924,104.813966706005,72.1815385145193,137.446394897491,114.759900225683,0,0,0,103.952041249067,0,0,0,"chi","I",33,528,0.5,0,0.1,0,FALSE,0,TRUE,0.5,200,TRUE,0.0024794110518174,61
97.6235073018283,13.6424799507282,-0.175385414843728,110.915216422869,112.72228952818,89.8100685164362,135.634510539924,107.246117213651,74.4014962138155,140.090738213487,114.759900225683,0,0,0,104.111739247598,0,0,0,"chi","I",33,528,0.5,0,0.1,0,FALSE,0,TRUE,0.5,200,TRUE,0.0024794110518174,61
97.6235073018283,13.6424799507282,-0.175385414843728,110.915216422869,112.72228952818,89.8100685164362,135.634510539924,131.247293424707,93.6785886021259,168.815998247289,114.759900225683,0,0,0,132.160460432727,0,0,0,"chi","I",33,528,0.5,0,0.1,0,FALSE,0,TRUE,0.5,200,TRUE,0.0024794110518174,61
97.6235073018283,13.6424799507282,-0.175385414843728,110.915216422869,112.72228952818,89.8100685164362,135.634510539924,95.0797241135686,65.7693289842333,124.390119242904,114.759900225683,0,0,0,99.0349051434501,0,0,0,"chi","I",33,528,0.5,0,0.1,0,FALSE,0,TRUE,0.5,200,TRUE,0.0024794110518174,61
97.6235073018283,13.6424799507282,-0.175385414843728,110.915216422869,112.72228952818,89.8100685164362,135.634510539924,105.623706507129,72.4900932957591,138.757319718498,114.759900225683,0,0,0,99.7996489825529,0,258.521047948764,0,"chi","I",33,528,0.5,0,0.1,0,FALSE,0,TRUE,0.5,200,TRUE,0.0024794110518174,61
97.6235073018283,13.6424799507282,-0.175385414843728,110.915216422869,112.72228952818,89.8100685164362,135.634510539924,124.315074488106,87.5443230283568,161.085825947854,114.759900225683,0,0,0,129.265262719231,0,0,0,"chi","I",33,528,0.5,0,0.1,0,FALSE,0,TRUE,0.5,200,TRUE,0.0024794110518174,61
97.6235073018283,13.6424799507282,-0.175385414843728,110.915216422869,112.72228952818,89.8100685164362,135.634510539924,107.749295008495,75.024233865959,140.474356151031,114.759900225683,0,0,0,108.735965801908,0,0,0,"chi","I",33,528,0.5,0,0.1,0,FALSE,0,TRUE,0.5,200,TRUE,0.0024794110518174,61
97.6235073018283,13.6424799507282,-0.175385414843728,110.915216422869,112.72228952818,89.8100685164362,135.634510539924,117.618330697697,81.6656803132136,153.570981082181,114.759900225683,0,0,0,127.27917602524,0,281.364792370815,0,"chi","I",33,528,0.5,0,0.1,0,FALSE,0,TRUE,0.5,200,TRUE,0.0024794110518174,61
97.6235073018283,13.6424799507282,-0.175385414843728,110.915216422869,112.72228952818,89.8100685164362,135.634510539924,128.832283816595,91.4066216778006,166.257945955389,114.759900225683,0,0,0,139.157841086425,0,294.382773112499,0,"chi","I",33,528,0.5,0,0.1,0,FALSE,0,TRUE,0.5,200,TRUE,0.0024794110518174,61
97.6235073018283,13.6424799507282,-0.175385414843728,110.915216422869,112.72228952818,89.8100685164362,135.634510539924,107.259288060974,74.8032382809411,139.715337841006,114.759900225683,0,0,0,107.486568342031,0,0,0,"chi","I",33,528,0.5,0,0.1,0,FALSE,0,TRUE,0.5,200,TRUE,0.0024794110518174,61
97.6235073018283,13.6424799507282,-0.175385414843728,110.915216422869,112.72228952818,89.8100685164362,135.634510539924,103.987392653143,70.7845428388338,137.190242467453,114.759900225683,0,0,0,111.96471422962,0,259.007067323343,0,"chi","I",33,528,0.5,0,0.1,0,FALSE,0,TRUE,0.5,200,TRUE,0.0024794110518174,61
97.6235073018283,13.6424799507282,-0.175385414843728,110.915216422869,112.72228952818,89.8100685164362,135.634510539924,125.183853029846,88.4315782183092,161.936127841382,114.759900225683,0,0,0,135.789231356044,0,287.282449248036,0,"chi","I",33,528,0.5,0,0.1,0,FALSE,0,TRUE,0.5,200,TRUE,0.0024794110518174,61
97.6235073018283,13.6424799507282,-0.175385414843728,110.915216422869,112.72228952818,89.8100685164362,135.634510539924,101.709238513091,69.6415718780025,133.776905148179,114.759900225683,0,0,0,109.494420641418,0,0,0,"chi","I",33,528,0.5,0,0.1,0,FALSE,0,TRUE,0.5,200,TRUE,0.0024794110518174,61
97.6235073018283,13.6424799507282,-0.175385414843728,110.915216422869,112.72228952818,89.8100685164362,135.634510539924,96.9671381678453,67.1710443124801,126.76323202321,114.759900225683,0,0,0,95.1648773651813,0,0,0,"chi","I",33,528,0.5,0,0.1,0,FALSE,0,TRUE,0.5,200,TRUE,0.0024794110518174,61
97.6235073018283,13.6424799507282,-0.175385414843728,110.915216422869,112.72228952818,89.8100685164362,135.634510539924,124.490029791806,89.5623527811768,159.417706802435,114.759900225683,0,0,0,113.407518630931,0,0,0,"chi","I",33,528,0.5,0,0.1,0,FALSE,0,TRUE,0.5,200,TRUE,0.0024794110518174,61
97.6235073018283,13.6424799507282,-0.175385414843728,110.915216422869,112.72228952818,89.8100685164362,135.634510539924,106.308613050999,74.8841158478837,137.733110254115,114.759900225683,0,0,0,113.265481153799,0,244.922410510892,0,"chi","I",33,528,0.5,0,0.1,0,FALSE,0,TRUE,0.5,200,TRUE,0.0024794110518174,61
97.6235073018283,13.6424799507282,-0.175385414843728,110.915216422869,112.72228952818,89.8100685164362,135.634510539924,111.179455746252,79.5038364397619,142.855075052741,114.759900225683,0,0,0,118.041717049138,0,0,0,"chi","I",33,528,0.5,0,0.1,0,FALSE,0,TRUE,0.5,200,TRUE,0.0024794110518174,61
97.6235073018283,13.6424799507282,-0.175385414843728,110.915216422869,112.72228952818,89.8100685164362,135.634510539924,117.135241553159,82.4430540754681,151.827429030851,114.759900225683,0,0,0,113.539112369173,0,0,0,"chi","I",33,528,0.5,0,0.1,0,FALSE,0,TRUE,0.5,200,TRUE,0.0024794110518174,61
97.6235073018283,13.6424799507282,-0.175385414843728,110.915216422869,112.72228952818,89.8100685164362,135.634510539924,127.744801322996,92.4855899452681,163.004012700724,114.759900225683,0,0,0,114.448987074494,0,0,0,"chi","I",33,528,0.5,0,0.1,0,FALSE,0,TRUE,0.5,200,TRUE,0.0024794110518174,61
97.6235073018283,13.6424799507282,-0.175385414843728,110.915216422869,112.72228952818,89.8100685164362,135.634510539924,112.185663837485,79.7296312679642,144.641696407005,114.759900225683,0,0,0,117.859752638312,0,254.288625760452,0,"chi","I",33,528,0.5,0,0.1,0,FALSE,0,TRUE,0.5,200,TRUE,0.0024794110518174,61
97.6235073018283,13.6424799507282,-0.175385414843728,110.915216422869,112.72228952818,89.8100685164362,135.634510539924,113.401994315643,79.5974132045549,147.206575426731,114.759900225683,0,0,0,117.816573558598,0,0,0,"chi","I",33,528,0.5,0,0.1,0,FALSE,0,TRUE,0.5,200,TRUE,0.0024794110518174,61
97.6235073018283,13.6424799507282,-0.175385414843728,110.915216422869,112.72228952818,89.8100685164362,135.634510539924,122.391036809999,86.532577825008,158.24949579499,114.759900225683,0,0,0,120.185861184291,0,0,0,"chi","I",33,528,0.5,0,0.1,0,FALSE,0,TRUE,0.5,200,TRUE,0.0024794110518174,61
97.6235073018283,13.6424799507282,-0.175385414843728,110.915216422869,112.72228952818,89.8100685164362,135.634510539924,108.204218107746,76.1139397738921,140.2944964416,114.759900225683,0,0,0,106.636254496488,0,251.830633362333,0,"chi","I",33,528,0.5,0,0.1,0,FALSE,0,TRUE,0.5,200,TRUE,0.0024794110518174,61
97.6235073018283,13.6424799507282,-0.175385414843728,110.915216422869,112.72228952818,89.8100685164362,135.634510539924,130.20336860717,92.3727362915503,168.034000922791,114.759900225683,0,0,0,121.79627265444,0,0,0,"chi","I",33,528,0.5,0,0.1,0,FALSE,0,TRUE,0.5,200,TRUE,0.0024794110518174,61
97.6235073018283,13.6424799507282,-0.175385414843728,110.915216422869,112.72228952818,89.8100685164362,135.634510539924,107.558026751379,74.9251235412012,140.190929961557,114.759900225683,0,0,0,114.595321953797,0,0,0,"chi","I",33,528,0.5,0,0.1,0,FALSE,0,TRUE,0.5,200,TRUE,0.0024794110518174,61
97.6235073018283,13.6424799507282,-0.175385414843728,110.915216422869,112.72228952818,89.8100685164362,135.634510539924,117.515507656239,83.0232449836012,152.007770328878,114.759900225683,0,0,0,120.521792664982,0,269.734799410083,0,"chi","I",33,528,0.5,0,0.1,0,FALSE,0,TRUE,0.5,200,TRUE,0.0024794110518174,61
97.6235073018283,13.6424799507282,-0.175385414843728,110.915216422869,112.72228952818,89.8100685164362,135.634510539924,102.753785736285,71.2308266523325,134.276744820238,114.759900225683,0,0,0,105.410652862378,0,247.062371382668,0,"chi","I",33,528,0.5,0,0.1,0,FALSE,0,TRUE,0.5,200,TRUE,0.0024794110518174,61
97.6235073018283,13.6424799507282,-0.175385414843728,110.915216422869,112.72228952818,89.8100685164362,135.634510539924,112.501753341886,78.0259035873657,146.977603096406,114.759900225683,0,0,0,107.967597491776,0,271.762248732899,0,"chi","I",33,528,0.5,0,0.1,0,FALSE,0,TRUE,0.5,200,TRUE,0.0024794110518174,61
97.6235073018283,13.6424799507282,-0.175385414843728,110.915216422869,112.72228952818,89.8100685164362,135.634510539924,125.31494548461,89.0119964889732,161.617894480247,114.759900225683,0,0,0,119.573205776923,0,283.100562848791,0,"chi","I",33,528,0.5,0,0.1,0,FALSE,0,TRUE,0.5,200,TRUE,0.0024794110518174,61
97.6235073018283,13.6424799507282,-0.175385414843728,110.915216422869,112.72228952818,89.8100685164362,135.634510539924,104.8799232843,74.1533033811907,135.606543187409,114.759900225683,0,0,0,98.9071350231746,0,0,0,"chi","I",33,528,0.5,0,0.1,0,FALSE,0,TRUE,0.5,200,TRUE,0.0024794110518174,61
97.6235073018283,13.6424799507282,-0.175385414843728,110.915216422869,112.72228952818,89.8100685164362,135.634510539924,120.234040867388,84.7383525949654,155.729729139811,114.759900225683,0,0,0,124.09438614995,0,279.248361477681,0,"chi","I",33,528,0.5,0,0.1,0,FALSE,0,TRUE,0.5,200,TRUE,0.0024794110518174,61
97.6235073018283,13.6424799507282,-0.175385414843728,110.915216422869,112.72228952818,89.8100685164362,135.634510539924,98.7361296188656,68.5526118907307,128.919647347001,114.759900225683,0,0,0,101.801262334584,0,0,0,"chi","I",33,528,0.5,0,0.1,0,FALSE,0,TRUE,0.5,200,TRUE,0.0024794110518174,61
97.6235073018283,13.6424799507282,-0.175385414843728,110.915216422869,112.72228952818,89.8100685164362,135.634510539924,98.5153324066989,67.7667194235681,129.26394538983,114.759900225683,0,0,0,120.500137467586,0,240.391972988936,0,"chi","I",33,528,0.5,0,0.1,0,FALSE,0,TRUE,0.5,200,TRUE,0.0024794110518174,61
97.6235073018283,13.6424799507282,-0.175385414843728,110.915216422869,112.72228952818,89.8100685164362,135.634510539924,97.5303917935402,65.79614430231,129.26463928477,114.759900225683,0,0,0,93.4808130021181,0,0,0,"chi","I",33,528,0.5,0,0.1,0,FALSE,0,TRUE,0.5,200,TRUE,0.0024794110518174,61
97.6235073018283,13.6424799507282,-0.175385414843728,110.915216422869,112.72228952818,89.8100685164362,135.634510539924,120.157313164289,85.1484069332149,155.166219395364,114.759900225683,0,0,0,111.289990764458,0,0,0,"chi","I",33,528,0.5,0,0.1,0,FALSE,0,TRUE,0.5,200,TRUE,0.0024794110518174,61
97.6235073018283,13.6424799507282,-0.175385414843728,110.915216422869,112.72228952818,89.8100685164362,135.634510539924,127.605740217441,90.9694954368767,164.241984998005,114.759900225683,0,0,0,141.356170595685,0,0,0,"chi","I",33,528,0.5,0,0.1,0,FALSE,0,TRUE,0.5,200,TRUE,0.0024794110518174,61
97.6235073018283,13.6424799507282,-0.175385414843728,110.915216422869,112.72228952818,89.8100685164362,135.634510539924,109.069842537956,77.2415295383448,140.898155537567,114.759900225683,0,0,0,123.847515785149,0,249.8320775371,0,"chi","I",33,528,0.5,0,0.1,0,FALSE,0,TRUE,0.5,200,TRUE,0.0024794110518174,61
97.6235073018283,13.6424799507282,-0.175385414843728,110.915216422869,112.72228952818,89.8100685164362,135.634510539924,99.0254287388813,67.8600245988663,130.190832878896,114.759900225683,0,0,0,111.180052911525,0,0,0,"chi","I",33,528,0.5,0,0.1,0,FALSE,0,TRUE,0.5,200,TRUE,0.0024794110518174,61
97.6235073018283,13.6424799507282,-0.175385414843728,110.915216422869,112.72228952818,89.8100685164362,135.634510539924,124.180696178328,87.1604532123156,161.200939144341,114.759900225683,0,0,0,124.613840838394,0,288.399243306902,0,"chi","I",33,528,0.5,0,0.1,0,FALSE,0,TRUE,0.5,200,TRUE,0.0024794110518174,61
97.6235073018283,13.6424799507282,-0.175385414843728,110.915216422869,112.72228952818,89.8100685164362,135.634510539924,122.460437915464,86.3659705380346,158.554905292893,114.759900225683,0,0,0,120.01626749415,0,0,0,"chi","I",33,528,0.5,0,0.1,0,FALSE,0,TRUE,0.5,200,TRUE,0.0024794110518174,61
97.6235073018283,13.6424799507282,-0.175385414843728,110.915216422869,112.72228952818,89.8100685164362,135.634510539924,92.0990243077587,61.5125261033949,122.685522512123,114.759900225683,0,0,0,96.2265622923527,0,0,0,"chi","I",33,528,0.5,0,0.1,0,FALSE,0,TRUE,0.5,200,TRUE,0.0024794110518174,61
97.6235073018283,13.6424799507282,-0.175385414843728,110.915216422869,112.72228952818,89.8100685164362,135.634510539924,93.5772158690055,65.8761490110019,121.278282727009,114.759900225683,0,0,0,93.2603850006992,0,216.127098014593,0,"chi","I",33,528,0.5,0,0.1,0,FALSE,0,TRUE,0.5,200,TRUE,0.0024794110518174,61
97.6235073018283,13.6424799507282,-0.175385414843728,110.915216422869,112.72228952818,89.8100685164362,135.634510539924,123.436357086998,89.1089043029416,157.763809871055,114.759900225683,0,0,0,111.850272405699,0,267.322892345072,0,"chi","I",33,528,0.5,0,0.1,0,FALSE,0,TRUE,0.5,200,TRUE,0.0024794110518174,61
97.6235073018283,13.6424799507282,-0.175385414843728,110.915216422869,112.72228952818,89.8100685164362,135.634510539924,107.166823961508,76.7163845986863,137.61726332433,114.759900225683,0,0,0,108.44869368216,0,239.9571866088,0,"chi","I",33,528,0.5,0,0.1,0,FALSE,0,TRUE,0.5,200,TRUE,0.0024794110518174,61
97.6235073018283,13.6424799507282,-0.175385414843728,110.915216422869,112.72228952818,89.8100685164362,135.634510539924,121.142545066212,84.9027448954702,157.382345236953,114.759900225683,0,0,0,121.245919309473,0,0,0,"chi","I",33,528,0.5,0,0.1,0,FALSE,0,TRUE,0.5,200,TRUE,0.0024794110518174,61
97.6235073018283,13.6424799507282,-0.175385414843728,110.915216422869,112.72228952818,89.8100685164362,135.634510539924,110.799270340481,78.7683191378273,142.830221543134,114.759900225683,0,0,0,107.498386727135,0,249.195060050708,0,"chi","I",33,528,0.5,0,0.1,0,FALSE,0,TRUE,0.5,200,TRUE,0.0024794110518174,61
97.6235073018283,13.6424799507282,-0.175385414843728,110.915216422869,112.72228952818,89.8100685164362,135.634510539924,92.3112907385979,63.8343164616251,120.788265015571,114.759900225683,0,0,0,105.347505555076,0,221.795829286574,0,"chi","I",33,528,0.5,0,0.1,0,FALSE,0,TRUE,0.5,200,TRUE,0.0024794110518174,61
97.6235073018283,13.6424799507282,-0.175385414843728,110.915216422869,112.72228952818,89.8100685164362,135.634510539924,111.071877711219,77.0124442532159,145.131311169221,114.759900225683,0,0,0,113.909283551608,0,266.116617363271,0,"chi","I",33,528,0.5,0,0.1,0,FALSE,0,TRUE,0.5,200,TRUE,0.0024794110518174,61
97.6235073018283,13.6424799507282,-0.175385414843728,110.915216422869,112.72228952818,89.8100685164362,135.634510539924,106.318543428834,73.9665191765423,138.670567681126,114.759900225683,0,0,0,106.77377131284,0,0,0,"chi","I",33,528,0.5,0,0.1,0,FALSE,0,TRUE,0.5,200,TRUE,0.0024794110518174,61
97.6235073018283,13.6424799507282,-0.175385414843728,110.915216422869,112.72228952818,89.8100685164362,135.634510539924,119.502375489178,84.5727389439502,154.432012034406,114.759900225683,0,0,0,120.337003661311,0,272.333898037793,0,"chi","I",33,528,0.5,0,0.1,0,FALSE,0,TRUE,0.5,200,TRUE,0.0024794110518174,61
97.6235073018283,13.6424799507282,-0.175385414843728,110.915216422869,112.72228952818,89.8100685164362,135.634510539924,106.318776896227,75.3827551241335,137.25479866832,114.759900225683,0,0,0,124.918908673133,0,0,0,"chi","I",33,528,0.5,0,0.1,0,FALSE,0,TRUE,0.5,200,TRUE,0.0024794110518174,61
97.6235073018283,13.6424799507282,-0.175385414843728,110.915216422869,112.72228952818,89.8100685164362,135.634510539924,109.796164664808,76.8398951379053,142.752434191711,114.759900225683,0,0,0,110.853152316565,0,0,0,"chi","I",33,528,0.5,0,0.1,0,FALSE,0,TRUE,0.5,200,TRUE,0.0024794110518174,61
97.6235073018283,13.6424799507282,-0.175385414843728,110.915216422869,112.72228952818,89.8100685164362,135.634510539924,104.761387592841,72.8458402923704,136.676934893312,114.759900225683,0,0,0,110.694797760903,0,0,0,"chi","I",33,528,0.5,0,0.1,0,FALSE,0,TRUE,0.5,200,TRUE,0.0024794110518174,61
97.6235073018283,13.6424799507282,-0.175385414843728,110.915216422869,112.72228952818,89.8100685164362,135.634510539924,129.928024330873,92.3036256042643,167.552423057483,114.759900225683,0,0,0,130.987748849425,0,295.123334972916,0,"chi","I",33,528,0.5,0,0.1,0,FALSE,0,TRUE,0.5,200,TRUE,0.0024794110518174,61
97.6235073018283,13.6424799507282,-0.175385414843728,110.915216422869,112.72228952818,89.8100685164362,135.634510539924,104.048519908103,72.633091733781,135.463948082424,114.759900225683,0,0,0,110.97096012873,0,0,0,"chi","I",33,528,0.5,0,0.1,0,FALSE,0,TRUE,0.5,200,TRUE,0.0024794110518174,61
97.6235073018283,13.6424799507282,-0.175385414843728,110.915216422869,112.72228952818,89.8100685164362,135.634510539924,114.117879408062,78.5364713902201,149.699287425904,114.759900225683,0,0,0,122.681074531947,0,278.574583571148,0,"chi","I",33,528,0.5,0,0.1,0,FALSE,0,TRUE,0.5,200,TRUE,0.0024794110518174,61
97.6235073018283,13.6424799507282,-0.175385414843728,110.915216422869,112.72228952818,89.8100685164362,135.634510539924,105.684614591963,73.8712244643565,137.49800471957,114.759900225683,0,0,0,106.54614220043,0,0,0,"chi","I",33,528,0.5,0,0.1,0,FALSE,0,TRUE,0.5,200,TRUE,0.0024794110518174,61
97.6235073018283,13.6424799507282,-0.175385414843728,110.915216422869,112.72228952818,89.8100685164362,135.634510539924,128.360554454246,91.9051005619914,164.8160083465,114.759900225683,0,0,0,124.4565878262,0,0,0,"chi","I",33,528,0.5,0,0.1,0,FALSE,0,TRUE,0.5,200,TRUE,0.0024794110518174,61
97.6235073018283,13.6424799507282,-0.175385414843728,110.915216422869,112.72228952818,89.8100685164362,135.634510539924,92.3217223238126,63.5341483288196,121.109296318806,114.759900225683,0,0,0,98.0264658186019,0,227.06491723379,0,"chi","I",33,528,0.5,0,0.1,0,FALSE,0,TRUE,0.5,200,TRUE,0.0024794110518174,61
97.6235073018283,13.6424799507282,-0.175385414843728,110.915216422869,112.72228952818,89.8100685164362,135.634510539924,110.84075213126,76.2888974770458,145.392606785475,114.759900225683,0,0,0,126.490477035463,0,0,0,"chi","I",33,528,0.5,0,0.1,0,FALSE,0,TRUE,0.5,200,TRUE,0.0024794110518174,61
97.6235073018283,13.6424799507282,-0.175385414843728,110.915216422869,112.72228952818,89.8100685164362,135.634510539924,118.819490181877,82.6329728375867,155.006007526167,114.759900225683,0,0,0,122.795061569348,0,0,0,"chi","I",33,528,0.5,0,0.1,0,FALSE,0,TRUE,0.5,200,TRUE,0.0024794110518174,61
97.6235073018283,13.6424799507282,-0.175385414843728,110.915216422869,112.72228952818,89.8100685164362,135.634510539924,100.405509080531,69.6604047824877,131.150613378574,114.759900225683,0,0,0,105.624227513428,0,0,0,"chi","I",33,528,0.5,0,0.1,0,FALSE,0,TRUE,0.5,200,TRUE,0.0024794110518174,61
97.6235073018283,13.6424799507282,-0.175385414843728,110.915216422869,112.72228952818,89.8100685164362,135.634510539924,102.601936777665,70.0176303492706,135.186243206059,114.759900225683,0,0,0,102.516648356233,0,252.958767732832,0,"chi","I",33,528,0.5,0,0.1,0,FALSE,0,TRUE,0.5,200,TRUE,0.0024794110518174,61
97.6235073018283,13.6424799507282,-0.175385414843728,110.915216422869,112.72228952818,89.8100685164362,135.634510539924,117.888299291127,82.4406961735247,153.33590240873,114.759900225683,0,0,0,114.04074510198,0,0,0,"chi","I",33,528,0.5,0,0.1,0,FALSE,0,TRUE,0.5,200,TRUE,0.0024794110518174,61
97.6235073018283,13.6424799507282,-0.175385414843728,110.915216422869,112.72228952818,89.8100685164362,135.634510539924,108.207240035167,77.4013967129286,139.013083357406,114.759900225683,0,0,0,114.059292252872,0,240.039981982493,0,"chi","I",33,528,0.5,0,0.1,0,FALSE,0,TRUE,0.5,200,TRUE,0.0024794110518174,61
97.6235073018283,13.6424799507282,-0.175385414843728,110.915216422869,112.72228952818,89.8100685164362,135.634510539924,125.391423543418,91.4217239466019,159.361123140234,114.759900225683,0,0,0,112.794224903221,0,266.589347801998,0,"chi","I",33,528,0.5,0,0.1,0,FALSE,0,TRUE,0.5,200,TRUE,0.0024794110518174,61
97.6235073018283,13.6424799507282,-0.175385414843728,110.915216422869,112.72228952818,89.8100685164362,135.634510539924,121.745532588415,87.1264094734823,156.364655703347,114.759900225683,0,0,0,123.761982542996,0,0,0,"chi","I",33,528,0.5,0,0.1,0,FALSE,0,TRUE,0.5,200,TRUE,0.0024794110518174,61
97.6235073018283,13.6424799507282,-0.175385414843728,110.915216422869,112.72228952818,89.8100685164362,135.634510539924,112.819238308798,78.0455062812883,147.592970336308,114.759900225683,0,0,0,105.539917951577,0,270.180886507339,0,"chi","I",33,528,0.5,0,0.1,0,FALSE,0,TRUE,0.5,200,TRUE,0.0024794110518174,61
97.6235073018283,13.6424799507282,-0.175385414843728,110.915216422869,112.72228952818,89.8100685164362,135.634510539924,109.052558797648,76.125532501077,141.979585094219,114.759900225683,0,0,0,102.073931603464,0,258.380278188281,0,"chi","I",33,528,0.5,0,0.1,0,FALSE,0,TRUE,0.5,200,TRUE,0.0024794110518174,61
97.6235073018283,13.6424799507282,-0.175385414843728,110.915216422869,112.72228952818,89.8100685164362,135.634510539924,134.833294750374,95.4934145217335,174.173174979015,114.759900225683,0,0,0,140.310608844834,0,308.675555201366,0,"chi","I",33,528,0.5,0,0.1,0,FALSE,0,TRUE,0.5,200,TRUE,0.0024794110518174,61
97.6235073018283,13.6424799507282,-0.175385414843728,110.915216422869,112.72228952818,89.8100685164362,135.634510539924,127.131778117768,91.428976309267,162.834579926268,114.759900225683,0,0,0,124.554290014937,0,0,0,"chi","I",33,528,0.5,0,0.1,0,FALSE,0,TRUE,0.5,200,TRUE,0.0024794110518174,61
97.6235073018283,13.6424799507282,-0.175385414843728,110.915216422869,112.72228952818,89.8100685164362,135.634510539924,112.653632059371,79.8904805651281,145.416783553614,114.759900225683,0,0,0,119.502368800852,0,0,0,"chi","I",33,528,0.5,0,0.1,0,FALSE,0,TRUE,0.5,200,TRUE,0.0024794110518174,61
97.6235073018283,13.6424799507282,-0.175385414843728,110.915216422869,112.72228952818,89.8100685164362,135.634510539924,104.89288805969,75.5543913809684,134.231384738412,114.759900225683,0,0,0,101.619410626439,0,229.112955900962,0,"chi","I",33,528,0.5,0,0.1,0,FALSE,0,TRUE,0.5,200,TRUE,0.0024794110518174,61
97.6235073018283,13.6424799507282,-0.175385414843728,110.915216422869,112.72228952818,89.8100685164362,135.634510539924,121.752209473958,84.7442674898078,158.760151458108,114.759900225683,0,0,0,123.140463345215,0,0,0,"chi","I",33,528,0.5,0,0.1,0,FALSE,0,TRUE,0.5,200,TRUE,0.0024794110518174,61
97.6235073018283,13.6424799507282,-0.175385414843728,110.915216422869,112.72228952818,89.8100685164362,135.634510539924,101.336169909876,70.293703793593,132.378636026158,114.759900225683,0,0,0,96.0281541035856,0,242.93357646603,0,"chi","I",33,528,0.5,0,0.1,0,FALSE,0,TRUE,0.5,200,TRUE,0.0024794110518174,61
97.6235073018283,13.6424799507282,-0.175385414843728,110.915216422869,112.72228952818,89.8100685164362,135.634510539924,119.988879007852,85.0075799306703,154.970178085033,114.759900225683,0,0,0,115.042422090038,0,0,0,"chi","I",33,528,0.5,0,0.1,0,FALSE,0,TRUE,0.5,200,TRUE,0.0024794110518174,61
97.6235073018283,13.6424799507282,-0.175385414843728,110.915216422869,112.72228952818,89.8100685164362,135.634510539924,95.5635202512358,66.1725380617089,124.954502440763,114.759900225683,0,0,0,92.6835188601238,0,0,0,"chi","I",33,528,0.5,0,0.1,0,FALSE,0,TRUE,0.5,200,TRUE,0.0024794110518174,61
97.6235073018283,13.6424799507282,-0.175385414843728,110.915216422869,112.72228952818,89.8100685164362,135.634510539924,119.503256175925,87.2720395856221,151.734472766229,114.759900225683,0,0,0,115.591510283968,0,252.68359465276,0,"chi","I",33,528,0.5,0,0.1,0,FALSE,0,TRUE,0.5,200,TRUE,0.0024794110518174,61
97.6235073018283,13.6424799507282,-0.175385414843728,110.915216422869,112.72228952818,89.8100685164362,135.634510539924,123.480381505865,87.4954617960401,159.465301215689,114.759900225683,0,0,0,112.245634291451,0,281.334128912951,0,"chi","I",33,528,0.5,0,0.1,0,FALSE,0,TRUE,0.5,200,TRUE,0.0024794110518174,61
97.6235073018283,13.6424799507282,-0.175385414843728,110.915216422869,112.72228952818,89.8100685164362,135.634510539924,109.148398677899,76.569064326462,141.727733029337,114.759900225683,0,0,0,106.748285011458,0,0,0,"chi","I",33,528,0.5,0,0.1,0,FALSE,0,TRUE,0.5,200,TRUE,0.0024794110518174,61
97.6235073018283,13.6424799507282,-0.175385414843728,110.915216422869,112.72228952818,89.8100685164362,135.634510539924,111.916773225273,78.6620318823424,145.171514568204,114.759900225683,0,0,0,108.971401612684,0,260.728640597145,0,"chi","I",33,528,0.5,0,0.1,0,FALSE,0,TRUE,0.5,200,TRUE,0.0024794110518174,61
97.6235073018283,13.6424799507282,-0.175385414843728,110.915216422869,112.72228952818,89.8100685164362,135.634510539924,101.502023357026,67.7026252967033,135.301421417348,114.759900225683,0,0,0,103.557161049519,0,0,0,"chi","I",33,528,0.5,0,0.1,0,FALSE,0,TRUE,0.5,200,TRUE,0.0024794110518174,61
97.6235073018283,13.6424799507282,-0.175385414843728,110.915216422869,112.72228952818,89.8100685164362,135.634510539924,109.801914681667,77.6355599136027,141.968269449732,114.759900225683,0,0,0,120.127360538645,0,0,0,"chi","I",33,528,0.5,0,0.1,0,FALSE,0,TRUE,0.5,200,TRUE,0.0024794110518174,61
97.6235073018283,13.6424799507282,-0.175385414843728,110.915216422869,112.72228952818,89.8100685164362,135.634510539924,111.965843258119,78.5617556220514,145.369930894187,114.759900225683,0,0,0,126.505383773667,0,261.247323778956,0,"chi","I",33,528,0.5,0,0.1,0,FALSE,0,TRUE,0.5,200,TRUE,0.0024794110518174,61
97.6235073018283,13.6424799507282,-0.175385414843728,110.915216422869,112.72228952818,89.8100685164362,135.634510539924,103.264202191453,73.1018104204333,133.426593962472,114.759900225683,0,0,0,110.57718519114,0,236.792615020323,0,"chi","I",33,528,0.5,0,0.1,0,FALSE,0,TRUE,0.5,200,TRUE,0.0024794110518174,61
97.6235073018283,13.6424799507282,-0.175385414843728,110.915216422869,112.72228952818,89.8100685164362,135.634510539924,128.155530715639,89.6240623828494,166.686999048428,114.759900225683,0,0,0,131.048373216101,0,302.528015104858,0,"chi","I",33,528,0.5,0,0.1,0,FALSE,0,TRUE,0.5,200,TRUE,0.0024794110518174,61
97.6235073018283,13.6424799507282,-0.175385414843728,110.915216422869,112.72228952818,89.8100685164362,135.634510539924,107.988013790501,74.2452443142556,141.730783266746,114.759900225683,0,0,0,103.880349033168,0,264.600242379185,0,"chi","I",33,528,0.5,0,0.1,0,FALSE,0,TRUE,0.5,200,TRUE,0.0024794110518174,61
97.6235073018283,13.6424799507282,-0.175385414843728,110.915216422869,112.72228952818,89.8100685164362,135.634510539924,94.2510777102601,63.0264619059951,125.475693514525,114.759900225683,0,0,0,102.5374091582,0,0,0,"chi","I",33,528,0.5,0,0.1,0,FALSE,0,TRUE,0.5,200,TRUE,0.0024794110518174,61
97.6235073018283,13.6424799507282,-0.175385414843728,110.915216422869,112.72228952818,89.8100685164362,135.634510539924,116.143360143433,82.8347843492636,149.451935937603,114.759900225683,0,0,0,117.77113285933,0,262.884970655843,0,"chi","I",33,528,0.5,0,0.1,0,FALSE,0,TRUE,0.5,200,TRUE,0.0024794110518174,61
97.6235073018283,13.6424799507282,-0.175385414843728,110.915216422869,112.72228952818,89.8100685164362,135.634510539924,114.827780264167,81.5892125292928,148.06634799904,114.759900225683,0,0,0,106.43182047275,0,0,0,"chi","I",33,528,0.5,0,0.1,0,FALSE,0,TRUE,0.5,200,TRUE,0.0024794110518174,61
97.6235073018283,13.6424799507282,-0.175385414843728,110.915216422869,112.72228952818,89.8100685164362,135.634510539924,108.400111823349,74.6797698044201,142.120453842279,114.759900225683,0,0,0,100.011315824956,0,264.146046388013,0,"chi","I",33,528,0.5,0,0.1,0,FALSE,0,TRUE,0.5,200,TRUE,0.0024794110518174,61
97.6235073018283,13.6424799507282,-0.175385414843728,110.915216422869,112.72228952818,89.8100685164362,135.634510539924,116.731026519808,80.5081376433565,152.953915396259,114.759900225683,0,0,0,112.763735595127,0,282.967461240004,0,"chi","I",33,528,0.5,0,0.1,0,FALSE,0,TRUE,0.5,200,TRUE,0.0024794110518174,61
97.6235073018283,13.6424799507282,-0.175385414843728,110.915216422869,112.72228952818,89.8100685164362,135.634510539924,88.2487253677311,60.7340292363133,115.763421499149,114.759900225683,0,0,0,101.466256153105,0,213.922237227222,0,"chi","I",33,528,0.5,0,0.1,0,FALSE,0,TRUE,0.5,200,TRUE,0.0024794110518174,61
97.6235073018283,13.6424799507282,-0.175385414843728,110.915216422869,112.72228952818,89.8100685164362,135.634510539924,109.997393126212,77.6096436595991,142.385142592825,114.759900225683,0,0,0,111.546069966256,0,0,0,"chi","I",33,528,0.5,0,0.1,0,FALSE,0,TRUE,0.5,200,TRUE,0.0024794110518174,61
97.6235073018283,13.6424799507282,-0.175385414843728,110.915216422869,112.72228952818,89.8100685164362,135.634510539924,112.375988358083,78.2176527872031,146.534323928963,114.759900225683,0,0,0,113.560632617114,0,265.353342260255,0,"chi","I",33,528,0.5,0,0.1,0,FALSE,0,TRUE,0.5,200,TRUE,0.0024794110518174,61
97.6235073018283,13.6424799507282,-0.175385414843728,110.915216422869,112.72228952818,89.8100685164362,135.634510539924,113.273264035972,80.3607295456061,146.185798526338,114.759900225683,0,0,0,109.503595191183,0,0,0,"chi","I",33,528,0.5,0,0.1,0,FALSE,0,TRUE,0.5,200,TRUE,0.0024794110518174,61
97.6235073018283,13.6424799507282,-0.175385414843728,110.915216422869,112.72228952818,89.8100685164362,135.634510539924,111.140327590531,78.5088980050912,143.771757175971,114.759900225683,0,0,0,113.63331510243,0,0,0,"chi","I",33,528,0.5,0,0.1,0,FALSE,0,TRUE,0.5,200,TRUE,0.0024794110518174,61
97.6235073018283,13.6424799507282,-0.175385414843728,110.915216422869,112.72228952818,89.8100685164362,135.634510539924,114.804470159127,78.4791704404883,151.129769877765,114.759900225683,0,0,0,125.731729499888,0,284.246112270555,0,"chi","I",33,528,0.5,0,0.1,0,FALSE,0,TRUE,0.5,200,TRUE,0.0024794110518174,61
97.6235073018283,13.6424799507282,-0.175385414843728,110.915216422869,112.72228952818,89.8100685164362,135.634510539924,120.399800560391,84.1338551443872,156.665745976395,114.759900225683,0,0,0,117.646861102396,0,0,0,"chi","I",33,528,0.5,0,0.1,0,FALSE,0,TRUE,0.5,200,TRUE,0.0024794110518174,61
97.6235073018283,13.6424799507282,-0.175385414843728,110.915216422869,112.72228952818,89.8100685164362,135.634510539924,106.191600411088,74.8673630700634,137.515837752112,114.759900225683,0,0,0,96.5813845870228,0,0,0,"chi","I",33,528,0.5,0,0.1,0,FALSE,0,TRUE,0.5,200,TRUE,0.0024794110518174,61
97.6235073018283,13.6424799507282,-0.175385414843728,110.915216422869,112.72228952818,89.8100685164362,135.634510539924,141.636969742359,102.020856478304,181.253083006415,114.759900225683,0,0,0,147.591962892131,0,0,0,"chi","I",33,528,0.5,0,0.1,0,FALSE,0,TRUE,0.5,200,TRUE,0.0024794110518174,61
97.6235073018283,13.6424799507282,-0.175385414843728,110.915216422869,112.72228952818,89.8100685164362,135.634510539924,125.890167063293,90.8254916864374,160.95484244015,114.759900225683,0,0,0,125.623979849849,0,275.151336763297,0,"chi","I",33,528,0.5,0,0.1,0,FALSE,0,TRUE,0.5,200,TRUE,0.0024794110518174,61
97.6235073018283,13.6424799507282,-0.175385414843728,110.915216422869,112.72228952818,89.8100685164362,135.634510539924,97.6981863483426,67.4583476842761,127.938025012409,114.759900225683,0,0,0,91.3749334342057,0,235.309660784901,0,"chi","I",33,528,0.5,0,0.1,0,FALSE,0,TRUE,0.5,200,TRUE,0.0024794110518174,61
97.6235073018283,13.6424799507282,-0.175385414843728,110.915216422869,112.72228952818,89.8100685164362,135.634510539924,128.46493097952,93.3744715789341,163.555390380105,114.759900225683,0,0,0,124.835361857035,0,274.99918522966,0,"chi","I",33,528,0.5,0,0.1,0,FALSE,0,TRUE,0.5,200,TRUE,0.0024794110518174,61
97.6235073018283,13.6424799507282,-0.175385414843728,110.915216422869,112.72228952818,89.8100685164362,135.634510539924,111.819336827786,79.0478508843918,144.590822771179,114.759900225683,0,0,0,106.763930296634,0,255.133272108044,0,"chi","I",33,528,0.5,0,0.1,0,FALSE,0,TRUE,0.5,200,TRUE,0.0024794110518174,61
97.6235073018283,13.6424799507282,-0.175385414843728,110.915216422869,112.72228952818,89.8100685164362,135.634510539924,96.7542493821482,67.9767106884353,125.531788075861,114.759900225683,0,0,0,100.294294062716,0,225.149426864744,0,"chi","I",33,528,0.5,0,0.1,0,FALSE,0,TRUE,0.5,200,TRUE,0.0024794110518174,61
97.6235073018283,13.6424799507282,-0.175385414843728,110.915216422869,112.72228952818,89.8100685164362,135.634510539924,130.0338607818,93.3736959870753,166.694025576525,114.759900225683,0,0,0,130.992108232062,0,0,0,"chi","I",33,528,0.5,0,0.1,0,FALSE,0,TRUE,0.5,200,TRUE,0.0024794110518174,61
97.6235073018283,13.6424799507282,-0.175385414843728,110.915216422869,112.72228952818,89.8100685164362,135.634510539924,111.62554432987,78.2539010689619,144.997187590779,114.759900225683,0,0,0,104.749588332374,0,0,0,"chi","I",33,528,0.5,0,0.1,0,FALSE,0,TRUE,0.5,200,TRUE,0.0024794110518174,61
97.6235073018283,13.6424799507282,-0.175385414843728,110.915216422869,112.72228952818,89.8100685164362,135.634510539924,121.033877110444,87.3563606220947,154.711393598793,114.759900225683,0,0,0,120.833467603317,0,0,0,"chi","I",33,528,0.5,0,0.1,0,FALSE,0,TRUE,0.5,200,TRUE,0.0024794110518174,61
97.6235073018283,13.6424799507282,-0.175385414843728,110.915216422869,112.72228952818,89.8100685164362,135.634510539924,108.654074834266,75.7435078731524,141.56464179538,114.759900225683,0,0,0,110.58025440385,0,0,0,"chi","I",33,528,0.5,0,0.1,0,FALSE,0,TRUE,0.5,200,TRUE,0.0024794110518174,61
97.6235073018283,13.6424799507282,-0.175385414843728,110.915216422869,112.72228952818,89.8100685164362,135.634510539924,102.013666033865,69.332778258601,134.694553809129,114.759900225683,0,0,0,101.166711051426,0,255.00981216312,0,"chi","I",33,528,0.5,0,0.1,0,FALSE,0,TRUE,0.5,200,TRUE,0.0024794110518174,61
97.6235073018283,13.6424799507282,-0.175385414843728,110.915216422869,112.72228952818,89.8100685164362,135.634510539924,117.164166468511,82.4825154697759,151.845817467247,114.759900225683,0,0,0,118.599991970472,0,0,0,"chi","I",33,528,0.5,0,0.1,0,FALSE,0,TRUE,0.5,200,TRUE,0.0024794110518174,61
97.6235073018283,13.6424799507282,-0.175385414843728,110.915216422869,112.72228952818,89.8100685164362,135.634510539924,103.129645222873,70.4612009475633,135.798089498183,114.759900225683,0,0,0,109.013572843017,0,0,0,"chi","I",33,528,0.5,0,0.1,0,FALSE,0,TRUE,0.5,200,TRUE,0.0024794110518174,61
97.6235073018283,13.6424799507282,-0.175385414843728,110.915216422869,112.72228952818,89.8100685164362,135.634510539924,111.636300955754,78.9353017203365,144.337300191171,114.759900225683,0,0,0,114.23951707338,0,0,0,"chi","I",33,528,0.5,0,0.1,0,FALSE,0,TRUE,0.5,200,TRUE,0.0024794110518174,61
97.6235073018283,13.6424799507282,-0.175385414843728,110.915216422869,112.72228952818,89.8100685164362,135.634510539924,115.630701162165,80.9278138237881,150.333588500541,114.759900225683,0,0,0,108.136683739244,0,272.457310030345,0,"chi","I",33,528,0.5,0,0.1,0,FALSE,0,TRUE,0.5,200,TRUE,0.0024794110518174,61
97.6235073018283,13.6424799507282,-0.175385414843728,110.915216422869,112.72228952818,89.8100685164362,135.634510539924,111.66075214284,76.2444365989043,147.077067686776,114.759900225683,0,0,0,106.096698088115,0,0,0,"chi","I",33,528,0.5,0,0.1,0,FALSE,0,TRUE,0.5,200,TRUE,0.0024794110518174,61
97.6235073018283,13.6424799507282,-0.175385414843728,110.915216422869,112.72228952818,89.8100685164362,135.634510539924,95.734488741076,65.4723519069716,125.99662557518,114.759900225683,0,0,0,93.5002875874427,0,0,0,"chi","I",33,528,0.5,0,0.1,0,FALSE,0,TRUE,0.5,200,TRUE,0.0024794110518174,61
97.6235073018283,13.6424799507282,-0.175385414843728,110.915216422869,112.72228952818,89.8100685164362,135.634510539924,105.226320418865,75.3654261709843,135.087214666745,114.759900225683,0,0,0,110.927570227409,0,0,0,"chi","I",33,528,0.5,0,0.1,0,FALSE,0,TRUE,0.5,200,TRUE,0.0024794110518174,61
97.6235073018283,13.6424799507282,-0.175385414843728,110.915216422869,112.72228952818,89.8100685164362,135.634510539924,115.799896955507,82.2038441572865,149.395949753728,114.759900225683,0,0,0,117.935494767341,0,261.684807835975,0,"chi","I",33,528,0.5,0,0.1,0,FALSE,0,TRUE,0.5,200,TRUE,0.0024794110518174,61
97.6235073018283,13.6424799507282,-0.175385414843728,110.915216422869,112.72228952818,89.8100685164362,135.634510539924,99.0964205284744,68.2566778579043,129.936163199045,114.759900225683,0,0,0,96.2993470356807,0,242.205060952035,0,"chi","I",33,528,0.5,0,0.1,0,FALSE,0,TRUE,0.5,200,TRUE,0.0024794110518174,61
97.6235073018283,13.6424799507282,-0.175385414843728,110.915216422869,112.72228952818,89.8100685164362,135.634510539924,111.157066945076,77.9754479458592,144.338685944293,114.759900225683,0,0,0,113.962502230071,0,0,0,"chi","I",33,528,0.5,0,0.1,0,FALSE,0,TRUE,0.5,200,TRUE,0.0024794110518174,61
97.6235073018283,13.6424799507282,-0.175385414843728,110.915216422869,112.72228952818,89.8100685164362,135.634510539924,106.3290060853,72.6828444283718,139.975167742229,114.759900225683,0,0,0,109.036169444912,0,0,0,"chi","I",33,528,0.5,0,0.1,0,FALSE,0,TRUE,0.5,200,TRUE,0.0024794110518174,61
97.6235073018283,13.6424799507282,-0.175385414843728,110.915216422869,112.72228952818,89.8100685164362,135.634510539924,125.489488340036,88.5025467434412,162.476429936631,114.759900225683,0,0,0,130.102912552564,0,289.979370472362,0,"chi","I",33,528,0.5,0,0.1,0,FALSE,0,TRUE,0.5,200,TRUE,0.0024794110518174,61
97.6235073018283,13.6424799507282,-0.175385414843728,110.915216422869,112.72228952818,89.8100685164362,135.634510539924,109.403442378845,74.297896698721,144.508988058969,114.759900225683,0,0,0,119.812975403655,0,0,0,"chi","I",33,528,0.5,0,0.1,0,FALSE,0,TRUE,0.5,200,TRUE,0.0024794110518174,61
97.6235073018283,13.6424799507282,-0.175385414843728,110.915216422869,112.72228952818,89.8100685164362,135.634510539924,113.286070696363,81.8386887391977,144.733452653527,114.759900225683,0,0,0,116.273627450496,0,0,0,"chi","I",33,528,0.5,0,0.1,0,FALSE,0,TRUE,0.5,200,TRUE,0.0024794110518174,61
97.6235073018283,13.6424799507282,-0.175385414843728,110.915216422869,112.72228952818,89.8100685164362,135.634510539924,107.989235411824,74.1473815785012,141.831089245146,114.759900225683,0,0,0,109.830279061404,0,266.167867493384,0,"chi","I",33,528,0.5,0,0.1,0,FALSE,0,TRUE,0.5,200,TRUE,0.0024794110518174,61
97.6235073018283,13.6424799507282,-0.175385414843728,110.915216422869,112.72228952818,89.8100685164362,135.634510539924,126.86874937696,89.722203600057,164.015295153863,114.759900225683,0,0,0,119.344590456971,0,0,0,"chi","I",33,528,0.5,0,0.1,0,FALSE,0,TRUE,0.5,200,TRUE,0.0024794110518174,61
97.6235073018283,13.6424799507282,-0.175385414843728,110.915216422869,112.72228952818,89.8100685164362,135.634510539924,105.859321559901,75.4532102560803,136.265432863722,114.759900225683,0,0,0,101.573319550463,0,238.42197192104,0,"chi","I",33,528,0.5,0,0.1,0,FALSE,0,TRUE,0.5,200,TRUE,0.0024794110518174,61
97.6235073018283,13.6424799507282,-0.175385414843728,110.915216422869,112.72228952818,89.8100685164362,135.634510539924,98.7713056193474,69.8685431485969,127.674068090098,114.759900225683,0,0,0,104.542720626875,0,228.693635184454,0,"chi","I",33,528,0.5,0,0.1,0,FALSE,0,TRUE,0.5,200,TRUE,0.0024794110518174,61
97.6235073018283,13.6424799507282,-0.175385414843728,110.915216422869,112.72228952818,89.8100685164362,135.634510539924,129.671657905563,91.83593142253,167.507384388597,114.759900225683,0,0,0,132.284605327451,0,296.331579465033,0,"chi","I",33,528,0.5,0,0.1,0,FALSE,0,TRUE,0.5,200,TRUE,0.0024794110518174,61
97.6235073018283,13.6424799507282,-0.175385414843728,110.915216422869,112.72228952818,89.8100685164362,135.634510539924,103.58394534815,72.394556410456,134.773334285843,114.759900225683,0,0,0,104.482841427485,0,0,0,"chi","I",33,528,0.5,0,0.1,0,FALSE,0,TRUE,0.5,200,TRUE,0.0024794110518174,61
97.6235073018283,13.6424799507282,-0.175385414843728,110.915216422869,112.72228952818,89.8100685164362,135.634510539924,114.58713983272,81.5991774473837,147.575102218057,114.759900225683,0,0,0,116.775979354231,0,0,0,"chi","I",33,528,0.5,0,0.1,0,FALSE,0,TRUE,0.5,200,TRUE,0.0024794110518174,61
97.6235073018283,13.6424799507282,-0.175385414843728,110.915216422869,112.72228952818,89.8100685164362,135.634510539924,117.127018978033,83.0268323707169,151.227205585348,114.759900225683,0,0,0,113.411794828484,0,0,0,"chi","I",33,528,0.5,0,0.1,0,FALSE,0,TRUE,0.5,200,TRUE,0.0024794110518174,61
97.6235073018283,13.6424799507282,-0.175385414843728,110.915216422869,112.72228952818,89.8100685164362,135.634510539924,109.359486842219,76.0934219413248,142.625551743113,114.759900225683,0,0,0,115.396725876275,0,260.235787767682,0,"chi","I",33,528,0.5,0,0.1,0,FALSE,0,TRUE,0.5,200,TRUE,0.0024794110518174,61
97.6235073018283,13.6424799507282,-0.175385414843728,110.915216422869,112.72228952818,89.8100685164362,135.634510539924,115.257051748127,79.8638359173923,150.650267578861,114.759900225683,0,0,0,121.966914147145,0,274.783878519642,0,"chi","I",33,528,0.5,0,0.1,0,FALSE,0,TRUE,0.5,200,TRUE,0.0024794110518174,61
97.6235073018283,13.6424799507282,-0.175385414843728,110.915216422869,112.72228952818,89.8100685164362,135.634510539924,108.952674130341,76.6606048771352,141.244743383546,114.759900225683,0,0,0,116.874373515664,0,252.689248217907,0,"chi","I",33,528,0.5,0,0.1,0,FALSE,0,TRUE,0.5,200,TRUE,0.0024794110518174,61
97.6235073018283,13.6424799507282,-0.175385414843728,110.915216422869,112.72228952818,89.8100685164362,135.634510539924,109.705735847217,75.7713963998515,143.640075294582,114.759900225683,0,0,0,104.724081709376,0,264.963286403119,0,"chi","I",33,528,0.5,0,0.1,0,FALSE,0,TRUE,0.5,200,TRUE,0.0024794110518174,61
97.6235073018283,13.6424799507282,-0.175385414843728,110.915216422869,112.72228952818,89.8100685164362,135.634510539924,143.16982396767,102.16567271964,184.1739752157,114.759900225683,0,0,0,156.705910770368,0,320.155497222948,0,"chi","I",33,528,0.5,0,0.1,0,FALSE,0,TRUE,0.5,200,TRUE,0.0024794110518174,61
97.6235073018283,13.6424799507282,-0.175385414843728,110.915216422869,112.72228952818,89.8100685164362,135.634510539924,99.5988211152003,69.9585394904944,129.239102739906,114.759900225683,0,0,0,100.750012572953,0,0,0,"chi","I",33,528,0.5,0,0.1,0,FALSE,0,TRUE,0.5,200,TRUE,0.0024794110518174,61
97.6235073018283,13.6424799507282,-0.175385414843728,110.915216422869,112.72228952818,89.8100685164362,135.634510539924,113.895999878084,79.9066144568081,147.88538529936,114.759900225683,0,0,0,106.893217297623,0,267.516761317233,0,"chi","I",33,528,0.5,0,0.1,0,FALSE,0,TRUE,0.5,200,TRUE,0.0024794110518174,61
97.6235073018283,13.6424799507282,-0.175385414843728,110.915216422869,112.72228952818,89.8100685164362,135.634510539924,104.683095523894,73.0386374649229,136.327553582865,114.759900225683,0,0,0,109.72318803017,0,0,0,"chi","I",33,528,0.5,0,0.1,0,FALSE,0,TRUE,0.5,200,TRUE,0.0024794110518174,61
97.6235073018283,13.6424799507282,-0.175385414843728,110.915216422869,112.72228952818,89.8100685164362,135.634510539924,120.143655386787,85.7944377921043,154.492872981469,114.759900225683,0,0,0,123.177916828331,0,0,0,"chi","I",33,528,0.5,0,0.1,0,FALSE,0,TRUE,0.5,200,TRUE,0.0024794110518174,61
97.6235073018283,13.6424799507282,-0.175385414843728,110.915216422869,112.72228952818,89.8100685164362,135.634510539924,91.6232685022701,62.3831533183931,120.863383686147,114.759900225683,0,0,0,92.6321205241513,0,0,0,"chi","I",33,528,0.5,0,0.1,0,FALSE,0,TRUE,0.5,200,TRUE,0.0024794110518174,61
97.6235073018283,13.6424799507282,-0.175385414843728,110.915216422869,112.72228952818,89.8100685164362,135.634510539924,141.976695486693,102.084714843522,181.868676129864,114.759900225683,0,0,0,135.139101748727,0,0,0,"chi","I",33,528,0.5,0,0.1,0,FALSE,0,TRUE,0.5,200,TRUE,0.0024794110518174,61
97.6235073018283,13.6424799507282,-0.175385414843728,110.915216422869,112.72228952818,89.8100685164362,135.634510539924,109.278914426087,76.3099232059968,142.247905646177,114.759900225683,0,0,0,106.405728106113,0,0,0,"chi","I",33,528,0.5,0,0.1,0,FALSE,0,TRUE,0.5,200,TRUE,0.0024794110518174,61
97.6235073018283,13.6424799507282,-0.175385414843728,110.915216422869,112.72228952818,89.8100685164362,135.634510539924,111.049580305056,77.9223109871913,144.176849622922,114.759900225683,0,0,0,110.803954062977,0,258.554889110304,0,"chi","I",33,528,0.5,0,0.1,0,FALSE,0,TRUE,0.5,200,TRUE,0.0024794110518174,61
97.6235073018283,13.6424799507282,-0.175385414843728,110.915216422869,112.72228952818,89.8100685164362,135.634510539924,104.403958726213,73.327018351225,135.480899101201,114.759900225683,0,0,0,97.8130644814842,0,0,0,"chi","I",33,528,0.5,0,0.1,0,FALSE,0,TRUE,0.5,200,TRUE,0.0024794110518174,61
97.6235073018283,13.6424799507282,-0.175385414843728,110.915216422869,112.72228952818,89.8100685164362,135.634510539924,110.306951812771,79.2596540791294,141.354249546413,114.759900225683,0,0,0,105.999511494798,0,243.638917536612,0,"chi","I",33,528,0.5,0,0.1,0,FALSE,0,TRUE,0.5,200,TRUE,0.0024794110518174,61
97.6235073018283,13.6424799507282,-0.175385414843728,110.915216422869,112.72228952818,89.8100685164362,135.634510539924,112.970605570121,79.6930121547137,146.248198985529,114.759900225683,0,0,0,119.242115376948,0,260.89054868584,0,"chi","I",33,528,0.5,0,0.1,0,FALSE,0,TRUE,0.5,200,TRUE,0.0024794110518174,61
97.6235073018283,13.6424799507282,-0.175385414843728,110.915216422869,112.72228952818,89.8100685164362,135.634510539924,117.04247859294,82.8748334263875,151.210123759492,114.759900225683,0,0,0,122.43220620799,0,267.568101504923,0,"chi","I",33,528,0.5,0,0.1,0,FALSE,0,TRUE,0.5,200,TRUE,0.0024794110518174,61
97.6235073018283,13.6424799507282,-0.175385414843728,110.915216422869,112.72228952818,89.8100685164362,135.634510539924,104.76530707854,72.964345148096,136.566269008984,114.759900225683,0,0,0,107.616152420235,0,249.543440996223,0,"chi","I",33,528,0.5,0,0.1,0,FALSE,0,TRUE,0.5,200,TRUE,0.0024794110518174,61
97.6235073018283,13.6424799507282,-0.175385414843728,110.915216422869,112.72228952818,89.8100685164362,135.634510539924,125.458574960188,87.9648175771709,162.952332343204,114.759900225683,0,0,0,144.800337445923,0,0,0,"chi","I",33,528,0.5,0,0.1,0,FALSE,0,TRUE,0.5,200,TRUE,0.0024794110518174,61
97.6235073018283,13.6424799507282,-0.175385414843728,110.915216422869,112.72228952818,89.8100685164362,135.634510539924,102.863429080072,70.8557300955774,134.871128064566,114.759900225683,0,0,0,96.9096892888382,0,0,0,"chi","I",33,528,0.5,0,0.1,0,FALSE,0,TRUE,0.5,200,TRUE,0.0024794110518174,61
97.6235073018283,13.6424799507282,-0.175385414843728,110.915216422869,112.72228952818,89.8100685164362,135.634510539924,128.902432840914,91.8723475506978,165.932518131131,114.759900225683,0,0,0,135.924983435844,0,0,0,"chi","I",33,528,0.5,0,0.1,0,FALSE,0,TRUE,0.5,200,TRUE,0.0024794110518174,61
97.6235073018283,13.6424799507282,-0.175385414843728,110.915216422869,112.72228952818,89.8100685164362,135.634510539924,119.479503750759,83.5776305646636,155.381376936854,114.759900225683,0,0,0,135.033099591241,0,0,0,"chi","I",33,528,0.5,0,0.1,0,FALSE,0,TRUE,0.5,200,TRUE,0.0024794110518174,61
97.6235073018283,13.6424799507282,-0.175385414843728,110.915216422869,112.72228952818,89.8100685164362,135.634510539924,98.5104373124455,67.9995501553655,129.021324469526,114.759900225683,0,0,0,106.824737681449,0,239.608101756871,0,"chi","I",33,528,0.5,0,0.1,0,FALSE,0,TRUE,0.5,200,TRUE,0.0024794110518174,61
97.6235073018283,13.6424799507282,-0.175385414843728,110.915216422869,112.72228952818,89.8100685164362,135.634510539924,114.813872171188,81.1143260040266,148.513418338349,114.759900225683,0,0,0,109.785497685627,0,264.958807979178,0,"chi","I",33,528,0.5,0,0.1,0,FALSE,0,TRUE,0.5,200,TRUE,0.0024794110518174,61
97.6235073018283,13.6424799507282,-0.175385414843728,110.915216422869,112.72228952818,89.8100685164362,135.634510539924,119.087820942598,84.3385853582306,153.837056526966,114.759900225683,0,0,0,115.465575749324,0,269.843196442756,0,"chi","I",33,528,0.5,0,0.1,0,FALSE,0,TRUE,0.5,200,TRUE,0.0024794110518174,61
97.6235073018283,13.6424799507282,-0.175385414843728,110.915216422869,112.72228952818,89.8100685164362,135.634510539924,124.693048217401,87.760951604346,161.625144830457,114.759900225683,0,0,0,135.005676920115,0,0,0,"chi","I",33,528,0.5,0,0.1,0,FALSE,0,TRUE,0.5,200,TRUE,0.0024794110518174,61
97.6235073018283,13.6424799507282,-0.175385414843728,110.915216422869,112.72228952818,89.8100685164362,135.634510539924,107.761894252766,76.9618483115436,138.561940193989,114.759900225683,0,0,0,104.819255867383,0,0,0,"chi","I",33,528,0.5,0,0.1,0,FALSE,0,TRUE,0.5,200,TRUE,0.0024794110518174,61
97.6235073018283,13.6424799507282,-0.175385414843728,110.915216422869,112.72228952818,89.8100685164362,135.634510539924,117.023562065455,84.2504757327757,149.796648398134,114.759900225683,0,0,0,119.261104598428,0,0,0,"chi","I",33,528,0.5,0,0.1,0,FALSE,0,TRUE,0.5,200,TRUE,0.0024794110518174,61
97.6235073018283,13.6424799507282,-0.175385414843728,110.915216422869,112.72228952818,89.8100685164362,135.634510539924,128.97301322899,91.8169867390526,166.129039718927,114.759900225683,0,0,0,125.70810661218,0,0,0,"chi","I",33,528,0.5,0,0.1,0,FALSE,0,TRUE,0.5,200,TRUE,0.0024794110518174,61
97.6235073018283,13.6424799507282,-0.175385414843728,110.915216422869,112.72228952818,89.8100685164362,135.634510539924,127.056735731481,91.2260410024797,162.887430460483,114.759900225683,0,0,0,128.035034315466,0,0,0,"chi","I",33,528,0.5,0,0.1,0,FALSE,0,TRUE,0.5,200,TRUE,0.0024794110518174,61
97.6235073018283,13.6424799507282,-0.175385414843728,110.915216422869,112.72228952818,89.8100685164362,135.634510539924,112.447732203981,79.0841116590882,145.811352748873,114.759900225683,0,0,0,115.81793990594,0,0,0,"chi","I",33,528,0.5,0,0.1,0,FALSE,0,TRUE,0.5,200,TRUE,0.0024794110518174,61
97.6235073018283,13.6424799507282,-0.175385414843728,110.915216422869,112.72228952818,89.8100685164362,135.634510539924,111.915801845389,77.8129887081821,146.018614982595,114.759900225683,0,0,0,103.687863879471,0,0,0,"chi","I",33,528,0.5,0,0.1,0,FALSE,0,TRUE,0.5,200,TRUE,0.0024794110518174,61
97.6235073018283,13.6424799507282,-0.175385414843728,110.915216422869,112.72228952818,89.8100685164362,135.634510539924,94.1087261197252,63.5518596030914,124.665592636359,114.759900225683,0,0,0,107.514343555885,0,0,0,"chi","I",33,528,0.5,0,0.1,0,FALSE,0,TRUE,0.5,200,TRUE,0.0024794110518174,61
97.6235073018283,13.6424799507282,-0.175385414843728,110.915216422869,112.72228952818,89.8100685164362,135.634510539924,114.940565155257,80.6748743487865,149.206255961727,114.759900225683,0,0,0,119.446920055216,0,268.777090873223,0,"chi","I",33,528,0.5,0,0.1,0,FALSE,0,TRUE,0.5,200,TRUE,0.0024794110518174,61
97.6235073018283,13.6424799507282,-0.175385414843728,110.915216422869,112.72228952818,89.8100685164362,135.634510539924,98.6479638561128,68.9621246378126,128.333803074413,114.759900225683,0,0,0,97.6671580753935,0,231.132761535658,0,"chi","I",33,528,0.5,0,0.1,0,FALSE,0,TRUE,0.5,200,TRUE,0.0024794110518174,61
97.6235073018283,13.6424799507282,-0.175385414843728,110.915216422869,112.72228952818,89.8100685164362,135.634510539924,133.046718099072,95.5793033544163,170.514132843727,114.759900225683,0,0,0,123.097922405688,0,0,0,"chi","I",33,528,0.5,0,0.1,0,FALSE,0,TRUE,0.5,200,TRUE,0.0024794110518174,61
97.6235073018283,13.6424799507282,-0.175385414843728,110.915216422869,112.72228952818,89.8100685164362,135.634510539924,126.197940671868,89.6966981533678,162.699183190368,114.759900225683,0,0,0,115.490395482726,0,287.966766062375,0,"chi","I",33,528,0.5,0,0.1,0,FALSE,0,TRUE,0.5,200,TRUE,0.0024794110518174,61
97.6235073018283,13.6424799507282,-0.175385414843728,110.915216422869,112.72228952818,89.8100685164362,135.634510539924,126.867840051839,90.5429455002142,163.192734603465,114.759900225683,0,0,0,124.315215447027,0,285.20325030861,0,"chi","I",33,528,0.5,0,0.1,0,FALSE,0,TRUE,0.5,200,TRUE,0.0024794110518174,61
97.6235073018283,13.6424799507282,-0.175385414843728,110.915216422869,112.72228952818,89.8100685164362,135.634510539924,131.402915324391,94.989286126797,167.816544521984,114.759900225683,0,0,0,152.248467850404,0,285.026923466398,0,"chi","I",33,528,0.5,0,0.1,0,FALSE,0,TRUE,0.5,200,TRUE,0.0024794110518174,61
97.6235073018283,13.6424799507282,-0.175385414843728,110.915216422869,112.72228952818,89.8100685164362,135.634510539924,89.5659323112833,61.735727114695,117.396137507872,114.759900225683,0,0,0,101.214002157978,0,218.163672078957,0,"chi","I",33,528,0.5,0,0.1,0,FALSE,0,TRUE,0.5,200,TRUE,0.0024794110518174,61
97.6235073018283,13.6424799507282,-0.175385414843728,110.915216422869,112.72228952818,89.8100685164362,135.634510539924,106.60155845632,75.3991982728473,137.803918639794,114.759900225683,0,0,0,108.788107928467,0,0,0,"chi","I",33,528,0.5,0,0.1,0,FALSE,0,TRUE,0.5,200,TRUE,0.0024794110518174,61
97.6235073018283,13.6424799507282,-0.175385414843728,110.915216422869,112.72228952818,89.8100685164362,135.634510539924,112.563475535437,76.5228538410283,148.604097229847,114.759900225683,0,0,0,111.562100940358,0,0,0,"chi","I",33,528,0.5,0,0.1,0,FALSE,0,TRUE,0.5,200,TRUE,0.0024794110518174,61
97.6235073018283,13.6424799507282,-0.175385414843728,110.915216422869,112.72228952818,89.8100685164362,135.634510539924,119.888396142348,82.3837308082937,157.393061476401,114.759900225683,0,0,0,137.418074988151,0,0,0,"chi","I",33,528,0.5,0,0.1,0,FALSE,0,TRUE,0.5,200,TRUE,0.0024794110518174,61
97.6235073018283,13.6424799507282,-0.175385414843728,110.915216422869,112.72228952818,89.8100685164362,135.634510539924,122.563686387285,88.9760477678872,156.151325006683,114.759900225683,0,0,0,119.623547435859,0,0,0,"chi","I",33,528,0.5,0,0.1,0,FALSE,0,TRUE,0.5,200,TRUE,0.0024794110518174,61
97.6235073018283,13.6424799507282,-0.175385414843728,110.915216422869,112.72228952818,89.8100685164362,135.634510539924,139.400811500456,101.743153906192,177.05846909472,114.759900225683,0,0,0,129.242269201986,0,0,0,"chi","I",33,528,0.5,0,0.1,0,FALSE,0,TRUE,0.5,200,TRUE,0.0024794110518174,61
97.6235073018283,13.6424799507282,-0.175385414843728,110.915216422869,112.72228952818,89.8100685164362,135.634510539924,139.488591288262,100.096298419861,178.880884156662,114.759900225683,0,0,0,134.410413889273,0,0,0,"chi","I",33,528,0.5,0,0.1,0,FALSE,0,TRUE,0.5,200,TRUE,0.0024794110518174,61
97.6235073018283,13.6424799507282,-0.175385414843728,110.915216422869,112.72228952818,89.8100685164362,135.634510539924,102.013384207336,70.6934665891448,133.333301825526,114.759900225683,0,0,0,102.500694892548,0,244.941157220287,0,"chi","I",33,528,0.5,0,0.1,0,FALSE,0,TRUE,0.5,200,TRUE,0.0024794110518174,61
97.6235073018283,13.6424799507282,-0.175385414843728,110.915216422869,112.72228952818,89.8100685164362,135.634510539924,115.584042928308,81.1831775741701,149.984908282446,114.759900225683,0,0,0,117.491097251823,0,0,0,"chi","I",33,528,0.5,0,0.1,0,FALSE,0,TRUE,0.5,200,TRUE,0.0024794110518174,61
97.6235073018283,13.6424799507282,-0.175385414843728,110.915216422869,112.72228952818,89.8100685164362,135.634510539924,106.014134870177,73.0075672697126,139.020702470641,114.759900225683,0,0,0,104.788313444779,0,0,0,"chi","I",33,528,0.5,0,0.1,0,FALSE,0,TRUE,0.5,200,TRUE,0.0024794110518174,61
97.6235073018283,13.6424799507282,-0.175385414843728,110.915216422869,112.72228952818,89.8100685164362,135.634510539924,107.640056800918,73.8565939394902,141.423519662346,114.759900225683,0,0,0,107.030945867466,0,0,0,"chi","I",33,528,0.5,0,0.1,0,FALSE,0,TRUE,0.5,200,TRUE,0.0024794110518174,61
97.6235073018283,13.6424799507282,-0.175385414843728,110.915216422869,112.72228952818,89.8100685164362,135.634510539924,115.174611204146,81.0621847503942,149.287037657898,114.759900225683,0,0,0,129.957877258797,0,267.623430369913,0,"chi","I",33,528,0.5,0,0.1,0,FALSE,0,TRUE,0.5,200,TRUE,0.0024794110518174,61
97.6235073018283,13.6424799507282,-0.175385414843728,110.915216422869,112.72228952818,89.8100685164362,135.634510539924,120.710658074318,85.7284925578367,155.6928235908,114.759900225683,0,0,0,111.395226745435,0,0,0,"chi","I",33,528,0.5,0,0.1,0,FALSE,0,TRUE,0.5,200,TRUE,0.0024794110518174,61
97.6235073018283,13.6424799507282,-0.175385414843728,110.915216422869,112.72228952818,89.8100685164362,135.634510539924,108.751269188717,75.8659198037661,141.636618573668,114.759900225683,0,0,0,114.492575000233,0,0,0,"chi","I",33,528,0.5,0,0.1,0,FALSE,0,TRUE,0.5,200,TRUE,0.0024794110518174,61
97.6235073018283,13.6424799507282,-0.175385414843728,110.915216422869,112.72228952818,89.8100685164362,135.634510539924,114.681016209116,82.0248000632316,147.337232355,114.759900225683,0,0,0,117.494176094404,0,254.975999039216,0,"chi","I",33,528,0.5,0,0.1,0,FALSE,0,TRUE,0.5,200,TRUE,0.0024794110518174,61
97.6235073018283,13.6424799507282,-0.175385414843728,110.915216422869,112.72228952818,89.8100685164362,135.634510539924,109.602494549645,77.6432192403091,141.561769858982,114.759900225683,0,0,0,104.413102427906,0,249.915032259427,0,"chi","I",33,528,0.5,0,0.1,0,FALSE,0,TRUE,0.5,200,TRUE,0.0024794110518174,61
97.6235073018283,13.6424799507282,-0.175385414843728,110.915216422869,112.72228952818,89.8100685164362,135.634510539924,95.0869287499167,66.5620134102416,123.611844089592,114.759900225683,0,0,0,96.7986163295955,0,223.01284579218,0,"chi","I",33,528,0.5,0,0.1,0,FALSE,0,TRUE,0.5,200,TRUE,0.0024794110518174,61
97.6235073018283,13.6424799507282,-0.175385414843728,110.915216422869,112.72228952818,89.8100685164362,135.634510539924,118.705058826531,84.8407447633992,152.569372889662,114.759900225683,0,0,0,128.138008921641,0,265.049742000198,0,"chi","I",33,528,0.5,0,0.1,0,FALSE,0,TRUE,0.5,200,TRUE,0.0024794110518174,61
97.6235073018283,13.6424799507282,-0.175385414843728,110.915216422869,112.72228952818,89.8100685164362,135.634510539924,98.7880263116498,67.9081742239999,129.6678783993,114.759900225683,0,0,0,105.877558465704,0,240.425130034868,0,"chi","I",33,528,0.5,0,0.1,0,FALSE,0,TRUE,0.5,200,TRUE,0.0024794110518174,61
