"var_main_effect","var_inter_effect","cov_main_inter_effect","var_total_effect","EigenPrism_main","EigenPrism_CI1","EigenPrism_CI2","sub_EigenPrism_main","sub_EigenPrism_CI1","sub_EigenPrism_CI2","GCTA_main","GCTA_inter","sub_GCTA_main","sub_GCTA_inter","x_dist","structure","p","n","main_fixed_var","main_random_var","inter_fixed_var","inter_random_var","decor","interact","combine","pro","bs","n_sub","rho_e","emp_n","inter_std","i"
10,0,0,0,10.19542867762,7.37369607916392,13.0171612760761,20.4187353456185,17.9650823069364,22.8723883843007,10.1795099931271,0,23.7055340603718,0,"normal","I",1000,500,0.5,0,0,0,FALSE,0,FALSE,"102","bs",200,0.5,1e+05,TRUE,825
10,0,0,0,10.19542867762,7.37369607916392,13.0171612760761,18.9942709020797,16.7967150684578,21.1918267357016,10.1795099931271,0,22.303521196375,0,"normal","I",1000,500,0.5,0,0,0,FALSE,0,FALSE,"102","bs",200,0.5,1e+05,TRUE,825
10,0,0,0,10.19542867762,7.37369607916392,13.0171612760761,20.6904436576905,18.3522972974093,23.0285900179717,10.1795099931271,0,23.548124445779,0,"normal","I",1000,500,0.5,0,0,0,FALSE,0,FALSE,"102","bs",200,0.5,1e+05,TRUE,825
10,0,0,0,10.19542867762,7.37369607916392,13.0171612760761,17.6681378356944,15.6394682551215,19.6968074162674,10.1795099931271,0,24.790127845352,0,"normal","I",1000,500,0.5,0,0,0,FALSE,0,FALSE,"102","bs",200,0.5,1e+05,TRUE,825
10,0,0,0,10.19542867762,7.37369607916392,13.0171612760761,19.8643789461974,17.5887243719386,22.1400335204563,10.1795099931271,0,23.1696857805998,0,"normal","I",1000,500,0.5,0,0,0,FALSE,0,FALSE,"102","bs",200,0.5,1e+05,TRUE,825
10,0,0,0,10.19542867762,7.37369607916392,13.0171612760761,20.4640395084421,18.0904697116045,22.8376093052798,10.1795099931271,0,24.2649777407545,0,"normal","I",1000,500,0.5,0,0,0,FALSE,0,FALSE,"102","bs",200,0.5,1e+05,TRUE,825
10,0,0,0,10.19542867762,7.37369607916392,13.0171612760761,20.1392423146067,17.7792322109684,22.4992524182449,10.1795099931271,0,23.8047832783359,0,"normal","I",1000,500,0.5,0,0,0,FALSE,0,FALSE,"102","bs",200,0.5,1e+05,TRUE,825
10,0,0,0,10.19542867762,7.37369607916392,13.0171612760761,20.5085688014858,18.1306442317722,22.8864933711994,10.1795099931271,0,24.8461228212902,0,"normal","I",1000,500,0.5,0,0,0,FALSE,0,FALSE,"102","bs",200,0.5,1e+05,TRUE,825
10,0,0,0,10.19542867762,7.37369607916392,13.0171612760761,17.4325489711028,15.5236341655504,19.3414637766552,10.1795099931271,0,19.8181515426548,0,"normal","I",1000,500,0.5,0,0,0,FALSE,0,FALSE,"102","bs",200,0.5,1e+05,TRUE,825
10,0,0,0,10.19542867762,7.37369607916392,13.0171612760761,20.6930801917159,18.2898665166084,23.0962938668233,10.1795099931271,0,24.7999120467231,0,"normal","I",1000,500,0.5,0,0,0,FALSE,0,FALSE,"102","bs",200,0.5,1e+05,TRUE,825
10,0,0,0,10.19542867762,7.37369607916392,13.0171612760761,19.6250470688633,17.2433435808968,22.0067505568299,10.1795099931271,0,23.6645375997462,0,"normal","I",1000,500,0.5,0,0,0,FALSE,0,FALSE,"102","bs",200,0.5,1e+05,TRUE,825
10,0,0,0,10.19542867762,7.37369607916392,13.0171612760761,22.2154205878903,19.6895403347348,24.7413008410458,10.1795099931271,0,25.9332728037591,0,"normal","I",1000,500,0.5,0,0,0,FALSE,0,FALSE,"102","bs",200,0.5,1e+05,TRUE,825
10,0,0,0,10.19542867762,7.37369607916392,13.0171612760761,18.1929718074557,16.1272715442915,20.2586720706199,10.1795099931271,0,24.503756238204,0,"normal","I",1000,500,0.5,0,0,0,FALSE,0,FALSE,"102","bs",200,0.5,1e+05,TRUE,825
10,0,0,0,10.19542867762,7.37369607916392,13.0171612760761,18.1562470342088,15.960709359047,20.3517847093705,10.1795099931271,0,24.0279231418063,0,"normal","I",1000,500,0.5,0,0,0,FALSE,0,FALSE,"102","bs",200,0.5,1e+05,TRUE,825
10,0,0,0,10.19542867762,7.37369607916392,13.0171612760761,20.4173771441139,18.0351554353964,22.7995988528314,10.1795099931271,0,23.1019006664114,0,"normal","I",1000,500,0.5,0,0,0,FALSE,0,FALSE,"102","bs",200,0.5,1e+05,TRUE,825
10,0,0,0,10.19542867762,7.37369607916392,13.0171612760761,17.5194627023763,15.4038981509132,19.6350272538394,10.1795099931271,0,19.7191858695553,0,"normal","I",1000,500,0.5,0,0,0,FALSE,0,FALSE,"102","bs",200,0.5,1e+05,TRUE,825
10,0,0,0,10.19542867762,7.37369607916392,13.0171612760761,19.8825776532493,17.6359513001268,22.1292040063717,10.1795099931271,0,23.3341620606325,0,"normal","I",1000,500,0.5,0,0,0,FALSE,0,FALSE,"102","bs",200,0.5,1e+05,TRUE,825
10,0,0,0,10.19542867762,7.37369607916392,13.0171612760761,20.2920509733473,17.8790765844746,22.70502536222,10.1795099931271,0,24.8653747717744,0,"normal","I",1000,500,0.5,0,0,0,FALSE,0,FALSE,"102","bs",200,0.5,1e+05,TRUE,825
10,0,0,0,10.19542867762,7.37369607916392,13.0171612760761,23.6415517114945,20.819834134053,26.4632692889359,10.1795099931271,0,27.2122160239201,0,"normal","I",1000,500,0.5,0,0,0,FALSE,0,FALSE,"102","bs",200,0.5,1e+05,TRUE,825
10,0,0,0,10.19542867762,7.37369607916392,13.0171612760761,20.391006697881,18.0603842773871,22.7216291183749,10.1795099931271,0,23.8212985488835,0,"normal","I",1000,500,0.5,0,0,0,FALSE,0,FALSE,"102","bs",200,0.5,1e+05,TRUE,825
10,0,0,0,10.19542867762,7.37369607916392,13.0171612760761,19.9309399756566,17.6042323579555,22.2576475933577,10.1795099931271,0,24.4108924412343,0,"normal","I",1000,500,0.5,0,0,0,FALSE,0,FALSE,"102","bs",200,0.5,1e+05,TRUE,825
10,0,0,0,10.19542867762,7.37369607916392,13.0171612760761,19.7847664361652,17.4056148020717,22.1639180702587,10.1795099931271,0,23.9493471818662,0,"normal","I",1000,500,0.5,0,0,0,FALSE,0,FALSE,"102","bs",200,0.5,1e+05,TRUE,825
10,0,0,0,10.19542867762,7.37369607916392,13.0171612760761,20.8110213215765,18.4080221441887,23.2140204989642,10.1795099931271,0,23.9039471911349,0,"normal","I",1000,500,0.5,0,0,0,FALSE,0,FALSE,"102","bs",200,0.5,1e+05,TRUE,825
10,0,0,0,10.19542867762,7.37369607916392,13.0171612760761,19.780864825021,17.3865376976272,22.1751919524148,10.1795099931271,0,25.4929023369161,0,"normal","I",1000,500,0.5,0,0,0,FALSE,0,FALSE,"102","bs",200,0.5,1e+05,TRUE,825
10,0,0,0,10.19542867762,7.37369607916392,13.0171612760761,20.0677588604294,17.6719986835777,22.4635190372811,10.1795099931271,0,24.9150816212791,0,"normal","I",1000,500,0.5,0,0,0,FALSE,0,FALSE,"102","bs",200,0.5,1e+05,TRUE,825
10,0,0,0,10.19542867762,7.37369607916392,13.0171612760761,19.6579967343936,17.5183273813343,21.7976660874528,10.1795099931271,0,23.5966902324214,0,"normal","I",1000,500,0.5,0,0,0,FALSE,0,FALSE,"102","bs",200,0.5,1e+05,TRUE,825
10,0,0,0,10.19542867762,7.37369607916392,13.0171612760761,18.6790954716466,16.5079148786959,20.8502760645973,10.1795099931271,0,22.525434138178,0,"normal","I",1000,500,0.5,0,0,0,FALSE,0,FALSE,"102","bs",200,0.5,1e+05,TRUE,825
10,0,0,0,10.19542867762,7.37369607916392,13.0171612760761,17.0156332850561,14.982927149346,19.0483394207663,10.1795099931271,0,21.4899470350221,0,"normal","I",1000,500,0.5,0,0,0,FALSE,0,FALSE,"102","bs",200,0.5,1e+05,TRUE,825
10,0,0,0,10.19542867762,7.37369607916392,13.0171612760761,22.1515687060543,19.6955759367514,24.6075614753571,10.1795099931271,0,26.6330781111585,0,"normal","I",1000,500,0.5,0,0,0,FALSE,0,FALSE,"102","bs",200,0.5,1e+05,TRUE,825
10,0,0,0,10.19542867762,7.37369607916392,13.0171612760761,21.1507763224571,18.8168311344215,23.4847215104927,10.1795099931271,0,25.040366871838,0,"normal","I",1000,500,0.5,0,0,0,FALSE,0,FALSE,"102","bs",200,0.5,1e+05,TRUE,825
10,0,0,0,10.19542867762,7.37369607916392,13.0171612760761,19.2154553376363,16.9685060425651,21.4624046327075,10.1795099931271,0,23.8976678350888,0,"normal","I",1000,500,0.5,0,0,0,FALSE,0,FALSE,"102","bs",200,0.5,1e+05,TRUE,825
10,0,0,0,10.19542867762,7.37369607916392,13.0171612760761,18.6856588220917,16.4991745151149,20.8721431290685,10.1795099931271,0,21.743989978833,0,"normal","I",1000,500,0.5,0,0,0,FALSE,0,FALSE,"102","bs",200,0.5,1e+05,TRUE,825
10,0,0,0,10.19542867762,7.37369607916392,13.0171612760761,18.8424345385317,16.617817042634,21.0670520344293,10.1795099931271,0,24.8487612147011,0,"normal","I",1000,500,0.5,0,0,0,FALSE,0,FALSE,"102","bs",200,0.5,1e+05,TRUE,825
10,0,0,0,10.19542867762,7.37369607916392,13.0171612760761,20.4895932928337,18.2298320461773,22.7493545394901,10.1795099931271,0,23.9052944358348,0,"normal","I",1000,500,0.5,0,0,0,FALSE,0,FALSE,"102","bs",200,0.5,1e+05,TRUE,825
10,0,0,0,10.19542867762,7.37369607916392,13.0171612760761,19.323395691035,17.1079178914941,21.5388734905759,10.1795099931271,0,24.7835630161507,0,"normal","I",1000,500,0.5,0,0,0,FALSE,0,FALSE,"102","bs",200,0.5,1e+05,TRUE,825
10,0,0,0,10.19542867762,7.37369607916392,13.0171612760761,19.3279259628806,17.092966278922,21.5628856468393,10.1795099931271,0,23.423104694691,0,"normal","I",1000,500,0.5,0,0,0,FALSE,0,FALSE,"102","bs",200,0.5,1e+05,TRUE,825
10,0,0,0,10.19542867762,7.37369607916392,13.0171612760761,18.867749892439,16.5968900487454,21.1386097361326,10.1795099931271,0,24.8205520455734,0,"normal","I",1000,500,0.5,0,0,0,FALSE,0,FALSE,"102","bs",200,0.5,1e+05,TRUE,825
10,0,0,0,10.19542867762,7.37369607916392,13.0171612760761,19.6856259934829,17.3998920811475,21.9713599058182,10.1795099931271,0,23.7099159409786,0,"normal","I",1000,500,0.5,0,0,0,FALSE,0,FALSE,"102","bs",200,0.5,1e+05,TRUE,825
10,0,0,0,10.19542867762,7.37369607916392,13.0171612760761,20.8890855467934,18.4797527547333,23.2984183388535,10.1795099931271,0,24.2870223627114,0,"normal","I",1000,500,0.5,0,0,0,FALSE,0,FALSE,"102","bs",200,0.5,1e+05,TRUE,825
10,0,0,0,10.19542867762,7.37369607916392,13.0171612760761,19.6050146271115,17.3911687632059,21.8188604910171,10.1795099931271,0,22.9430844357239,0,"normal","I",1000,500,0.5,0,0,0,FALSE,0,FALSE,"102","bs",200,0.5,1e+05,TRUE,825
10,0,0,0,10.19542867762,7.37369607916392,13.0171612760761,19.6604741989858,17.4241181484809,21.8968302494908,10.1795099931271,0,24.847834387204,0,"normal","I",1000,500,0.5,0,0,0,FALSE,0,FALSE,"102","bs",200,0.5,1e+05,TRUE,825
10,0,0,0,10.19542867762,7.37369607916392,13.0171612760761,20.1689472477842,17.7895688010392,22.5483256945291,10.1795099931271,0,21.4534195697831,0,"normal","I",1000,500,0.5,0,0,0,FALSE,0,FALSE,"102","bs",200,0.5,1e+05,TRUE,825
10,0,0,0,10.19542867762,7.37369607916392,13.0171612760761,18.9796958480069,16.6989420785782,21.2604496174356,10.1795099931271,0,24.6471294320955,0,"normal","I",1000,500,0.5,0,0,0,FALSE,0,FALSE,"102","bs",200,0.5,1e+05,TRUE,825
10,0,0,0,10.19542867762,7.37369607916392,13.0171612760761,18.3378750907715,16.3286029402834,20.3471472412597,10.1795099931271,0,22.6789192667816,0,"normal","I",1000,500,0.5,0,0,0,FALSE,0,FALSE,"102","bs",200,0.5,1e+05,TRUE,825
10,0,0,0,10.19542867762,7.37369607916392,13.0171612760761,20.9226641466822,18.4456498965494,23.3996783968149,10.1795099931271,0,24.1965464148511,0,"normal","I",1000,500,0.5,0,0,0,FALSE,0,FALSE,"102","bs",200,0.5,1e+05,TRUE,825
10,0,0,0,10.19542867762,7.37369607916392,13.0171612760761,18.4144089983808,16.2255391427571,20.6032788540044,10.1795099931271,0,24.543397804186,0,"normal","I",1000,500,0.5,0,0,0,FALSE,0,FALSE,"102","bs",200,0.5,1e+05,TRUE,825
10,0,0,0,10.19542867762,7.37369607916392,13.0171612760761,18.5089073544962,16.3244381721139,20.6933765368785,10.1795099931271,0,22.175806160489,0,"normal","I",1000,500,0.5,0,0,0,FALSE,0,FALSE,"102","bs",200,0.5,1e+05,TRUE,825
10,0,0,0,10.19542867762,7.37369607916392,13.0171612760761,19.3335156994807,17.0387541969079,21.6282772020534,10.1795099931271,0,23.1850063945336,0,"normal","I",1000,500,0.5,0,0,0,FALSE,0,FALSE,"102","bs",200,0.5,1e+05,TRUE,825
10,0,0,0,10.19542867762,7.37369607916392,13.0171612760761,19.0351588867523,16.7500010110541,21.3203167624504,10.1795099931271,0,23.6640953731318,0,"normal","I",1000,500,0.5,0,0,0,FALSE,0,FALSE,"102","bs",200,0.5,1e+05,TRUE,825
10,0,0,0,10.19542867762,7.37369607916392,13.0171612760761,20.1796537890228,17.8805667338139,22.4787408442316,10.1795099931271,0,24.3074379516716,0,"normal","I",1000,500,0.5,0,0,0,FALSE,0,FALSE,"102","bs",200,0.5,1e+05,TRUE,825
10,0,0,0,10.19542867762,7.37369607916392,13.0171612760761,20.1319542825789,17.6966542812405,22.5672542839173,10.1795099931271,0,26.7086042019532,0,"normal","I",1000,500,0.5,0,0,0,FALSE,0,FALSE,"102","bs",200,0.5,1e+05,TRUE,825
10,0,0,0,10.19542867762,7.37369607916392,13.0171612760761,19.7350606727295,17.4029986533778,22.0671226920811,10.1795099931271,0,23.7926447079541,0,"normal","I",1000,500,0.5,0,0,0,FALSE,0,FALSE,"102","bs",200,0.5,1e+05,TRUE,825
10,0,0,0,10.19542867762,7.37369607916392,13.0171612760761,19.2363950715872,17.0533112591708,21.4194788840035,10.1795099931271,0,23.6491973915204,0,"normal","I",1000,500,0.5,0,0,0,FALSE,0,FALSE,"102","bs",200,0.5,1e+05,TRUE,825
10,0,0,0,10.19542867762,7.37369607916392,13.0171612760761,20.614887903856,18.2572165977242,22.9725592099878,10.1795099931271,0,23.3377905666181,0,"normal","I",1000,500,0.5,0,0,0,FALSE,0,FALSE,"102","bs",200,0.5,1e+05,TRUE,825
10,0,0,0,10.19542867762,7.37369607916392,13.0171612760761,19.5284817583072,17.2976694735645,21.7592940430499,10.1795099931271,0,23.8865672197227,0,"normal","I",1000,500,0.5,0,0,0,FALSE,0,FALSE,"102","bs",200,0.5,1e+05,TRUE,825
10,0,0,0,10.19542867762,7.37369607916392,13.0171612760761,18.7692103432581,16.6343070930404,20.9041135934758,10.1795099931271,0,22.875597227854,0,"normal","I",1000,500,0.5,0,0,0,FALSE,0,FALSE,"102","bs",200,0.5,1e+05,TRUE,825
10,0,0,0,10.19542867762,7.37369607916392,13.0171612760761,17.8986573001662,15.9154124258594,19.881902174473,10.1795099931271,0,22.7322250534968,0,"normal","I",1000,500,0.5,0,0,0,FALSE,0,FALSE,"102","bs",200,0.5,1e+05,TRUE,825
10,0,0,0,10.19542867762,7.37369607916392,13.0171612760761,19.7533823759576,17.5232260023643,21.9835387495509,10.1795099931271,0,25.9109248658543,0,"normal","I",1000,500,0.5,0,0,0,FALSE,0,FALSE,"102","bs",200,0.5,1e+05,TRUE,825
10,0,0,0,10.19542867762,7.37369607916392,13.0171612760761,19.4282203150638,17.2285362738936,21.6279043562341,10.1795099931271,0,21.0817016676473,0,"normal","I",1000,500,0.5,0,0,0,FALSE,0,FALSE,"102","bs",200,0.5,1e+05,TRUE,825
10,0,0,0,10.19542867762,7.37369607916392,13.0171612760761,19.1261561154614,16.8221949198943,21.4301173110286,10.1795099931271,0,23.8858643053075,0,"normal","I",1000,500,0.5,0,0,0,FALSE,0,FALSE,"102","bs",200,0.5,1e+05,TRUE,825
10,0,0,0,10.19542867762,7.37369607916392,13.0171612760761,20.253682530213,17.9177139407653,22.5896511196607,10.1795099931271,0,23.428552819193,0,"normal","I",1000,500,0.5,0,0,0,FALSE,0,FALSE,"102","bs",200,0.5,1e+05,TRUE,825
10,0,0,0,10.19542867762,7.37369607916392,13.0171612760761,21.0452705070025,18.6590992920714,23.4314417219337,10.1795099931271,0,27.4168542147166,0,"normal","I",1000,500,0.5,0,0,0,FALSE,0,FALSE,"102","bs",200,0.5,1e+05,TRUE,825
10,0,0,0,10.19542867762,7.37369607916392,13.0171612760761,18.4461059319687,16.2956936600293,20.596518203908,10.1795099931271,0,21.5171863451121,0,"normal","I",1000,500,0.5,0,0,0,FALSE,0,FALSE,"102","bs",200,0.5,1e+05,TRUE,825
10,0,0,0,10.19542867762,7.37369607916392,13.0171612760761,17.2437134922087,15.1664362399873,19.3209907444301,10.1795099931271,0,23.9489834093102,0,"normal","I",1000,500,0.5,0,0,0,FALSE,0,FALSE,"102","bs",200,0.5,1e+05,TRUE,825
10,0,0,0,10.19542867762,7.37369607916392,13.0171612760761,18.812902175634,16.647947753712,20.9778565975561,10.1795099931271,0,21.2132841010043,0,"normal","I",1000,500,0.5,0,0,0,FALSE,0,FALSE,"102","bs",200,0.5,1e+05,TRUE,825
10,0,0,0,10.19542867762,7.37369607916392,13.0171612760761,18.8369164695461,16.7003199154245,20.9735130236676,10.1795099931271,0,23.703114211914,0,"normal","I",1000,500,0.5,0,0,0,FALSE,0,FALSE,"102","bs",200,0.5,1e+05,TRUE,825
10,0,0,0,10.19542867762,7.37369607916392,13.0171612760761,18.5536377757431,16.369296223308,20.7379793281783,10.1795099931271,0,23.0254006494516,0,"normal","I",1000,500,0.5,0,0,0,FALSE,0,FALSE,"102","bs",200,0.5,1e+05,TRUE,825
10,0,0,0,10.19542867762,7.37369607916392,13.0171612760761,17.9535424703152,15.8894697741182,20.0176151665123,10.1795099931271,0,22.6109872116298,0,"normal","I",1000,500,0.5,0,0,0,FALSE,0,FALSE,"102","bs",200,0.5,1e+05,TRUE,825
10,0,0,0,10.19542867762,7.37369607916392,13.0171612760761,18.3431264025119,16.2101577970412,20.4760950079827,10.1795099931271,0,23.4215802913048,0,"normal","I",1000,500,0.5,0,0,0,FALSE,0,FALSE,"102","bs",200,0.5,1e+05,TRUE,825
10,0,0,0,10.19542867762,7.37369607916392,13.0171612760761,19.2599707252779,17.0898649979422,21.4300764526136,10.1795099931271,0,23.3835622340734,0,"normal","I",1000,500,0.5,0,0,0,FALSE,0,FALSE,"102","bs",200,0.5,1e+05,TRUE,825
10,0,0,0,10.19542867762,7.37369607916392,13.0171612760761,18.4496285226435,16.2865577859141,20.6126992593729,10.1795099931271,0,22.9729594400804,0,"normal","I",1000,500,0.5,0,0,0,FALSE,0,FALSE,"102","bs",200,0.5,1e+05,TRUE,825
10,0,0,0,10.19542867762,7.37369607916392,13.0171612760761,20.1109092139628,17.7194564182206,22.502362009705,10.1795099931271,0,24.9245730695668,0,"normal","I",1000,500,0.5,0,0,0,FALSE,0,FALSE,"102","bs",200,0.5,1e+05,TRUE,825
10,0,0,0,10.19542867762,7.37369607916392,13.0171612760761,17.9385683185924,15.7708943750336,20.1062422621511,10.1795099931271,0,23.6961169956092,0,"normal","I",1000,500,0.5,0,0,0,FALSE,0,FALSE,"102","bs",200,0.5,1e+05,TRUE,825
10,0,0,0,10.19542867762,7.37369607916392,13.0171612760761,20.322930512317,18.0304112576393,22.6154497669946,10.1795099931271,0,23.4525198998527,0,"normal","I",1000,500,0.5,0,0,0,FALSE,0,FALSE,"102","bs",200,0.5,1e+05,TRUE,825
10,0,0,0,10.19542867762,7.37369607916392,13.0171612760761,20.4316821626858,18.1466247966447,22.7167395287268,10.1795099931271,0,22.5277723198205,0,"normal","I",1000,500,0.5,0,0,0,FALSE,0,FALSE,"102","bs",200,0.5,1e+05,TRUE,825
10,0,0,0,10.19542867762,7.37369607916392,13.0171612760761,18.5965734084702,16.4697308202033,20.7234159967371,10.1795099931271,0,23.3128952152531,0,"normal","I",1000,500,0.5,0,0,0,FALSE,0,FALSE,"102","bs",200,0.5,1e+05,TRUE,825
10,0,0,0,10.19542867762,7.37369607916392,13.0171612760761,18.1130266535513,16.091101654967,20.1349516521355,10.1795099931271,0,22.9323721292441,0,"normal","I",1000,500,0.5,0,0,0,FALSE,0,FALSE,"102","bs",200,0.5,1e+05,TRUE,825
10,0,0,0,10.19542867762,7.37369607916392,13.0171612760761,18.7607018677594,16.6265167150885,20.8948870204302,10.1795099931271,0,22.5002323358847,0,"normal","I",1000,500,0.5,0,0,0,FALSE,0,FALSE,"102","bs",200,0.5,1e+05,TRUE,825
10,0,0,0,10.19542867762,7.37369607916392,13.0171612760761,18.1914507384054,16.0042065773257,20.3786948994851,10.1795099931271,0,23.4124979793127,0,"normal","I",1000,500,0.5,0,0,0,FALSE,0,FALSE,"102","bs",200,0.5,1e+05,TRUE,825
10,0,0,0,10.19542867762,7.37369607916392,13.0171612760761,21.0971458998827,18.6525001886762,23.5417916110892,10.1795099931271,0,23.6062764597134,0,"normal","I",1000,500,0.5,0,0,0,FALSE,0,FALSE,"102","bs",200,0.5,1e+05,TRUE,825
10,0,0,0,10.19542867762,7.37369607916392,13.0171612760761,17.6361039243791,15.5591885543878,19.7130192943703,10.1795099931271,0,23.6455867540334,0,"normal","I",1000,500,0.5,0,0,0,FALSE,0,FALSE,"102","bs",200,0.5,1e+05,TRUE,825
10,0,0,0,10.19542867762,7.37369607916392,13.0171612760761,20.6206459105525,18.1445085172018,23.0967833039031,10.1795099931271,0,23.676111928738,0,"normal","I",1000,500,0.5,0,0,0,FALSE,0,FALSE,"102","bs",200,0.5,1e+05,TRUE,825
10,0,0,0,10.19542867762,7.37369607916392,13.0171612760761,17.1847178522563,15.1774205297366,19.192015174776,10.1795099931271,0,22.0303952579339,0,"normal","I",1000,500,0.5,0,0,0,FALSE,0,FALSE,"102","bs",200,0.5,1e+05,TRUE,825
10,0,0,0,10.19542867762,7.37369607916392,13.0171612760761,21.4856125135812,19.0702145611212,23.9010104660413,10.1795099931271,0,26.2690786391088,0,"normal","I",1000,500,0.5,0,0,0,FALSE,0,FALSE,"102","bs",200,0.5,1e+05,TRUE,825
10,0,0,0,10.19542867762,7.37369607916392,13.0171612760761,19.5042170296935,17.2403672702732,21.7680667891137,10.1795099931271,0,22.049949410568,0,"normal","I",1000,500,0.5,0,0,0,FALSE,0,FALSE,"102","bs",200,0.5,1e+05,TRUE,825
10,0,0,0,10.19542867762,7.37369607916392,13.0171612760761,22.661564296001,19.9798511072565,25.3432774847456,10.1795099931271,0,24.4994194152284,0,"normal","I",1000,500,0.5,0,0,0,FALSE,0,FALSE,"102","bs",200,0.5,1e+05,TRUE,825
10,0,0,0,10.19542867762,7.37369607916392,13.0171612760761,21.1091293949028,18.6653056676376,23.5529531221679,10.1795099931271,0,25.9382637136656,0,"normal","I",1000,500,0.5,0,0,0,FALSE,0,FALSE,"102","bs",200,0.5,1e+05,TRUE,825
10,0,0,0,10.19542867762,7.37369607916392,13.0171612760761,19.4760144396118,17.185905283137,21.7661235960866,10.1795099931271,0,23.2048219883986,0,"normal","I",1000,500,0.5,0,0,0,FALSE,0,FALSE,"102","bs",200,0.5,1e+05,TRUE,825
10,0,0,0,10.19542867762,7.37369607916392,13.0171612760761,19.7015842128091,17.4036016871821,21.9995667384362,10.1795099931271,0,24.581082352458,0,"normal","I",1000,500,0.5,0,0,0,FALSE,0,FALSE,"102","bs",200,0.5,1e+05,TRUE,825
10,0,0,0,10.19542867762,7.37369607916392,13.0171612760761,20.8175744110994,18.4980804139983,23.1370684082005,10.1795099931271,0,24.4851534361722,0,"normal","I",1000,500,0.5,0,0,0,FALSE,0,FALSE,"102","bs",200,0.5,1e+05,TRUE,825
10,0,0,0,10.19542867762,7.37369607916392,13.0171612760761,20.4990572993237,18.0780086890305,22.920105909617,10.1795099931271,0,26.5641486271149,0,"normal","I",1000,500,0.5,0,0,0,FALSE,0,FALSE,"102","bs",200,0.5,1e+05,TRUE,825
10,0,0,0,10.19542867762,7.37369607916392,13.0171612760761,19.8636258987835,17.4980969320651,22.2291548655018,10.1795099931271,0,21.9723135332242,0,"normal","I",1000,500,0.5,0,0,0,FALSE,0,FALSE,"102","bs",200,0.5,1e+05,TRUE,825
10,0,0,0,10.19542867762,7.37369607916392,13.0171612760761,21.2905913083179,18.8776741326303,23.7035084840056,10.1795099931271,0,25.8177252967943,0,"normal","I",1000,500,0.5,0,0,0,FALSE,0,FALSE,"102","bs",200,0.5,1e+05,TRUE,825
10,0,0,0,10.19542867762,7.37369607916392,13.0171612760761,19.6854050261958,17.4295030709558,21.9413069814358,10.1795099931271,0,25.8592995177598,0,"normal","I",1000,500,0.5,0,0,0,FALSE,0,FALSE,"102","bs",200,0.5,1e+05,TRUE,825
10,0,0,0,10.19542867762,7.37369607916392,13.0171612760761,19.1673641168855,17.0021301061097,21.3325981276614,10.1795099931271,0,23.282428417285,0,"normal","I",1000,500,0.5,0,0,0,FALSE,0,FALSE,"102","bs",200,0.5,1e+05,TRUE,825
10,0,0,0,10.19542867762,7.37369607916392,13.0171612760761,19.9434157842375,17.6781303813659,22.208701187109,10.1795099931271,0,23.7378842458537,0,"normal","I",1000,500,0.5,0,0,0,FALSE,0,FALSE,"102","bs",200,0.5,1e+05,TRUE,825
10,0,0,0,10.19542867762,7.37369607916392,13.0171612760761,19.4531390967152,17.312282075745,21.5939961176855,10.1795099931271,0,23.2049629185241,0,"normal","I",1000,500,0.5,0,0,0,FALSE,0,FALSE,"102","bs",200,0.5,1e+05,TRUE,825
10,0,0,0,10.19542867762,7.37369607916392,13.0171612760761,20.1010480291241,17.8044971158994,22.3975989423489,10.1795099931271,0,22.4020718045533,0,"normal","I",1000,500,0.5,0,0,0,FALSE,0,FALSE,"102","bs",200,0.5,1e+05,TRUE,825
10,0,0,0,10.19542867762,7.37369607916392,13.0171612760761,18.3979094696268,16.1481709620468,20.6476479772067,10.1795099931271,0,23.5365203599031,0,"normal","I",1000,500,0.5,0,0,0,FALSE,0,FALSE,"102","bs",200,0.5,1e+05,TRUE,825
10,0,0,0,10.19542867762,7.37369607916392,13.0171612760761,20.668041496849,18.3821724275588,22.9539105661392,10.1795099931271,0,23.5374426316894,0,"normal","I",1000,500,0.5,0,0,0,FALSE,0,FALSE,"102","bs",200,0.5,1e+05,TRUE,825
10,0,0,0,10.19542867762,7.37369607916392,13.0171612760761,21.3437476047193,18.8743679257496,23.8131272836891,10.1795099931271,0,23.379166638385,0,"normal","I",1000,500,0.5,0,0,0,FALSE,0,FALSE,"102","bs",200,0.5,1e+05,TRUE,825
10,0,0,0,10.19542867762,7.37369607916392,13.0171612760761,18.4907971616621,16.3454401267245,20.6361541965998,10.1795099931271,0,22.0068693842031,0,"normal","I",1000,500,0.5,0,0,0,FALSE,0,FALSE,"102","bs",200,0.5,1e+05,TRUE,825
10,0,0,0,10.19542867762,7.37369607916392,13.0171612760761,19.7519162810202,17.4910069476842,22.0128256143561,10.1795099931271,0,25.6640330334049,0,"normal","I",1000,500,0.5,0,0,0,FALSE,0,FALSE,"102","bs",200,0.5,1e+05,TRUE,825
10,0,0,0,10.19542867762,7.37369607916392,13.0171612760761,19.6422934681316,17.4600113981262,21.8245755381369,10.1795099931271,0,23.4947265871796,0,"normal","I",1000,500,0.5,0,0,0,FALSE,0,FALSE,"102","bs",200,0.5,1e+05,TRUE,825
10,0,0,0,10.19542867762,7.37369607916392,13.0171612760761,20.2643015632078,17.9708597869509,22.5577433394647,10.1795099931271,0,24.6016465433092,0,"normal","I",1000,500,0.5,0,0,0,FALSE,0,FALSE,"102","bs",200,0.5,1e+05,TRUE,825
10,0,0,0,10.19542867762,7.37369607916392,13.0171612760761,20.3182914217827,17.9973767333367,22.6392061102286,10.1795099931271,0,22.691623566047,0,"normal","I",1000,500,0.5,0,0,0,FALSE,0,FALSE,"102","bs",200,0.5,1e+05,TRUE,825
10,0,0,0,10.19542867762,7.37369607916392,13.0171612760761,20.8257772208314,18.3934711271155,23.2580833145472,10.1795099931271,0,27.3262380558769,0,"normal","I",1000,500,0.5,0,0,0,FALSE,0,FALSE,"102","bs",200,0.5,1e+05,TRUE,825
10,0,0,0,10.19542867762,7.37369607916392,13.0171612760761,19.1257075475244,16.8574926681562,21.3939224268927,10.1795099931271,0,26.2971423334288,0,"normal","I",1000,500,0.5,0,0,0,FALSE,0,FALSE,"102","bs",200,0.5,1e+05,TRUE,825
10,0,0,0,10.19542867762,7.37369607916392,13.0171612760761,19.4633789063856,17.1054687142724,21.8212890984988,10.1795099931271,0,23.6611970215386,0,"normal","I",1000,500,0.5,0,0,0,FALSE,0,FALSE,"102","bs",200,0.5,1e+05,TRUE,825
10,0,0,0,10.19542867762,7.37369607916392,13.0171612760761,18.397839295239,16.2420798730405,20.5535987174374,10.1795099931271,0,22.0153929795438,0,"normal","I",1000,500,0.5,0,0,0,FALSE,0,FALSE,"102","bs",200,0.5,1e+05,TRUE,825
10,0,0,0,10.19542867762,7.37369607916392,13.0171612760761,19.185352113472,17.009834230921,21.360869996023,10.1795099931271,0,21.2875049333308,0,"normal","I",1000,500,0.5,0,0,0,FALSE,0,FALSE,"102","bs",200,0.5,1e+05,TRUE,825
10,0,0,0,10.19542867762,7.37369607916392,13.0171612760761,18.8213178031456,16.6882259799552,20.9544096263361,10.1795099931271,0,23.0786110654421,0,"normal","I",1000,500,0.5,0,0,0,FALSE,0,FALSE,"102","bs",200,0.5,1e+05,TRUE,825
10,0,0,0,10.19542867762,7.37369607916392,13.0171612760761,19.5228940006315,17.1893661842276,21.8564218170354,10.1795099931271,0,25.1445143681277,0,"normal","I",1000,500,0.5,0,0,0,FALSE,0,FALSE,"102","bs",200,0.5,1e+05,TRUE,825
10,0,0,0,10.19542867762,7.37369607916392,13.0171612760761,17.9407270827798,15.8300553891521,20.0513987764075,10.1795099931271,0,22.2887938770811,0,"normal","I",1000,500,0.5,0,0,0,FALSE,0,FALSE,"102","bs",200,0.5,1e+05,TRUE,825
10,0,0,0,10.19542867762,7.37369607916392,13.0171612760761,18.7820783293035,16.6587778299913,20.9053788286157,10.1795099931271,0,22.3096341015906,0,"normal","I",1000,500,0.5,0,0,0,FALSE,0,FALSE,"102","bs",200,0.5,1e+05,TRUE,825
10,0,0,0,10.19542867762,7.37369607916392,13.0171612760761,19.5553727663599,17.3433798426778,21.7673656900419,10.1795099931271,0,22.8143837265144,0,"normal","I",1000,500,0.5,0,0,0,FALSE,0,FALSE,"102","bs",200,0.5,1e+05,TRUE,825
10,0,0,0,10.19542867762,7.37369607916392,13.0171612760761,18.3450037388768,16.08644705708,20.6035604206737,10.1795099931271,0,23.456106839966,0,"normal","I",1000,500,0.5,0,0,0,FALSE,0,FALSE,"102","bs",200,0.5,1e+05,TRUE,825
10,0,0,0,10.19542867762,7.37369607916392,13.0171612760761,21.9075310947599,19.2922026465463,24.5228595429735,10.1795099931271,0,24.8981165198141,0,"normal","I",1000,500,0.5,0,0,0,FALSE,0,FALSE,"102","bs",200,0.5,1e+05,TRUE,825
10,0,0,0,10.19542867762,7.37369607916392,13.0171612760761,21.7906039195474,19.2387386405148,24.3424691985799,10.1795099931271,0,26.3449905574261,0,"normal","I",1000,500,0.5,0,0,0,FALSE,0,FALSE,"102","bs",200,0.5,1e+05,TRUE,825
10,0,0,0,10.19542867762,7.37369607916392,13.0171612760761,19.9497806820363,17.6156870326555,22.283874331417,10.1795099931271,0,22.1012138376927,0,"normal","I",1000,500,0.5,0,0,0,FALSE,0,FALSE,"102","bs",200,0.5,1e+05,TRUE,825
10,0,0,0,10.19542867762,7.37369607916392,13.0171612760761,19.7951176399083,17.5179912698229,22.0722440099936,10.1795099931271,0,25.4332107205874,0,"normal","I",1000,500,0.5,0,0,0,FALSE,0,FALSE,"102","bs",200,0.5,1e+05,TRUE,825
10,0,0,0,10.19542867762,7.37369607916392,13.0171612760761,21.9157969059942,19.3763501094904,24.4552437024979,10.1795099931271,0,25.3496737713956,0,"normal","I",1000,500,0.5,0,0,0,FALSE,0,FALSE,"102","bs",200,0.5,1e+05,TRUE,825
10,0,0,0,10.19542867762,7.37369607916392,13.0171612760761,18.8567326399398,16.542962770347,21.1705025095327,10.1795099931271,0,23.1713144451612,0,"normal","I",1000,500,0.5,0,0,0,FALSE,0,FALSE,"102","bs",200,0.5,1e+05,TRUE,825
10,0,0,0,10.19542867762,7.37369607916392,13.0171612760761,20.0980549374308,17.7591005732676,22.4370093015941,10.1795099931271,0,23.3417369431603,0,"normal","I",1000,500,0.5,0,0,0,FALSE,0,FALSE,"102","bs",200,0.5,1e+05,TRUE,825
10,0,0,0,10.19542867762,7.37369607916392,13.0171612760761,18.9466952053143,16.7740634870147,21.1193269236139,10.1795099931271,0,24.6260861566718,0,"normal","I",1000,500,0.5,0,0,0,FALSE,0,FALSE,"102","bs",200,0.5,1e+05,TRUE,825
10,0,0,0,10.19542867762,7.37369607916392,13.0171612760761,19.9969887817425,17.6366789404568,22.3572986230282,10.1795099931271,0,24.7806674947742,0,"normal","I",1000,500,0.5,0,0,0,FALSE,0,FALSE,"102","bs",200,0.5,1e+05,TRUE,825
10,0,0,0,10.19542867762,7.37369607916392,13.0171612760761,18.7754858640687,16.5925822948688,20.9583894332686,10.1795099931271,0,23.4711887554298,0,"normal","I",1000,500,0.5,0,0,0,FALSE,0,FALSE,"102","bs",200,0.5,1e+05,TRUE,825
10,0,0,0,10.19542867762,7.37369607916392,13.0171612760761,20.2784582099518,18.0441176515763,22.5127987683274,10.1795099931271,0,24.4004187749935,0,"normal","I",1000,500,0.5,0,0,0,FALSE,0,FALSE,"102","bs",200,0.5,1e+05,TRUE,825
10,0,0,0,10.19542867762,7.37369607916392,13.0171612760761,20.9544816043042,18.4677202392538,23.4412429693545,10.1795099931271,0,24.9757319238128,0,"normal","I",1000,500,0.5,0,0,0,FALSE,0,FALSE,"102","bs",200,0.5,1e+05,TRUE,825
10,0,0,0,10.19542867762,7.37369607916392,13.0171612760761,18.8234548881602,16.6361410698407,21.0107687064797,10.1795099931271,0,23.4071207674401,0,"normal","I",1000,500,0.5,0,0,0,FALSE,0,FALSE,"102","bs",200,0.5,1e+05,TRUE,825
10,0,0,0,10.19542867762,7.37369607916392,13.0171612760761,19.6823377826528,17.4649249130369,21.8997506522687,10.1795099931271,0,23.5298319384917,0,"normal","I",1000,500,0.5,0,0,0,FALSE,0,FALSE,"102","bs",200,0.5,1e+05,TRUE,825
10,0,0,0,10.19542867762,7.37369607916392,13.0171612760761,19.4473065438976,17.2222856395748,21.6723274482204,10.1795099931271,0,24.7114179671427,0,"normal","I",1000,500,0.5,0,0,0,FALSE,0,FALSE,"102","bs",200,0.5,1e+05,TRUE,825
10,0,0,0,10.19542867762,7.37369607916392,13.0171612760761,20.0858881250407,17.7818528509163,22.389923399165,10.1795099931271,0,23.1699083803893,0,"normal","I",1000,500,0.5,0,0,0,FALSE,0,FALSE,"102","bs",200,0.5,1e+05,TRUE,825
10,0,0,0,10.19542867762,7.37369607916392,13.0171612760761,21.7249303401268,19.2980815144425,24.151779165811,10.1795099931271,0,25.8594692999753,0,"normal","I",1000,500,0.5,0,0,0,FALSE,0,FALSE,"102","bs",200,0.5,1e+05,TRUE,825
10,0,0,0,10.19542867762,7.37369607916392,13.0171612760761,19.5146795378474,17.1905128574137,21.8388462182811,10.1795099931271,0,21.4740705706873,0,"normal","I",1000,500,0.5,0,0,0,FALSE,0,FALSE,"102","bs",200,0.5,1e+05,TRUE,825
10,0,0,0,10.19542867762,7.37369607916392,13.0171612760761,18.1536974744124,16.1025959895275,20.2047989592972,10.1795099931271,0,23.185984280521,0,"normal","I",1000,500,0.5,0,0,0,FALSE,0,FALSE,"102","bs",200,0.5,1e+05,TRUE,825
10,0,0,0,10.19542867762,7.37369607916392,13.0171612760761,17.3094310398568,15.4323439677917,19.186518111922,10.1795099931271,0,22.1628519797039,0,"normal","I",1000,500,0.5,0,0,0,FALSE,0,FALSE,"102","bs",200,0.5,1e+05,TRUE,825
10,0,0,0,10.19542867762,7.37369607916392,13.0171612760761,19.8924234740238,17.5451667040887,22.239680243959,10.1795099931271,0,21.7656012117665,0,"normal","I",1000,500,0.5,0,0,0,FALSE,0,FALSE,"102","bs",200,0.5,1e+05,TRUE,825
10,0,0,0,10.19542867762,7.37369607916392,13.0171612760761,18.8353303720849,16.5343121398486,21.1363486043213,10.1795099931271,0,25.7175749882292,0,"normal","I",1000,500,0.5,0,0,0,FALSE,0,FALSE,"102","bs",200,0.5,1e+05,TRUE,825
10,0,0,0,10.19542867762,7.37369607916392,13.0171612760761,20.0717673328352,17.5839417811924,22.5595928844779,10.1795099931271,0,24.0994744720522,0,"normal","I",1000,500,0.5,0,0,0,FALSE,0,FALSE,"102","bs",200,0.5,1e+05,TRUE,825
10,0,0,0,10.19542867762,7.37369607916392,13.0171612760761,19.8583896098623,17.4807105733532,22.2360686463714,10.1795099931271,0,21.8348591757897,0,"normal","I",1000,500,0.5,0,0,0,FALSE,0,FALSE,"102","bs",200,0.5,1e+05,TRUE,825
10,0,0,0,10.19542867762,7.37369607916392,13.0171612760761,21.4487475408661,19.0363753020607,23.8611197796714,10.1795099931271,0,23.7459058417001,0,"normal","I",1000,500,0.5,0,0,0,FALSE,0,FALSE,"102","bs",200,0.5,1e+05,TRUE,825
10,0,0,0,10.19542867762,7.37369607916392,13.0171612760761,20.9030988204577,18.397735488411,23.4084621525044,10.1795099931271,0,26.0380204196093,0,"normal","I",1000,500,0.5,0,0,0,FALSE,0,FALSE,"102","bs",200,0.5,1e+05,TRUE,825
10,0,0,0,10.19542867762,7.37369607916392,13.0171612760761,18.5058937039661,16.2874727119269,20.7243146960052,10.1795099931271,0,21.1886078202031,0,"normal","I",1000,500,0.5,0,0,0,FALSE,0,FALSE,"102","bs",200,0.5,1e+05,TRUE,825
10,0,0,0,10.19542867762,7.37369607916392,13.0171612760761,20.5052570323357,18.0012860225769,23.0092280420945,10.1795099931271,0,25.3268347085538,0,"normal","I",1000,500,0.5,0,0,0,FALSE,0,FALSE,"102","bs",200,0.5,1e+05,TRUE,825
10,0,0,0,10.19542867762,7.37369607916392,13.0171612760761,19.6923285478733,17.4878636001964,21.8967934955503,10.1795099931271,0,22.3292441523885,0,"normal","I",1000,500,0.5,0,0,0,FALSE,0,FALSE,"102","bs",200,0.5,1e+05,TRUE,825
10,0,0,0,10.19542867762,7.37369607916392,13.0171612760761,18.9663801085658,16.800599232139,21.1321609849925,10.1795099931271,0,23.2508541078449,0,"normal","I",1000,500,0.5,0,0,0,FALSE,0,FALSE,"102","bs",200,0.5,1e+05,TRUE,825
10,0,0,0,10.19542867762,7.37369607916392,13.0171612760761,19.4446302921478,17.2567118046434,21.6325487796523,10.1795099931271,0,24.7918703032278,0,"normal","I",1000,500,0.5,0,0,0,FALSE,0,FALSE,"102","bs",200,0.5,1e+05,TRUE,825
10,0,0,0,10.19542867762,7.37369607916392,13.0171612760761,17.3490579030511,15.3080807482799,19.3900350578222,10.1795099931271,0,20.5162119819456,0,"normal","I",1000,500,0.5,0,0,0,FALSE,0,FALSE,"102","bs",200,0.5,1e+05,TRUE,825
10,0,0,0,10.19542867762,7.37369607916392,13.0171612760761,18.2102932685793,16.1690974812413,20.2514890559173,10.1795099931271,0,21.414051303338,0,"normal","I",1000,500,0.5,0,0,0,FALSE,0,FALSE,"102","bs",200,0.5,1e+05,TRUE,825
10,0,0,0,10.19542867762,7.37369607916392,13.0171612760761,19.9705929091344,17.6737991099179,22.267386708351,10.1795099931271,0,21.5773287169976,0,"normal","I",1000,500,0.5,0,0,0,FALSE,0,FALSE,"102","bs",200,0.5,1e+05,TRUE,825
10,0,0,0,10.19542867762,7.37369607916392,13.0171612760761,19.0205004778505,16.8487588715354,21.1922420841656,10.1795099931271,0,22.8940189185351,0,"normal","I",1000,500,0.5,0,0,0,FALSE,0,FALSE,"102","bs",200,0.5,1e+05,TRUE,825
10,0,0,0,10.19542867762,7.37369607916392,13.0171612760761,19.0683746918273,16.9550280308117,21.1817213528429,10.1795099931271,0,22.7892342752255,0,"normal","I",1000,500,0.5,0,0,0,FALSE,0,FALSE,"102","bs",200,0.5,1e+05,TRUE,825
10,0,0,0,10.19542867762,7.37369607916392,13.0171612760761,18.7937740097754,16.6357122296968,20.951835789854,10.1795099931271,0,24.4929636265559,0,"normal","I",1000,500,0.5,0,0,0,FALSE,0,FALSE,"102","bs",200,0.5,1e+05,TRUE,825
10,0,0,0,10.19542867762,7.37369607916392,13.0171612760761,18.2402955672272,16.0911493599104,20.389441774544,10.1795099931271,0,22.6857869162116,0,"normal","I",1000,500,0.5,0,0,0,FALSE,0,FALSE,"102","bs",200,0.5,1e+05,TRUE,825
10,0,0,0,10.19542867762,7.37369607916392,13.0171612760761,21.0806413436688,18.729022552757,23.4322601345806,10.1795099931271,0,23.6428308731443,0,"normal","I",1000,500,0.5,0,0,0,FALSE,0,FALSE,"102","bs",200,0.5,1e+05,TRUE,825
10,0,0,0,10.19542867762,7.37369607916392,13.0171612760761,20.2830784086561,18.0402025884558,22.5259542288563,10.1795099931271,0,25.1947435093047,0,"normal","I",1000,500,0.5,0,0,0,FALSE,0,FALSE,"102","bs",200,0.5,1e+05,TRUE,825
10,0,0,0,10.19542867762,7.37369607916392,13.0171612760761,18.7317165983238,16.5209263405509,20.9425068560966,10.1795099931271,0,22.2899385386871,0,"normal","I",1000,500,0.5,0,0,0,FALSE,0,FALSE,"102","bs",200,0.5,1e+05,TRUE,825
10,0,0,0,10.19542867762,7.37369607916392,13.0171612760761,18.0187557164446,15.8913204061114,20.1461910267779,10.1795099931271,0,22.8310586623249,0,"normal","I",1000,500,0.5,0,0,0,FALSE,0,FALSE,"102","bs",200,0.5,1e+05,TRUE,825
10,0,0,0,10.19542867762,7.37369607916392,13.0171612760761,20.3647348269483,17.9157116319706,22.8137580219259,10.1795099931271,0,24.2721431020661,0,"normal","I",1000,500,0.5,0,0,0,FALSE,0,FALSE,"102","bs",200,0.5,1e+05,TRUE,825
10,0,0,0,10.19542867762,7.37369607916392,13.0171612760761,19.8345355620373,17.5549940034786,22.114077120596,10.1795099931271,0,24.3757116958603,0,"normal","I",1000,500,0.5,0,0,0,FALSE,0,FALSE,"102","bs",200,0.5,1e+05,TRUE,825
10,0,0,0,10.19542867762,7.37369607916392,13.0171612760761,19.9040184211265,17.6178828801413,22.1901539621117,10.1795099931271,0,23.5225920419265,0,"normal","I",1000,500,0.5,0,0,0,FALSE,0,FALSE,"102","bs",200,0.5,1e+05,TRUE,825
10,0,0,0,10.19542867762,7.37369607916392,13.0171612760761,20.79364059686,18.5258246881421,23.061456505578,10.1795099931271,0,24.7440823007222,0,"normal","I",1000,500,0.5,0,0,0,FALSE,0,FALSE,"102","bs",200,0.5,1e+05,TRUE,825
10,0,0,0,10.19542867762,7.37369607916392,13.0171612760761,21.2833013656264,18.8555693700013,23.7110333612514,10.1795099931271,0,23.8132477400206,0,"normal","I",1000,500,0.5,0,0,0,FALSE,0,FALSE,"102","bs",200,0.5,1e+05,TRUE,825
10,0,0,0,10.19542867762,7.37369607916392,13.0171612760761,19.6388118908484,17.4019183523526,21.8757054293442,10.1795099931271,0,22.8272821922221,0,"normal","I",1000,500,0.5,0,0,0,FALSE,0,FALSE,"102","bs",200,0.5,1e+05,TRUE,825
10,0,0,0,10.19542867762,7.37369607916392,13.0171612760761,18.5682542863955,16.5376459841828,20.5988625886082,10.1795099931271,0,23.2840810902029,0,"normal","I",1000,500,0.5,0,0,0,FALSE,0,FALSE,"102","bs",200,0.5,1e+05,TRUE,825
10,0,0,0,10.19542867762,7.37369607916392,13.0171612760761,20.3123240997089,17.9919941342083,22.6326540652096,10.1795099931271,0,22.2187927738017,0,"normal","I",1000,500,0.5,0,0,0,FALSE,0,FALSE,"102","bs",200,0.5,1e+05,TRUE,825
10,0,0,0,10.19542867762,7.37369607916392,13.0171612760761,19.6988901075439,17.3910676623199,22.0067125527679,10.1795099931271,0,23.4368601651743,0,"normal","I",1000,500,0.5,0,0,0,FALSE,0,FALSE,"102","bs",200,0.5,1e+05,TRUE,825
10,0,0,0,10.19542867762,7.37369607916392,13.0171612760761,19.9764122124453,17.6495666157317,22.303257809159,10.1795099931271,0,24.2648685542074,0,"normal","I",1000,500,0.5,0,0,0,FALSE,0,FALSE,"102","bs",200,0.5,1e+05,TRUE,825
10,0,0,0,10.19542867762,7.37369607916392,13.0171612760761,18.4702965422751,16.2707854081976,20.6698076763527,10.1795099931271,0,23.2354826235221,0,"normal","I",1000,500,0.5,0,0,0,FALSE,0,FALSE,"102","bs",200,0.5,1e+05,TRUE,825
10,0,0,0,10.19542867762,7.37369607916392,13.0171612760761,21.1779556043965,18.7495093078096,23.6064019009833,10.1795099931271,0,22.9389815384212,0,"normal","I",1000,500,0.5,0,0,0,FALSE,0,FALSE,"102","bs",200,0.5,1e+05,TRUE,825
10,0,0,0,10.19542867762,7.37369607916392,13.0171612760761,20.9509546766231,18.5260135359469,23.3758958172994,10.1795099931271,0,25.6975554741568,0,"normal","I",1000,500,0.5,0,0,0,FALSE,0,FALSE,"102","bs",200,0.5,1e+05,TRUE,825
10,0,0,0,10.19542867762,7.37369607916392,13.0171612760761,20.3025585766771,17.9724497842824,22.6326673690719,10.1795099931271,0,26.9183059592208,0,"normal","I",1000,500,0.5,0,0,0,FALSE,0,FALSE,"102","bs",200,0.5,1e+05,TRUE,825
10,0,0,0,10.19542867762,7.37369607916392,13.0171612760761,21.3726087579882,18.9469724523283,23.7982450636481,10.1795099931271,0,24.0238731558851,0,"normal","I",1000,500,0.5,0,0,0,FALSE,0,FALSE,"102","bs",200,0.5,1e+05,TRUE,825
10,0,0,0,10.19542867762,7.37369607916392,13.0171612760761,20.4211932199128,18.1511679220396,22.6912185177861,10.1795099931271,0,22.8836048844815,0,"normal","I",1000,500,0.5,0,0,0,FALSE,0,FALSE,"102","bs",200,0.5,1e+05,TRUE,825
10,0,0,0,10.19542867762,7.37369607916392,13.0171612760761,18.4586950323342,16.2782512345458,20.6391388301226,10.1795099931271,0,24.3342598487442,0,"normal","I",1000,500,0.5,0,0,0,FALSE,0,FALSE,"102","bs",200,0.5,1e+05,TRUE,825
10,0,0,0,10.19542867762,7.37369607916392,13.0171612760761,21.7988530832543,19.3234761911486,24.27422997536,10.1795099931271,0,24.4042088061546,0,"normal","I",1000,500,0.5,0,0,0,FALSE,0,FALSE,"102","bs",200,0.5,1e+05,TRUE,825
10,0,0,0,10.19542867762,7.37369607916392,13.0171612760761,18.0631338171211,15.9001611582521,20.2261064759902,10.1795099931271,0,22.5537723959677,0,"normal","I",1000,500,0.5,0,0,0,FALSE,0,FALSE,"102","bs",200,0.5,1e+05,TRUE,825
10,0,0,0,10.19542867762,7.37369607916392,13.0171612760761,19.6198624576165,17.3380391869767,21.9016857282563,10.1795099931271,0,23.0585671913633,0,"normal","I",1000,500,0.5,0,0,0,FALSE,0,FALSE,"102","bs",200,0.5,1e+05,TRUE,825
10,0,0,0,10.19542867762,7.37369607916392,13.0171612760761,20.1470788440757,17.8612690576006,22.4328886305508,10.1795099931271,0,24.5514324215733,0,"normal","I",1000,500,0.5,0,0,0,FALSE,0,FALSE,"102","bs",200,0.5,1e+05,TRUE,825
10,0,0,0,10.19542867762,7.37369607916392,13.0171612760761,17.7516154762841,15.6460456960904,19.8571852564779,10.1795099931271,0,23.8053582462616,0,"normal","I",1000,500,0.5,0,0,0,FALSE,0,FALSE,"102","bs",200,0.5,1e+05,TRUE,825
10,0,0,0,10.19542867762,7.37369607916392,13.0171612760761,18.9796660123292,16.6663982845436,21.2929337401148,10.1795099931271,0,23.0064956230646,0,"normal","I",1000,500,0.5,0,0,0,FALSE,0,FALSE,"102","bs",200,0.5,1e+05,TRUE,825
10,0,0,0,10.19542867762,7.37369607916392,13.0171612760761,20.0410954043684,17.4953284847044,22.5868623240323,10.1795099931271,0,23.9710098318702,0,"normal","I",1000,500,0.5,0,0,0,FALSE,0,FALSE,"102","bs",200,0.5,1e+05,TRUE,825
10,0,0,0,10.19542867762,7.37369607916392,13.0171612760761,17.6543317187289,15.5486204523943,19.7600429850634,10.1795099931271,0,21.3434460560437,0,"normal","I",1000,500,0.5,0,0,0,FALSE,0,FALSE,"102","bs",200,0.5,1e+05,TRUE,825
10,0,0,0,10.19542867762,7.37369607916392,13.0171612760761,19.5884439043303,17.4316170972661,21.7452707113945,10.1795099931271,0,22.0920929423318,0,"normal","I",1000,500,0.5,0,0,0,FALSE,0,FALSE,"102","bs",200,0.5,1e+05,TRUE,825
10,0,0,0,10.19542867762,7.37369607916392,13.0171612760761,20.4262861853979,18.0094422165203,22.8431301542755,10.1795099931271,0,26.7333354072887,0,"normal","I",1000,500,0.5,0,0,0,FALSE,0,FALSE,"102","bs",200,0.5,1e+05,TRUE,825
10,0,0,0,10.19542867762,7.37369607916392,13.0171612760761,18.9019362483699,16.6632927948364,21.1405797019034,10.1795099931271,0,24.6454731379544,0,"normal","I",1000,500,0.5,0,0,0,FALSE,0,FALSE,"102","bs",200,0.5,1e+05,TRUE,825
10,0,0,0,10.19542867762,7.37369607916392,13.0171612760761,19.0261590675988,16.9123437063185,21.1399744288791,10.1795099931271,0,21.9840626923574,0,"normal","I",1000,500,0.5,0,0,0,FALSE,0,FALSE,"102","bs",200,0.5,1e+05,TRUE,825
10,0,0,0,10.19542867762,7.37369607916392,13.0171612760761,19.8306989439423,17.5325655069603,22.1288323809243,10.1795099931271,0,22.4117602561984,0,"normal","I",1000,500,0.5,0,0,0,FALSE,0,FALSE,"102","bs",200,0.5,1e+05,TRUE,825
10,0,0,0,10.19542867762,7.37369607916392,13.0171612760761,19.5040281016203,17.3381607383346,21.669895464906,10.1795099931271,0,24.2189162055811,0,"normal","I",1000,500,0.5,0,0,0,FALSE,0,FALSE,"102","bs",200,0.5,1e+05,TRUE,825
10,0,0,0,10.19542867762,7.37369607916392,13.0171612760761,17.3829852026802,15.3211217356349,19.4448486697255,10.1795099931271,0,21.2968752054023,0,"normal","I",1000,500,0.5,0,0,0,FALSE,0,FALSE,"102","bs",200,0.5,1e+05,TRUE,825
10,0,0,0,10.19542867762,7.37369607916392,13.0171612760761,17.9755014038335,15.8460630375619,20.1049397701051,10.1795099931271,0,22.795661623639,0,"normal","I",1000,500,0.5,0,0,0,FALSE,0,FALSE,"102","bs",200,0.5,1e+05,TRUE,825
10,0,0,0,10.19542867762,7.37369607916392,13.0171612760761,19.8393904171356,17.5453626852845,22.1334181489867,10.1795099931271,0,25.8769178040429,0,"normal","I",1000,500,0.5,0,0,0,FALSE,0,FALSE,"102","bs",200,0.5,1e+05,TRUE,825
10,0,0,0,10.19542867762,7.37369607916392,13.0171612760761,21.3531285776194,18.829488824728,23.8767683305108,10.1795099931271,0,24.2379735632383,0,"normal","I",1000,500,0.5,0,0,0,FALSE,0,FALSE,"102","bs",200,0.5,1e+05,TRUE,825
10,0,0,0,10.19542867762,7.37369607916392,13.0171612760761,18.9199460807432,16.7142528267322,21.1256393347543,10.1795099931271,0,23.6666001771166,0,"normal","I",1000,500,0.5,0,0,0,FALSE,0,FALSE,"102","bs",200,0.5,1e+05,TRUE,825
10,0,0,0,10.19542867762,7.37369607916392,13.0171612760761,20.6513870837005,18.2895385384662,23.0132356289349,10.1795099931271,0,22.0472657612113,0,"normal","I",1000,500,0.5,0,0,0,FALSE,0,FALSE,"102","bs",200,0.5,1e+05,TRUE,825
10,0,0,0,10.19542867762,7.37369607916392,13.0171612760761,20.1558907428285,17.7816241220393,22.5301573636176,10.1795099931271,0,25.5036929827173,0,"normal","I",1000,500,0.5,0,0,0,FALSE,0,FALSE,"102","bs",200,0.5,1e+05,TRUE,825
10,0,0,0,10.19542867762,7.37369607916392,13.0171612760761,18.5777084370024,16.4474472813089,20.707969592696,10.1795099931271,0,22.6618351510233,0,"normal","I",1000,500,0.5,0,0,0,FALSE,0,FALSE,"102","bs",200,0.5,1e+05,TRUE,825
10,0,0,0,10.19542867762,7.37369607916392,13.0171612760761,18.1180466415271,16.0893289807538,20.1467643023005,10.1795099931271,0,22.0792856121709,0,"normal","I",1000,500,0.5,0,0,0,FALSE,0,FALSE,"102","bs",200,0.5,1e+05,TRUE,825
10,0,0,0,10.19542867762,7.37369607916392,13.0171612760761,20.0966284428795,17.7512379302516,22.4420189555073,10.1795099931271,0,24.6737691163261,0,"normal","I",1000,500,0.5,0,0,0,FALSE,0,FALSE,"102","bs",200,0.5,1e+05,TRUE,825
