"var_main_effect","var_inter_effect","cov_main_inter_effect","var_total_effect","EigenPrism_main","EigenPrism_CI1","EigenPrism_CI2","sub_EigenPrism_main","sub_EigenPrism_CI1","sub_EigenPrism_CI2","GCTA_main","GCTA_inter","sub_GCTA_main","sub_GCTA_inter","x_dist","structure","p","n","main_fixed_var","main_random_var","inter_fixed_var","inter_random_var","decor","interact","combine","pro","bs","n_sub","rho_e","emp_n","inter_std","i"
10,0,0,0,10.5421040855515,7.70629867246754,13.3779094986355,19.6236108248388,17.4266510613244,21.8205705883532,10.2701950661483,0,22.4163660001125,0,"normal","I",1000,500,0.5,0,0,0,FALSE,0,FALSE,"102","bs",200,0.5,1e+05,TRUE,469
10,0,0,0,10.5421040855515,7.70629867246754,13.3779094986355,21.2964420064451,18.9407184150065,23.6521655978836,10.2701950661483,0,26.7463957177978,0,"normal","I",1000,500,0.5,0,0,0,FALSE,0,FALSE,"102","bs",200,0.5,1e+05,TRUE,469
10,0,0,0,10.5421040855515,7.70629867246754,13.3779094986355,19.9201542301906,17.6864504085111,22.1538580518702,10.2701950661483,0,25.1459935862236,0,"normal","I",1000,500,0.5,0,0,0,FALSE,0,FALSE,"102","bs",200,0.5,1e+05,TRUE,469
10,0,0,0,10.5421040855515,7.70629867246754,13.3779094986355,19.5838826765907,17.3392427576358,21.8285225955457,10.2701950661483,0,24.8853924568521,0,"normal","I",1000,500,0.5,0,0,0,FALSE,0,FALSE,"102","bs",200,0.5,1e+05,TRUE,469
10,0,0,0,10.5421040855515,7.70629867246754,13.3779094986355,19.3750316489502,17.1499908568316,21.6000724410688,10.2701950661483,0,23.680920642181,0,"normal","I",1000,500,0.5,0,0,0,FALSE,0,FALSE,"102","bs",200,0.5,1e+05,TRUE,469
10,0,0,0,10.5421040855515,7.70629867246754,13.3779094986355,19.7711307295011,17.5964330581289,21.9458284008734,10.2701950661483,0,23.8147010828083,0,"normal","I",1000,500,0.5,0,0,0,FALSE,0,FALSE,"102","bs",200,0.5,1e+05,TRUE,469
10,0,0,0,10.5421040855515,7.70629867246754,13.3779094986355,19.4366691397589,17.2998697501598,21.5734685293579,10.2701950661483,0,23.4883301935387,0,"normal","I",1000,500,0.5,0,0,0,FALSE,0,FALSE,"102","bs",200,0.5,1e+05,TRUE,469
10,0,0,0,10.5421040855515,7.70629867246754,13.3779094986355,21.2592111973517,18.7724817399983,23.745940654705,10.2701950661483,0,26.0730684612546,0,"normal","I",1000,500,0.5,0,0,0,FALSE,0,FALSE,"102","bs",200,0.5,1e+05,TRUE,469
10,0,0,0,10.5421040855515,7.70629867246754,13.3779094986355,18.9228404647366,16.6916751422433,21.1540057872298,10.2701950661483,0,24.3506096335485,0,"normal","I",1000,500,0.5,0,0,0,FALSE,0,FALSE,"102","bs",200,0.5,1e+05,TRUE,469
10,0,0,0,10.5421040855515,7.70629867246754,13.3779094986355,21.2936234905611,18.8919928251266,23.6952541559956,10.2701950661483,0,25.0782366365798,0,"normal","I",1000,500,0.5,0,0,0,FALSE,0,FALSE,"102","bs",200,0.5,1e+05,TRUE,469
10,0,0,0,10.5421040855515,7.70629867246754,13.3779094986355,21.2924819792323,18.9781246146297,23.606839343835,10.2701950661483,0,25.5278989771594,0,"normal","I",1000,500,0.5,0,0,0,FALSE,0,FALSE,"102","bs",200,0.5,1e+05,TRUE,469
10,0,0,0,10.5421040855515,7.70629867246754,13.3779094986355,19.6046715585365,17.4986565654943,21.7106865515787,10.2701950661483,0,24.7337946728159,0,"normal","I",1000,500,0.5,0,0,0,FALSE,0,FALSE,"102","bs",200,0.5,1e+05,TRUE,469
10,0,0,0,10.5421040855515,7.70629867246754,13.3779094986355,19.6751898601212,17.5075995576791,21.8427801625632,10.2701950661483,0,24.6563858667669,0,"normal","I",1000,500,0.5,0,0,0,FALSE,0,FALSE,"102","bs",200,0.5,1e+05,TRUE,469
10,0,0,0,10.5421040855515,7.70629867246754,13.3779094986355,21.5301934489631,19.0210386571263,24.0393482407999,10.2701950661483,0,23.9596149327774,0,"normal","I",1000,500,0.5,0,0,0,FALSE,0,FALSE,"102","bs",200,0.5,1e+05,TRUE,469
10,0,0,0,10.5421040855515,7.70629867246754,13.3779094986355,19.746471019876,17.4427646406611,22.0501773990908,10.2701950661483,0,25.0773283613083,0,"normal","I",1000,500,0.5,0,0,0,FALSE,0,FALSE,"102","bs",200,0.5,1e+05,TRUE,469
10,0,0,0,10.5421040855515,7.70629867246754,13.3779094986355,18.3950385547774,16.3538609890114,20.4362161205435,10.2701950661483,0,21.9314638769088,0,"normal","I",1000,500,0.5,0,0,0,FALSE,0,FALSE,"102","bs",200,0.5,1e+05,TRUE,469
10,0,0,0,10.5421040855515,7.70629867246754,13.3779094986355,18.2958841096929,16.1262226511924,20.4655455681934,10.2701950661483,0,25.5283411420979,0,"normal","I",1000,500,0.5,0,0,0,FALSE,0,FALSE,"102","bs",200,0.5,1e+05,TRUE,469
10,0,0,0,10.5421040855515,7.70629867246754,13.3779094986355,19.5272875924663,17.2151709919081,21.8394041930245,10.2701950661483,0,22.8784678870863,0,"normal","I",1000,500,0.5,0,0,0,FALSE,0,FALSE,"102","bs",200,0.5,1e+05,TRUE,469
10,0,0,0,10.5421040855515,7.70629867246754,13.3779094986355,19.1795439742467,16.9763159311007,21.3827720173927,10.2701950661483,0,24.1534654508017,0,"normal","I",1000,500,0.5,0,0,0,FALSE,0,FALSE,"102","bs",200,0.5,1e+05,TRUE,469
10,0,0,0,10.5421040855515,7.70629867246754,13.3779094986355,21.6255899467081,19.2094664982722,24.0417133951439,10.2701950661483,0,24.3622529726898,0,"normal","I",1000,500,0.5,0,0,0,FALSE,0,FALSE,"102","bs",200,0.5,1e+05,TRUE,469
10,0,0,0,10.5421040855515,7.70629867246754,13.3779094986355,19.3741031330298,17.187135226818,21.5610710392417,10.2701950661483,0,22.550090907325,0,"normal","I",1000,500,0.5,0,0,0,FALSE,0,FALSE,"102","bs",200,0.5,1e+05,TRUE,469
10,0,0,0,10.5421040855515,7.70629867246754,13.3779094986355,20.1398935453915,17.9841179714947,22.2956691192882,10.2701950661483,0,24.849820630394,0,"normal","I",1000,500,0.5,0,0,0,FALSE,0,FALSE,"102","bs",200,0.5,1e+05,TRUE,469
10,0,0,0,10.5421040855515,7.70629867246754,13.3779094986355,20.1956746196099,17.8358696755177,22.555479563702,10.2701950661483,0,23.4852740043532,0,"normal","I",1000,500,0.5,0,0,0,FALSE,0,FALSE,"102","bs",200,0.5,1e+05,TRUE,469
10,0,0,0,10.5421040855515,7.70629867246754,13.3779094986355,20.0839522294318,17.8916624255465,22.276242033317,10.2701950661483,0,26.4120440715901,0,"normal","I",1000,500,0.5,0,0,0,FALSE,0,FALSE,"102","bs",200,0.5,1e+05,TRUE,469
10,0,0,0,10.5421040855515,7.70629867246754,13.3779094986355,20.4718111996279,18.1248274714136,22.8187949278423,10.2701950661483,0,23.8331045252929,0,"normal","I",1000,500,0.5,0,0,0,FALSE,0,FALSE,"102","bs",200,0.5,1e+05,TRUE,469
10,0,0,0,10.5421040855515,7.70629867246754,13.3779094986355,19.5646463494324,17.3798015029189,21.7494911959459,10.2701950661483,0,24.4246084773804,0,"normal","I",1000,500,0.5,0,0,0,FALSE,0,FALSE,"102","bs",200,0.5,1e+05,TRUE,469
10,0,0,0,10.5421040855515,7.70629867246754,13.3779094986355,18.3328711667846,16.231348910964,20.4343934226052,10.2701950661483,0,25.4647561991608,0,"normal","I",1000,500,0.5,0,0,0,FALSE,0,FALSE,"102","bs",200,0.5,1e+05,TRUE,469
10,0,0,0,10.5421040855515,7.70629867246754,13.3779094986355,18.4026432842645,16.2092305353423,20.5960560331867,10.2701950661483,0,26.324799303808,0,"normal","I",1000,500,0.5,0,0,0,FALSE,0,FALSE,"102","bs",200,0.5,1e+05,TRUE,469
10,0,0,0,10.5421040855515,7.70629867246754,13.3779094986355,18.5260511966134,16.5133897669606,20.5387126262662,10.2701950661483,0,25.3717019189147,0,"normal","I",1000,500,0.5,0,0,0,FALSE,0,FALSE,"102","bs",200,0.5,1e+05,TRUE,469
10,0,0,0,10.5421040855515,7.70629867246754,13.3779094986355,19.2993457817044,17.1457228532493,21.4529687101595,10.2701950661483,0,23.1214316894975,0,"normal","I",1000,500,0.5,0,0,0,FALSE,0,FALSE,"102","bs",200,0.5,1e+05,TRUE,469
10,0,0,0,10.5421040855515,7.70629867246754,13.3779094986355,20.2347436745828,17.9608204671528,22.5086668820128,10.2701950661483,0,25.7228787321351,0,"normal","I",1000,500,0.5,0,0,0,FALSE,0,FALSE,"102","bs",200,0.5,1e+05,TRUE,469
10,0,0,0,10.5421040855515,7.70629867246754,13.3779094986355,21.4194705324767,19.0158623070205,23.8230787579328,10.2701950661483,0,23.5297247767906,0,"normal","I",1000,500,0.5,0,0,0,FALSE,0,FALSE,"102","bs",200,0.5,1e+05,TRUE,469
10,0,0,0,10.5421040855515,7.70629867246754,13.3779094986355,18.1431831051537,16.1207146866097,20.1656515236976,10.2701950661483,0,22.322010243541,0,"normal","I",1000,500,0.5,0,0,0,FALSE,0,FALSE,"102","bs",200,0.5,1e+05,TRUE,469
10,0,0,0,10.5421040855515,7.70629867246754,13.3779094986355,19.5532797884387,17.3444122917153,21.762147285162,10.2701950661483,0,23.9799912096846,0,"normal","I",1000,500,0.5,0,0,0,FALSE,0,FALSE,"102","bs",200,0.5,1e+05,TRUE,469
10,0,0,0,10.5421040855515,7.70629867246754,13.3779094986355,18.9995170635252,16.8978920638745,21.1011420631758,10.2701950661483,0,24.20711609398,0,"normal","I",1000,500,0.5,0,0,0,FALSE,0,FALSE,"102","bs",200,0.5,1e+05,TRUE,469
10,0,0,0,10.5421040855515,7.70629867246754,13.3779094986355,20.6938404703081,18.3628907102053,23.024790230411,10.2701950661483,0,23.187677387164,0,"normal","I",1000,500,0.5,0,0,0,FALSE,0,FALSE,"102","bs",200,0.5,1e+05,TRUE,469
10,0,0,0,10.5421040855515,7.70629867246754,13.3779094986355,20.9307757574472,18.4752546439889,23.3862968709056,10.2701950661483,0,22.7466297610608,0,"normal","I",1000,500,0.5,0,0,0,FALSE,0,FALSE,"102","bs",200,0.5,1e+05,TRUE,469
10,0,0,0,10.5421040855515,7.70629867246754,13.3779094986355,20.3736189397489,18.0794251853262,22.6678126941716,10.2701950661483,0,22.6886109856324,0,"normal","I",1000,500,0.5,0,0,0,FALSE,0,FALSE,"102","bs",200,0.5,1e+05,TRUE,469
10,0,0,0,10.5421040855515,7.70629867246754,13.3779094986355,21.1877565289599,18.7308576134579,23.6446554444619,10.2701950661483,0,27.3861364809612,0,"normal","I",1000,500,0.5,0,0,0,FALSE,0,FALSE,"102","bs",200,0.5,1e+05,TRUE,469
10,0,0,0,10.5421040855515,7.70629867246754,13.3779094986355,19.8748930044775,17.6299587001601,22.1198273087948,10.2701950661483,0,24.5063198192739,0,"normal","I",1000,500,0.5,0,0,0,FALSE,0,FALSE,"102","bs",200,0.5,1e+05,TRUE,469
10,0,0,0,10.5421040855515,7.70629867246754,13.3779094986355,19.5175415042295,17.285484074296,21.7495989341631,10.2701950661483,0,23.9723246320215,0,"normal","I",1000,500,0.5,0,0,0,FALSE,0,FALSE,"102","bs",200,0.5,1e+05,TRUE,469
10,0,0,0,10.5421040855515,7.70629867246754,13.3779094986355,19.8376336183301,17.4803955011031,22.194871735557,10.2701950661483,0,23.9872763205075,0,"normal","I",1000,500,0.5,0,0,0,FALSE,0,FALSE,"102","bs",200,0.5,1e+05,TRUE,469
10,0,0,0,10.5421040855515,7.70629867246754,13.3779094986355,19.0756566199825,16.955273743964,21.1960394960011,10.2701950661483,0,24.205934548256,0,"normal","I",1000,500,0.5,0,0,0,FALSE,0,FALSE,"102","bs",200,0.5,1e+05,TRUE,469
10,0,0,0,10.5421040855515,7.70629867246754,13.3779094986355,19.0993708142553,16.9041765778013,21.2945650507093,10.2701950661483,0,25.0234291149909,0,"normal","I",1000,500,0.5,0,0,0,FALSE,0,FALSE,"102","bs",200,0.5,1e+05,TRUE,469
10,0,0,0,10.5421040855515,7.70629867246754,13.3779094986355,19.7895943442662,17.5278362469852,22.0513524415473,10.2701950661483,0,24.7966242824994,0,"normal","I",1000,500,0.5,0,0,0,FALSE,0,FALSE,"102","bs",200,0.5,1e+05,TRUE,469
10,0,0,0,10.5421040855515,7.70629867246754,13.3779094986355,21.6905386211083,19.3479771258126,24.033100116404,10.2701950661483,0,25.0100814015097,0,"normal","I",1000,500,0.5,0,0,0,FALSE,0,FALSE,"102","bs",200,0.5,1e+05,TRUE,469
10,0,0,0,10.5421040855515,7.70629867246754,13.3779094986355,21.7092605839302,19.3129063133395,24.1056148545209,10.2701950661483,0,25.8733041354476,0,"normal","I",1000,500,0.5,0,0,0,FALSE,0,FALSE,"102","bs",200,0.5,1e+05,TRUE,469
10,0,0,0,10.5421040855515,7.70629867246754,13.3779094986355,19.2415419890892,16.977498467214,21.5055855109643,10.2701950661483,0,22.7786080979919,0,"normal","I",1000,500,0.5,0,0,0,FALSE,0,FALSE,"102","bs",200,0.5,1e+05,TRUE,469
10,0,0,0,10.5421040855515,7.70629867246754,13.3779094986355,19.176282980445,16.9708455186237,21.3817204422664,10.2701950661483,0,26.4599734421511,0,"normal","I",1000,500,0.5,0,0,0,FALSE,0,FALSE,"102","bs",200,0.5,1e+05,TRUE,469
10,0,0,0,10.5421040855515,7.70629867246754,13.3779094986355,19.9540859246348,17.5516768091364,22.3564950401332,10.2701950661483,0,23.4974501503659,0,"normal","I",1000,500,0.5,0,0,0,FALSE,0,FALSE,"102","bs",200,0.5,1e+05,TRUE,469
10,0,0,0,10.5421040855515,7.70629867246754,13.3779094986355,20.2822089763509,17.8742361661423,22.6901817865595,10.2701950661483,0,20.8335879544768,0,"normal","I",1000,500,0.5,0,0,0,FALSE,0,FALSE,"102","bs",200,0.5,1e+05,TRUE,469
10,0,0,0,10.5421040855515,7.70629867246754,13.3779094986355,21.3018888307304,18.9211851566346,23.6825925048262,10.2701950661483,0,26.1481434641855,0,"normal","I",1000,500,0.5,0,0,0,FALSE,0,FALSE,"102","bs",200,0.5,1e+05,TRUE,469
10,0,0,0,10.5421040855515,7.70629867246754,13.3779094986355,22.3465119489756,19.7850697549678,24.9079541429833,10.2701950661483,0,25.4306405729527,0,"normal","I",1000,500,0.5,0,0,0,FALSE,0,FALSE,"102","bs",200,0.5,1e+05,TRUE,469
10,0,0,0,10.5421040855515,7.70629867246754,13.3779094986355,19.7281394891374,17.596159654647,21.8601193236278,10.2701950661483,0,24.422897481644,0,"normal","I",1000,500,0.5,0,0,0,FALSE,0,FALSE,"102","bs",200,0.5,1e+05,TRUE,469
10,0,0,0,10.5421040855515,7.70629867246754,13.3779094986355,20.194149246494,17.9692173454395,22.4190811475486,10.2701950661483,0,25.6609603243153,0,"normal","I",1000,500,0.5,0,0,0,FALSE,0,FALSE,"102","bs",200,0.5,1e+05,TRUE,469
10,0,0,0,10.5421040855515,7.70629867246754,13.3779094986355,18.9345319413402,16.820637221272,21.0484266614085,10.2701950661483,0,21.9139156173814,0,"normal","I",1000,500,0.5,0,0,0,FALSE,0,FALSE,"102","bs",200,0.5,1e+05,TRUE,469
10,0,0,0,10.5421040855515,7.70629867246754,13.3779094986355,20.4238141576013,18.1415185815445,22.7061097336581,10.2701950661483,0,22.5794760533391,0,"normal","I",1000,500,0.5,0,0,0,FALSE,0,FALSE,"102","bs",200,0.5,1e+05,TRUE,469
10,0,0,0,10.5421040855515,7.70629867246754,13.3779094986355,20.0179641820624,17.7287193590313,22.3072090050936,10.2701950661483,0,25.838443363648,0,"normal","I",1000,500,0.5,0,0,0,FALSE,0,FALSE,"102","bs",200,0.5,1e+05,TRUE,469
10,0,0,0,10.5421040855515,7.70629867246754,13.3779094986355,21.2578542501091,18.9079177592412,23.607790740977,10.2701950661483,0,26.7184179457244,0,"normal","I",1000,500,0.5,0,0,0,FALSE,0,FALSE,"102","bs",200,0.5,1e+05,TRUE,469
10,0,0,0,10.5421040855515,7.70629867246754,13.3779094986355,22.4648857826041,19.8353897662532,25.0943817989551,10.2701950661483,0,24.986019060364,0,"normal","I",1000,500,0.5,0,0,0,FALSE,0,FALSE,"102","bs",200,0.5,1e+05,TRUE,469
10,0,0,0,10.5421040855515,7.70629867246754,13.3779094986355,19.9375520836856,17.6312039053658,22.2439002620053,10.2701950661483,0,22.4425153164784,0,"normal","I",1000,500,0.5,0,0,0,FALSE,0,FALSE,"102","bs",200,0.5,1e+05,TRUE,469
10,0,0,0,10.5421040855515,7.70629867246754,13.3779094986355,20.8953086538292,18.5596767767922,23.2309405308663,10.2701950661483,0,23.9489375215495,0,"normal","I",1000,500,0.5,0,0,0,FALSE,0,FALSE,"102","bs",200,0.5,1e+05,TRUE,469
10,0,0,0,10.5421040855515,7.70629867246754,13.3779094986355,19.0617405117057,16.9787136433734,21.144767380038,10.2701950661483,0,25.6541674423115,0,"normal","I",1000,500,0.5,0,0,0,FALSE,0,FALSE,"102","bs",200,0.5,1e+05,TRUE,469
10,0,0,0,10.5421040855515,7.70629867246754,13.3779094986355,20.7082200410737,18.3714066723655,23.0450334097819,10.2701950661483,0,25.0094563788416,0,"normal","I",1000,500,0.5,0,0,0,FALSE,0,FALSE,"102","bs",200,0.5,1e+05,TRUE,469
10,0,0,0,10.5421040855515,7.70629867246754,13.3779094986355,18.3809580795431,16.2737565031816,20.4881596559046,10.2701950661483,0,23.4687615972109,0,"normal","I",1000,500,0.5,0,0,0,FALSE,0,FALSE,"102","bs",200,0.5,1e+05,TRUE,469
10,0,0,0,10.5421040855515,7.70629867246754,13.3779094986355,21.7399926510659,19.3417930858151,24.1381922163167,10.2701950661483,0,25.5123430695216,0,"normal","I",1000,500,0.5,0,0,0,FALSE,0,FALSE,"102","bs",200,0.5,1e+05,TRUE,469
10,0,0,0,10.5421040855515,7.70629867246754,13.3779094986355,20.0087836745539,17.6348848705518,22.3826824785559,10.2701950661483,0,24.457826022812,0,"normal","I",1000,500,0.5,0,0,0,FALSE,0,FALSE,"102","bs",200,0.5,1e+05,TRUE,469
10,0,0,0,10.5421040855515,7.70629867246754,13.3779094986355,19.6586881089963,17.4140624739075,21.903313744085,10.2701950661483,0,23.7846682507128,0,"normal","I",1000,500,0.5,0,0,0,FALSE,0,FALSE,"102","bs",200,0.5,1e+05,TRUE,469
10,0,0,0,10.5421040855515,7.70629867246754,13.3779094986355,20.1276334796854,17.8008997932024,22.4543671661683,10.2701950661483,0,22.2078314921379,0,"normal","I",1000,500,0.5,0,0,0,FALSE,0,FALSE,"102","bs",200,0.5,1e+05,TRUE,469
10,0,0,0,10.5421040855515,7.70629867246754,13.3779094986355,18.5651079835582,16.421431891949,20.7087840751673,10.2701950661483,0,23.8121229658933,0,"normal","I",1000,500,0.5,0,0,0,FALSE,0,FALSE,"102","bs",200,0.5,1e+05,TRUE,469
10,0,0,0,10.5421040855515,7.70629867246754,13.3779094986355,18.6332007519693,16.5739795736138,20.6924219303248,10.2701950661483,0,23.5960184385536,0,"normal","I",1000,500,0.5,0,0,0,FALSE,0,FALSE,"102","bs",200,0.5,1e+05,TRUE,469
10,0,0,0,10.5421040855515,7.70629867246754,13.3779094986355,20.3116251513071,18.0372329820171,22.586017320597,10.2701950661483,0,24.8061007107453,0,"normal","I",1000,500,0.5,0,0,0,FALSE,0,FALSE,"102","bs",200,0.5,1e+05,TRUE,469
10,0,0,0,10.5421040855515,7.70629867246754,13.3779094986355,20.5295003336339,18.1694542740695,22.8895463931983,10.2701950661483,0,25.0324812405252,0,"normal","I",1000,500,0.5,0,0,0,FALSE,0,FALSE,"102","bs",200,0.5,1e+05,TRUE,469
10,0,0,0,10.5421040855515,7.70629867246754,13.3779094986355,18.3646686622435,16.3417386616129,20.3875986628741,10.2701950661483,0,22.4655120718089,0,"normal","I",1000,500,0.5,0,0,0,FALSE,0,FALSE,"102","bs",200,0.5,1e+05,TRUE,469
10,0,0,0,10.5421040855515,7.70629867246754,13.3779094986355,20.3581040234393,18.0082061616141,22.7080018852645,10.2701950661483,0,24.8172569331198,0,"normal","I",1000,500,0.5,0,0,0,FALSE,0,FALSE,"102","bs",200,0.5,1e+05,TRUE,469
10,0,0,0,10.5421040855515,7.70629867246754,13.3779094986355,20.496861437788,18.0480911782407,22.9456316973352,10.2701950661483,0,24.5899918997634,0,"normal","I",1000,500,0.5,0,0,0,FALSE,0,FALSE,"102","bs",200,0.5,1e+05,TRUE,469
10,0,0,0,10.5421040855515,7.70629867246754,13.3779094986355,21.0611344710521,18.7306293654445,23.3916395766598,10.2701950661483,0,24.0300107583593,0,"normal","I",1000,500,0.5,0,0,0,FALSE,0,FALSE,"102","bs",200,0.5,1e+05,TRUE,469
10,0,0,0,10.5421040855515,7.70629867246754,13.3779094986355,20.529451830884,18.3150739722894,22.7438296894785,10.2701950661483,0,22.4085203761019,0,"normal","I",1000,500,0.5,0,0,0,FALSE,0,FALSE,"102","bs",200,0.5,1e+05,TRUE,469
10,0,0,0,10.5421040855515,7.70629867246754,13.3779094986355,19.5860901471362,17.4572349166508,21.7149453776216,10.2701950661483,0,22.7519715329044,0,"normal","I",1000,500,0.5,0,0,0,FALSE,0,FALSE,"102","bs",200,0.5,1e+05,TRUE,469
10,0,0,0,10.5421040855515,7.70629867246754,13.3779094986355,21.1993608228854,18.7514330968503,23.6472885489205,10.2701950661483,0,25.9150034495505,0,"normal","I",1000,500,0.5,0,0,0,FALSE,0,FALSE,"102","bs",200,0.5,1e+05,TRUE,469
10,0,0,0,10.5421040855515,7.70629867246754,13.3779094986355,19.7510826889379,17.5437960376151,21.9583693402607,10.2701950661483,0,24.0927427752068,0,"normal","I",1000,500,0.5,0,0,0,FALSE,0,FALSE,"102","bs",200,0.5,1e+05,TRUE,469
10,0,0,0,10.5421040855515,7.70629867246754,13.3779094986355,20.3515278340841,18.0130732329974,22.6899824351709,10.2701950661483,0,25.7184580522888,0,"normal","I",1000,500,0.5,0,0,0,FALSE,0,FALSE,"102","bs",200,0.5,1e+05,TRUE,469
10,0,0,0,10.5421040855515,7.70629867246754,13.3779094986355,21.0644393022962,18.7766014665733,23.352277138019,10.2701950661483,0,23.7560185558416,0,"normal","I",1000,500,0.5,0,0,0,FALSE,0,FALSE,"102","bs",200,0.5,1e+05,TRUE,469
10,0,0,0,10.5421040855515,7.70629867246754,13.3779094986355,21.1164034410881,18.8057416575541,23.4270652246221,10.2701950661483,0,25.3148707717809,0,"normal","I",1000,500,0.5,0,0,0,FALSE,0,FALSE,"102","bs",200,0.5,1e+05,TRUE,469
10,0,0,0,10.5421040855515,7.70629867246754,13.3779094986355,17.3590039918766,15.3576998079065,19.3603081758467,10.2701950661483,0,21.649796659014,0,"normal","I",1000,500,0.5,0,0,0,FALSE,0,FALSE,"102","bs",200,0.5,1e+05,TRUE,469
10,0,0,0,10.5421040855515,7.70629867246754,13.3779094986355,20.7226905977935,18.5714710697459,22.873910125841,10.2701950661483,0,23.0699889122011,0,"normal","I",1000,500,0.5,0,0,0,FALSE,0,FALSE,"102","bs",200,0.5,1e+05,TRUE,469
10,0,0,0,10.5421040855515,7.70629867246754,13.3779094986355,20.9857461784247,18.5117677285002,23.4597246283493,10.2701950661483,0,26.3302906997492,0,"normal","I",1000,500,0.5,0,0,0,FALSE,0,FALSE,"102","bs",200,0.5,1e+05,TRUE,469
10,0,0,0,10.5421040855515,7.70629867246754,13.3779094986355,21.2204794911453,18.8416258073894,23.5993331749012,10.2701950661483,0,24.7035753992311,0,"normal","I",1000,500,0.5,0,0,0,FALSE,0,FALSE,"102","bs",200,0.5,1e+05,TRUE,469
10,0,0,0,10.5421040855515,7.70629867246754,13.3779094986355,21.5800128619433,19.182057469835,23.9779682540516,10.2701950661483,0,26.6509017624094,0,"normal","I",1000,500,0.5,0,0,0,FALSE,0,FALSE,"102","bs",200,0.5,1e+05,TRUE,469
10,0,0,0,10.5421040855515,7.70629867246754,13.3779094986355,19.9011900607643,17.6433028597801,22.1590772617484,10.2701950661483,0,25.0254792761593,0,"normal","I",1000,500,0.5,0,0,0,FALSE,0,FALSE,"102","bs",200,0.5,1e+05,TRUE,469
10,0,0,0,10.5421040855515,7.70629867246754,13.3779094986355,19.5173638021834,17.4074847382391,21.6272428661277,10.2701950661483,0,22.2291220154375,0,"normal","I",1000,500,0.5,0,0,0,FALSE,0,FALSE,"102","bs",200,0.5,1e+05,TRUE,469
10,0,0,0,10.5421040855515,7.70629867246754,13.3779094986355,21.8240613810622,19.293652812378,24.3544699497465,10.2701950661483,0,26.0525811550066,0,"normal","I",1000,500,0.5,0,0,0,FALSE,0,FALSE,"102","bs",200,0.5,1e+05,TRUE,469
10,0,0,0,10.5421040855515,7.70629867246754,13.3779094986355,21.145532125414,18.783948606476,23.507115644352,10.2701950661483,0,23.3473035167338,0,"normal","I",1000,500,0.5,0,0,0,FALSE,0,FALSE,"102","bs",200,0.5,1e+05,TRUE,469
10,0,0,0,10.5421040855515,7.70629867246754,13.3779094986355,20.3650098993016,18.0143359399287,22.7156838586744,10.2701950661483,0,25.7230609470402,0,"normal","I",1000,500,0.5,0,0,0,FALSE,0,FALSE,"102","bs",200,0.5,1e+05,TRUE,469
10,0,0,0,10.5421040855515,7.70629867246754,13.3779094986355,22.0512122079578,19.6584328414468,24.4439915744687,10.2701950661483,0,26.4243458196212,0,"normal","I",1000,500,0.5,0,0,0,FALSE,0,FALSE,"102","bs",200,0.5,1e+05,TRUE,469
10,0,0,0,10.5421040855515,7.70629867246754,13.3779094986355,22.0223187326401,19.4934369424107,24.5512005228695,10.2701950661483,0,26.8193804000387,0,"normal","I",1000,500,0.5,0,0,0,FALSE,0,FALSE,"102","bs",200,0.5,1e+05,TRUE,469
10,0,0,0,10.5421040855515,7.70629867246754,13.3779094986355,20.5562960629665,18.1636667856706,22.9489253402625,10.2701950661483,0,23.5528033635665,0,"normal","I",1000,500,0.5,0,0,0,FALSE,0,FALSE,"102","bs",200,0.5,1e+05,TRUE,469
10,0,0,0,10.5421040855515,7.70629867246754,13.3779094986355,19.8947854442071,17.6723421991711,22.1172286892431,10.2701950661483,0,23.228569433649,0,"normal","I",1000,500,0.5,0,0,0,FALSE,0,FALSE,"102","bs",200,0.5,1e+05,TRUE,469
10,0,0,0,10.5421040855515,7.70629867246754,13.3779094986355,22.5170098045587,19.9473666370122,25.0866529721051,10.2701950661483,0,25.8172036514557,0,"normal","I",1000,500,0.5,0,0,0,FALSE,0,FALSE,"102","bs",200,0.5,1e+05,TRUE,469
10,0,0,0,10.5421040855515,7.70629867246754,13.3779094986355,23.3801323305033,20.6187640142372,26.1415006467693,10.2701950661483,0,26.4490946650261,0,"normal","I",1000,500,0.5,0,0,0,FALSE,0,FALSE,"102","bs",200,0.5,1e+05,TRUE,469
10,0,0,0,10.5421040855515,7.70629867246754,13.3779094986355,19.1940957595466,17.0673265728301,21.3208649462632,10.2701950661483,0,23.345309066772,0,"normal","I",1000,500,0.5,0,0,0,FALSE,0,FALSE,"102","bs",200,0.5,1e+05,TRUE,469
10,0,0,0,10.5421040855515,7.70629867246754,13.3779094986355,19.9755184689602,17.7508875566623,22.2001493812581,10.2701950661483,0,24.5974079355073,0,"normal","I",1000,500,0.5,0,0,0,FALSE,0,FALSE,"102","bs",200,0.5,1e+05,TRUE,469
10,0,0,0,10.5421040855515,7.70629867246754,13.3779094986355,20.3226793791604,17.7540715879461,22.8912871703748,10.2701950661483,0,22.3986583691383,0,"normal","I",1000,500,0.5,0,0,0,FALSE,0,FALSE,"102","bs",200,0.5,1e+05,TRUE,469
10,0,0,0,10.5421040855515,7.70629867246754,13.3779094986355,18.3583078994306,16.1774203647637,20.5391954340976,10.2701950661483,0,24.0133984784064,0,"normal","I",1000,500,0.5,0,0,0,FALSE,0,FALSE,"102","bs",200,0.5,1e+05,TRUE,469
10,0,0,0,10.5421040855515,7.70629867246754,13.3779094986355,20.6571854849996,18.3031158923164,23.0112550776827,10.2701950661483,0,23.4321147193757,0,"normal","I",1000,500,0.5,0,0,0,FALSE,0,FALSE,"102","bs",200,0.5,1e+05,TRUE,469
10,0,0,0,10.5421040855515,7.70629867246754,13.3779094986355,21.0136629679046,18.6871834443424,23.3401424914669,10.2701950661483,0,25.9116567897809,0,"normal","I",1000,500,0.5,0,0,0,FALSE,0,FALSE,"102","bs",200,0.5,1e+05,TRUE,469
10,0,0,0,10.5421040855515,7.70629867246754,13.3779094986355,19.7319740732691,17.5377266449035,21.9262215016348,10.2701950661483,0,24.76758568263,0,"normal","I",1000,500,0.5,0,0,0,FALSE,0,FALSE,"102","bs",200,0.5,1e+05,TRUE,469
10,0,0,0,10.5421040855515,7.70629867246754,13.3779094986355,21.728024764953,19.2729912396604,24.1830582902455,10.2701950661483,0,26.5329128668454,0,"normal","I",1000,500,0.5,0,0,0,FALSE,0,FALSE,"102","bs",200,0.5,1e+05,TRUE,469
10,0,0,0,10.5421040855515,7.70629867246754,13.3779094986355,19.1938424264551,16.9662691393144,21.4214157135957,10.2701950661483,0,25.143699105398,0,"normal","I",1000,500,0.5,0,0,0,FALSE,0,FALSE,"102","bs",200,0.5,1e+05,TRUE,469
10,0,0,0,10.5421040855515,7.70629867246754,13.3779094986355,20.7567904513084,18.5337721382932,22.9798087643236,10.2701950661483,0,23.8048817262096,0,"normal","I",1000,500,0.5,0,0,0,FALSE,0,FALSE,"102","bs",200,0.5,1e+05,TRUE,469
10,0,0,0,10.5421040855515,7.70629867246754,13.3779094986355,19.8126560523074,17.6177590054066,22.0075530992082,10.2701950661483,0,23.3884372777436,0,"normal","I",1000,500,0.5,0,0,0,FALSE,0,FALSE,"102","bs",200,0.5,1e+05,TRUE,469
10,0,0,0,10.5421040855515,7.70629867246754,13.3779094986355,18.1261605990689,16.0911722023894,20.1611489957484,10.2701950661483,0,21.8365664111999,0,"normal","I",1000,500,0.5,0,0,0,FALSE,0,FALSE,"102","bs",200,0.5,1e+05,TRUE,469
10,0,0,0,10.5421040855515,7.70629867246754,13.3779094986355,20.2660446780071,17.9618928817672,22.570196474247,10.2701950661483,0,24.1972805561001,0,"normal","I",1000,500,0.5,0,0,0,FALSE,0,FALSE,"102","bs",200,0.5,1e+05,TRUE,469
10,0,0,0,10.5421040855515,7.70629867246754,13.3779094986355,21.2587711265805,18.9637911467922,23.5537511063688,10.2701950661483,0,25.8422698918604,0,"normal","I",1000,500,0.5,0,0,0,FALSE,0,FALSE,"102","bs",200,0.5,1e+05,TRUE,469
10,0,0,0,10.5421040855515,7.70629867246754,13.3779094986355,20.1026985177761,17.9632408931445,22.2421561424077,10.2701950661483,0,23.9703941894641,0,"normal","I",1000,500,0.5,0,0,0,FALSE,0,FALSE,"102","bs",200,0.5,1e+05,TRUE,469
10,0,0,0,10.5421040855515,7.70629867246754,13.3779094986355,21.1657482499823,18.7641165518829,23.5673799480818,10.2701950661483,0,25.2350347358235,0,"normal","I",1000,500,0.5,0,0,0,FALSE,0,FALSE,"102","bs",200,0.5,1e+05,TRUE,469
10,0,0,0,10.5421040855515,7.70629867246754,13.3779094986355,19.8703786984746,17.5402783583939,22.2004790385553,10.2701950661483,0,22.047359781699,0,"normal","I",1000,500,0.5,0,0,0,FALSE,0,FALSE,"102","bs",200,0.5,1e+05,TRUE,469
10,0,0,0,10.5421040855515,7.70629867246754,13.3779094986355,21.3309570165939,18.9769255538391,23.6849884793486,10.2701950661483,0,24.0407632141785,0,"normal","I",1000,500,0.5,0,0,0,FALSE,0,FALSE,"102","bs",200,0.5,1e+05,TRUE,469
10,0,0,0,10.5421040855515,7.70629867246754,13.3779094986355,19.6089486485182,17.31654759312,21.9013497039164,10.2701950661483,0,24.9745756977653,0,"normal","I",1000,500,0.5,0,0,0,FALSE,0,FALSE,"102","bs",200,0.5,1e+05,TRUE,469
10,0,0,0,10.5421040855515,7.70629867246754,13.3779094986355,20.1649853247718,17.9726075727604,22.3573630767832,10.2701950661483,0,22.6438827932182,0,"normal","I",1000,500,0.5,0,0,0,FALSE,0,FALSE,"102","bs",200,0.5,1e+05,TRUE,469
10,0,0,0,10.5421040855515,7.70629867246754,13.3779094986355,18.4456298688811,16.4138926401297,20.4773670976324,10.2701950661483,0,21.6782383320815,0,"normal","I",1000,500,0.5,0,0,0,FALSE,0,FALSE,"102","bs",200,0.5,1e+05,TRUE,469
10,0,0,0,10.5421040855515,7.70629867246754,13.3779094986355,21.7198332926224,19.2837831740203,24.1558834112244,10.2701950661483,0,25.399435466977,0,"normal","I",1000,500,0.5,0,0,0,FALSE,0,FALSE,"102","bs",200,0.5,1e+05,TRUE,469
10,0,0,0,10.5421040855515,7.70629867246754,13.3779094986355,17.1440996087772,15.1887237825764,19.099475434978,10.2701950661483,0,21.5462759274526,0,"normal","I",1000,500,0.5,0,0,0,FALSE,0,FALSE,"102","bs",200,0.5,1e+05,TRUE,469
10,0,0,0,10.5421040855515,7.70629867246754,13.3779094986355,18.6975997061043,16.5197042195099,20.8754951926986,10.2701950661483,0,22.5497313790714,0,"normal","I",1000,500,0.5,0,0,0,FALSE,0,FALSE,"102","bs",200,0.5,1e+05,TRUE,469
10,0,0,0,10.5421040855515,7.70629867246754,13.3779094986355,17.7685384563086,15.7351252548341,19.8019516577831,10.2701950661483,0,22.3782241563877,0,"normal","I",1000,500,0.5,0,0,0,FALSE,0,FALSE,"102","bs",200,0.5,1e+05,TRUE,469
10,0,0,0,10.5421040855515,7.70629867246754,13.3779094986355,21.6928205052762,19.1777100956112,24.2079309149412,10.2701950661483,0,25.2337367130125,0,"normal","I",1000,500,0.5,0,0,0,FALSE,0,FALSE,"102","bs",200,0.5,1e+05,TRUE,469
10,0,0,0,10.5421040855515,7.70629867246754,13.3779094986355,21.9385131818657,19.634944449795,24.2420819139364,10.2701950661483,0,25.6291995602698,0,"normal","I",1000,500,0.5,0,0,0,FALSE,0,FALSE,"102","bs",200,0.5,1e+05,TRUE,469
10,0,0,0,10.5421040855515,7.70629867246754,13.3779094986355,18.611523159641,16.4383188147593,20.7847275045227,10.2701950661483,0,22.489311075808,0,"normal","I",1000,500,0.5,0,0,0,FALSE,0,FALSE,"102","bs",200,0.5,1e+05,TRUE,469
10,0,0,0,10.5421040855515,7.70629867246754,13.3779094986355,20.3987475009609,18.0761423796146,22.7213526223072,10.2701950661483,0,25.1665206440875,0,"normal","I",1000,500,0.5,0,0,0,FALSE,0,FALSE,"102","bs",200,0.5,1e+05,TRUE,469
10,0,0,0,10.5421040855515,7.70629867246754,13.3779094986355,20.3219977086962,18.049399209192,22.5945962082005,10.2701950661483,0,24.0485961002575,0,"normal","I",1000,500,0.5,0,0,0,FALSE,0,FALSE,"102","bs",200,0.5,1e+05,TRUE,469
10,0,0,0,10.5421040855515,7.70629867246754,13.3779094986355,20.3653903746537,18.1226784689529,22.6081022803545,10.2701950661483,0,23.4765213171615,0,"normal","I",1000,500,0.5,0,0,0,FALSE,0,FALSE,"102","bs",200,0.5,1e+05,TRUE,469
10,0,0,0,10.5421040855515,7.70629867246754,13.3779094986355,19.1513543507605,17.0479153557513,21.2547933457696,10.2701950661483,0,23.157603509792,0,"normal","I",1000,500,0.5,0,0,0,FALSE,0,FALSE,"102","bs",200,0.5,1e+05,TRUE,469
10,0,0,0,10.5421040855515,7.70629867246754,13.3779094986355,19.6535701669884,17.4343377580437,21.8728025759331,10.2701950661483,0,25.1694776663073,0,"normal","I",1000,500,0.5,0,0,0,FALSE,0,FALSE,"102","bs",200,0.5,1e+05,TRUE,469
10,0,0,0,10.5421040855515,7.70629867246754,13.3779094986355,21.8631045604529,19.4633898929157,24.26281922799,10.2701950661483,0,24.3161131786542,0,"normal","I",1000,500,0.5,0,0,0,FALSE,0,FALSE,"102","bs",200,0.5,1e+05,TRUE,469
10,0,0,0,10.5421040855515,7.70629867246754,13.3779094986355,21.1571172500105,18.7371217015361,23.5771127984849,10.2701950661483,0,27.8277096802777,0,"normal","I",1000,500,0.5,0,0,0,FALSE,0,FALSE,"102","bs",200,0.5,1e+05,TRUE,469
10,0,0,0,10.5421040855515,7.70629867246754,13.3779094986355,21.6544619396534,19.3265768718792,23.9823470074275,10.2701950661483,0,26.0282215904195,0,"normal","I",1000,500,0.5,0,0,0,FALSE,0,FALSE,"102","bs",200,0.5,1e+05,TRUE,469
10,0,0,0,10.5421040855515,7.70629867246754,13.3779094986355,20.039219552701,17.7679574996715,22.3104816057306,10.2701950661483,0,23.2283110020611,0,"normal","I",1000,500,0.5,0,0,0,FALSE,0,FALSE,"102","bs",200,0.5,1e+05,TRUE,469
10,0,0,0,10.5421040855515,7.70629867246754,13.3779094986355,19.6438614689251,17.4960073799185,21.7917155579316,10.2701950661483,0,25.9471724234503,0,"normal","I",1000,500,0.5,0,0,0,FALSE,0,FALSE,"102","bs",200,0.5,1e+05,TRUE,469
10,0,0,0,10.5421040855515,7.70629867246754,13.3779094986355,17.9956956546138,15.8833083113725,20.108082997855,10.2701950661483,0,24.4413713302916,0,"normal","I",1000,500,0.5,0,0,0,FALSE,0,FALSE,"102","bs",200,0.5,1e+05,TRUE,469
10,0,0,0,10.5421040855515,7.70629867246754,13.3779094986355,20.3471671002678,18.1226092683044,22.5717249322312,10.2701950661483,0,24.7308766501043,0,"normal","I",1000,500,0.5,0,0,0,FALSE,0,FALSE,"102","bs",200,0.5,1e+05,TRUE,469
10,0,0,0,10.5421040855515,7.70629867246754,13.3779094986355,19.8524884379083,17.6691095793918,22.0358672964247,10.2701950661483,0,24.6359393228642,0,"normal","I",1000,500,0.5,0,0,0,FALSE,0,FALSE,"102","bs",200,0.5,1e+05,TRUE,469
10,0,0,0,10.5421040855515,7.70629867246754,13.3779094986355,20.5524364377527,18.1611405798072,22.9437322956982,10.2701950661483,0,24.6365720241464,0,"normal","I",1000,500,0.5,0,0,0,FALSE,0,FALSE,"102","bs",200,0.5,1e+05,TRUE,469
10,0,0,0,10.5421040855515,7.70629867246754,13.3779094986355,21.6994191318435,19.2755640749035,24.1232741887835,10.2701950661483,0,24.7159423967595,0,"normal","I",1000,500,0.5,0,0,0,FALSE,0,FALSE,"102","bs",200,0.5,1e+05,TRUE,469
10,0,0,0,10.5421040855515,7.70629867246754,13.3779094986355,21.5420532301109,19.0733893877848,24.010717072437,10.2701950661483,0,25.0499525318664,0,"normal","I",1000,500,0.5,0,0,0,FALSE,0,FALSE,"102","bs",200,0.5,1e+05,TRUE,469
10,0,0,0,10.5421040855515,7.70629867246754,13.3779094986355,20.278294640645,17.9545951745422,22.6019941067478,10.2701950661483,0,24.2895886488286,0,"normal","I",1000,500,0.5,0,0,0,FALSE,0,FALSE,"102","bs",200,0.5,1e+05,TRUE,469
10,0,0,0,10.5421040855515,7.70629867246754,13.3779094986355,18.6175248075993,16.5997443014036,20.6353053137949,10.2701950661483,0,23.3886115867834,0,"normal","I",1000,500,0.5,0,0,0,FALSE,0,FALSE,"102","bs",200,0.5,1e+05,TRUE,469
10,0,0,0,10.5421040855515,7.70629867246754,13.3779094986355,20.4689574780727,18.1635615302875,22.7743534258578,10.2701950661483,0,25.9415368041754,0,"normal","I",1000,500,0.5,0,0,0,FALSE,0,FALSE,"102","bs",200,0.5,1e+05,TRUE,469
10,0,0,0,10.5421040855515,7.70629867246754,13.3779094986355,22.5289151772847,20.0241570759991,25.0336732785702,10.2701950661483,0,26.1330781698438,0,"normal","I",1000,500,0.5,0,0,0,FALSE,0,FALSE,"102","bs",200,0.5,1e+05,TRUE,469
10,0,0,0,10.5421040855515,7.70629867246754,13.3779094986355,20.6207304773675,18.3354643966353,22.9059965580996,10.2701950661483,0,24.521204717926,0,"normal","I",1000,500,0.5,0,0,0,FALSE,0,FALSE,"102","bs",200,0.5,1e+05,TRUE,469
10,0,0,0,10.5421040855515,7.70629867246754,13.3779094986355,21.3172478621717,18.9426260148658,23.6918697094777,10.2701950661483,0,23.9148119550265,0,"normal","I",1000,500,0.5,0,0,0,FALSE,0,FALSE,"102","bs",200,0.5,1e+05,TRUE,469
10,0,0,0,10.5421040855515,7.70629867246754,13.3779094986355,19.5242422357129,17.3736097497056,21.6748747217201,10.2701950661483,0,23.7688314962397,0,"normal","I",1000,500,0.5,0,0,0,FALSE,0,FALSE,"102","bs",200,0.5,1e+05,TRUE,469
10,0,0,0,10.5421040855515,7.70629867246754,13.3779094986355,19.7483626756775,17.3857977489449,22.11092760241,10.2701950661483,0,25.3854161620205,0,"normal","I",1000,500,0.5,0,0,0,FALSE,0,FALSE,"102","bs",200,0.5,1e+05,TRUE,469
10,0,0,0,10.5421040855515,7.70629867246754,13.3779094986355,21.7016304964867,19.2900463903251,24.1132146026483,10.2701950661483,0,24.1182885715073,0,"normal","I",1000,500,0.5,0,0,0,FALSE,0,FALSE,"102","bs",200,0.5,1e+05,TRUE,469
10,0,0,0,10.5421040855515,7.70629867246754,13.3779094986355,21.5624820373364,19.0104668989963,24.1144971756766,10.2701950661483,0,24.9097238632172,0,"normal","I",1000,500,0.5,0,0,0,FALSE,0,FALSE,"102","bs",200,0.5,1e+05,TRUE,469
10,0,0,0,10.5421040855515,7.70629867246754,13.3779094986355,19.9230847490513,17.7046895218901,22.1414799762125,10.2701950661483,0,24.500968212475,0,"normal","I",1000,500,0.5,0,0,0,FALSE,0,FALSE,"102","bs",200,0.5,1e+05,TRUE,469
10,0,0,0,10.5421040855515,7.70629867246754,13.3779094986355,18.8791280837522,16.6735948010011,21.0846613665033,10.2701950661483,0,24.1748058931092,0,"normal","I",1000,500,0.5,0,0,0,FALSE,0,FALSE,"102","bs",200,0.5,1e+05,TRUE,469
10,0,0,0,10.5421040855515,7.70629867246754,13.3779094986355,22.6082403172692,20.1411651824836,25.0753154520548,10.2701950661483,0,25.8705739193356,0,"normal","I",1000,500,0.5,0,0,0,FALSE,0,FALSE,"102","bs",200,0.5,1e+05,TRUE,469
10,0,0,0,10.5421040855515,7.70629867246754,13.3779094986355,20.2382225442689,17.9100045385177,22.56644055002,10.2701950661483,0,22.3142158099903,0,"normal","I",1000,500,0.5,0,0,0,FALSE,0,FALSE,"102","bs",200,0.5,1e+05,TRUE,469
10,0,0,0,10.5421040855515,7.70629867246754,13.3779094986355,21.336615103326,18.8023324960697,23.8708977105823,10.2701950661483,0,26.2629676985447,0,"normal","I",1000,500,0.5,0,0,0,FALSE,0,FALSE,"102","bs",200,0.5,1e+05,TRUE,469
10,0,0,0,10.5421040855515,7.70629867246754,13.3779094986355,19.8883470038967,17.6333116534668,22.1433823543266,10.2701950661483,0,24.9045861614654,0,"normal","I",1000,500,0.5,0,0,0,FALSE,0,FALSE,"102","bs",200,0.5,1e+05,TRUE,469
10,0,0,0,10.5421040855515,7.70629867246754,13.3779094986355,20.6514386977191,18.3548214760385,22.9480559193997,10.2701950661483,0,25.5932648517307,0,"normal","I",1000,500,0.5,0,0,0,FALSE,0,FALSE,"102","bs",200,0.5,1e+05,TRUE,469
10,0,0,0,10.5421040855515,7.70629867246754,13.3779094986355,19.7842929836231,17.5999702470681,21.9686157201782,10.2701950661483,0,23.2895657142263,0,"normal","I",1000,500,0.5,0,0,0,FALSE,0,FALSE,"102","bs",200,0.5,1e+05,TRUE,469
10,0,0,0,10.5421040855515,7.70629867246754,13.3779094986355,21.5419089549364,19.1853806495012,23.8984372603717,10.2701950661483,0,24.7852459561175,0,"normal","I",1000,500,0.5,0,0,0,FALSE,0,FALSE,"102","bs",200,0.5,1e+05,TRUE,469
10,0,0,0,10.5421040855515,7.70629867246754,13.3779094986355,18.021271178589,15.9225108501913,20.1200315069867,10.2701950661483,0,20.7157233567185,0,"normal","I",1000,500,0.5,0,0,0,FALSE,0,FALSE,"102","bs",200,0.5,1e+05,TRUE,469
10,0,0,0,10.5421040855515,7.70629867246754,13.3779094986355,19.4553541643098,17.1209736033382,21.7897347252814,10.2701950661483,0,24.7447043850439,0,"normal","I",1000,500,0.5,0,0,0,FALSE,0,FALSE,"102","bs",200,0.5,1e+05,TRUE,469
10,0,0,0,10.5421040855515,7.70629867246754,13.3779094986355,21.9402240387597,19.5453363963712,24.3351116811481,10.2701950661483,0,25.5123583645788,0,"normal","I",1000,500,0.5,0,0,0,FALSE,0,FALSE,"102","bs",200,0.5,1e+05,TRUE,469
10,0,0,0,10.5421040855515,7.70629867246754,13.3779094986355,22.3660153155369,19.8273483070083,24.9046823240655,10.2701950661483,0,25.1042556460076,0,"normal","I",1000,500,0.5,0,0,0,FALSE,0,FALSE,"102","bs",200,0.5,1e+05,TRUE,469
10,0,0,0,10.5421040855515,7.70629867246754,13.3779094986355,19.8397666380509,17.5478050721885,22.1317282039133,10.2701950661483,0,23.1087624232299,0,"normal","I",1000,500,0.5,0,0,0,FALSE,0,FALSE,"102","bs",200,0.5,1e+05,TRUE,469
10,0,0,0,10.5421040855515,7.70629867246754,13.3779094986355,19.7045970757778,17.5123294080652,21.8968647434903,10.2701950661483,0,24.3026858469155,0,"normal","I",1000,500,0.5,0,0,0,FALSE,0,FALSE,"102","bs",200,0.5,1e+05,TRUE,469
10,0,0,0,10.5421040855515,7.70629867246754,13.3779094986355,19.817268265427,17.6859665368904,21.9485699939636,10.2701950661483,0,21.6404912713393,0,"normal","I",1000,500,0.5,0,0,0,FALSE,0,FALSE,"102","bs",200,0.5,1e+05,TRUE,469
10,0,0,0,10.5421040855515,7.70629867246754,13.3779094986355,19.7499722999439,17.3868399748092,22.1131046250785,10.2701950661483,0,24.8707354605455,0,"normal","I",1000,500,0.5,0,0,0,FALSE,0,FALSE,"102","bs",200,0.5,1e+05,TRUE,469
10,0,0,0,10.5421040855515,7.70629867246754,13.3779094986355,19.2583583690965,17.1746870807452,21.3420296574477,10.2701950661483,0,23.3218136822247,0,"normal","I",1000,500,0.5,0,0,0,FALSE,0,FALSE,"102","bs",200,0.5,1e+05,TRUE,469
10,0,0,0,10.5421040855515,7.70629867246754,13.3779094986355,21.7075741091009,19.3752725673796,24.0398756508221,10.2701950661483,0,25.7252879839418,0,"normal","I",1000,500,0.5,0,0,0,FALSE,0,FALSE,"102","bs",200,0.5,1e+05,TRUE,469
10,0,0,0,10.5421040855515,7.70629867246754,13.3779094986355,20.366855725994,18.010378332536,22.723333119452,10.2701950661483,0,23.4166115560209,0,"normal","I",1000,500,0.5,0,0,0,FALSE,0,FALSE,"102","bs",200,0.5,1e+05,TRUE,469
10,0,0,0,10.5421040855515,7.70629867246754,13.3779094986355,19.9005976786957,17.7059696709103,22.0952256864811,10.2701950661483,0,23.6440254956123,0,"normal","I",1000,500,0.5,0,0,0,FALSE,0,FALSE,"102","bs",200,0.5,1e+05,TRUE,469
10,0,0,0,10.5421040855515,7.70629867246754,13.3779094986355,20.6784650350799,18.3235806859116,23.0333493842481,10.2701950661483,0,26.1749384206258,0,"normal","I",1000,500,0.5,0,0,0,FALSE,0,FALSE,"102","bs",200,0.5,1e+05,TRUE,469
10,0,0,0,10.5421040855515,7.70629867246754,13.3779094986355,20.6046423124643,18.2988630141453,22.9104216107833,10.2701950661483,0,26.2666818065466,0,"normal","I",1000,500,0.5,0,0,0,FALSE,0,FALSE,"102","bs",200,0.5,1e+05,TRUE,469
10,0,0,0,10.5421040855515,7.70629867246754,13.3779094986355,17.4131857248803,15.2722298027582,19.5541416470025,10.2701950661483,0,24.7608755575517,0,"normal","I",1000,500,0.5,0,0,0,FALSE,0,FALSE,"102","bs",200,0.5,1e+05,TRUE,469
10,0,0,0,10.5421040855515,7.70629867246754,13.3779094986355,19.49686471957,17.1866254651202,21.8071039740197,10.2701950661483,0,22.9690006815893,0,"normal","I",1000,500,0.5,0,0,0,FALSE,0,FALSE,"102","bs",200,0.5,1e+05,TRUE,469
10,0,0,0,10.5421040855515,7.70629867246754,13.3779094986355,20.629254027208,18.3996081847854,22.8588998696306,10.2701950661483,0,23.5584845155901,0,"normal","I",1000,500,0.5,0,0,0,FALSE,0,FALSE,"102","bs",200,0.5,1e+05,TRUE,469
10,0,0,0,10.5421040855515,7.70629867246754,13.3779094986355,21.5954316287324,19.0514796314425,24.1393836260222,10.2701950661483,0,25.5397195549295,0,"normal","I",1000,500,0.5,0,0,0,FALSE,0,FALSE,"102","bs",200,0.5,1e+05,TRUE,469
10,0,0,0,10.5421040855515,7.70629867246754,13.3779094986355,20.1021345603025,17.8845215389744,22.3197475816305,10.2701950661483,0,23.7192275473176,0,"normal","I",1000,500,0.5,0,0,0,FALSE,0,FALSE,"102","bs",200,0.5,1e+05,TRUE,469
10,0,0,0,10.5421040855515,7.70629867246754,13.3779094986355,19.8796807893045,17.6674166367819,22.0919449418271,10.2701950661483,0,24.1183483518236,0,"normal","I",1000,500,0.5,0,0,0,FALSE,0,FALSE,"102","bs",200,0.5,1e+05,TRUE,469
10,0,0,0,10.5421040855515,7.70629867246754,13.3779094986355,20.6574471899162,18.2828763516661,23.0320180281663,10.2701950661483,0,25.2550803176347,0,"normal","I",1000,500,0.5,0,0,0,FALSE,0,FALSE,"102","bs",200,0.5,1e+05,TRUE,469
10,0,0,0,10.5421040855515,7.70629867246754,13.3779094986355,23.1790170448318,20.5985682437256,25.7594658459379,10.2701950661483,0,26.037169434321,0,"normal","I",1000,500,0.5,0,0,0,FALSE,0,FALSE,"102","bs",200,0.5,1e+05,TRUE,469
10,0,0,0,10.5421040855515,7.70629867246754,13.3779094986355,21.1496420073486,18.8056009389894,23.4936830757077,10.2701950661483,0,26.0640864258333,0,"normal","I",1000,500,0.5,0,0,0,FALSE,0,FALSE,"102","bs",200,0.5,1e+05,TRUE,469
10,0,0,0,10.5421040855515,7.70629867246754,13.3779094986355,17.732185910681,15.82314331421,19.641228507152,10.2701950661483,0,22.733369051602,0,"normal","I",1000,500,0.5,0,0,0,FALSE,0,FALSE,"102","bs",200,0.5,1e+05,TRUE,469
10,0,0,0,10.5421040855515,7.70629867246754,13.3779094986355,19.302657936329,16.9738527235039,21.6314631491541,10.2701950661483,0,25.2214589990409,0,"normal","I",1000,500,0.5,0,0,0,FALSE,0,FALSE,"102","bs",200,0.5,1e+05,TRUE,469
10,0,0,0,10.5421040855515,7.70629867246754,13.3779094986355,18.4405615226197,16.3425741180573,20.5385489271821,10.2701950661483,0,22.1397481917381,0,"normal","I",1000,500,0.5,0,0,0,FALSE,0,FALSE,"102","bs",200,0.5,1e+05,TRUE,469
10,0,0,0,10.5421040855515,7.70629867246754,13.3779094986355,19.298570007051,17.1083644095916,21.4887756045103,10.2701950661483,0,21.571318907441,0,"normal","I",1000,500,0.5,0,0,0,FALSE,0,FALSE,"102","bs",200,0.5,1e+05,TRUE,469
10,0,0,0,10.5421040855515,7.70629867246754,13.3779094986355,20.3129775733687,17.9210296970425,22.7049254496948,10.2701950661483,0,23.7584120229943,0,"normal","I",1000,500,0.5,0,0,0,FALSE,0,FALSE,"102","bs",200,0.5,1e+05,TRUE,469
10,0,0,0,10.5421040855515,7.70629867246754,13.3779094986355,21.0588679391315,18.8425022035506,23.2752336747124,10.2701950661483,0,24.2660340391293,0,"normal","I",1000,500,0.5,0,0,0,FALSE,0,FALSE,"102","bs",200,0.5,1e+05,TRUE,469
10,0,0,0,10.5421040855515,7.70629867246754,13.3779094986355,19.7299808152182,17.4251680133585,22.0347936170778,10.2701950661483,0,25.3204715833005,0,"normal","I",1000,500,0.5,0,0,0,FALSE,0,FALSE,"102","bs",200,0.5,1e+05,TRUE,469
10,0,0,0,10.5421040855515,7.70629867246754,13.3779094986355,20.8952094938847,18.4783990745226,23.3120199132469,10.2701950661483,0,25.9751837415119,0,"normal","I",1000,500,0.5,0,0,0,FALSE,0,FALSE,"102","bs",200,0.5,1e+05,TRUE,469
10,0,0,0,10.5421040855515,7.70629867246754,13.3779094986355,19.0648664677199,16.9043428090347,21.2253901264051,10.2701950661483,0,23.4786909040477,0,"normal","I",1000,500,0.5,0,0,0,FALSE,0,FALSE,"102","bs",200,0.5,1e+05,TRUE,469
10,0,0,0,10.5421040855515,7.70629867246754,13.3779094986355,19.3128988877178,17.0812882757924,21.5445094996431,10.2701950661483,0,25.6715301137976,0,"normal","I",1000,500,0.5,0,0,0,FALSE,0,FALSE,"102","bs",200,0.5,1e+05,TRUE,469
10,0,0,0,10.5421040855515,7.70629867246754,13.3779094986355,20.2947125160199,17.9298820427584,22.6595429892814,10.2701950661483,0,24.0106271082334,0,"normal","I",1000,500,0.5,0,0,0,FALSE,0,FALSE,"102","bs",200,0.5,1e+05,TRUE,469
10,0,0,0,10.5421040855515,7.70629867246754,13.3779094986355,20.7676888516165,18.429153885091,23.1062238181421,10.2701950661483,0,23.6609897219387,0,"normal","I",1000,500,0.5,0,0,0,FALSE,0,FALSE,"102","bs",200,0.5,1e+05,TRUE,469
10,0,0,0,10.5421040855515,7.70629867246754,13.3779094986355,22.986753013651,20.36947926449,25.6040267628121,10.2701950661483,0,26.1955419696363,0,"normal","I",1000,500,0.5,0,0,0,FALSE,0,FALSE,"102","bs",200,0.5,1e+05,TRUE,469
10,0,0,0,10.5421040855515,7.70629867246754,13.3779094986355,20.4949103536055,18.2267004112283,22.7631202959827,10.2701950661483,0,23.6443146397672,0,"normal","I",1000,500,0.5,0,0,0,FALSE,0,FALSE,"102","bs",200,0.5,1e+05,TRUE,469
