"var_main_effect","var_inter_effect","cov_main_inter_effect","var_total_effect","EigenPrism_total","EigenPrism_CI1","EigenPrism_CI2","sub_EigenPrism_total","sub_EigenPrism_CI1","sub_EigenPrism_CI2","GCTA_total","GCTA_inter","sub_GCTA_total","sub_GCTA_inter","x_dist","structure","p","n","main_fixed_var","main_random_var","inter_fixed_var","inter_random_var","decor","interact","combine","pro","bs","n_sub","rho_e","emp_n","inter_std","i"
8,2,-0.00134727593134647,9.99730544813731,NA,NA,NA,NA,NA,NA,14.2664739463425,0,14.3028333301121,0,"normal","I",23,300,0.5,0,0.1,0,FALSE,0,TRUE,101,"leave-1",300,0.5,1e+05,FALSE,55
8,2,-0.00134727593134647,9.99730544813731,NA,NA,NA,NA,NA,NA,14.2664739463425,0,14.1319710984172,0,"normal","I",23,300,0.5,0,0.1,0,FALSE,0,TRUE,101,"leave-1",300,0.5,1e+05,FALSE,55
8,2,-0.00134727593134647,9.99730544813731,NA,NA,NA,NA,NA,NA,14.2664739463425,0,14.649110455156,0,"normal","I",23,300,0.5,0,0.1,0,FALSE,0,TRUE,101,"leave-1",300,0.5,1e+05,FALSE,55
8,2,-0.00134727593134647,9.99730544813731,NA,NA,NA,NA,NA,NA,14.2664739463425,0,14.6092223400017,0,"normal","I",23,300,0.5,0,0.1,0,FALSE,0,TRUE,101,"leave-1",300,0.5,1e+05,FALSE,55
8,2,-0.00134727593134647,9.99730544813731,NA,NA,NA,NA,NA,NA,14.2664739463425,0,14.2040514728379,0,"normal","I",23,300,0.5,0,0.1,0,FALSE,0,TRUE,101,"leave-1",300,0.5,1e+05,FALSE,55
8,2,-0.00134727593134647,9.99730544813731,NA,NA,NA,NA,NA,NA,14.2664739463425,0,14.3000242864231,0,"normal","I",23,300,0.5,0,0.1,0,FALSE,0,TRUE,101,"leave-1",300,0.5,1e+05,FALSE,55
8,2,-0.00134727593134647,9.99730544813731,NA,NA,NA,NA,NA,NA,14.2664739463425,0,14.5757803104738,0,"normal","I",23,300,0.5,0,0.1,0,FALSE,0,TRUE,101,"leave-1",300,0.5,1e+05,FALSE,55
8,2,-0.00134727593134647,9.99730544813731,NA,NA,NA,NA,NA,NA,14.2664739463425,0,14.1412802530024,0,"normal","I",23,300,0.5,0,0.1,0,FALSE,0,TRUE,101,"leave-1",300,0.5,1e+05,FALSE,55
8,2,-0.00134727593134647,9.99730544813731,NA,NA,NA,NA,NA,NA,14.2664739463425,0,14.3252670450267,0,"normal","I",23,300,0.5,0,0.1,0,FALSE,0,TRUE,101,"leave-1",300,0.5,1e+05,FALSE,55
8,2,-0.00134727593134647,9.99730544813731,NA,NA,NA,NA,NA,NA,14.2664739463425,0,14.510015430969,0,"normal","I",23,300,0.5,0,0.1,0,FALSE,0,TRUE,101,"leave-1",300,0.5,1e+05,FALSE,55
8,2,-0.00134727593134647,9.99730544813731,NA,NA,NA,NA,NA,NA,14.2664739463425,0,14.247560052633,0,"normal","I",23,300,0.5,0,0.1,0,FALSE,0,TRUE,101,"leave-1",300,0.5,1e+05,FALSE,55
8,2,-0.00134727593134647,9.99730544813731,NA,NA,NA,NA,NA,NA,14.2664739463425,0,14.5499308760412,0,"normal","I",23,300,0.5,0,0.1,0,FALSE,0,TRUE,101,"leave-1",300,0.5,1e+05,FALSE,55
8,2,-0.00134727593134647,9.99730544813731,NA,NA,NA,NA,NA,NA,14.2664739463425,0,14.425908639086,0,"normal","I",23,300,0.5,0,0.1,0,FALSE,0,TRUE,101,"leave-1",300,0.5,1e+05,FALSE,55
8,2,-0.00134727593134647,9.99730544813731,NA,NA,NA,NA,NA,NA,14.2664739463425,0,14.350429189155,0,"normal","I",23,300,0.5,0,0.1,0,FALSE,0,TRUE,101,"leave-1",300,0.5,1e+05,FALSE,55
8,2,-0.00134727593134647,9.99730544813731,NA,NA,NA,NA,NA,NA,14.2664739463425,0,14.322967358718,0,"normal","I",23,300,0.5,0,0.1,0,FALSE,0,TRUE,101,"leave-1",300,0.5,1e+05,FALSE,55
8,2,-0.00134727593134647,9.99730544813731,NA,NA,NA,NA,NA,NA,14.2664739463425,0,14.2613225782563,0,"normal","I",23,300,0.5,0,0.1,0,FALSE,0,TRUE,101,"leave-1",300,0.5,1e+05,FALSE,55
8,2,-0.00134727593134647,9.99730544813731,NA,NA,NA,NA,NA,NA,14.2664739463425,0,14.2528156140771,0,"normal","I",23,300,0.5,0,0.1,0,FALSE,0,TRUE,101,"leave-1",300,0.5,1e+05,FALSE,55
8,2,-0.00134727593134647,9.99730544813731,NA,NA,NA,NA,NA,NA,14.2664739463425,0,14.5408665332386,0,"normal","I",23,300,0.5,0,0.1,0,FALSE,0,TRUE,101,"leave-1",300,0.5,1e+05,FALSE,55
8,2,-0.00134727593134647,9.99730544813731,NA,NA,NA,NA,NA,NA,14.2664739463425,0,14.6219274365961,0,"normal","I",23,300,0.5,0,0.1,0,FALSE,0,TRUE,101,"leave-1",300,0.5,1e+05,FALSE,55
8,2,-0.00134727593134647,9.99730544813731,NA,NA,NA,NA,NA,NA,14.2664739463425,0,14.4570885645715,0,"normal","I",23,300,0.5,0,0.1,0,FALSE,0,TRUE,101,"leave-1",300,0.5,1e+05,FALSE,55
8,2,-0.00134727593134647,9.99730544813731,NA,NA,NA,NA,NA,NA,14.2664739463425,0,14.3768144954678,0,"normal","I",23,300,0.5,0,0.1,0,FALSE,0,TRUE,101,"leave-1",300,0.5,1e+05,FALSE,55
8,2,-0.00134727593134647,9.99730544813731,NA,NA,NA,NA,NA,NA,14.2664739463425,0,14.2446905107359,0,"normal","I",23,300,0.5,0,0.1,0,FALSE,0,TRUE,101,"leave-1",300,0.5,1e+05,FALSE,55
8,2,-0.00134727593134647,9.99730544813731,NA,NA,NA,NA,NA,NA,14.2664739463425,0,14.2455860049151,0,"normal","I",23,300,0.5,0,0.1,0,FALSE,0,TRUE,101,"leave-1",300,0.5,1e+05,FALSE,55
8,2,-0.00134727593134647,9.99730544813731,NA,NA,NA,NA,NA,NA,14.2664739463425,0,14.2929358424287,0,"normal","I",23,300,0.5,0,0.1,0,FALSE,0,TRUE,101,"leave-1",300,0.5,1e+05,FALSE,55
8,2,-0.00134727593134647,9.99730544813731,NA,NA,NA,NA,NA,NA,14.2664739463425,0,14.3977843200166,0,"normal","I",23,300,0.5,0,0.1,0,FALSE,0,TRUE,101,"leave-1",300,0.5,1e+05,FALSE,55
8,2,-0.00134727593134647,9.99730544813731,NA,NA,NA,NA,NA,NA,14.2664739463425,0,14.4636385304206,0,"normal","I",23,300,0.5,0,0.1,0,FALSE,0,TRUE,101,"leave-1",300,0.5,1e+05,FALSE,55
8,2,-0.00134727593134647,9.99730544813731,NA,NA,NA,NA,NA,NA,14.2664739463425,0,14.3745842153603,0,"normal","I",23,300,0.5,0,0.1,0,FALSE,0,TRUE,101,"leave-1",300,0.5,1e+05,FALSE,55
8,2,-0.00134727593134647,9.99730544813731,NA,NA,NA,NA,NA,NA,14.2664739463425,0,14.2494665359844,0,"normal","I",23,300,0.5,0,0.1,0,FALSE,0,TRUE,101,"leave-1",300,0.5,1e+05,FALSE,55
8,2,-0.00134727593134647,9.99730544813731,NA,NA,NA,NA,NA,NA,14.2664739463425,0,14.2874870940125,0,"normal","I",23,300,0.5,0,0.1,0,FALSE,0,TRUE,101,"leave-1",300,0.5,1e+05,FALSE,55
8,2,-0.00134727593134647,9.99730544813731,NA,NA,NA,NA,NA,NA,14.2664739463425,0,14.3803173322044,0,"normal","I",23,300,0.5,0,0.1,0,FALSE,0,TRUE,101,"leave-1",300,0.5,1e+05,FALSE,55
8,2,-0.00134727593134647,9.99730544813731,NA,NA,NA,NA,NA,NA,14.2664739463425,0,14.4116824615992,0,"normal","I",23,300,0.5,0,0.1,0,FALSE,0,TRUE,101,"leave-1",300,0.5,1e+05,FALSE,55
8,2,-0.00134727593134647,9.99730544813731,NA,NA,NA,NA,NA,NA,14.2664739463425,0,14.3079355543499,0,"normal","I",23,300,0.5,0,0.1,0,FALSE,0,TRUE,101,"leave-1",300,0.5,1e+05,FALSE,55
8,2,-0.00134727593134647,9.99730544813731,NA,NA,NA,NA,NA,NA,14.2664739463425,0,14.2322375005129,0,"normal","I",23,300,0.5,0,0.1,0,FALSE,0,TRUE,101,"leave-1",300,0.5,1e+05,FALSE,55
8,2,-0.00134727593134647,9.99730544813731,NA,NA,NA,NA,NA,NA,14.2664739463425,0,14.3249730536447,0,"normal","I",23,300,0.5,0,0.1,0,FALSE,0,TRUE,101,"leave-1",300,0.5,1e+05,FALSE,55
8,2,-0.00134727593134647,9.99730544813731,NA,NA,NA,NA,NA,NA,14.2664739463425,0,14.3556086590463,0,"normal","I",23,300,0.5,0,0.1,0,FALSE,0,TRUE,101,"leave-1",300,0.5,1e+05,FALSE,55
8,2,-0.00134727593134647,9.99730544813731,NA,NA,NA,NA,NA,NA,14.2664739463425,0,14.2820893265164,0,"normal","I",23,300,0.5,0,0.1,0,FALSE,0,TRUE,101,"leave-1",300,0.5,1e+05,FALSE,55
8,2,-0.00134727593134647,9.99730544813731,NA,NA,NA,NA,NA,NA,14.2664739463425,0,13.5314889386904,0,"normal","I",23,300,0.5,0,0.1,0,FALSE,0,TRUE,101,"leave-1",300,0.5,1e+05,FALSE,55
8,2,-0.00134727593134647,9.99730544813731,NA,NA,NA,NA,NA,NA,14.2664739463425,0,14.215373117621,0,"normal","I",23,300,0.5,0,0.1,0,FALSE,0,TRUE,101,"leave-1",300,0.5,1e+05,FALSE,55
8,2,-0.00134727593134647,9.99730544813731,NA,NA,NA,NA,NA,NA,14.2664739463425,0,14.0947469129087,0,"normal","I",23,300,0.5,0,0.1,0,FALSE,0,TRUE,101,"leave-1",300,0.5,1e+05,FALSE,55
8,2,-0.00134727593134647,9.99730544813731,NA,NA,NA,NA,NA,NA,14.2664739463425,0,14.2649592960076,0,"normal","I",23,300,0.5,0,0.1,0,FALSE,0,TRUE,101,"leave-1",300,0.5,1e+05,FALSE,55
8,2,-0.00134727593134647,9.99730544813731,NA,NA,NA,NA,NA,NA,14.2664739463425,0,14.2928390713804,0,"normal","I",23,300,0.5,0,0.1,0,FALSE,0,TRUE,101,"leave-1",300,0.5,1e+05,FALSE,55
8,2,-0.00134727593134647,9.99730544813731,NA,NA,NA,NA,NA,NA,14.2664739463425,0,14.222748256201,0,"normal","I",23,300,0.5,0,0.1,0,FALSE,0,TRUE,101,"leave-1",300,0.5,1e+05,FALSE,55
8,2,-0.00134727593134647,9.99730544813731,NA,NA,NA,NA,NA,NA,14.2664739463425,0,14.1860278400438,0,"normal","I",23,300,0.5,0,0.1,0,FALSE,0,TRUE,101,"leave-1",300,0.5,1e+05,FALSE,55
8,2,-0.00134727593134647,9.99730544813731,NA,NA,NA,NA,NA,NA,14.2664739463425,0,13.9292931343988,0,"normal","I",23,300,0.5,0,0.1,0,FALSE,0,TRUE,101,"leave-1",300,0.5,1e+05,FALSE,55
8,2,-0.00134727593134647,9.99730544813731,NA,NA,NA,NA,NA,NA,14.2664739463425,0,14.6346193705857,0,"normal","I",23,300,0.5,0,0.1,0,FALSE,0,TRUE,101,"leave-1",300,0.5,1e+05,FALSE,55
8,2,-0.00134727593134647,9.99730544813731,NA,NA,NA,NA,NA,NA,14.2664739463425,0,14.5189663491301,0,"normal","I",23,300,0.5,0,0.1,0,FALSE,0,TRUE,101,"leave-1",300,0.5,1e+05,FALSE,55
8,2,-0.00134727593134647,9.99730544813731,NA,NA,NA,NA,NA,NA,14.2664739463425,0,14.4432569966582,0,"normal","I",23,300,0.5,0,0.1,0,FALSE,0,TRUE,101,"leave-1",300,0.5,1e+05,FALSE,55
8,2,-0.00134727593134647,9.99730544813731,NA,NA,NA,NA,NA,NA,14.2664739463425,0,14.5289804083048,0,"normal","I",23,300,0.5,0,0.1,0,FALSE,0,TRUE,101,"leave-1",300,0.5,1e+05,FALSE,55
8,2,-0.00134727593134647,9.99730544813731,NA,NA,NA,NA,NA,NA,14.2664739463425,0,14.1437490741298,0,"normal","I",23,300,0.5,0,0.1,0,FALSE,0,TRUE,101,"leave-1",300,0.5,1e+05,FALSE,55
8,2,-0.00134727593134647,9.99730544813731,NA,NA,NA,NA,NA,NA,14.2664739463425,0,14.2562375491692,0,"normal","I",23,300,0.5,0,0.1,0,FALSE,0,TRUE,101,"leave-1",300,0.5,1e+05,FALSE,55
8,2,-0.00134727593134647,9.99730544813731,NA,NA,NA,NA,NA,NA,14.2664739463425,0,14.149963369915,0,"normal","I",23,300,0.5,0,0.1,0,FALSE,0,TRUE,101,"leave-1",300,0.5,1e+05,FALSE,55
8,2,-0.00134727593134647,9.99730544813731,NA,NA,NA,NA,NA,NA,14.2664739463425,0,14.4096569117124,0,"normal","I",23,300,0.5,0,0.1,0,FALSE,0,TRUE,101,"leave-1",300,0.5,1e+05,FALSE,55
8,2,-0.00134727593134647,9.99730544813731,NA,NA,NA,NA,NA,NA,14.2664739463425,0,14.2421765526169,0,"normal","I",23,300,0.5,0,0.1,0,FALSE,0,TRUE,101,"leave-1",300,0.5,1e+05,FALSE,55
8,2,-0.00134727593134647,9.99730544813731,NA,NA,NA,NA,NA,NA,14.2664739463425,0,14.3400053718263,0,"normal","I",23,300,0.5,0,0.1,0,FALSE,0,TRUE,101,"leave-1",300,0.5,1e+05,FALSE,55
8,2,-0.00134727593134647,9.99730544813731,NA,NA,NA,NA,NA,NA,14.2664739463425,0,14.3573161407134,0,"normal","I",23,300,0.5,0,0.1,0,FALSE,0,TRUE,101,"leave-1",300,0.5,1e+05,FALSE,55
8,2,-0.00134727593134647,9.99730544813731,NA,NA,NA,NA,NA,NA,14.2664739463425,0,14.231021337488,0,"normal","I",23,300,0.5,0,0.1,0,FALSE,0,TRUE,101,"leave-1",300,0.5,1e+05,FALSE,55
8,2,-0.00134727593134647,9.99730544813731,NA,NA,NA,NA,NA,NA,14.2664739463425,0,14.3016701535734,0,"normal","I",23,300,0.5,0,0.1,0,FALSE,0,TRUE,101,"leave-1",300,0.5,1e+05,FALSE,55
8,2,-0.00134727593134647,9.99730544813731,NA,NA,NA,NA,NA,NA,14.2664739463425,0,14.1150088663152,0,"normal","I",23,300,0.5,0,0.1,0,FALSE,0,TRUE,101,"leave-1",300,0.5,1e+05,FALSE,55
8,2,-0.00134727593134647,9.99730544813731,NA,NA,NA,NA,NA,NA,14.2664739463425,0,14.4110335856667,0,"normal","I",23,300,0.5,0,0.1,0,FALSE,0,TRUE,101,"leave-1",300,0.5,1e+05,FALSE,55
8,2,-0.00134727593134647,9.99730544813731,NA,NA,NA,NA,NA,NA,14.2664739463425,0,14.4726070248635,0,"normal","I",23,300,0.5,0,0.1,0,FALSE,0,TRUE,101,"leave-1",300,0.5,1e+05,FALSE,55
8,2,-0.00134727593134647,9.99730544813731,NA,NA,NA,NA,NA,NA,14.2664739463425,0,14.7087445046933,0,"normal","I",23,300,0.5,0,0.1,0,FALSE,0,TRUE,101,"leave-1",300,0.5,1e+05,FALSE,55
8,2,-0.00134727593134647,9.99730544813731,NA,NA,NA,NA,NA,NA,14.2664739463425,0,14.1380327350554,0,"normal","I",23,300,0.5,0,0.1,0,FALSE,0,TRUE,101,"leave-1",300,0.5,1e+05,FALSE,55
8,2,-0.00134727593134647,9.99730544813731,NA,NA,NA,NA,NA,NA,14.2664739463425,0,14.4027534651538,0,"normal","I",23,300,0.5,0,0.1,0,FALSE,0,TRUE,101,"leave-1",300,0.5,1e+05,FALSE,55
8,2,-0.00134727593134647,9.99730544813731,NA,NA,NA,NA,NA,NA,14.2664739463425,0,15.099293921822,0,"normal","I",23,300,0.5,0,0.1,0,FALSE,0,TRUE,101,"leave-1",300,0.5,1e+05,FALSE,55
8,2,-0.00134727593134647,9.99730544813731,NA,NA,NA,NA,NA,NA,14.2664739463425,0,14.3045577097716,0,"normal","I",23,300,0.5,0,0.1,0,FALSE,0,TRUE,101,"leave-1",300,0.5,1e+05,FALSE,55
8,2,-0.00134727593134647,9.99730544813731,NA,NA,NA,NA,NA,NA,14.2664739463425,0,14.2323838959393,0,"normal","I",23,300,0.5,0,0.1,0,FALSE,0,TRUE,101,"leave-1",300,0.5,1e+05,FALSE,55
8,2,-0.00134727593134647,9.99730544813731,NA,NA,NA,NA,NA,NA,14.2664739463425,0,14.3526795855792,0,"normal","I",23,300,0.5,0,0.1,0,FALSE,0,TRUE,101,"leave-1",300,0.5,1e+05,FALSE,55
8,2,-0.00134727593134647,9.99730544813731,NA,NA,NA,NA,NA,NA,14.2664739463425,0,14.0150086657449,0,"normal","I",23,300,0.5,0,0.1,0,FALSE,0,TRUE,101,"leave-1",300,0.5,1e+05,FALSE,55
8,2,-0.00134727593134647,9.99730544813731,NA,NA,NA,NA,NA,NA,14.2664739463425,0,14.5041114048255,0,"normal","I",23,300,0.5,0,0.1,0,FALSE,0,TRUE,101,"leave-1",300,0.5,1e+05,FALSE,55
8,2,-0.00134727593134647,9.99730544813731,NA,NA,NA,NA,NA,NA,14.2664739463425,0,14.3944056397108,0,"normal","I",23,300,0.5,0,0.1,0,FALSE,0,TRUE,101,"leave-1",300,0.5,1e+05,FALSE,55
8,2,-0.00134727593134647,9.99730544813731,NA,NA,NA,NA,NA,NA,14.2664739463425,0,14.2044619081024,0,"normal","I",23,300,0.5,0,0.1,0,FALSE,0,TRUE,101,"leave-1",300,0.5,1e+05,FALSE,55
8,2,-0.00134727593134647,9.99730544813731,NA,NA,NA,NA,NA,NA,14.2664739463425,0,14.3221435409063,0,"normal","I",23,300,0.5,0,0.1,0,FALSE,0,TRUE,101,"leave-1",300,0.5,1e+05,FALSE,55
8,2,-0.00134727593134647,9.99730544813731,NA,NA,NA,NA,NA,NA,14.2664739463425,0,14.2783503921261,0,"normal","I",23,300,0.5,0,0.1,0,FALSE,0,TRUE,101,"leave-1",300,0.5,1e+05,FALSE,55
8,2,-0.00134727593134647,9.99730544813731,NA,NA,NA,NA,NA,NA,14.2664739463425,0,14.3024356919461,0,"normal","I",23,300,0.5,0,0.1,0,FALSE,0,TRUE,101,"leave-1",300,0.5,1e+05,FALSE,55
8,2,-0.00134727593134647,9.99730544813731,NA,NA,NA,NA,NA,NA,14.2664739463425,0,14.2225949539292,0,"normal","I",23,300,0.5,0,0.1,0,FALSE,0,TRUE,101,"leave-1",300,0.5,1e+05,FALSE,55
8,2,-0.00134727593134647,9.99730544813731,NA,NA,NA,NA,NA,NA,14.2664739463425,0,14.2305344043091,0,"normal","I",23,300,0.5,0,0.1,0,FALSE,0,TRUE,101,"leave-1",300,0.5,1e+05,FALSE,55
8,2,-0.00134727593134647,9.99730544813731,NA,NA,NA,NA,NA,NA,14.2664739463425,0,14.3213032024782,0,"normal","I",23,300,0.5,0,0.1,0,FALSE,0,TRUE,101,"leave-1",300,0.5,1e+05,FALSE,55
8,2,-0.00134727593134647,9.99730544813731,NA,NA,NA,NA,NA,NA,14.2664739463425,0,14.3438262819531,0,"normal","I",23,300,0.5,0,0.1,0,FALSE,0,TRUE,101,"leave-1",300,0.5,1e+05,FALSE,55
8,2,-0.00134727593134647,9.99730544813731,NA,NA,NA,NA,NA,NA,14.2664739463425,0,14.3043220562709,0,"normal","I",23,300,0.5,0,0.1,0,FALSE,0,TRUE,101,"leave-1",300,0.5,1e+05,FALSE,55
8,2,-0.00134727593134647,9.99730544813731,NA,NA,NA,NA,NA,NA,14.2664739463425,0,13.7858184974149,0,"normal","I",23,300,0.5,0,0.1,0,FALSE,0,TRUE,101,"leave-1",300,0.5,1e+05,FALSE,55
8,2,-0.00134727593134647,9.99730544813731,NA,NA,NA,NA,NA,NA,14.2664739463425,0,14.430023253574,0,"normal","I",23,300,0.5,0,0.1,0,FALSE,0,TRUE,101,"leave-1",300,0.5,1e+05,FALSE,55
8,2,-0.00134727593134647,9.99730544813731,NA,NA,NA,NA,NA,NA,14.2664739463425,0,14.2556857712686,0,"normal","I",23,300,0.5,0,0.1,0,FALSE,0,TRUE,101,"leave-1",300,0.5,1e+05,FALSE,55
8,2,-0.00134727593134647,9.99730544813731,NA,NA,NA,NA,NA,NA,14.2664739463425,0,14.2794924734639,0,"normal","I",23,300,0.5,0,0.1,0,FALSE,0,TRUE,101,"leave-1",300,0.5,1e+05,FALSE,55
8,2,-0.00134727593134647,9.99730544813731,NA,NA,NA,NA,NA,NA,14.2664739463425,0,14.5960048390314,0,"normal","I",23,300,0.5,0,0.1,0,FALSE,0,TRUE,101,"leave-1",300,0.5,1e+05,FALSE,55
8,2,-0.00134727593134647,9.99730544813731,NA,NA,NA,NA,NA,NA,14.2664739463425,0,14.2841880998483,0,"normal","I",23,300,0.5,0,0.1,0,FALSE,0,TRUE,101,"leave-1",300,0.5,1e+05,FALSE,55
8,2,-0.00134727593134647,9.99730544813731,NA,NA,NA,NA,NA,NA,14.2664739463425,0,14.2300421167824,0,"normal","I",23,300,0.5,0,0.1,0,FALSE,0,TRUE,101,"leave-1",300,0.5,1e+05,FALSE,55
8,2,-0.00134727593134647,9.99730544813731,NA,NA,NA,NA,NA,NA,14.2664739463425,0,14.2317185079858,0,"normal","I",23,300,0.5,0,0.1,0,FALSE,0,TRUE,101,"leave-1",300,0.5,1e+05,FALSE,55
8,2,-0.00134727593134647,9.99730544813731,NA,NA,NA,NA,NA,NA,14.2664739463425,0,14.4601309105489,0,"normal","I",23,300,0.5,0,0.1,0,FALSE,0,TRUE,101,"leave-1",300,0.5,1e+05,FALSE,55
8,2,-0.00134727593134647,9.99730544813731,NA,NA,NA,NA,NA,NA,14.2664739463425,0,14.282851952379,0,"normal","I",23,300,0.5,0,0.1,0,FALSE,0,TRUE,101,"leave-1",300,0.5,1e+05,FALSE,55
8,2,-0.00134727593134647,9.99730544813731,NA,NA,NA,NA,NA,NA,14.2664739463425,0,14.2268801016322,0,"normal","I",23,300,0.5,0,0.1,0,FALSE,0,TRUE,101,"leave-1",300,0.5,1e+05,FALSE,55
8,2,-0.00134727593134647,9.99730544813731,NA,NA,NA,NA,NA,NA,14.2664739463425,0,14.2234445853682,0,"normal","I",23,300,0.5,0,0.1,0,FALSE,0,TRUE,101,"leave-1",300,0.5,1e+05,FALSE,55
8,2,-0.00134727593134647,9.99730544813731,NA,NA,NA,NA,NA,NA,14.2664739463425,0,14.2716928537674,0,"normal","I",23,300,0.5,0,0.1,0,FALSE,0,TRUE,101,"leave-1",300,0.5,1e+05,FALSE,55
8,2,-0.00134727593134647,9.99730544813731,NA,NA,NA,NA,NA,NA,14.2664739463425,0,13.769384486354,0,"normal","I",23,300,0.5,0,0.1,0,FALSE,0,TRUE,101,"leave-1",300,0.5,1e+05,FALSE,55
8,2,-0.00134727593134647,9.99730544813731,NA,NA,NA,NA,NA,NA,14.2664739463425,0,14.7904763586428,0,"normal","I",23,300,0.5,0,0.1,0,FALSE,0,TRUE,101,"leave-1",300,0.5,1e+05,FALSE,55
8,2,-0.00134727593134647,9.99730544813731,NA,NA,NA,NA,NA,NA,14.2664739463425,0,14.5214879777617,0,"normal","I",23,300,0.5,0,0.1,0,FALSE,0,TRUE,101,"leave-1",300,0.5,1e+05,FALSE,55
8,2,-0.00134727593134647,9.99730544813731,NA,NA,NA,NA,NA,NA,14.2664739463425,0,14.3593675043567,0,"normal","I",23,300,0.5,0,0.1,0,FALSE,0,TRUE,101,"leave-1",300,0.5,1e+05,FALSE,55
8,2,-0.00134727593134647,9.99730544813731,NA,NA,NA,NA,NA,NA,14.2664739463425,0,14.0733589152476,0,"normal","I",23,300,0.5,0,0.1,0,FALSE,0,TRUE,101,"leave-1",300,0.5,1e+05,FALSE,55
8,2,-0.00134727593134647,9.99730544813731,NA,NA,NA,NA,NA,NA,14.2664739463425,0,14.8247383588857,0,"normal","I",23,300,0.5,0,0.1,0,FALSE,0,TRUE,101,"leave-1",300,0.5,1e+05,FALSE,55
8,2,-0.00134727593134647,9.99730544813731,NA,NA,NA,NA,NA,NA,14.2664739463425,0,14.3385986671025,0,"normal","I",23,300,0.5,0,0.1,0,FALSE,0,TRUE,101,"leave-1",300,0.5,1e+05,FALSE,55
8,2,-0.00134727593134647,9.99730544813731,NA,NA,NA,NA,NA,NA,14.2664739463425,0,14.2069975371347,0,"normal","I",23,300,0.5,0,0.1,0,FALSE,0,TRUE,101,"leave-1",300,0.5,1e+05,FALSE,55
8,2,-0.00134727593134647,9.99730544813731,NA,NA,NA,NA,NA,NA,14.2664739463425,0,14.4044538333886,0,"normal","I",23,300,0.5,0,0.1,0,FALSE,0,TRUE,101,"leave-1",300,0.5,1e+05,FALSE,55
8,2,-0.00134727593134647,9.99730544813731,NA,NA,NA,NA,NA,NA,14.2664739463425,0,14.3343656182662,0,"normal","I",23,300,0.5,0,0.1,0,FALSE,0,TRUE,101,"leave-1",300,0.5,1e+05,FALSE,55
8,2,-0.00134727593134647,9.99730544813731,NA,NA,NA,NA,NA,NA,14.2664739463425,0,14.2161779256327,0,"normal","I",23,300,0.5,0,0.1,0,FALSE,0,TRUE,101,"leave-1",300,0.5,1e+05,FALSE,55
8,2,-0.00134727593134647,9.99730544813731,NA,NA,NA,NA,NA,NA,14.2664739463425,0,14.3183640955765,0,"normal","I",23,300,0.5,0,0.1,0,FALSE,0,TRUE,101,"leave-1",300,0.5,1e+05,FALSE,55
8,2,-0.00134727593134647,9.99730544813731,NA,NA,NA,NA,NA,NA,14.2664739463425,0,14.432217381963,0,"normal","I",23,300,0.5,0,0.1,0,FALSE,0,TRUE,101,"leave-1",300,0.5,1e+05,FALSE,55
8,2,-0.00134727593134647,9.99730544813731,NA,NA,NA,NA,NA,NA,14.2664739463425,0,14.2691160004329,0,"normal","I",23,300,0.5,0,0.1,0,FALSE,0,TRUE,101,"leave-1",300,0.5,1e+05,FALSE,55
8,2,-0.00134727593134647,9.99730544813731,NA,NA,NA,NA,NA,NA,14.2664739463425,0,14.2099639548297,0,"normal","I",23,300,0.5,0,0.1,0,FALSE,0,TRUE,101,"leave-1",300,0.5,1e+05,FALSE,55
8,2,-0.00134727593134647,9.99730544813731,NA,NA,NA,NA,NA,NA,14.2664739463425,0,14.2786097228933,0,"normal","I",23,300,0.5,0,0.1,0,FALSE,0,TRUE,101,"leave-1",300,0.5,1e+05,FALSE,55
8,2,-0.00134727593134647,9.99730544813731,NA,NA,NA,NA,NA,NA,14.2664739463425,0,14.1093673918384,0,"normal","I",23,300,0.5,0,0.1,0,FALSE,0,TRUE,101,"leave-1",300,0.5,1e+05,FALSE,55
8,2,-0.00134727593134647,9.99730544813731,NA,NA,NA,NA,NA,NA,14.2664739463425,0,14.3593446444253,0,"normal","I",23,300,0.5,0,0.1,0,FALSE,0,TRUE,101,"leave-1",300,0.5,1e+05,FALSE,55
8,2,-0.00134727593134647,9.99730544813731,NA,NA,NA,NA,NA,NA,14.2664739463425,0,14.396663951776,0,"normal","I",23,300,0.5,0,0.1,0,FALSE,0,TRUE,101,"leave-1",300,0.5,1e+05,FALSE,55
8,2,-0.00134727593134647,9.99730544813731,NA,NA,NA,NA,NA,NA,14.2664739463425,0,14.6329679791555,0,"normal","I",23,300,0.5,0,0.1,0,FALSE,0,TRUE,101,"leave-1",300,0.5,1e+05,FALSE,55
8,2,-0.00134727593134647,9.99730544813731,NA,NA,NA,NA,NA,NA,14.2664739463425,0,14.3569406902027,0,"normal","I",23,300,0.5,0,0.1,0,FALSE,0,TRUE,101,"leave-1",300,0.5,1e+05,FALSE,55
8,2,-0.00134727593134647,9.99730544813731,NA,NA,NA,NA,NA,NA,14.2664739463425,0,14.327687436672,0,"normal","I",23,300,0.5,0,0.1,0,FALSE,0,TRUE,101,"leave-1",300,0.5,1e+05,FALSE,55
8,2,-0.00134727593134647,9.99730544813731,NA,NA,NA,NA,NA,NA,14.2664739463425,0,14.3392303311891,0,"normal","I",23,300,0.5,0,0.1,0,FALSE,0,TRUE,101,"leave-1",300,0.5,1e+05,FALSE,55
8,2,-0.00134727593134647,9.99730544813731,NA,NA,NA,NA,NA,NA,14.2664739463425,0,14.2704641098598,0,"normal","I",23,300,0.5,0,0.1,0,FALSE,0,TRUE,101,"leave-1",300,0.5,1e+05,FALSE,55
8,2,-0.00134727593134647,9.99730544813731,NA,NA,NA,NA,NA,NA,14.2664739463425,0,14.162758084083,0,"normal","I",23,300,0.5,0,0.1,0,FALSE,0,TRUE,101,"leave-1",300,0.5,1e+05,FALSE,55
8,2,-0.00134727593134647,9.99730544813731,NA,NA,NA,NA,NA,NA,14.2664739463425,0,14.2885102907682,0,"normal","I",23,300,0.5,0,0.1,0,FALSE,0,TRUE,101,"leave-1",300,0.5,1e+05,FALSE,55
8,2,-0.00134727593134647,9.99730544813731,NA,NA,NA,NA,NA,NA,14.2664739463425,0,14.5922870986417,0,"normal","I",23,300,0.5,0,0.1,0,FALSE,0,TRUE,101,"leave-1",300,0.5,1e+05,FALSE,55
8,2,-0.00134727593134647,9.99730544813731,NA,NA,NA,NA,NA,NA,14.2664739463425,0,14.2766121207151,0,"normal","I",23,300,0.5,0,0.1,0,FALSE,0,TRUE,101,"leave-1",300,0.5,1e+05,FALSE,55
8,2,-0.00134727593134647,9.99730544813731,NA,NA,NA,NA,NA,NA,14.2664739463425,0,14.2260371029622,0,"normal","I",23,300,0.5,0,0.1,0,FALSE,0,TRUE,101,"leave-1",300,0.5,1e+05,FALSE,55
8,2,-0.00134727593134647,9.99730544813731,NA,NA,NA,NA,NA,NA,14.2664739463425,0,14.1946886795595,0,"normal","I",23,300,0.5,0,0.1,0,FALSE,0,TRUE,101,"leave-1",300,0.5,1e+05,FALSE,55
8,2,-0.00134727593134647,9.99730544813731,NA,NA,NA,NA,NA,NA,14.2664739463425,0,14.2223689507553,0,"normal","I",23,300,0.5,0,0.1,0,FALSE,0,TRUE,101,"leave-1",300,0.5,1e+05,FALSE,55
8,2,-0.00134727593134647,9.99730544813731,NA,NA,NA,NA,NA,NA,14.2664739463425,0,14.3911523993173,0,"normal","I",23,300,0.5,0,0.1,0,FALSE,0,TRUE,101,"leave-1",300,0.5,1e+05,FALSE,55
8,2,-0.00134727593134647,9.99730544813731,NA,NA,NA,NA,NA,NA,14.2664739463425,0,14.717852105202,0,"normal","I",23,300,0.5,0,0.1,0,FALSE,0,TRUE,101,"leave-1",300,0.5,1e+05,FALSE,55
8,2,-0.00134727593134647,9.99730544813731,NA,NA,NA,NA,NA,NA,14.2664739463425,0,14.4457519526538,0,"normal","I",23,300,0.5,0,0.1,0,FALSE,0,TRUE,101,"leave-1",300,0.5,1e+05,FALSE,55
8,2,-0.00134727593134647,9.99730544813731,NA,NA,NA,NA,NA,NA,14.2664739463425,0,14.4327170267239,0,"normal","I",23,300,0.5,0,0.1,0,FALSE,0,TRUE,101,"leave-1",300,0.5,1e+05,FALSE,55
8,2,-0.00134727593134647,9.99730544813731,NA,NA,NA,NA,NA,NA,14.2664739463425,0,14.3433042253998,0,"normal","I",23,300,0.5,0,0.1,0,FALSE,0,TRUE,101,"leave-1",300,0.5,1e+05,FALSE,55
8,2,-0.00134727593134647,9.99730544813731,NA,NA,NA,NA,NA,NA,14.2664739463425,0,14.3327919794263,0,"normal","I",23,300,0.5,0,0.1,0,FALSE,0,TRUE,101,"leave-1",300,0.5,1e+05,FALSE,55
8,2,-0.00134727593134647,9.99730544813731,NA,NA,NA,NA,NA,NA,14.2664739463425,0,14.1914376435537,0,"normal","I",23,300,0.5,0,0.1,0,FALSE,0,TRUE,101,"leave-1",300,0.5,1e+05,FALSE,55
8,2,-0.00134727593134647,9.99730544813731,NA,NA,NA,NA,NA,NA,14.2664739463425,0,14.2769653086973,0,"normal","I",23,300,0.5,0,0.1,0,FALSE,0,TRUE,101,"leave-1",300,0.5,1e+05,FALSE,55
8,2,-0.00134727593134647,9.99730544813731,NA,NA,NA,NA,NA,NA,14.2664739463425,0,14.2790540390924,0,"normal","I",23,300,0.5,0,0.1,0,FALSE,0,TRUE,101,"leave-1",300,0.5,1e+05,FALSE,55
8,2,-0.00134727593134647,9.99730544813731,NA,NA,NA,NA,NA,NA,14.2664739463425,0,14.3494722829798,0,"normal","I",23,300,0.5,0,0.1,0,FALSE,0,TRUE,101,"leave-1",300,0.5,1e+05,FALSE,55
8,2,-0.00134727593134647,9.99730544813731,NA,NA,NA,NA,NA,NA,14.2664739463425,0,14.4083224885467,0,"normal","I",23,300,0.5,0,0.1,0,FALSE,0,TRUE,101,"leave-1",300,0.5,1e+05,FALSE,55
8,2,-0.00134727593134647,9.99730544813731,NA,NA,NA,NA,NA,NA,14.2664739463425,0,14.4946214797909,0,"normal","I",23,300,0.5,0,0.1,0,FALSE,0,TRUE,101,"leave-1",300,0.5,1e+05,FALSE,55
8,2,-0.00134727593134647,9.99730544813731,NA,NA,NA,NA,NA,NA,14.2664739463425,0,14.1631083240768,0,"normal","I",23,300,0.5,0,0.1,0,FALSE,0,TRUE,101,"leave-1",300,0.5,1e+05,FALSE,55
8,2,-0.00134727593134647,9.99730544813731,NA,NA,NA,NA,NA,NA,14.2664739463425,0,14.3461257608004,0,"normal","I",23,300,0.5,0,0.1,0,FALSE,0,TRUE,101,"leave-1",300,0.5,1e+05,FALSE,55
8,2,-0.00134727593134647,9.99730544813731,NA,NA,NA,NA,NA,NA,14.2664739463425,0,14.1119066370146,0,"normal","I",23,300,0.5,0,0.1,0,FALSE,0,TRUE,101,"leave-1",300,0.5,1e+05,FALSE,55
8,2,-0.00134727593134647,9.99730544813731,NA,NA,NA,NA,NA,NA,14.2664739463425,0,14.3544408948623,0,"normal","I",23,300,0.5,0,0.1,0,FALSE,0,TRUE,101,"leave-1",300,0.5,1e+05,FALSE,55
8,2,-0.00134727593134647,9.99730544813731,NA,NA,NA,NA,NA,NA,14.2664739463425,0,14.8415481887701,0,"normal","I",23,300,0.5,0,0.1,0,FALSE,0,TRUE,101,"leave-1",300,0.5,1e+05,FALSE,55
8,2,-0.00134727593134647,9.99730544813731,NA,NA,NA,NA,NA,NA,14.2664739463425,0,14.0781874811167,0,"normal","I",23,300,0.5,0,0.1,0,FALSE,0,TRUE,101,"leave-1",300,0.5,1e+05,FALSE,55
8,2,-0.00134727593134647,9.99730544813731,NA,NA,NA,NA,NA,NA,14.2664739463425,0,14.4422085748748,0,"normal","I",23,300,0.5,0,0.1,0,FALSE,0,TRUE,101,"leave-1",300,0.5,1e+05,FALSE,55
8,2,-0.00134727593134647,9.99730544813731,NA,NA,NA,NA,NA,NA,14.2664739463425,0,14.3271477025386,0,"normal","I",23,300,0.5,0,0.1,0,FALSE,0,TRUE,101,"leave-1",300,0.5,1e+05,FALSE,55
8,2,-0.00134727593134647,9.99730544813731,NA,NA,NA,NA,NA,NA,14.2664739463425,0,14.2725129057049,0,"normal","I",23,300,0.5,0,0.1,0,FALSE,0,TRUE,101,"leave-1",300,0.5,1e+05,FALSE,55
8,2,-0.00134727593134647,9.99730544813731,NA,NA,NA,NA,NA,NA,14.2664739463425,0,14.3286469436564,0,"normal","I",23,300,0.5,0,0.1,0,FALSE,0,TRUE,101,"leave-1",300,0.5,1e+05,FALSE,55
8,2,-0.00134727593134647,9.99730544813731,NA,NA,NA,NA,NA,NA,14.2664739463425,0,14.3937362399229,0,"normal","I",23,300,0.5,0,0.1,0,FALSE,0,TRUE,101,"leave-1",300,0.5,1e+05,FALSE,55
8,2,-0.00134727593134647,9.99730544813731,NA,NA,NA,NA,NA,NA,14.2664739463425,0,14.3606903309369,0,"normal","I",23,300,0.5,0,0.1,0,FALSE,0,TRUE,101,"leave-1",300,0.5,1e+05,FALSE,55
8,2,-0.00134727593134647,9.99730544813731,NA,NA,NA,NA,NA,NA,14.2664739463425,0,14.2390961458108,0,"normal","I",23,300,0.5,0,0.1,0,FALSE,0,TRUE,101,"leave-1",300,0.5,1e+05,FALSE,55
8,2,-0.00134727593134647,9.99730544813731,NA,NA,NA,NA,NA,NA,14.2664739463425,0,14.0462277865695,0,"normal","I",23,300,0.5,0,0.1,0,FALSE,0,TRUE,101,"leave-1",300,0.5,1e+05,FALSE,55
8,2,-0.00134727593134647,9.99730544813731,NA,NA,NA,NA,NA,NA,14.2664739463425,0,14.4011027937281,0,"normal","I",23,300,0.5,0,0.1,0,FALSE,0,TRUE,101,"leave-1",300,0.5,1e+05,FALSE,55
8,2,-0.00134727593134647,9.99730544813731,NA,NA,NA,NA,NA,NA,14.2664739463425,0,14.3819368367498,0,"normal","I",23,300,0.5,0,0.1,0,FALSE,0,TRUE,101,"leave-1",300,0.5,1e+05,FALSE,55
8,2,-0.00134727593134647,9.99730544813731,NA,NA,NA,NA,NA,NA,14.2664739463425,0,14.5766114105667,0,"normal","I",23,300,0.5,0,0.1,0,FALSE,0,TRUE,101,"leave-1",300,0.5,1e+05,FALSE,55
8,2,-0.00134727593134647,9.99730544813731,NA,NA,NA,NA,NA,NA,14.2664739463425,0,14.3962847022029,0,"normal","I",23,300,0.5,0,0.1,0,FALSE,0,TRUE,101,"leave-1",300,0.5,1e+05,FALSE,55
8,2,-0.00134727593134647,9.99730544813731,NA,NA,NA,NA,NA,NA,14.2664739463425,0,14.5814465427387,0,"normal","I",23,300,0.5,0,0.1,0,FALSE,0,TRUE,101,"leave-1",300,0.5,1e+05,FALSE,55
8,2,-0.00134727593134647,9.99730544813731,NA,NA,NA,NA,NA,NA,14.2664739463425,0,14.1746702799754,0,"normal","I",23,300,0.5,0,0.1,0,FALSE,0,TRUE,101,"leave-1",300,0.5,1e+05,FALSE,55
8,2,-0.00134727593134647,9.99730544813731,NA,NA,NA,NA,NA,NA,14.2664739463425,0,14.4730573212456,0,"normal","I",23,300,0.5,0,0.1,0,FALSE,0,TRUE,101,"leave-1",300,0.5,1e+05,FALSE,55
8,2,-0.00134727593134647,9.99730544813731,NA,NA,NA,NA,NA,NA,14.2664739463425,0,14.3868607739712,0,"normal","I",23,300,0.5,0,0.1,0,FALSE,0,TRUE,101,"leave-1",300,0.5,1e+05,FALSE,55
8,2,-0.00134727593134647,9.99730544813731,NA,NA,NA,NA,NA,NA,14.2664739463425,0,14.2523347214164,0,"normal","I",23,300,0.5,0,0.1,0,FALSE,0,TRUE,101,"leave-1",300,0.5,1e+05,FALSE,55
8,2,-0.00134727593134647,9.99730544813731,NA,NA,NA,NA,NA,NA,14.2664739463425,0,14.512498164611,0,"normal","I",23,300,0.5,0,0.1,0,FALSE,0,TRUE,101,"leave-1",300,0.5,1e+05,FALSE,55
8,2,-0.00134727593134647,9.99730544813731,NA,NA,NA,NA,NA,NA,14.2664739463425,0,14.2818711481701,0,"normal","I",23,300,0.5,0,0.1,0,FALSE,0,TRUE,101,"leave-1",300,0.5,1e+05,FALSE,55
8,2,-0.00134727593134647,9.99730544813731,NA,NA,NA,NA,NA,NA,14.2664739463425,0,14.518481619009,0,"normal","I",23,300,0.5,0,0.1,0,FALSE,0,TRUE,101,"leave-1",300,0.5,1e+05,FALSE,55
8,2,-0.00134727593134647,9.99730544813731,NA,NA,NA,NA,NA,NA,14.2664739463425,0,14.2492171954592,0,"normal","I",23,300,0.5,0,0.1,0,FALSE,0,TRUE,101,"leave-1",300,0.5,1e+05,FALSE,55
8,2,-0.00134727593134647,9.99730544813731,NA,NA,NA,NA,NA,NA,14.2664739463425,0,14.0426348735461,0,"normal","I",23,300,0.5,0,0.1,0,FALSE,0,TRUE,101,"leave-1",300,0.5,1e+05,FALSE,55
8,2,-0.00134727593134647,9.99730544813731,NA,NA,NA,NA,NA,NA,14.2664739463425,0,14.2727521292551,0,"normal","I",23,300,0.5,0,0.1,0,FALSE,0,TRUE,101,"leave-1",300,0.5,1e+05,FALSE,55
8,2,-0.00134727593134647,9.99730544813731,NA,NA,NA,NA,NA,NA,14.2664739463425,0,14.3224642867742,0,"normal","I",23,300,0.5,0,0.1,0,FALSE,0,TRUE,101,"leave-1",300,0.5,1e+05,FALSE,55
8,2,-0.00134727593134647,9.99730544813731,NA,NA,NA,NA,NA,NA,14.2664739463425,0,14.6754439000017,0,"normal","I",23,300,0.5,0,0.1,0,FALSE,0,TRUE,101,"leave-1",300,0.5,1e+05,FALSE,55
8,2,-0.00134727593134647,9.99730544813731,NA,NA,NA,NA,NA,NA,14.2664739463425,0,14.5056368087691,0,"normal","I",23,300,0.5,0,0.1,0,FALSE,0,TRUE,101,"leave-1",300,0.5,1e+05,FALSE,55
8,2,-0.00134727593134647,9.99730544813731,NA,NA,NA,NA,NA,NA,14.2664739463425,0,14.3793692554825,0,"normal","I",23,300,0.5,0,0.1,0,FALSE,0,TRUE,101,"leave-1",300,0.5,1e+05,FALSE,55
8,2,-0.00134727593134647,9.99730544813731,NA,NA,NA,NA,NA,NA,14.2664739463425,0,14.3219179004501,0,"normal","I",23,300,0.5,0,0.1,0,FALSE,0,TRUE,101,"leave-1",300,0.5,1e+05,FALSE,55
8,2,-0.00134727593134647,9.99730544813731,NA,NA,NA,NA,NA,NA,14.2664739463425,0,14.3015794637164,0,"normal","I",23,300,0.5,0,0.1,0,FALSE,0,TRUE,101,"leave-1",300,0.5,1e+05,FALSE,55
8,2,-0.00134727593134647,9.99730544813731,NA,NA,NA,NA,NA,NA,14.2664739463425,0,14.2414143184309,0,"normal","I",23,300,0.5,0,0.1,0,FALSE,0,TRUE,101,"leave-1",300,0.5,1e+05,FALSE,55
8,2,-0.00134727593134647,9.99730544813731,NA,NA,NA,NA,NA,NA,14.2664739463425,0,14.2838818034846,0,"normal","I",23,300,0.5,0,0.1,0,FALSE,0,TRUE,101,"leave-1",300,0.5,1e+05,FALSE,55
8,2,-0.00134727593134647,9.99730544813731,NA,NA,NA,NA,NA,NA,14.2664739463425,0,14.1673755832741,0,"normal","I",23,300,0.5,0,0.1,0,FALSE,0,TRUE,101,"leave-1",300,0.5,1e+05,FALSE,55
8,2,-0.00134727593134647,9.99730544813731,NA,NA,NA,NA,NA,NA,14.2664739463425,0,14.2075985519871,0,"normal","I",23,300,0.5,0,0.1,0,FALSE,0,TRUE,101,"leave-1",300,0.5,1e+05,FALSE,55
8,2,-0.00134727593134647,9.99730544813731,NA,NA,NA,NA,NA,NA,14.2664739463425,0,14.406448998664,0,"normal","I",23,300,0.5,0,0.1,0,FALSE,0,TRUE,101,"leave-1",300,0.5,1e+05,FALSE,55
8,2,-0.00134727593134647,9.99730544813731,NA,NA,NA,NA,NA,NA,14.2664739463425,0,14.265507974793,0,"normal","I",23,300,0.5,0,0.1,0,FALSE,0,TRUE,101,"leave-1",300,0.5,1e+05,FALSE,55
8,2,-0.00134727593134647,9.99730544813731,NA,NA,NA,NA,NA,NA,14.2664739463425,0,14.2060917886376,0,"normal","I",23,300,0.5,0,0.1,0,FALSE,0,TRUE,101,"leave-1",300,0.5,1e+05,FALSE,55
8,2,-0.00134727593134647,9.99730544813731,NA,NA,NA,NA,NA,NA,14.2664739463425,0,14.657725380874,0,"normal","I",23,300,0.5,0,0.1,0,FALSE,0,TRUE,101,"leave-1",300,0.5,1e+05,FALSE,55
8,2,-0.00134727593134647,9.99730544813731,NA,NA,NA,NA,NA,NA,14.2664739463425,0,14.5208452481079,0,"normal","I",23,300,0.5,0,0.1,0,FALSE,0,TRUE,101,"leave-1",300,0.5,1e+05,FALSE,55
8,2,-0.00134727593134647,9.99730544813731,NA,NA,NA,NA,NA,NA,14.2664739463425,0,14.2193764388824,0,"normal","I",23,300,0.5,0,0.1,0,FALSE,0,TRUE,101,"leave-1",300,0.5,1e+05,FALSE,55
8,2,-0.00134727593134647,9.99730544813731,NA,NA,NA,NA,NA,NA,14.2664739463425,0,14.1473829826798,0,"normal","I",23,300,0.5,0,0.1,0,FALSE,0,TRUE,101,"leave-1",300,0.5,1e+05,FALSE,55
8,2,-0.00134727593134647,9.99730544813731,NA,NA,NA,NA,NA,NA,14.2664739463425,0,14.2107596304327,0,"normal","I",23,300,0.5,0,0.1,0,FALSE,0,TRUE,101,"leave-1",300,0.5,1e+05,FALSE,55
8,2,-0.00134727593134647,9.99730544813731,NA,NA,NA,NA,NA,NA,14.2664739463425,0,14.2276523775181,0,"normal","I",23,300,0.5,0,0.1,0,FALSE,0,TRUE,101,"leave-1",300,0.5,1e+05,FALSE,55
8,2,-0.00134727593134647,9.99730544813731,NA,NA,NA,NA,NA,NA,14.2664739463425,0,13.7284600164663,0,"normal","I",23,300,0.5,0,0.1,0,FALSE,0,TRUE,101,"leave-1",300,0.5,1e+05,FALSE,55
8,2,-0.00134727593134647,9.99730544813731,NA,NA,NA,NA,NA,NA,14.2664739463425,0,14.4668650438241,0,"normal","I",23,300,0.5,0,0.1,0,FALSE,0,TRUE,101,"leave-1",300,0.5,1e+05,FALSE,55
8,2,-0.00134727593134647,9.99730544813731,NA,NA,NA,NA,NA,NA,14.2664739463425,0,13.9488440515265,0,"normal","I",23,300,0.5,0,0.1,0,FALSE,0,TRUE,101,"leave-1",300,0.5,1e+05,FALSE,55
8,2,-0.00134727593134647,9.99730544813731,NA,NA,NA,NA,NA,NA,14.2664739463425,0,14.089242269346,0,"normal","I",23,300,0.5,0,0.1,0,FALSE,0,TRUE,101,"leave-1",300,0.5,1e+05,FALSE,55
8,2,-0.00134727593134647,9.99730544813731,NA,NA,NA,NA,NA,NA,14.2664739463425,0,14.2897754084801,0,"normal","I",23,300,0.5,0,0.1,0,FALSE,0,TRUE,101,"leave-1",300,0.5,1e+05,FALSE,55
8,2,-0.00134727593134647,9.99730544813731,NA,NA,NA,NA,NA,NA,14.2664739463425,0,14.7622678033789,0,"normal","I",23,300,0.5,0,0.1,0,FALSE,0,TRUE,101,"leave-1",300,0.5,1e+05,FALSE,55
8,2,-0.00134727593134647,9.99730544813731,NA,NA,NA,NA,NA,NA,14.2664739463425,0,14.2083821618674,0,"normal","I",23,300,0.5,0,0.1,0,FALSE,0,TRUE,101,"leave-1",300,0.5,1e+05,FALSE,55
8,2,-0.00134727593134647,9.99730544813731,NA,NA,NA,NA,NA,NA,14.2664739463425,0,14.3351527082615,0,"normal","I",23,300,0.5,0,0.1,0,FALSE,0,TRUE,101,"leave-1",300,0.5,1e+05,FALSE,55
8,2,-0.00134727593134647,9.99730544813731,NA,NA,NA,NA,NA,NA,14.2664739463425,0,14.3836564509926,0,"normal","I",23,300,0.5,0,0.1,0,FALSE,0,TRUE,101,"leave-1",300,0.5,1e+05,FALSE,55
8,2,-0.00134727593134647,9.99730544813731,NA,NA,NA,NA,NA,NA,14.2664739463425,0,14.4042358112227,0,"normal","I",23,300,0.5,0,0.1,0,FALSE,0,TRUE,101,"leave-1",300,0.5,1e+05,FALSE,55
8,2,-0.00134727593134647,9.99730544813731,NA,NA,NA,NA,NA,NA,14.2664739463425,0,14.2713997529456,0,"normal","I",23,300,0.5,0,0.1,0,FALSE,0,TRUE,101,"leave-1",300,0.5,1e+05,FALSE,55
8,2,-0.00134727593134647,9.99730544813731,NA,NA,NA,NA,NA,NA,14.2664739463425,0,14.2593433591172,0,"normal","I",23,300,0.5,0,0.1,0,FALSE,0,TRUE,101,"leave-1",300,0.5,1e+05,FALSE,55
8,2,-0.00134727593134647,9.99730544813731,NA,NA,NA,NA,NA,NA,14.2664739463425,0,14.3863653756212,0,"normal","I",23,300,0.5,0,0.1,0,FALSE,0,TRUE,101,"leave-1",300,0.5,1e+05,FALSE,55
8,2,-0.00134727593134647,9.99730544813731,NA,NA,NA,NA,NA,NA,14.2664739463425,0,14.4387189810914,0,"normal","I",23,300,0.5,0,0.1,0,FALSE,0,TRUE,101,"leave-1",300,0.5,1e+05,FALSE,55
8,2,-0.00134727593134647,9.99730544813731,NA,NA,NA,NA,NA,NA,14.2664739463425,0,14.6277416889605,0,"normal","I",23,300,0.5,0,0.1,0,FALSE,0,TRUE,101,"leave-1",300,0.5,1e+05,FALSE,55
8,2,-0.00134727593134647,9.99730544813731,NA,NA,NA,NA,NA,NA,14.2664739463425,0,14.1818999326767,0,"normal","I",23,300,0.5,0,0.1,0,FALSE,0,TRUE,101,"leave-1",300,0.5,1e+05,FALSE,55
8,2,-0.00134727593134647,9.99730544813731,NA,NA,NA,NA,NA,NA,14.2664739463425,0,13.8739505031145,0,"normal","I",23,300,0.5,0,0.1,0,FALSE,0,TRUE,101,"leave-1",300,0.5,1e+05,FALSE,55
8,2,-0.00134727593134647,9.99730544813731,NA,NA,NA,NA,NA,NA,14.2664739463425,0,14.3964357233616,0,"normal","I",23,300,0.5,0,0.1,0,FALSE,0,TRUE,101,"leave-1",300,0.5,1e+05,FALSE,55
8,2,-0.00134727593134647,9.99730544813731,NA,NA,NA,NA,NA,NA,14.2664739463425,0,14.4353189789582,0,"normal","I",23,300,0.5,0,0.1,0,FALSE,0,TRUE,101,"leave-1",300,0.5,1e+05,FALSE,55
8,2,-0.00134727593134647,9.99730544813731,NA,NA,NA,NA,NA,NA,14.2664739463425,0,14.4922614585088,0,"normal","I",23,300,0.5,0,0.1,0,FALSE,0,TRUE,101,"leave-1",300,0.5,1e+05,FALSE,55
8,2,-0.00134727593134647,9.99730544813731,NA,NA,NA,NA,NA,NA,14.2664739463425,0,14.2494191556037,0,"normal","I",23,300,0.5,0,0.1,0,FALSE,0,TRUE,101,"leave-1",300,0.5,1e+05,FALSE,55
8,2,-0.00134727593134647,9.99730544813731,NA,NA,NA,NA,NA,NA,14.2664739463425,0,14.3033529678382,0,"normal","I",23,300,0.5,0,0.1,0,FALSE,0,TRUE,101,"leave-1",300,0.5,1e+05,FALSE,55
8,2,-0.00134727593134647,9.99730544813731,NA,NA,NA,NA,NA,NA,14.2664739463425,0,14.214703128609,0,"normal","I",23,300,0.5,0,0.1,0,FALSE,0,TRUE,101,"leave-1",300,0.5,1e+05,FALSE,55
8,2,-0.00134727593134647,9.99730544813731,NA,NA,NA,NA,NA,NA,14.2664739463425,0,14.0805815867443,0,"normal","I",23,300,0.5,0,0.1,0,FALSE,0,TRUE,101,"leave-1",300,0.5,1e+05,FALSE,55
8,2,-0.00134727593134647,9.99730544813731,NA,NA,NA,NA,NA,NA,14.2664739463425,0,14.4328279580999,0,"normal","I",23,300,0.5,0,0.1,0,FALSE,0,TRUE,101,"leave-1",300,0.5,1e+05,FALSE,55
8,2,-0.00134727593134647,9.99730544813731,NA,NA,NA,NA,NA,NA,14.2664739463425,0,14.3588502639832,0,"normal","I",23,300,0.5,0,0.1,0,FALSE,0,TRUE,101,"leave-1",300,0.5,1e+05,FALSE,55
8,2,-0.00134727593134647,9.99730544813731,NA,NA,NA,NA,NA,NA,14.2664739463425,0,14.2804953737999,0,"normal","I",23,300,0.5,0,0.1,0,FALSE,0,TRUE,101,"leave-1",300,0.5,1e+05,FALSE,55
8,2,-0.00134727593134647,9.99730544813731,NA,NA,NA,NA,NA,NA,14.2664739463425,0,14.7388473521584,0,"normal","I",23,300,0.5,0,0.1,0,FALSE,0,TRUE,101,"leave-1",300,0.5,1e+05,FALSE,55
8,2,-0.00134727593134647,9.99730544813731,NA,NA,NA,NA,NA,NA,14.2664739463425,0,14.3455769436759,0,"normal","I",23,300,0.5,0,0.1,0,FALSE,0,TRUE,101,"leave-1",300,0.5,1e+05,FALSE,55
8,2,-0.00134727593134647,9.99730544813731,NA,NA,NA,NA,NA,NA,14.2664739463425,0,14.5849611609297,0,"normal","I",23,300,0.5,0,0.1,0,FALSE,0,TRUE,101,"leave-1",300,0.5,1e+05,FALSE,55
8,2,-0.00134727593134647,9.99730544813731,NA,NA,NA,NA,NA,NA,14.2664739463425,0,14.7023521799508,0,"normal","I",23,300,0.5,0,0.1,0,FALSE,0,TRUE,101,"leave-1",300,0.5,1e+05,FALSE,55
8,2,-0.00134727593134647,9.99730544813731,NA,NA,NA,NA,NA,NA,14.2664739463425,0,14.2251003289221,0,"normal","I",23,300,0.5,0,0.1,0,FALSE,0,TRUE,101,"leave-1",300,0.5,1e+05,FALSE,55
8,2,-0.00134727593134647,9.99730544813731,NA,NA,NA,NA,NA,NA,14.2664739463425,0,14.2332427080769,0,"normal","I",23,300,0.5,0,0.1,0,FALSE,0,TRUE,101,"leave-1",300,0.5,1e+05,FALSE,55
8,2,-0.00134727593134647,9.99730544813731,NA,NA,NA,NA,NA,NA,14.2664739463425,0,14.3275374021066,0,"normal","I",23,300,0.5,0,0.1,0,FALSE,0,TRUE,101,"leave-1",300,0.5,1e+05,FALSE,55
8,2,-0.00134727593134647,9.99730544813731,NA,NA,NA,NA,NA,NA,14.2664739463425,0,14.3590498782721,0,"normal","I",23,300,0.5,0,0.1,0,FALSE,0,TRUE,101,"leave-1",300,0.5,1e+05,FALSE,55
8,2,-0.00134727593134647,9.99730544813731,NA,NA,NA,NA,NA,NA,14.2664739463425,0,14.1560702777167,0,"normal","I",23,300,0.5,0,0.1,0,FALSE,0,TRUE,101,"leave-1",300,0.5,1e+05,FALSE,55
8,2,-0.00134727593134647,9.99730544813731,NA,NA,NA,NA,NA,NA,14.2664739463425,0,14.5956059282875,0,"normal","I",23,300,0.5,0,0.1,0,FALSE,0,TRUE,101,"leave-1",300,0.5,1e+05,FALSE,55
8,2,-0.00134727593134647,9.99730544813731,NA,NA,NA,NA,NA,NA,14.2664739463425,0,14.2025813088189,0,"normal","I",23,300,0.5,0,0.1,0,FALSE,0,TRUE,101,"leave-1",300,0.5,1e+05,FALSE,55
8,2,-0.00134727593134647,9.99730544813731,NA,NA,NA,NA,NA,NA,14.2664739463425,0,14.3915331818282,0,"normal","I",23,300,0.5,0,0.1,0,FALSE,0,TRUE,101,"leave-1",300,0.5,1e+05,FALSE,55
8,2,-0.00134727593134647,9.99730544813731,NA,NA,NA,NA,NA,NA,14.2664739463425,0,14.2943676356297,0,"normal","I",23,300,0.5,0,0.1,0,FALSE,0,TRUE,101,"leave-1",300,0.5,1e+05,FALSE,55
8,2,-0.00134727593134647,9.99730544813731,NA,NA,NA,NA,NA,NA,14.2664739463425,0,14.3831429597326,0,"normal","I",23,300,0.5,0,0.1,0,FALSE,0,TRUE,101,"leave-1",300,0.5,1e+05,FALSE,55
8,2,-0.00134727593134647,9.99730544813731,NA,NA,NA,NA,NA,NA,14.2664739463425,0,14.4786451670079,0,"normal","I",23,300,0.5,0,0.1,0,FALSE,0,TRUE,101,"leave-1",300,0.5,1e+05,FALSE,55
8,2,-0.00134727593134647,9.99730544813731,NA,NA,NA,NA,NA,NA,14.2664739463425,0,14.2858027779281,0,"normal","I",23,300,0.5,0,0.1,0,FALSE,0,TRUE,101,"leave-1",300,0.5,1e+05,FALSE,55
8,2,-0.00134727593134647,9.99730544813731,NA,NA,NA,NA,NA,NA,14.2664739463425,0,14.4160717302888,0,"normal","I",23,300,0.5,0,0.1,0,FALSE,0,TRUE,101,"leave-1",300,0.5,1e+05,FALSE,55
8,2,-0.00134727593134647,9.99730544813731,NA,NA,NA,NA,NA,NA,14.2664739463425,0,14.3035478276189,0,"normal","I",23,300,0.5,0,0.1,0,FALSE,0,TRUE,101,"leave-1",300,0.5,1e+05,FALSE,55
8,2,-0.00134727593134647,9.99730544813731,NA,NA,NA,NA,NA,NA,14.2664739463425,0,14.237948091009,0,"normal","I",23,300,0.5,0,0.1,0,FALSE,0,TRUE,101,"leave-1",300,0.5,1e+05,FALSE,55
8,2,-0.00134727593134647,9.99730544813731,NA,NA,NA,NA,NA,NA,14.2664739463425,0,14.3510717136824,0,"normal","I",23,300,0.5,0,0.1,0,FALSE,0,TRUE,101,"leave-1",300,0.5,1e+05,FALSE,55
8,2,-0.00134727593134647,9.99730544813731,NA,NA,NA,NA,NA,NA,14.2664739463425,0,14.61236984987,0,"normal","I",23,300,0.5,0,0.1,0,FALSE,0,TRUE,101,"leave-1",300,0.5,1e+05,FALSE,55
8,2,-0.00134727593134647,9.99730544813731,NA,NA,NA,NA,NA,NA,14.2664739463425,0,14.4021504334451,0,"normal","I",23,300,0.5,0,0.1,0,FALSE,0,TRUE,101,"leave-1",300,0.5,1e+05,FALSE,55
8,2,-0.00134727593134647,9.99730544813731,NA,NA,NA,NA,NA,NA,14.2664739463425,0,14.4322226682963,0,"normal","I",23,300,0.5,0,0.1,0,FALSE,0,TRUE,101,"leave-1",300,0.5,1e+05,FALSE,55
8,2,-0.00134727593134647,9.99730544813731,NA,NA,NA,NA,NA,NA,14.2664739463425,0,14.2460600414507,0,"normal","I",23,300,0.5,0,0.1,0,FALSE,0,TRUE,101,"leave-1",300,0.5,1e+05,FALSE,55
8,2,-0.00134727593134647,9.99730544813731,NA,NA,NA,NA,NA,NA,14.2664739463425,0,14.2320791456668,0,"normal","I",23,300,0.5,0,0.1,0,FALSE,0,TRUE,101,"leave-1",300,0.5,1e+05,FALSE,55
8,2,-0.00134727593134647,9.99730544813731,NA,NA,NA,NA,NA,NA,14.2664739463425,0,14.0200538610533,0,"normal","I",23,300,0.5,0,0.1,0,FALSE,0,TRUE,101,"leave-1",300,0.5,1e+05,FALSE,55
8,2,-0.00134727593134647,9.99730544813731,NA,NA,NA,NA,NA,NA,14.2664739463425,0,14.2956952369836,0,"normal","I",23,300,0.5,0,0.1,0,FALSE,0,TRUE,101,"leave-1",300,0.5,1e+05,FALSE,55
8,2,-0.00134727593134647,9.99730544813731,NA,NA,NA,NA,NA,NA,14.2664739463425,0,14.3841897141508,0,"normal","I",23,300,0.5,0,0.1,0,FALSE,0,TRUE,101,"leave-1",300,0.5,1e+05,FALSE,55
8,2,-0.00134727593134647,9.99730544813731,NA,NA,NA,NA,NA,NA,14.2664739463425,0,14.1303012963382,0,"normal","I",23,300,0.5,0,0.1,0,FALSE,0,TRUE,101,"leave-1",300,0.5,1e+05,FALSE,55
8,2,-0.00134727593134647,9.99730544813731,NA,NA,NA,NA,NA,NA,14.2664739463425,0,14.2925401699096,0,"normal","I",23,300,0.5,0,0.1,0,FALSE,0,TRUE,101,"leave-1",300,0.5,1e+05,FALSE,55
8,2,-0.00134727593134647,9.99730544813731,NA,NA,NA,NA,NA,NA,14.2664739463425,0,14.2012606207413,0,"normal","I",23,300,0.5,0,0.1,0,FALSE,0,TRUE,101,"leave-1",300,0.5,1e+05,FALSE,55
8,2,-0.00134727593134647,9.99730544813731,NA,NA,NA,NA,NA,NA,14.2664739463425,0,14.0091819653182,0,"normal","I",23,300,0.5,0,0.1,0,FALSE,0,TRUE,101,"leave-1",300,0.5,1e+05,FALSE,55
8,2,-0.00134727593134647,9.99730544813731,NA,NA,NA,NA,NA,NA,14.2664739463425,0,14.44567947978,0,"normal","I",23,300,0.5,0,0.1,0,FALSE,0,TRUE,101,"leave-1",300,0.5,1e+05,FALSE,55
8,2,-0.00134727593134647,9.99730544813731,NA,NA,NA,NA,NA,NA,14.2664739463425,0,14.4477797154225,0,"normal","I",23,300,0.5,0,0.1,0,FALSE,0,TRUE,101,"leave-1",300,0.5,1e+05,FALSE,55
8,2,-0.00134727593134647,9.99730544813731,NA,NA,NA,NA,NA,NA,14.2664739463425,0,14.1777577578172,0,"normal","I",23,300,0.5,0,0.1,0,FALSE,0,TRUE,101,"leave-1",300,0.5,1e+05,FALSE,55
8,2,-0.00134727593134647,9.99730544813731,NA,NA,NA,NA,NA,NA,14.2664739463425,0,15.175112282673,0,"normal","I",23,300,0.5,0,0.1,0,FALSE,0,TRUE,101,"leave-1",300,0.5,1e+05,FALSE,55
8,2,-0.00134727593134647,9.99730544813731,NA,NA,NA,NA,NA,NA,14.2664739463425,0,14.1457580743824,0,"normal","I",23,300,0.5,0,0.1,0,FALSE,0,TRUE,101,"leave-1",300,0.5,1e+05,FALSE,55
8,2,-0.00134727593134647,9.99730544813731,NA,NA,NA,NA,NA,NA,14.2664739463425,0,14.3654147789462,0,"normal","I",23,300,0.5,0,0.1,0,FALSE,0,TRUE,101,"leave-1",300,0.5,1e+05,FALSE,55
8,2,-0.00134727593134647,9.99730544813731,NA,NA,NA,NA,NA,NA,14.2664739463425,0,14.2555974171619,0,"normal","I",23,300,0.5,0,0.1,0,FALSE,0,TRUE,101,"leave-1",300,0.5,1e+05,FALSE,55
8,2,-0.00134727593134647,9.99730544813731,NA,NA,NA,NA,NA,NA,14.2664739463425,0,14.4561451381925,0,"normal","I",23,300,0.5,0,0.1,0,FALSE,0,TRUE,101,"leave-1",300,0.5,1e+05,FALSE,55
8,2,-0.00134727593134647,9.99730544813731,NA,NA,NA,NA,NA,NA,14.2664739463425,0,14.3075127319821,0,"normal","I",23,300,0.5,0,0.1,0,FALSE,0,TRUE,101,"leave-1",300,0.5,1e+05,FALSE,55
8,2,-0.00134727593134647,9.99730544813731,NA,NA,NA,NA,NA,NA,14.2664739463425,0,14.0402834459266,0,"normal","I",23,300,0.5,0,0.1,0,FALSE,0,TRUE,101,"leave-1",300,0.5,1e+05,FALSE,55
8,2,-0.00134727593134647,9.99730544813731,NA,NA,NA,NA,NA,NA,14.2664739463425,0,14.2520346228216,0,"normal","I",23,300,0.5,0,0.1,0,FALSE,0,TRUE,101,"leave-1",300,0.5,1e+05,FALSE,55
8,2,-0.00134727593134647,9.99730544813731,NA,NA,NA,NA,NA,NA,14.2664739463425,0,14.2621229480898,0,"normal","I",23,300,0.5,0,0.1,0,FALSE,0,TRUE,101,"leave-1",300,0.5,1e+05,FALSE,55
8,2,-0.00134727593134647,9.99730544813731,NA,NA,NA,NA,NA,NA,14.2664739463425,0,14.3108678850852,0,"normal","I",23,300,0.5,0,0.1,0,FALSE,0,TRUE,101,"leave-1",300,0.5,1e+05,FALSE,55
8,2,-0.00134727593134647,9.99730544813731,NA,NA,NA,NA,NA,NA,14.2664739463425,0,13.7822017942265,0,"normal","I",23,300,0.5,0,0.1,0,FALSE,0,TRUE,101,"leave-1",300,0.5,1e+05,FALSE,55
8,2,-0.00134727593134647,9.99730544813731,NA,NA,NA,NA,NA,NA,14.2664739463425,0,14.2846544117517,0,"normal","I",23,300,0.5,0,0.1,0,FALSE,0,TRUE,101,"leave-1",300,0.5,1e+05,FALSE,55
8,2,-0.00134727593134647,9.99730544813731,NA,NA,NA,NA,NA,NA,14.2664739463425,0,14.2812035595462,0,"normal","I",23,300,0.5,0,0.1,0,FALSE,0,TRUE,101,"leave-1",300,0.5,1e+05,FALSE,55
8,2,-0.00134727593134647,9.99730544813731,NA,NA,NA,NA,NA,NA,14.2664739463425,0,14.4871302598214,0,"normal","I",23,300,0.5,0,0.1,0,FALSE,0,TRUE,101,"leave-1",300,0.5,1e+05,FALSE,55
8,2,-0.00134727593134647,9.99730544813731,NA,NA,NA,NA,NA,NA,14.2664739463425,0,14.4188181744618,0,"normal","I",23,300,0.5,0,0.1,0,FALSE,0,TRUE,101,"leave-1",300,0.5,1e+05,FALSE,55
8,2,-0.00134727593134647,9.99730544813731,NA,NA,NA,NA,NA,NA,14.2664739463425,0,14.299543370437,0,"normal","I",23,300,0.5,0,0.1,0,FALSE,0,TRUE,101,"leave-1",300,0.5,1e+05,FALSE,55
8,2,-0.00134727593134647,9.99730544813731,NA,NA,NA,NA,NA,NA,14.2664739463425,0,14.177561368516,0,"normal","I",23,300,0.5,0,0.1,0,FALSE,0,TRUE,101,"leave-1",300,0.5,1e+05,FALSE,55
8,2,-0.00134727593134647,9.99730544813731,NA,NA,NA,NA,NA,NA,14.2664739463425,0,14.2143825513741,0,"normal","I",23,300,0.5,0,0.1,0,FALSE,0,TRUE,101,"leave-1",300,0.5,1e+05,FALSE,55
8,2,-0.00134727593134647,9.99730544813731,NA,NA,NA,NA,NA,NA,14.2664739463425,0,14.5771334713029,0,"normal","I",23,300,0.5,0,0.1,0,FALSE,0,TRUE,101,"leave-1",300,0.5,1e+05,FALSE,55
8,2,-0.00134727593134647,9.99730544813731,NA,NA,NA,NA,NA,NA,14.2664739463425,0,14.3287516311748,0,"normal","I",23,300,0.5,0,0.1,0,FALSE,0,TRUE,101,"leave-1",300,0.5,1e+05,FALSE,55
8,2,-0.00134727593134647,9.99730544813731,NA,NA,NA,NA,NA,NA,14.2664739463425,0,14.058366797353,0,"normal","I",23,300,0.5,0,0.1,0,FALSE,0,TRUE,101,"leave-1",300,0.5,1e+05,FALSE,55
8,2,-0.00134727593134647,9.99730544813731,NA,NA,NA,NA,NA,NA,14.2664739463425,0,14.0945563998017,0,"normal","I",23,300,0.5,0,0.1,0,FALSE,0,TRUE,101,"leave-1",300,0.5,1e+05,FALSE,55
8,2,-0.00134727593134647,9.99730544813731,NA,NA,NA,NA,NA,NA,14.2664739463425,0,14.6710698425088,0,"normal","I",23,300,0.5,0,0.1,0,FALSE,0,TRUE,101,"leave-1",300,0.5,1e+05,FALSE,55
8,2,-0.00134727593134647,9.99730544813731,NA,NA,NA,NA,NA,NA,14.2664739463425,0,14.2032612495249,0,"normal","I",23,300,0.5,0,0.1,0,FALSE,0,TRUE,101,"leave-1",300,0.5,1e+05,FALSE,55
8,2,-0.00134727593134647,9.99730544813731,NA,NA,NA,NA,NA,NA,14.2664739463425,0,14.3148161324127,0,"normal","I",23,300,0.5,0,0.1,0,FALSE,0,TRUE,101,"leave-1",300,0.5,1e+05,FALSE,55
8,2,-0.00134727593134647,9.99730544813731,NA,NA,NA,NA,NA,NA,14.2664739463425,0,14.2460482955379,0,"normal","I",23,300,0.5,0,0.1,0,FALSE,0,TRUE,101,"leave-1",300,0.5,1e+05,FALSE,55
8,2,-0.00134727593134647,9.99730544813731,NA,NA,NA,NA,NA,NA,14.2664739463425,0,14.2504198032573,0,"normal","I",23,300,0.5,0,0.1,0,FALSE,0,TRUE,101,"leave-1",300,0.5,1e+05,FALSE,55
8,2,-0.00134727593134647,9.99730544813731,NA,NA,NA,NA,NA,NA,14.2664739463425,0,14.2553540700327,0,"normal","I",23,300,0.5,0,0.1,0,FALSE,0,TRUE,101,"leave-1",300,0.5,1e+05,FALSE,55
8,2,-0.00134727593134647,9.99730544813731,NA,NA,NA,NA,NA,NA,14.2664739463425,0,14.2968219809148,0,"normal","I",23,300,0.5,0,0.1,0,FALSE,0,TRUE,101,"leave-1",300,0.5,1e+05,FALSE,55
8,2,-0.00134727593134647,9.99730544813731,NA,NA,NA,NA,NA,NA,14.2664739463425,0,14.4123408480447,0,"normal","I",23,300,0.5,0,0.1,0,FALSE,0,TRUE,101,"leave-1",300,0.5,1e+05,FALSE,55
8,2,-0.00134727593134647,9.99730544813731,NA,NA,NA,NA,NA,NA,14.2664739463425,0,14.0594629430052,0,"normal","I",23,300,0.5,0,0.1,0,FALSE,0,TRUE,101,"leave-1",300,0.5,1e+05,FALSE,55
8,2,-0.00134727593134647,9.99730544813731,NA,NA,NA,NA,NA,NA,14.2664739463425,0,14.2903120476808,0,"normal","I",23,300,0.5,0,0.1,0,FALSE,0,TRUE,101,"leave-1",300,0.5,1e+05,FALSE,55
8,2,-0.00134727593134647,9.99730544813731,NA,NA,NA,NA,NA,NA,14.2664739463425,0,14.3065628550842,0,"normal","I",23,300,0.5,0,0.1,0,FALSE,0,TRUE,101,"leave-1",300,0.5,1e+05,FALSE,55
8,2,-0.00134727593134647,9.99730544813731,NA,NA,NA,NA,NA,NA,14.2664739463425,0,14.5831290643564,0,"normal","I",23,300,0.5,0,0.1,0,FALSE,0,TRUE,101,"leave-1",300,0.5,1e+05,FALSE,55
8,2,-0.00134727593134647,9.99730544813731,NA,NA,NA,NA,NA,NA,14.2664739463425,0,14.2374305252588,0,"normal","I",23,300,0.5,0,0.1,0,FALSE,0,TRUE,101,"leave-1",300,0.5,1e+05,FALSE,55
8,2,-0.00134727593134647,9.99730544813731,NA,NA,NA,NA,NA,NA,14.2664739463425,0,14.3786763849503,0,"normal","I",23,300,0.5,0,0.1,0,FALSE,0,TRUE,101,"leave-1",300,0.5,1e+05,FALSE,55
8,2,-0.00134727593134647,9.99730544813731,NA,NA,NA,NA,NA,NA,14.2664739463425,0,14.2161179760599,0,"normal","I",23,300,0.5,0,0.1,0,FALSE,0,TRUE,101,"leave-1",300,0.5,1e+05,FALSE,55
8,2,-0.00134727593134647,9.99730544813731,NA,NA,NA,NA,NA,NA,14.2664739463425,0,14.2504751622932,0,"normal","I",23,300,0.5,0,0.1,0,FALSE,0,TRUE,101,"leave-1",300,0.5,1e+05,FALSE,55
8,2,-0.00134727593134647,9.99730544813731,NA,NA,NA,NA,NA,NA,14.2664739463425,0,14.3454366076886,0,"normal","I",23,300,0.5,0,0.1,0,FALSE,0,TRUE,101,"leave-1",300,0.5,1e+05,FALSE,55
8,2,-0.00134727593134647,9.99730544813731,NA,NA,NA,NA,NA,NA,14.2664739463425,0,14.544752612341,0,"normal","I",23,300,0.5,0,0.1,0,FALSE,0,TRUE,101,"leave-1",300,0.5,1e+05,FALSE,55
8,2,-0.00134727593134647,9.99730544813731,NA,NA,NA,NA,NA,NA,14.2664739463425,0,14.3574746598897,0,"normal","I",23,300,0.5,0,0.1,0,FALSE,0,TRUE,101,"leave-1",300,0.5,1e+05,FALSE,55
8,2,-0.00134727593134647,9.99730544813731,NA,NA,NA,NA,NA,NA,14.2664739463425,0,14.1502875379414,0,"normal","I",23,300,0.5,0,0.1,0,FALSE,0,TRUE,101,"leave-1",300,0.5,1e+05,FALSE,55
8,2,-0.00134727593134647,9.99730544813731,NA,NA,NA,NA,NA,NA,14.2664739463425,0,14.3578379020675,0,"normal","I",23,300,0.5,0,0.1,0,FALSE,0,TRUE,101,"leave-1",300,0.5,1e+05,FALSE,55
8,2,-0.00134727593134647,9.99730544813731,NA,NA,NA,NA,NA,NA,14.2664739463425,0,14.6927098974315,0,"normal","I",23,300,0.5,0,0.1,0,FALSE,0,TRUE,101,"leave-1",300,0.5,1e+05,FALSE,55
8,2,-0.00134727593134647,9.99730544813731,NA,NA,NA,NA,NA,NA,14.2664739463425,0,14.2437304473641,0,"normal","I",23,300,0.5,0,0.1,0,FALSE,0,TRUE,101,"leave-1",300,0.5,1e+05,FALSE,55
8,2,-0.00134727593134647,9.99730544813731,NA,NA,NA,NA,NA,NA,14.2664739463425,0,14.2988788562782,0,"normal","I",23,300,0.5,0,0.1,0,FALSE,0,TRUE,101,"leave-1",300,0.5,1e+05,FALSE,55
8,2,-0.00134727593134647,9.99730544813731,NA,NA,NA,NA,NA,NA,14.2664739463425,0,14.149303363049,0,"normal","I",23,300,0.5,0,0.1,0,FALSE,0,TRUE,101,"leave-1",300,0.5,1e+05,FALSE,55
8,2,-0.00134727593134647,9.99730544813731,NA,NA,NA,NA,NA,NA,14.2664739463425,0,14.4488959844318,0,"normal","I",23,300,0.5,0,0.1,0,FALSE,0,TRUE,101,"leave-1",300,0.5,1e+05,FALSE,55
8,2,-0.00134727593134647,9.99730544813731,NA,NA,NA,NA,NA,NA,14.2664739463425,0,14.2679625166485,0,"normal","I",23,300,0.5,0,0.1,0,FALSE,0,TRUE,101,"leave-1",300,0.5,1e+05,FALSE,55
8,2,-0.00134727593134647,9.99730544813731,NA,NA,NA,NA,NA,NA,14.2664739463425,0,14.2694122571907,0,"normal","I",23,300,0.5,0,0.1,0,FALSE,0,TRUE,101,"leave-1",300,0.5,1e+05,FALSE,55
8,2,-0.00134727593134647,9.99730544813731,NA,NA,NA,NA,NA,NA,14.2664739463425,0,14.3338312105556,0,"normal","I",23,300,0.5,0,0.1,0,FALSE,0,TRUE,101,"leave-1",300,0.5,1e+05,FALSE,55
8,2,-0.00134727593134647,9.99730544813731,NA,NA,NA,NA,NA,NA,14.2664739463425,0,14.2870639779137,0,"normal","I",23,300,0.5,0,0.1,0,FALSE,0,TRUE,101,"leave-1",300,0.5,1e+05,FALSE,55
8,2,-0.00134727593134647,9.99730544813731,NA,NA,NA,NA,NA,NA,14.2664739463425,0,14.5249363185625,0,"normal","I",23,300,0.5,0,0.1,0,FALSE,0,TRUE,101,"leave-1",300,0.5,1e+05,FALSE,55
8,2,-0.00134727593134647,9.99730544813731,NA,NA,NA,NA,NA,NA,14.2664739463425,0,14.2525240723295,0,"normal","I",23,300,0.5,0,0.1,0,FALSE,0,TRUE,101,"leave-1",300,0.5,1e+05,FALSE,55
8,2,-0.00134727593134647,9.99730544813731,NA,NA,NA,NA,NA,NA,14.2664739463425,0,14.3514403532085,0,"normal","I",23,300,0.5,0,0.1,0,FALSE,0,TRUE,101,"leave-1",300,0.5,1e+05,FALSE,55
